0.62196471792
-5.0460220832e-10
0.498314886339
-4.04445488772e-10
0.224483375478
-1.82096134892e-10
-0.00411604687492
3.52748045238e-12
-0.074147530346
6.02392535099e-11
-0.0276425556815
2.23004755422e-11
0.0244282949428
-2.00078399665e-11
0.024638764108
-2.00353222125e-11
-0.00306336872734
2.58745915655e-12
-0.0153920456421
1.25709345488e-11
-0.00486102905123
3.91828808841e-12
0.00701506610219
-5.75495277815e-12
0.00598592096616
-4.86592535913e-12
-0.00158251487814
1.32491505843e-12
-0.00431242597672
3.52660108621e-12
-0.000965820895505
7.72247509084e-13
0.00216750933644
-1.77981780758e-12
0.00155552547573
-1.26246121246e-12
-0.000598346541955
5.00864652721e-13
-0.00120230321415
9.85024459091e-13
-0.000190838565523
1.49243111177e-13
0.000627903443346
-5.17737405785e-13
0.000401858067744
-3.258246689e-13
-0.000185998861491
1.56532062901e-13
-0.000323458846421
2.65609512755e-13
-4.09897902336e-05
3.19062882139e-14
0.000171076880364
-1.41240711629e-13
0.000104306171078
-8.45869974414e-14
-5.12702478287e-05
4.34047164483e-14
-8.53377038843e-05
7.03664412361e-14
-1.03718458977e-05
8.17302555898e-15
4.50405796991e-05
-3.69387234544e-14
2.75012288255e-05
-2.24509003387e-14
-1.32492625505e-05
1.1263694158e-14
-2.24249888873e-05
1.88702994136e-14
-2.97285976848e-06
2.69115127544e-15
1.17049932518e-05
-1.00478806543e-14
7.35492265842e-06
-6.14459028087e-15
-3.32537621452e-06
3.03466180631e-15
-5.90726649233e-06
5.70555206036e-15
-8.91134262539e-07
1.18194195265e-15
3.03462884828e-06
-2.01222657299e-15
1.98300232222e-06
-1.11806263376e-15
-8.25507139023e-07
8.86214693961e-16
-1.56102368735e-06
1.1057302754e-15
-2.67304237403e-07
5.89493206058e-17
7.87592875611e-07
1.18147481571e-17
5.36312810358e-07
3.66123813341e-16
-2.04151275259e-07
-1.8790646789e-17
-4.13322360332e-07
-2.42599838044e-16
-7.91775905195e-08
-2.28152497124e-17
2.04669549947e-07
4.03872855214e-16
1.45095811912e-07
1.78869741884e-16
-5.03736574954e-08
-9.74156304949e-17
-1.09516283727e-07
4.47556103636e-16
-2.31371083771e-08
1.07686345005e-15
5.32159268225e-08
2.01577994517e-16
3.92195298925e-08
2.31933315917e-16
-1.23915182186e-08
1.18367435248e-16
-2.90143811706e-08
7.41077157784e-17
-6.68486460904e-09
2.61270873805e-16
1.3833813082e-08
-1.93157486026e-16
1.05874377088e-08
-6.20306059678e-17
-3.03417257601e-09
-1.14375693605e-17
-7.68248006098e-09
2.16260883764e-16
-1.91423688448e-09
5.6830031566e-16
3.59364376651e-09
-3.15496189841e-16
2.85439190442e-09
-6.06649725981e-16
-7.3825815287e-10
-2.25546674503e-16
-2.03269736384e-09
1.04281298067e-15
-5.44316145432e-10
4.42921514719e-16
9.32595055669e-10
-2.56677351058e-16
7.68644853606e-10
-5.46513826421e-16
-1.7816123122e-10
-1.84180700655e-16
-5.37403501846e-10
3.80130647893e-16
-1.53889103585e-10
-2.57745720025e-18
2.41745558907e-10
-2.24957618833e-16
2.06750996683e-10
-4.97299015934e-17
-4.25718602202e-11
-7.63823494633e-17
-1.41972566144e-10
2.53867614483e-16
-4.3280240326e-11
2.72477650011e-16
6.26066934188e-11
3.13723399417e-16
5.55657579577e-11
6.95997024775e-17
-1.00447114573e-11
-1.73862059048e-16
-3.74816042989e-11
-1.97837351502e-16
-1.21325394574e-11
1.33939020996e-16
1.61838443558e-11
1.67098577127e-16
1.49150878354e-11
5.63462003387e-17
-2.31964392284e-12
-8.93735646176e-17
-9.87520769299e-12
-2.9355207703e-17
-3.38135073485e-12
-1.13797545565e-17
4.18032015108e-12
1.14370964605e-16
3.99940104498e-12
2.13550620877e-16
-5.31498877366e-13
2.59241167012e-16
-2.60677649947e-12
1.13319574348e-16
-9.41528503467e-13
6.49133447588e-17
1.09154546569e-12
-1.7026258063e-16
1.08393769459e-12
-5.21120616687e-17
-1.12613149534e-13
-6.69481194368e-17
-6.86503269099e-13
-1.55728034572e-17
-2.62918556279e-13
2.28309973844e-17
2.77137060172e-13
1.10849690931e-16
2.86776845652e-13
1.92118406366e-17
-2.5166902932e-14
-4.53132172309e-18
-1.71012315692e-13
-1.9105574966e-16
-6.40697327056e-14
1.31658397527e-16
7.48836310389e-14
6.04728887979e-17
7.68551016019e-14
7.48674091219e-18
-6.28209146184e-15
1.4721122881e-17
-4.79450821705e-14
-2.43329350828e-18
-1.9888873203e-14
7.67146803629e-17
1.91817019731e-14
2.55571762684e-16
3.07267982105e-14
9.99990694536e-17
7.69591233079e-15
-2.75095596079e-18
-8.86814902357e-15
-5.66560953168e-17
-5.3723368918e-15
-2.25540302114e-16
3.49870324113e-15
-2.23914108635e-17
5.05025347614e-15
1.97971608115e-16
-6.00915204222e-16
2.45990081145e-16
-3.73865663754e-15
8.02934731158e-17
6.14005021186e-15
-1.04048880281e-16
7.70172543364e-15
-5.40736489497e-17
4.26877857069e-15
-2.74448439132e-17
1.22920268615e-16
-4.1033980772e-17
-1.78163542583e-15
-1.36395472296e-16
-6.54185615094e-16
-8.37557549586e-18
5.11776195657e-16
-7.79737678228e-18
1.09036608794e-15
-4.27491276546e-17
7.99569449122e-15
1.07214204458e-17
6.38955669085e-15
1.42676511024e-17
2.71821644642e-15
-4.88756310632e-17
1.62209437321e-16
1.56787122794e-17
-6.89568802273e-16
-2.28156781523e-17
-1.89059942536e-16
-1.0340906194e-16
-3.88714587076e-16
-3.06802143138e-18
-6.2122464132e-16
4.19647196816e-17
6.37755035689e-15
-3.40638097263e-17
5.29598653512e-15
-3.73835634668e-17
2.246052977e-15
5.55967422252e-18
-6.57362263296e-17
1.80729898447e-16
-8.92690165113e-16
1.40394701417e-16
-3.09997893638e-16
5.84105155293e-17
9.87262338128e-17
-9.64999897256e-17
4.37466380012e-16
1.36538599098e-17
6.38391702181e-15
-2.23146817182e-17
5.26855384637e-15
2.58708286121e-17
2.25884790268e-15
6.26073721808e-17
2.56305014683e-17
-2.05246614002e-17
-7.4673216665e-16
-3.78608974417e-18
-2.08447571389e-16
5.40435820465e-17
-5.72545191337e-17
5.30722635875e-17
1.78735083491e-18
1.16288090074e-16
5.11141553975e-15
5.87766567392e-17
4.30622525686e-15
-6.73139362251e-17
1.85753850466e-15
-4.18610894246e-17
4.36023018298e-17
1.05563737377e-17
-6.30116844401e-16
3.43952816267e-17
-2.12130244074e-16
5.68735910182e-17
7.72431493532e-17
9.71202889064e-18
3.04971341193e-16
-4.67488239765e-18
5.26404218648e-15
-4.10964584976e-17
4.30444836762e-15
-2.7966138484e-17
1.85780822284e-15
3.33194820057e-17
-1.35704021879e-17
4.77194032491e-17
-5.77556852298e-16
3.57071692863e-17
-1.6386017543e-16
2.28042934194e-17
1.29667617496e-16
-3.78003511196e-17
1.70755579008e-16
-3.5878055396e-17
4.18257858574e-15
-5.07558469225e-17
3.48333184205e-15
-3.37269641467e-17
1.5362164948e-15
6.02528034491e-18
1.71154426382e-17
1.44989429824e-17
-5.83360848705e-16
-9.05921192038e-18
-2.21598991369e-16
-3.69989005391e-17
1.57639845176e-16
-3.82366606596e-17
4.55884187053e-16
2.87609544422e-17
4.45003296984e-15
4.58104347934e-17
3.62766444345e-15
5.93474241979e-17
1.56969625951e-15
5.35078868933e-17
6.772099707e-18
1.01095174992e-17
-5.15228185265e-16
-1.57946812246e-18
-1.72569983367e-16
5.28566102632e-19
-6.8993754871e-18
-7.34223177372e-18
-4.55890333435e-17
3.77833890493e-17
3.55691435837e-15
-1.90086809698e-17
2.93953917181e-15
-4.23023346993e-17
1.32029650052e-15
-5.87195212922e-17
8.40259021472e-17
-1.62729433708e-17
-3.42323460224e-16
7.37679249073e-18
-8.77241853953e-17
-4.56318190657e-17
1.72204326667e-16
-4.4238054134e-17
3.14894254333e-16
1.71918691156e-17
3.68708534699e-15
7.9643971448e-17
2.97911671177e-15
5.74565631497e-17
1.2555926821e-15
2.62546073287e-17
-3.36570666927e-17
3.28949463393e-17
-4.48985574784e-16
3.7374909128e-18
-1.28131791105e-16
3.99640334992e-17
3.64215088908e-17
8.53963609242e-19
3.63020559923e-17
-7.61507456932e-18
3.23134916149e-15
-3.42487032823e-17
2.64481563699e-15
-2.38058820165e-17
1.20728103245e-15
-3.00853379392e-17
1.81048091444e-17
-4.07888590083e-18
-3.79033700595e-16
-3.42040233831e-17
-1.18955195657e-16
1.04340691698e-18
1.66955061756e-16
-1.79625799378e-17
2.98110166679e-16
-1.15797022701e-17
3.22825650416e-15
-2.94508013119e-17
2.64038978027e-15
-8.33135112489e-18
1.18983339923e-15
7.6536488924e-18
1.44492891173e-17
-1.0556020395e-17
-3.8506448929e-16
-3.70891945871e-17
-1.48913371675e-16
1.06943021961e-19
6.70254982874e-17
2.07426774914e-17
1.33402987109e-16
4.08840371819e-17
2.69584342479e-15
2.92514563954e-17
2.18869392958e-15
4.93136195524e-18
9.43411103893e-16
-2.6613176625e-18
-6.34472798331e-18
3.37367837029e-18
-3.19752527862e-16
2.91631963859e-17
-1.11441723972e-16
5.9962954646e-17
6.69842353008e-17
6.50796915948e-17
8.89731130221e-17
5.77605595211e-17
2.81241487654e-15
-1.8703526226e-17
2.27846277907e-15
-1.63410744835e-17
9.8685704857e-16
8.24145072185e-18
1.74088741403e-17
6.56940168025e-17
-3.20414439752e-16
3.16955555297e-17
-1.13357705106e-16
8.95681556641e-17
6.99767700959e-17
4.75878517491e-17
4.52680198912e-17
8.22433196184e-17
2.43968429477e-15
-3.22171004608e-17
1.96463579728e-15
-6.38762931424e-17
8.9480951565e-16
-5.85251655509e-17
1.61259243809e-17
-5.9681516716e-17
-3.15522163916e-16
-5.63047840439e-17
-1.32838782377e-16
-2.91450982018e-17
8.08591438484e-17
3.00007116686e-17
1.35820087451e-16
9.57606387279e-17
2.42183280237e-15
-3.41951380158e-18
1.96903442388e-15
-1.57124827966e-18
8.80392830386e-16
1.37420206083e-17
2.67134293606e-17
7.09061989754e-18
-2.69642750939e-16
1.42044578939e-17
-1.10297366729e-16
-5.90649991023e-18
4.20285738716e-17
4.56993959433e-17
7.63714121929e-17
1.03735509494e-16
2.13988715723e-15
2.53917390071e-17
1.68349770252e-15
4.32110701037e-17
6.36743324467e-16
1.54751763884e-17
-1.04930053796e-16
6.87880952597e-18
-1.43617735908e-16
5.04449315859e-17
2.04307303156e-16
8.64675719497e-17
2.01694028028e-17
4.35538334412e-18
-8.53861672516e-16
-1.91636846069e-16
3.01840953809e-16
-5.67582625494e-16
1.67544994886e-15
-1.07836759491e-18
7.35734135539e-16
6.49493955212e-17
-4.51991042093e-17
-3.23568299118e-17
-2.54232162851e-16
-3.60302847699e-17
-1.13190488833e-16
-6.47850502055e-18
-1.02948941884e-16
3.82595001197e-17
-2.29210695041e-16
7.67632908262e-17
1.86634389119e-15
4.39536407373e-17
1.51109468057e-15
3.87448422985e-17
6.72394753543e-16
6.77294154197e-18
5.92357260501e-18
5.55418925235e-18
-2.09775691398e-16
4.28213497911e-18
-5.72400593571e-17
1.04355605109e-17
6.13341026539e-17
1.65246824589e-17
9.14778750132e-17
2.98050983164e-17
1.89930870143e-15
4.23178607292e-18
1.5359291135e-15
4.07857653372e-18
6.90879197168e-16
-4.6366361443e-18
-3.21693270211e-18
-1.12200283e-17
-2.47614135455e-16
-1.5405029138e-17
-1.03823420233e-16
-1.47209612496e-17
1.45691912085e-18
-2.98219748419e-17
-1.868933361e-18
-2.08035527103e-17
1.67764078677e-15
-4.46136840503e-17
1.34274970363e-15
-2.89990260446e-17
5.84903449474e-16
-3.02242362746e-17
-1.00223314762e-17
-1.7595844415e-17
-1.88954396475e-16
-6.67500344835e-18
-5.6659000848e-17
1.2928936766e-17
4.04455606073e-17
2.08304080566e-17
2.53404045591e-17
2.94656088445e-17
1.69279529726e-15
1.86770340704e-17
1.36288926312e-15
1.01236258525e-17
5.93196587277e-16
9.06870405512e-18
-2.19845958405e-17
2.06552331447e-17
-1.94948271466e-16
2.49200838669e-17
-5.46523502142e-17
3.73669753269e-17
6.5329528153e-17
3.32978583644e-17
5.68707556508e-17
1.87695754859e-17
1.50389754947e-15
-2.86648778459e-18
1.21833843182e-15
-1.16046280267e-17
5.58788504052e-16
-3.06802450272e-18
1.16275695741e-17
8.3548141182e-18
-1.85600477175e-16
7.50236188575e-18
-9.27732835078e-17
1.09754179777e-17
2.36138069677e-17
7.10654773622e-18
7.21931732724e-17
7.24956719646e-18
1.557468634e-15
-2.6992050814e-17
1.26729798672e-15
-2.21611549331e-17
5.68015316497e-16
-1.31307702242e-17
-5.3377781309e-18
-9.89037642437e-19
-1.89188999137e-16
2.49812951165e-20
-7.0429906499e-17
-5.04159925141e-18
2.21499660259e-17
5.90609136148e-19
1.74032089783e-17
2.41569283168e-17
1.35843203544e-15
-8.24340679667e-18
1.08065303093e-15
4.18870231822e-18
4.73936843642e-16
8.55893016847e-19
-3.14234604894e-17
-5.95182438743e-18
-1.75521957793e-16
-1.06049383068e-17
-6.12995233402e-17
-8.96689987536e-18
6.78627410448e-17
6.9605111815e-18
1.06976756124e-16
3.92664749006e-17
1.40207944538e-15
2.36084992596e-17
1.11813459151e-15
3.03863723716e-17
4.86598899063e-16
3.31837660374e-17
9.89475397953e-18
3.72159592597e-18
-1.30226791312e-16
-7.55367848621e-18
-3.90925549061e-17
-1.73273012455e-17
-8.81402592421e-18
-1.64736947974e-18
-4.89160547688e-17
1.23252091258e-17
1.22473445121e-15
3.94779379997e-18
9.78710548977e-16
3.18753693417e-18
4.23051440804e-16
7.76502607291e-18
-1.5350152425e-17
-1.09007162809e-18
-1.38070053118e-16
-1.29632829615e-17
-3.34600168042e-17
-5.09698888901e-18
4.58755845824e-17
3.42163428538e-18
4.88779397438e-17
1.25599336055e-17
1.23790460348e-15
-1.39276608889e-18
9.89774005394e-16
-1.06936308113e-17
4.41662147498e-16
-9.70998211856e-18
7.09848221343e-18
3.14330849528e-18
-1.3000942293e-16
1.00393767361e-17
-3.95448903565e-17
2.54556425358e-17
2.3185084917e-17
2.26924515563e-17
1.51182045283e-17
9.89145371462e-18
1.1397312559e-15
-4.59415269615e-18
9.35013629224e-16
-3.23671106807e-19
4.11267369967e-16
3.68501091939e-18
-1.5458439717e-17
2.11555793933e-17
-1.64555455572e-16
1.99076027126e-17
-5.1844238414e-17
1.75358645707e-17
1.02423605235e-16
3.48373085017e-18
1.91054642648e-16
8.48250349753e-18
1.14136916967e-15
-5.67970627469e-18
9.16785613215e-16
-4.27308734667e-18
4.12108376849e-16
-6.58755403094e-18
1.0591920048e-18
-4.52024728094e-18
-1.28076251321e-16
-1.68940513731e-18
-4.70443266792e-17
1.48234094823e-17
4.5674860857e-17
2.13196057527e-17
5.58605392884e-17
2.93035170391e-17
1.07090791608e-15
2.77669664636e-18
8.6132692177e-16
-5.08925614287e-18
3.79559741187e-16
-3.16456232538e-18
-9.03265003533e-18
-9.90115801865e-18
-1.18836451923e-16
-2.16420144711e-17
-2.12925069929e-17
-8.46120108498e-18
7.14575436434e-17
1.58623228552e-18
9.50912718896e-17
9.40113059495e-18
1.06704031719e-15
5.22458640273e-18
8.30844925538e-16
1.60934888549e-18
3.50082336694e-16
-2.18728953668e-18
-9.4992912595e-18
6.5347883583e-19
-1.09087965339e-16
-9.35338960477e-18
-3.16440632249e-17
-5.66708755756e-18
2.01618898295e-17
1.39860166864e-20
-2.11784675693e-17
1.10323395621e-18
9.4285661302e-16
-4.2720413821e-18
7.60304401641e-16
-3.14245951164e-17
3.44135852141e-16
-2.7887512536e-17
1.46272949549e-17
-3.2579648533e-17
-1.11836175397e-16
-1.60023116213e-17
-1.91766906651e-17
5.99376541709e-18
3.60120276367e-17
1.62161808728e-17
5.86406801608e-17
2.07059907112e-17
9.397533458e-16
-1.11361940588e-17
7.46145229472e-16
-2.54095213526e-17
3.3954013111e-16
-2.69061131652e-17
1.59430616471e-18
-2.85006909607e-18
-1.11631182243e-16
1.32795598714e-17
-3.24294424001e-17
1.47557291194e-17
1.85712945874e-17
-6.56299889233e-18
-2.7163303788e-18
-1.67193580467e-17
8.5497916354e-16
-2.66248988349e-17
6.87571219112e-16
-7.87343446828e-18
3.06155793867e-16
-6.92594164424e-18
-2.00405653538e-17
1.7987757567e-18
-1.26815927753e-16
-1.87815321326e-18
-4.73918233779e-17
-3.5966768364e-18
5.23217673591e-17
-5.18564332166e-18
8.0560783943e-17
-1.05023585929e-17
8.56400163813e-16
-4.69246792506e-18
6.79900067243e-16
2.59589850984e-19
2.90878424409e-16
3.93480208512e-18
-9.4097516011e-18
5.11366221387e-18
-9.09488218404e-17
-3.67092195475e-18
-1.35978090409e-17
-1.03864416636e-17
4.12683077106e-17
-1.43043991289e-17
3.30449991678e-17
-1.55600636786e-17
8.00545771104e-16
-9.41569906167e-18
6.51365862782e-16
-1.37473092374e-17
3.07883400508e-16
-1.41123637501e-17
2.22997574171e-17
-7.81341985225e-18
-7.48773299995e-17
-5.33705059672e-18
-1.28652118546e-17
8.80801491389e-18
4.46610984627e-17
1.08273601382e-17
5.29763648554e-17
1.75831936384e-17
8.23389042881e-16
-2.34042698969e-18
6.61909932539e-16
-4.50626249021e-18
2.97659484958e-16
-8.21916664677e-18
5.76079832463e-18
-3.7302879939e-18
-9.05249317195e-17
-5.01610786868e-18
-2.39758486507e-17
8.74214809324e-18
2.71640693032e-17
1.95871183285e-17
1.73590096275e-17
2.84421647693e-17
7.34888959365e-16
1.08419119319e-17
5.9092392815e-16
3.42610411012e-18
2.69181504602e-16
-6.77869597193e-18
4.19348529831e-18
-5.5257139676e-18
-7.45352671051e-17
-2.71913643483e-18
-1.15125267681e-17
1.21171834824e-17
4.93795597234e-17
8.48028885296e-18
5.48462683226e-17
1.43786742245e-17
7.38135268076e-16
-9.05442171287e-18
5.90098454055e-16
-3.04950934808e-18
2.61686375579e-16
-3.07262477737e-18
4.28055345719e-18
-3.46615979007e-18
-8.05472445084e-17
-9.40303064068e-18
-2.35860723061e-17
-5.38482489025e-18
1.09916654338e-17
-9.21376285597e-19
-7.84442445521e-18
1.38855779224e-17
6.8839936825e-16
1.60321230151e-17
5.48368491608e-16
2.03003459554e-17
2.48807357932e-16
1.47620491559e-17
5.57908985311e-18
7.52804335504e-18
-7.54199087044e-17
-1.79827334574e-18
-2.53956736684e-17
-3.93499679191e-18
1.02896444753e-18
-1.79341152292e-17
-1.40845086331e-17
-8.86307232166e-18
7.19448030865e-16
-1.17675014749e-17
5.84206298011e-16
2.46226120263e-18
2.74594796122e-16
-8.43943095885e-18
1.43104781236e-17
-1.12764020833e-17
-8.10637139189e-17
-1.20276267132e-17
-3.56356428201e-17
-3.47046182627e-18
6.33561021809e-18
-4.43677097049e-18
5.23803959022e-18
-1.36281079015e-17
6.50511753365e-16
4.40354152697e-18
5.26676607648e-16
-5.45550245907e-19
2.39859143571e-16
-1.1631538252e-17
1.18347094197e-17
-5.76669864157e-18
-7.0288970238e-17
-1.41422327916e-17
-3.09752432455e-17
8.28454338192e-19
7.22268630263e-18
6.56821158135e-18
-9.17322745833e-18
2.77386885726e-17
6.55162002082e-16
3.88662577042e-18
5.20668837434e-16
3.09558182142e-18
2.36708879709e-16
1.00062943601e-17
4.61319453786e-18
9.4937544121e-18
-7.23576810016e-17
4.94868866051e-18
-2.79639312885e-17
2.45922578637e-18
-1.32688856622e-21
-1.98343304482e-18
-2.65899317414e-17
-1.59862740475e-18
5.94208410133e-16
3.90407552417e-18
4.81461934171e-16
1.39983691567e-17
2.19810516533e-16
1.98726444559e-17
4.39768333864e-18
1.51776192568e-17
-6.66721028493e-17
3.25222068181e-18
-1.96243093351e-17
-6.42276380111e-18
3.27448277274e-17
-1.19896880013e-17
4.56506023096e-17
-5.56191157946e-18
5.98423997507e-16
-3.43000132287e-18
4.8323861577e-16
6.46990376957e-18
2.26277181026e-16
-7.79060414911e-20
1.98778929457e-17
-1.99014837621e-18
-5.82665462309e-17
2.27454975417e-18
-1.31575882256e-17
8.01039551767e-18
2.81840482023e-17
7.3508410569e-18
3.69755754633e-17
2.97385343891e-18
5.68996682302e-16
-1.29176048553e-19
4.55855222522e-16
5.8392222972e-18
2.07848313367e-16
7.52241405474e-18
-5.15147455293e-18
1.44841094985e-17
-7.67686543112e-17
1.14389549631e-17
-3.34021991418e-17
9.23908883408e-18
2.42403563522e-17
6.62023696479e-18
4.47530171521e-17
8.63425739783e-18
5.74479466133e-16
-6.83489741508e-18
4.62875031366e-16
-5.87278567489e-18
2.1211245761e-16
-4.18557279367e-18
4.22333841963e-18
3.86269739718e-19
-6.22720658293e-17
4.95834194576e-19
-2.57646571102e-17
2.22925800912e-18
1.13979039805e-17
-2.39472553729e-18
5.77465731442e-18
6.31147201293e-18
5.2847717746e-16
-4.58228261964e-19
4.17162933913e-16
7.29941500988e-18
1.84191649719e-16
-4.69883976431e-18
-2.01818953205e-17
-1.02146835651e-17
-7.45433954252e-17
-1.57274421928e-17
-8.1039388121e-18
1.29295106512e-17
5.57409520475e-17
3.63921533645e-17
2.99583091962e-17
1.20231007045e-17
4.47018843272e-16
-9.53580714993e-17
2.23184085603e-16
-1.96111575031e-16
1.59414282235e-16
2.85387956421e-18
1.26393386952e-21
6.77387545366e-19
-4.44190716599e-17
-2.89537338459e-18
-1.61176582975e-17
8.48066515498e-19
-4.76423221051e-17
1.80882662975e-18
-1.29953386381e-16
3.27672269091e-18
4.89265637942e-16
-3.91836340163e-18
3.90148485572e-16
-3.04739963687e-18
1.7031014533e-16
-4.35699933693e-18
-8.62611730487e-18
2.85861968926e-18
-5.73601557305e-17
-1.96832530188e-18
-2.14598622681e-17
1.85501629467e-18
2.51903923864e-17
5.1619818494e-18
3.22152674461e-17
5.8305640835e-18
4.9615359406e-16
-6.82788939985e-19
4.09800667703e-16
1.49487541164e-19
1.81803105115e-16
-7.21072037086e-18
-8.22748766372e-19
-6.20048209509e-18
-5.94754949419e-17
-4.02169474534e-18
-2.74668880267e-17
-8.82751162372e-19
1.34345098656e-17
5.57538326057e-18
1.40857559442e-17
9.66419527973e-18
4.63873990421e-16
9.5801043682e-18
3.82620297931e-16
4.95391403593e-18
1.7424039217e-16
2.50570868265e-18
2.43381353201e-18
-2.79803515224e-20
-5.16265216926e-17
2.51042598072e-18
-1.72999328233e-17
8.74236260649e-18
1.49203749128e-17
7.90978384852e-18
1.18242234961e-17
5.3825190628e-18
4.88654341957e-16
-8.44363599867e-18
3.87706371846e-16
-7.67251249682e-18
1.72376663742e-16
-1.22737610338e-17
-5.54904511719e-18
-3.19222522252e-18
-6.04614871431e-17
2.69139266177e-18
-2.44687249434e-17
3.26248798223e-18
7.53708324511e-18
7.64044826325e-19
6.73301749302e-18
1.8660043783e-18
4.52992731461e-16
-1.79999548501e-18
3.67166361994e-16
1.86123333549e-18
1.73399000985e-16
4.57631875641e-18
5.42088557225e-18
1.16850497794e-17
-5.38778296489e-17
8.65576832466e-18
-2.76836862007e-17
9.72929917224e-18
1.22488396809e-17
5.95138183438e-18
1.70942600661e-17
1.52108761263e-18
4.40022641452e-16
-2.70830965579e-19
3.63370719082e-16
9.01269500278e-19
1.73318688905e-16
4.05266207988e-18
1.29192681651e-17
1.00945725372e-17
-3.86460197012e-17
5.15291690302e-18
-2.16581443668e-17
1.02397230798e-17
-5.40875423027e-18
5.67044961162e-18
-2.69127497715e-17
5.86679253505e-18
4.15320578528e-16
-4.35314377553e-18
3.34059144745e-16
-4.59620616454e-18
1.45105657918e-16
-3.44495229414e-18
-7.65478486326e-18
-2.38845028651e-18
-5.29396236028e-17
8.40067902274e-19
-1.58159523361e-17
3.81193734575e-18
1.71767678002e-17
8.64318268383e-18
2.43950726368e-17
1.6151014885e-17
4.22325255273e-16
-1.86891941372e-19
3.45113198618e-16
-1.47554506259e-18
1.54163297797e-16
-4.57800636288e-18
-3.54667469797e-19
-8.37691800691e-18
-4.94788485573e-17
-8.70110344223e-18
-1.64761101031e-17
-5.2946478715e-18
1.87082247093e-17
1.5570131849e-18
1.95368032207e-17
9.2188205689e-18
3.98101094091e-16
3.50549774712e-18
3.24464955759e-16
4.12150659162e-18
1.49312502638e-16
2.10104789225e-18
4.05918012012e-18
3.91820548035e-18
-3.82284420475e-17
3.18083745441e-18
-1.0350045331e-17
5.0309827436e-18
2.22285339162e-17
1.83435568237e-20
1.97976712648e-17
1.51051148876e-18
3.98726499629e-16
-3.0015743631e-18
3.13093562798e-16
-8.56552326131e-19
1.31950384807e-16
3.80350131618e-18
-1.4283306164e-17
-7.65245137569e-19
-5.20440990772e-17
-3.8826177151e-18
-1.68092436353e-17
-5.6434250081e-18
1.17026048294e-17
-4.39834054567e-18
1.07724400816e-17
-3.53691717393e-20
3.76476048353e-16
-2.76448078197e-18
2.94460027265e-16
-3.9290218337e-18
1.33470360987e-16
-6.34877646914e-18
-6.80431182349e-18
-4.36262973884e-18
-4.78421586282e-17
-3.27589963114e-18
-2.67231214647e-17
8.20343160733e-18
2.36520400631e-17
6.89875360374e-18
1.34445993295e-17
-8.22646124289e-19
3.86622989514e-16
2.5649139299e-18
3.01832021335e-16
-1.92265708727e-17
1.40550820482e-16
1.95531430232e-18
1.54439611072e-17
-7.11588896409e-18
-4.06747386386e-17
1.65403745983e-18
-5.4393331789e-18
-1.06851588027e-18
2.13182817551e-17
-2.79165693181e-18
1.88843594794e-17
-2.2467677568e-18
3.62272566846e-16
-3.66051973089e-18
2.80370124049e-16
2.79852739888e-18
1.21053969304e-16
7.52037730646e-18
-6.72744113432e-18
1.52443088504e-17
-4.49133695106e-17
1.08018945318e-17
-1.51208296868e-17
5.70163143592e-18
-1.47771212265e-18
5.09760400701e-18
-1.35375224575e-17
3.24057667487e-18
3.66792864814e-16
-5.0301903232e-18
2.8692898086e-16
-3.98876471435e-18
1.28442658853e-16
-6.41975225015e-18
-4.09446982887e-18
-7.72475521093e-18
-4.42003519075e-17
-5.81716821826e-18
-1.36391248725e-17
-3.07690303585e-18
1.41693530566e-17
-2.46218632869e-18
1.25853444043e-17
-7.23895189739e-19
3.42689008422e-16
-9.93830395903e-18
2.79066204901e-16
-1.02185136436e-17
1.27387794141e-16
-7.38413348831e-18
7.10279317322e-18
-2.51150117323e-18
-3.56596581976e-17
4.90814988598e-18
-1.60174077221e-17
4.41383324812e-18
4.37298856988e-18
2.93138958214e-18
6.05009061847e-19
3.93255342869e-18
3.36662729103e-16
-2.14901261606e-18
2.68935644039e-16
6.90797766762e-18
1.18272701015e-16
1.00649626729e-17
-6.31079439659e-18
1.12068070083e-17
-4.14543693456e-17
3.54732729047e-18
-1.43103504771e-17
-1.38550632595e-18
5.65479776824e-18
1.39888613395e-18
7.11029192624e-18
6.92712294297e-18
3.26060603488e-16
4.18887671292e-18
2.59666224428e-16
3.50882985682e-18
1.22055572125e-16
-2.9105486107e-18
3.90672746886e-18
-6.10399484958e-18
-3.19380710827e-17
-8.58763422935e-18
-9.91620153775e-18
-5.68403124466e-18
1.56614962228e-17
-3.67254186003e-18
1.76245369162e-17
-2.30127418967e-18
3.08581668514e-16
-5.63092135693e-18
2.46665058625e-16
-2.51547102397e-18
1.0618893474e-16
-3.21726458194e-18
-4.61470975151e-18
-5.5345416581e-18
-3.71823585146e-17
-5.45850105452e-18
-1.18579681984e-17
-6.46888695761e-18
1.75664413075e-17
-1.84184417991e-19
2.18275131864e-17
9.96122752794e-18
3.14119241551e-16
7.6336113047e-18
2.52793457987e-16
1.1316723014e-17
1.14043312487e-16
1.29770240162e-17
2.49227210966e-18
8.69162042481e-18
-3.62421217681e-17
7.67238685897e-19
-1.00159829078e-17
-3.78686020983e-18
1.64757463669e-17
-3.04193796268e-18
2.06490295268e-17
8.78948103554e-19
3.08867742918e-16
-9.89705635899e-19
2.5049879573e-16
1.83435203773e-19
1.12515309582e-16
-7.43621721107e-19
5.24880452705e-18
-4.7658697166e-18
-2.86975269385e-17
-5.92748201195e-19
-3.07174258925e-18
1.85400712626e-18
1.61207021112e-17
8.44955742678e-18
8.01471566084e-18
1.10695577931e-17
2.94844091646e-16
-7.28451385724e-19
2.32139381024e-16
-5.05236795001e-18
1.01984883439e-16
-3.92643276794e-18
-4.47610214844e-18
-2.09105750922e-18
-3.84994598059e-17
3.17472624416e-18
-1.00152881846e-17
5.52995953618e-18
1.5365892979e-17
3.66734483366e-18
1.91432043667e-17
-2.65603686402e-18
2.85880373984e-16
-4.8397059803e-18
2.35457044257e-16
-3.08399861644e-18
1.00534512753e-16
7.34522179105e-19
-6.44067369932e-18
7.25240695396e-18
-4.04084917744e-17
1.73700365004e-18
-1.09878470396e-17
7.75415085904e-20
3.72606028869e-17
-4.15520067224e-18
6.28930493219e-17
-7.15818074915e-19
2.67428456215e-16
-2.83100834981e-18
2.13643637081e-16
-1.46553795627e-18
9.64205098231e-17
-2.32188734769e-18
-2.09168491554e-18
-4.88765764217e-19
-3.09994326793e-17
7.84987581201e-20
-6.34556922545e-18
3.46893450794e-18
1.22329088891e-17
5.04367896665e-18
1.41982973784e-17
-6.08565247339e-20
2.7018174844e-16
-3.18281893682e-18
2.17469634084e-16
-4.1319252e-18
9.76108477339e-17
2.21900750822e-18
1.49511436813e-19
5.27658482609e-18
-2.6369058218e-17
2.68960236635e-18
-8.01935770449e-18
-1.7833535288e-18
6.45842312227e-18
-1.49524120839e-18
-4.43228103083e-18
4.6975988129e-19
2.46984051625e-16
-3.09164675091e-18
1.95344280632e-16
3.03684212706e-18
9.0995002511e-17
3.43086284323e-18
-1.74631936488e-18
2.4287644854e-18
-3.11230418372e-17
-6.78192536406e-19
-1.21848204751e-17
-1.60466120663e-18
1.55416158497e-17
-2.64429739353e-18
2.33735371988e-17
-4.24038086715e-18
2.61549003786e-16
4.10482899305e-20
2.12755100095e-16
-6.68754804633e-19
1.00760962277e-16
-2.38643768317e-18
3.64945735862e-18
-1.74767314209e-18
-3.02378244528e-17
-2.68475218409e-18
-1.19115939716e-17
1.09647046781e-18
1.09887793715e-17
3.47349179037e-18
1.55904727833e-17
5.64130428769e-18
2.63332850913e-16
6.23611251137e-18
2.11771020071e-16
6.16754822101e-18
9.90372184027e-17
5.91798395741e-18
2.61336736638e-19
3.14194277833e-18
-3.41036830305e-17
-1.09286631112e-18
-1.40160629446e-17
-3.27267559156e-18
1.06054671476e-17
-5.08380838316e-18
1.39595559962e-17
-3.55827477264e-18
2.51368963694e-16
-1.1366970994e-18
1.99499969419e-16
6.4833755388e-18
9.06461882725e-17
5.20402604028e-18
-2.20346454468e-18
1.92240573628e-18
-3.04832045583e-17
-4.05556183348e-18
-9.82026802124e-18
-4.85197565343e-18
1.38243607169e-17
-3.62339337533e-18
1.94274464346e-17
-7.22863223813e-19
2.37510068661e-16
3.24942560072e-20
1.91101377919e-16
1.45855878786e-18
8.45448419962e-17
3.9010039687e-19
-3.95836841159e-18
2.33471705147e-19
-3.18474228853e-17
-2.58881812974e-19
-1.31700348652e-17
-4.53214995123e-19
1.23107836976e-17
-3.50187345282e-19
1.28607065738e-17
-2.83112947292e-18
2.30475551418e-16
-4.01894009646e-18
1.85218401054e-16
-2.3472155592e-18
8.39248972766e-17
1.93425595145e-18
-4.0375234504e-18
4.69974742305e-18
-3.07606119057e-17
3.47739235985e-18
-1.57577660536e-17
1.25090478081e-18
3.63371269127e-18
-3.77494185743e-18
5.13410970962e-18
-4.30883404205e-18
2.38973558134e-16
-4.94453427236e-18
1.92242197836e-16
2.69039373691e-18
8.76540441207e-17
8.37453720362e-18
1.02431977858e-18
8.22933219419e-18
-2.9000724913e-17
-1.44679448055e-18
-1.10772090536e-17
-5.24283688258e-18
4.91978191705e-18
1.16870381395e-18
3.58297817961e-18
1.34673965366e-17
2.30921649461e-16
3.8641036142e-18
1.81160516899e-16
-3.30605899558e-17
6.05385535877e-17
-7.39171880661e-17
9.80808183831e-18
1.12865421523e-17
-1.66296278484e-17
2.46048488472e-18
-7.95408777901e-18
4.93316763186e-18
1.04454894066e-17
1.91609717049e-18
5.1692576141e-18
-2.2212179569e-18
2.13012824769e-16
-5.25120282794e-18
1.70916618647e-16
-1.70137343883e-18
7.58425356729e-17
3.97066044389e-18
-1.73216415648e-18
5.9494135279e-18
-2.32611040812e-17
3.45187953729e-18
-6.56864007425e-18
-2.30650265108e-19
1.28024582457e-17
-2.98982250586e-18
1.47690442399e-17
-1.83213109393e-18
2.17746482536e-16
-1.68447129983e-18
1.73892222725e-16
2.12854711638e-18
7.73070025091e-17
3.96356913876e-18
-6.23796507317e-19
3.69077153364e-18
-2.51486869061e-17
6.25032133287e-19
-9.47948438888e-18
-2.26387596701e-18
1.65598644462e-18
-3.8891933719e-18
-1.82506934422e-18
-4.05750557979e-18
2.04906125657e-16
-2.93019990592e-18
1.68918010344e-16
-2.01138675684e-18
7.34654678991e-17
-6.48119341276e-19
-1.61735343651e-18
-1.93887955995e-18
-2.75033973941e-17
-2.09168379536e-18
-8.54896063919e-18
-3.9156192392e-19
9.88086685339e-18
2.08038362662e-18
1.29846653507e-17
2.0307137739e-18
2.05410592276e-16
-1.05020316485e-18
1.66494064251e-16
-3.2994591931e-18
7.7086420575e-17
-4.36018569584e-18
3.21614119257e-18
-1.34246504459e-19
-2.06375122584e-17
1.91767374693e-18
-7.07061953332e-18
1.95822190045e-18
7.59689520643e-18
-1.1282831228e-18
7.22755445388e-18
-2.66119443408e-18
1.93649153069e-16
-5.23178278598e-18
1.5862384684e-16
-2.58196356667e-18
7.42251558099e-17
1.64483018173e-18
2.65582508791e-18
6.66454812007e-19
-1.90328193532e-17
5.99820728467e-19
-5.78596709142e-18
-6.33875316258e-20
1.13824976583e-17
2.3547882512e-18
1.47404810448e-17
3.85556394332e-18
1.9248195919e-16
3.34630121813e-18
1.56722321371e-16
3.41408631104e-19
7.4612834822e-17
4.4614775855e-19
3.60877249233e-18
1.91927246542e-18
-1.89654379064e-17
1.2189717619e-18
-7.30596132958e-18
1.50254119616e-18
5.41836186074e-18
-2.03767205355e-18
2.43242044246e-18
-1.60820802762e-18
1.8869299337e-16
-4.19965291757e-18
1.56956622281e-16
-2.92663906469e-18
7.17303881379e-17
-1.26940530008e-18
-1.10302625862e-18
8.07198458977e-20
-2.34723991233e-17
9.12005492855e-19
-6.39395196221e-18
4.17752360166e-18
1.5033178463e-17
6.12794117347e-18
2.94440076601e-17
5.71527447005e-18
1.85877461752e-16
9.2635345711e-19
1.53245002122e-16
4.606771561e-19
7.79741147336e-17
8.11007343473e-19
1.04900803002e-17
-2.41559634751e-18
-1.52164618725e-17
-3.35148416206e-19
-5.03833592107e-18
-9.13948905558e-19
1.12551113489e-18
7.26946645874e-19
7.04691063572e-18
7.50438387311e-18
1.81768262424e-16
7.47512648561e-19
1.47094084406e-16
3.29824348947e-18
6.73419308573e-17
-7.28155633928e-19
-9.13164214806e-19
2.64686076887e-18
-1.93761520777e-17
2.08321885467e-19
-5.18831267283e-18
1.57456506529e-18
6.2082708155e-18
2.20213076995e-18
1.69044406627e-18
1.09566457595e-18
1.71812858905e-16
7.15395449347e-19
1.36471654123e-16
-5.40007856883e-19
6.36566768732e-17
-2.05463591097e-18
8.50602068498e-19
-8.84176914247e-19
-1.86352094805e-17
-1.22537330339e-18
-9.47139464082e-18
-6.65980742765e-19
2.69879956985e-18
-7.74885633642e-19
2.53600450316e-18
-5.10050131086e-19
1.73335572846e-16
-3.21846561604e-18
1.41173480511e-16
1.39181297665e-18
6.11383690191e-17
6.7720925231e-19
-5.90620270769e-18
7.99699368804e-19
-2.65340687416e-17
1.30911506555e-18
-1.57671194827e-17
1.41760024133e-18
-5.24809301687e-18
3.75461974302e-18
-5.94934732761e-18
2.32362857913e-18
1.74936271382e-16
2.16484100507e-19
1.38359843726e-16
-1.31987536529e-18
5.75863171839e-17
-3.23737158822e-19
-5.29736382661e-18
-5.54040919436e-20
-2.03562782337e-17
-5.25421148589e-19
-3.25882638034e-18
-1.17654887129e-18
8.84737059494e-18
-3.06682680056e-18
3.85828332521e-18
-1.02471946939e-18
1.64301767703e-16
1.03867906816e-18
1.26757008337e-16
3.8673729967e-18
5.41231883067e-17
3.9811792081e-18
-3.38784266725e-18
1.16572617448e-19
-2.02689159811e-17
-2.93621091072e-18
-4.92735320464e-18
-5.82430032057e-18
7.00241545156e-18
-4.35377039237e-18
5.70649629682e-18
-1.12459904352e-18
1.65871220867e-16
1.20142446896e-18
1.34911144371e-16
4.23053049205e-18
6.16724619522e-17
4.12738036948e-18
5.89820127762e-18
2.74909391426e-18
-1.49143464456e-17
-1.45810111612e-18
-8.04245019199e-18
-2.84421149562e-18
-4.56466162252e-18
-2.37828771735e-18
-1.6411135437e-17
-6.64621351782e-19
1.57573821948e-16
8.71553319634e-19
1.26528401767e-16
-1.18500158459e-18
5.4335621678e-17
-3.39326501635e-18
-6.15626916182e-18
-6.38755835801e-18
-2.23962929396e-17
-6.44753694129e-18
-8.97288767268e-18
-1.34227709787e-18
8.01673907412e-18
2.2180571775e-18
9.43379492755e-18
2.62888448388e-18
1.52797954441e-16
2.79751173886e-18
1.22909272828e-16
-1.99406971192e-19
5.26105668408e-17
4.5187725538e-19
-2.06854598428e-18
-1.34468278788e-19
-2.20134198794e-17
-6.61860162172e-19
-1.17462862088e-17
1.15689585676e-18
2.70159047207e-19
2.75123627069e-18
2.76538279187e-21
5.01891651499e-18
1.55703600164e-16
2.53612846478e-18
1.26698670865e-16
-2.92390621044e-19
5.61178957539e-17
-3.80468078495e-18
-3.98752588372e-18
-5.51241667812e-18
-2.35472883765e-17
-5.48547955733e-18
-9.91919744875e-18
-3.37692725969e-18
8.84146203708e-18
2.52821545891e-19
9.765539613e-18
1.35119062649e-18
1.53677216421e-16
-1.84366028971e-18
1.18253970699e-16
-3.59975161737e-18
5.35237200994e-17
-3.50298962189e-18
4.36726473172e-19
-3.04515691131e-18
-1.37337966029e-17
-1.15975368529e-19
-2.92524194017e-18
2.51234392113e-18
7.46626527879e-18
4.02913512348e-18
4.39521361534e-18
3.72801035265e-18
1.43656427064e-16
-1.8203675454e-18
1.13625917348e-16
-3.54174772055e-18
5.00678703764e-17
-4.7845483823e-18
-3.02910837761e-18
-9.86849002983e-19
-1.89802265983e-17
3.56141822993e-18
-7.66567834271e-18
6.9201674013e-18
8.95992561905e-18
4.99244477619e-18
1.28736769913e-17
1.09948241827e-18
1.43408967163e-16
-2.76832862343e-18
1.12912780804e-16
-3.59703404668e-18
4.97306352024e-17
-3.43825459085e-18
-3.73371132515e-18
2.38408463748e-19
-2.05275023554e-17
7.41901489896e-19
-8.60672990991e-18
3.61929419042e-18
7.13531977385e-18
3.75952231727e-18
1.38499305836e-17
7.0327035585e-18
1.39427493086e-16
5.785839707e-18
1.13269606267e-16
6.00608980728e-18
4.85923131435e-17
3.74972364124e-18
-5.37106183172e-19
4.88378876243e-18
-1.63016815527e-17
1.68552105535e-18
-5.58279790165e-18
2.34497457187e-18
6.29945667495e-18
1.60573601442e-18
2.28760410926e-18
3.93656785534e-18
1.33113757356e-16
1.62654256133e-20
1.05389884672e-16
-1.26751232583e-18
4.43003962392e-17
-2.81279834413e-18
-4.44353682382e-18
-4.69350506224e-18
-1.73020763457e-17
-3.84933655725e-18
-7.31605053612e-18
-1.64265899144e-18
2.09122550591e-18
1.34164091496e-18
1.32436013221e-18
3.94131168169e-18
1.27114597723e-16
-3.47983247671e-19
1.04765136874e-16
-1.25641025034e-18
4.67073458539e-17
-1.99919063844e-18
-1.33214454684e-18
-1.50783630097e-18
-1.59382982209e-17
-2.78306058183e-18
-4.69539800725e-18
-6.39259932814e-19
9.51878395213e-18
1.35514356393e-18
1.35785154069e-17
6.02316861805e-18
1.39098982886e-16
4.69572608668e-18
1.10049423953e-16
4.38953482004e-18
4.6980451255e-17
-8.80927024352e-19
-2.4840874657e-18
-3.89632465888e-18
-1.74671152037e-17
-6.72141660717e-18
-4.38475114294e-18
-4.9467199026e-18
7.76876723007e-18
1.37169904751e-18
1.0188481866e-17
3.83412405648e-18
1.2489733566e-16
2.36894667034e-18
1.01219471466e-16
1.00851752645e-18
4.49888098851e-17
-1.41908617354e-18
-2.46964933989e-18
-3.0538628021e-18
-1.68653435218e-17
-2.57674090866e-18
-8.23450399312e-18
-2.65555799786e-19
4.37735085899e-18
-5.44379708397e-19
9.01497114331e-18
2.20540607767e-18
1.25088382825e-16
1.16437105577e-18
1.05770447508e-16
3.26043054897e-18
5.16909548933e-17
3.51204319132e-18
6.86648780542e-18
1.70768552048e-18
-9.52500508515e-18
-4.1835931931e-19
-3.62462090384e-18
-3.18937082084e-19
3.44911255636e-18
-2.78224716062e-19
2.93193866346e-18
4.56982502284e-19
1.21495818419e-16
-7.16937061713e-19
9.65070240975e-17
2.57664084822e-18
4.33225482413e-17
-3.506827692e-19
-5.57337591063e-18
-1.32144119605e-18
-2.04155603547e-17
-3.04563911651e-18
-8.03039039968e-18
-1.63668291568e-18
6.01812236588e-18
8.54131533077e-19
1.3484325746e-17
3.78109395889e-18
1.18048010044e-16
1.49278683423e-18
9.27032853116e-17
-7.81443646094e-19
3.87911385803e-17
-2.24372496541e-18
-4.68294531152e-18
-2.20817849103e-18
-1.77647823648e-17
-1.24612494427e-18
-8.93984398666e-18
-1.30095106905e-18
2.68821462034e-19
1.16857536839e-19
2.82946623556e-18
1.64559656581e-18
1.20276411666e-16
1.44243659739e-18
9.72648264306e-17
1.76402637347e-18
4.75605847929e-17
1.65138391749e-18
2.16160336222e-18
3.30651893388e-19
-1.59302310176e-17
-5.99201400986e-19
-8.28345222692e-18
-6.29302824813e-19
2.93559411275e-18
-1.85796813036e-19
5.2666350541e-18
1.8947377798e-18
1.16239179366e-16
9.27608309818e-19
9.14370393876e-17
2.26464209699e-18
3.90764104697e-17
8.43439392513e-19
-6.38060673055e-18
-2.43310706863e-18
-1.77946649888e-17
-1.86380931363e-18
-8.6506294145e-18
-1.28386856223e-18
3.13476702146e-18
6.32919122932e-19
5.66346978981e-18
1.70371135126e-18
1.07848852052e-16
-3.93118023365e-19
8.47268260405e-17
-2.23544534935e-19
3.44481578416e-17
1.5896313697e-18
-6.04404565632e-18
2.80745947183e-18
-1.86180498678e-17
-1.77088261277e-19
-6.59525045912e-18
-7.09359098812e-18
6.51024477964e-18
-6.48274867258e-18
7.73512748932e-18
9.8776191133e-18
1.09447769946e-16
2.16959403822e-17
8.338943332e-17
1.39761022256e-18
3.26117292688e-17
-5.45407412495e-17
6.47785962001e-19
-1.32515196474e-16
-3.03290869284e-18
-3.18119928137e-19
-5.60826238561e-18
3.4077700127e-19
-3.0941030854e-17
4.33047626186e-19
-8.31837814407e-17
1.18174328982e-18
1.09853769264e-16
-1.24348598975e-18
9.74976977457e-17
-3.00559899798e-19
4.35444546389e-17
-4.30458300257e-19
-4.89434241957e-18
1.93269011417e-19
-2.37380459962e-17
7.8485336451e-19
-1.11604479559e-17
2.88177124199e-19
1.24435351279e-17
5.86846818959e-19
3.10801798573e-17
3.24203573279e-19
1.07878339276e-16
-1.14587182759e-18
8.70362452444e-17
-6.31208915302e-19
3.83033109236e-17
1.260490588e-18
-5.65901913597e-18
2.07178249775e-18
-1.72306374187e-17
9.12127922761e-19
-1.01998083774e-17
7.61449351334e-19
1.19416790139e-18
-1.22896414982e-19
3.75540782011e-18
1.85293187503e-18
1.16241763806e-16
-8.68152771298e-19
9.36998985816e-17
-1.03167136346e-18
4.04193081961e-17
6.3298957784e-19
-3.58823705692e-18
1.6907661522e-18
-1.56192286804e-17
4.75728456826e-19
-3.85271371288e-18
4.80458739617e-19
7.91662146452e-18
-1.56995939131e-18
6.5987328519e-18
-1.44851477376e-19
1.20275262422e-16
-1.42757507728e-18
9.24839333756e-17
1.1507499857e-19
4.00213622942e-17
1.08590633302e-18
-4.48988620028e-18
8.02006317828e-19
-1.86387882389e-17
1.03731351607e-18
-8.85118479711e-18
2.23582996096e-18
1.508085e-18
2.30720951274e-18
7.35734444006e-18
9.07357463961e-19
1.18047164071e-16
-1.49587926386e-18
9.51478233768e-17
-8.38892979665e-19
4.19055341669e-17
-3.39089925454e-19
-3.79104235601e-18
7.10844692302e-20
-1.90180000297e-17
2.7861324097e-18
-5.76245158836e-18
1.76438138192e-18
2.75117391815e-18
7.18439392347e-19
6.21199465969e-18
1.64115924512e-18
1.21496777079e-16
7.18644732984e-19
9.50694587764e-17
4.09412696842e-19
4.40316738808e-17
9.52146404076e-19
2.97607731334e-19
1.72070211285e-18
-1.00972565111e-17
2.08995079429e-19
1.80109563404e-18
-9.43428616016e-19
1.29845551319e-17
-3.19569307695e-18
1.30717749585e-17
-1.17882251648e-18
1.25087835357e-16
-1.16366699634e-18
9.9968483726e-17
4.1561969833e-19
4.2465022365e-17
1.05389965833e-18
-2.72178769102e-18
2.10701701261e-18
-1.6673570036e-17
2.54282231033e-18
-6.99435894324e-18
2.77172222529e-18
5.00163508089e-18
2.43760986959e-18
4.97726448537e-18
1.92160996359e-18
1.24896813685e-16
-2.36783580697e-18
1.03623117726e-16
-1.74304694733e-18
4.76048133669e-17
-6.01386329274e-19
9.62042257365e-20
4.87339371992e-18
-1.58094093654e-17
6.25987362889e-18
-8.57782153617e-18
5.0373239348e-18
1.39219039003e-18
2.17175584348e-18
3.05307355229e-18
-1.44934473811e-18
1.39097542702e-16
-4.69474096888e-18
1.11478254872e-16
-4.38429235784e-18
5.15720781213e-17
-4.02640256462e-19
1.47162721585e-18
6.55635178982e-19
-1.48857522938e-17
2.30330653403e-18
-7.36558250492e-18
2.49540229764e-18
-5.89496880457e-19
4.2323688415e-18
-6.25700236025e-18
5.89943869751e-18
1.27113038397e-16
3.49365962724e-19
1.04888131048e-16
-1.39744923232e-19
4.59202456493e-17
-6.30305210545e-19
-2.27299817515e-18
1.93805301035e-18
-1.75040878702e-17
3.92820606745e-18
-9.31862311506e-18
4.97163419124e-18
3.13515614169e-18
3.92152137013e-18
3.57342091717e-18
2.00979172674e-18
1.33114792482e-16
-1.51989014871e-20
1.07988557973e-16
-4.67149854018e-19
4.868071257e-17
-7.52195253506e-19
1.48208791518e-19
-2.20048816191e-18
-1.57459958105e-17
-1.72153293265e-18
-7.31015658128e-18
-4.02357225257e-18
2.51488101007e-18
-2.90272718191e-18
3.67680498134e-18
-3.00263082362e-18
1.39425106133e-16
-5.78450318039e-18
1.14666380547e-16
-4.92603171767e-18
5.07274407543e-17
-3.27950626061e-18
-3.42235373931e-18
-2.73578661329e-18
-2.08327997085e-17
-7.97419729084e-19
-8.33051869173e-18
1.3213975043e-18
4.33493719191e-18
2.41590520403e-18
7.47235748164e-18
3.43467565526e-18
1.43407543164e-16
2.76800185168e-18
1.14236424115e-16
-2.41936565859e-18
5.15829493254e-17
-5.33460590512e-18
-2.25610942249e-18
-5.69166326129e-18
-1.93756939593e-17
-4.19096319107e-18
-9.93360574059e-18
4.19568094429e-18
5.23255842291e-18
6.63763045926e-18
2.05404287729e-18
7.37098372945e-18
1.43656754648e-16
1.82244674405e-18
1.15012107164e-16
-2.31086739218e-18
5.45586533048e-17
-2.90961918694e-18
3.63611043889e-18
-2.44073379202e-18
-1.32127895168e-17
-1.11360337887e-18
-4.85461637566e-18
2.62494449118e-18
3.2870974652e-18
3.03174528026e-18
4.45393617055e-18
3.38109903388e-18
1.5367604751e-16
1.84374789591e-18
1.21131952045e-16
7.27356296749e-19
5.68782202404e-17
7.65810900732e-19
-2.72099474429e-18
4.24720667524e-18
-2.23050413262e-17
4.74592734113e-18
-1.06618948909e-17
6.55085711178e-18
3.21629940211e-18
4.37490200372e-18
3.2364654608e-18
3.01519791416e-18
1.55702377975e-16
-2.53391519616e-18
1.22788526725e-16
-1.35632793229e-18
5.17870648452e-17
-5.09045781043e-19
-5.34602778415e-18
9.19350607663e-19
-2.30613939511e-17
8.75025860984e-20
-1.00707912081e-17
1.38739408909e-18
4.17248274662e-18
-4.96222523043e-20
3.57066830125e-18
-5.38747117799e-19
1.52797848125e-16
-2.7977380433e-18
1.27065815039e-16
-1.08998130366e-18
5.75421995568e-17
-1.60796962302e-18
-3.00618090034e-18
3.18089746786e-18
-2.33258682714e-17
5.70723325902e-18
-1.1716961577e-17
5.98587380721e-18
4.21717136029e-18
3.5912239723e-18
5.72767868894e-18
3.74048076349e-18
1.57581665031e-16
-8.70129103682e-19
1.25922148533e-16
2.49137802488e-18
5.4939984231e-17
3.72529364971e-18
-1.59207157646e-18
5.14346370254e-18
-1.737766751e-17
9.19949550313e-19
-3.20532145006e-18
-2.00854938685e-18
9.40498066314e-18
-3.83442763711e-18
1.05375649084e-17
-3.63364841699e-18
1.65873535124e-16
-1.20073472596e-18
1.38154304328e-16
1.40099853957e-18
6.34778107526e-17
4.38766395068e-18
-6.96426406885e-20
5.35913596435e-18
-2.27267487701e-17
2.67503645107e-18
-1.13334836901e-17
5.79244739461e-19
7.85527920819e-18
-4.47567008375e-18
1.47028381528e-17
-2.92901750253e-18
1.64309696356e-16
-1.03715103015e-18
1.36733249539e-16
1.52087133781e-18
6.45387378033e-17
3.42506973724e-18
2.24228377931e-18
2.62155178359e-18
-2.10816385349e-17
3.23383762052e-19
-1.22190968697e-17
9.89307767235e-19
4.33939595028e-18
1.02057972267e-18
1.22376941812e-17
2.83449543005e-18
1.74942833579e-16
-2.14533425276e-19
1.4003787988e-16
6.71129062823e-19
5.82778201343e-17
-2.65568118391e-18
-9.50728791378e-18
-1.0087553129e-18
-2.82370872741e-17
-1.55435827057e-18
-1.08415240674e-17
-9.79637206655e-19
4.89720799906e-18
3.8839847018e-19
4.25818015317e-18
2.08041568628e-18
1.7333675879e-16
3.22098273868e-18
1.39415785837e-16
2.7485969109e-18
6.10867432198e-17
7.00085927668e-19
-2.07147209969e-18
2.16220812182e-18
-2.13133788787e-17
9.79603698461e-19
-6.14408612918e-18
2.79517746432e-18
1.42351937219e-17
3.56786429198e-18
1.53354361892e-17
4.78701006125e-18
1.7181952414e-16
-7.12893716076e-19
1.38515956717e-16
7.62540829308e-19
6.3112085729e-17
-2.50215755483e-18
-1.95092918822e-20
-4.78036933223e-19
-1.87473545996e-17
-5.25530076319e-19
-1.43440455271e-18
2.44956843847e-18
7.13546592589e-18
1.74679006963e-18
8.55595953842e-18
8.04422134768e-18
1.81763617098e-16
-7.38468888554e-19
1.35164355391e-16
3.62507765701e-18
6.00956808552e-17
1.28452015739e-19
-6.36596777235e-18
-1.12708867139e-18
-1.46864669136e-17
-3.61214979697e-19
1.91322568908e-18
-2.32193756037e-18
1.2979522491e-17
1.47837442036e-18
-1.16904641412e-19
5.88339783679e-18
1.85862321028e-16
-9.22984484764e-19
1.45955943788e-16
-4.42339149117e-18
6.64238067622e-17
-5.02955834462e-18
-1.89132158155e-18
-6.02582026985e-18
-1.96043954463e-17
-2.09611366559e-18
-5.25349945385e-18
5.53226313846e-19
9.49943680763e-18
2.51844556897e-18
5.90202295021e-18
2.80082329743e-18
1.88692415226e-16
4.20042542602e-18
1.5217749956e-16
3.26393896963e-18
6.64283186467e-17
2.42296979873e-18
1.5090032696e-18
2.12303767869e-18
-1.36662630238e-17
-2.03975985102e-18
-3.81445854868e-18
-1.55875139667e-18
-5.02568767727e-18
2.60904797956e-19
-3.33207818009e-17
-3.20934291183e-19
1.92457665527e-16
-3.34453083457e-18
1.50424879112e-16
-9.99608080976e-19
6.90403171938e-17
-1.46153112153e-18
1.65219753115e-19
-1.24488097343e-19
-1.66940674478e-17
-1.00132312654e-18
-3.13445301165e-18
-9.95390863956e-19
5.84555391485e-18
-1.16745085111e-18
-4.6055742867e-18
3.6467663282e-18
1.9364130724e-16
5.2323054743e-18
1.53779629891e-16
5.60664809732e-18
7.07569695229e-17
1.59345442083e-18
3.85832508823e-19
-1.16517880876e-18
-1.79365874498e-17
-2.36916308124e-18
-6.36747191984e-18
3.582829988e-19
6.54340138847e-18
4.68848169301e-18
-3.34605107684e-19
4.73112555307e-18
2.0540205579e-16
1.06432634086e-18
1.6666046309e-16
-1.07707859068e-18
7.43560458463e-17
-8.77242351767e-19
1.62898519576e-18
5.02784178158e-19
-2.52414140572e-17
2.29809424594e-18
-1.07931343729e-17
3.00349825614e-18
5.87691564116e-19
1.64256707022e-18
-1.04475747407e-17
7.93344964351e-19
2.04940664295e-16
2.81306554316e-18
1.66524808984e-16
3.67945343868e-18
7.29360981277e-17
3.88419829176e-18
-3.92141860403e-18
3.82826156704e-18
-2.52938464128e-17
-7.95647423297e-19
-7.539237588e-18
-3.00776215076e-18
7.3860002064e-18
-2.42902889379e-18
1.06964284549e-17
2.79418067639e-19
2.17657541457e-16
1.96520363484e-18
1.75049682574e-16
5.57789078866e-18
8.15158142168e-17
3.54297865847e-18
-1.53138722235e-18
-1.03840036701e-20
-2.27590970088e-17
-2.21339836076e-18
-9.52310091998e-18
-6.07141899824e-18
7.11198552025e-18
-7.27172436871e-18
5.44119107261e-18
-9.16268040385e-19
2.11843982218e-16
1.0491698395e-17
1.68292671276e-16
1.78114986041e-17
7.90158152438e-17
6.94594865181e-20
1.48065870767e-17
-3.89505126602e-17
4.25200509047e-18
-7.86063201556e-17
1.50867308769e-18
-1.19348088033e-17
1.7203320979e-17
-3.06620711489e-18
1.84556876077e-18
-3.04764129859e-18
2.30781394401e-16
-3.12879131179e-18
1.83535840061e-16
7.30821962017e-18
8.17596152154e-17
3.70562025118e-18
-2.03422166944e-18
2.02899629698e-18
-2.81879092421e-17
-2.27511289626e-18
-9.09633462995e-18
-6.93799567582e-18
8.2297380764e-18
-3.8737084308e-18
-1.393922784e-18
1.54077752135e-18
2.3929761105e-16
3.72120570025e-18
1.88852005774e-16
7.6770448056e-18
8.38153285771e-17
5.95056228133e-18
-4.64190470116e-18
-3.80574228831e-18
-3.37079062686e-17
-5.24139004144e-18
-1.04522295968e-17
-4.54201249177e-18
9.36587352545e-18
6.65805096439e-19
4.69885256991e-18
5.98685512235e-18
2.30437996609e-16
4.21989104685e-18
1.85374060608e-16
6.02846906005e-18
8.53124355362e-17
1.89371245439e-18
-4.7022702695e-18
3.77461141028e-19
-3.14309551188e-17
-1.54908235593e-18
-1.57901539226e-17
2.66708472697e-18
6.52008513785e-18
2.21172453214e-18
1.05227933557e-17
4.49922681688e-18
2.37511791427e-16
-4.82564478378e-20
1.9051807917e-16
1.05277584183e-18
8.77596410624e-17
4.78688111369e-18
-8.91120897573e-19
5.33608368348e-18
-2.76551326512e-17
2.45123330467e-18
-8.41526539855e-18
-1.43431716864e-18
1.23346564556e-17
-6.46461526965e-18
1.33218967143e-17
-2.84743080327e-18
2.51365606663e-16
1.14014777897e-18
1.99293416075e-16
3.30262752204e-18
8.91513303514e-17
4.81384425822e-18
-4.72297967267e-18
3.75225276873e-18
-3.25120859497e-17
5.93371760174e-19
-8.57459711276e-18
-2.03865612371e-18
1.58212636704e-17
-3.47573536537e-18
1.68584841369e-17
-8.57743010813e-19
2.63326537088e-16
-6.23342956543e-18
2.02812742738e-16
-5.39399098243e-18
9.14150068496e-17
-4.0184142511e-18
-5.82683942286e-18
-2.70988564088e-18
-3.13736896754e-17
1.30389997505e-18
-5.66430661321e-18
2.84952885346e-18
2.69416226216e-17
2.34114911903e-18
3.39382936879e-17
3.5439587985e-18
2.61548102434e-16
-3.86811476506e-20
2.03451766724e-16
4.03745720644e-18
9.17546070223e-17
3.38093810875e-18
-3.19162614027e-18
3.90314299007e-18
-2.80167498073e-17
-4.44093693631e-19
-1.08986927812e-17
-4.94463602577e-18
5.50380599321e-18
-2.02980164903e-18
-8.99956230653e-18
1.67355723963e-18
2.46981861984e-16
3.09995641911e-18
1.96105371049e-16
3.74849356605e-18
9.00799264174e-17
5.25239858581e-18
1.72914965081e-19
1.95231792713e-18
-2.34551443404e-17
-3.89891461256e-18
-1.17250435525e-17
-6.05098364093e-18
2.83044176767e-18
-1.40034293523e-18
-4.56787121736e-18
9.47277650352e-18
2.70171051522e-16
3.19147075799e-18
2.21603810217e-16
4.79346740507e-18
1.03088747911e-16
-2.10596771194e-18
3.9678608889e-18
-3.52560201275e-18
-3.14817523819e-17
-1.56624227436e-18
-1.07638793336e-17
1.76922862454e-18
1.23181718309e-17
6.24192743155e-18
1.18964222215e-17
8.02075510449e-18
2.67389202608e-16
2.8389603787e-18
2.17624991075e-16
7.28268281458e-18
9.92451350838e-17
6.39096033144e-18
3.4288582543e-18
2.56184002531e-18
-3.06403571875e-17
-2.85433585801e-18
-1.4868004184e-17
-1.40753131359e-18
6.79821946756e-18
9.2473716901e-19
1.69559769416e-18
1.15790343791e-17
2.85860341648e-16
4.84710263323e-18
2.27588519031e-16
2.04077308534e-18
1.00215833336e-16
-2.72285915011e-18
8.08382967667e-18
-5.6672171871e-18
-1.88356440324e-17
-4.06556896075e-18
-1.54746585117e-17
2.29456763888e-18
-4.80764851406e-17
6.10121050381e-18
-1.09000817322e-16
9.7613016343e-18
2.94746990219e-16
7.38888390531e-19
2.38081666299e-16
-1.9450708966e-18
1.13605710615e-16
-5.1847725868e-18
5.50632998187e-18
3.17473461283e-19
-2.63040050448e-17
5.06760642407e-19
-7.62497331479e-18
2.52322078809e-18
1.26272856457e-17
4.7140321172e-18
9.6871365495e-18
8.12675376324e-18
3.08858986186e-16
1.0054547297e-18
2.53814771319e-16
6.88688536395e-18
1.14321932451e-16
6.08499912878e-18
2.30465402031e-18
7.66854959362e-18
-3.51401500926e-17
-1.07692685909e-18
-1.32815658725e-17
-6.1526344924e-18
4.47991940063e-18
-1.07568115609e-17
-4.45107103486e-18
-5.04845661254e-18
3.14092715624e-16
-7.61980162411e-18
2.52122497406e-16
-1.82593498374e-18
1.15065574874e-16
2.64783252303e-18
-4.54954185812e-18
6.01362621591e-18
-4.08378941508e-17
3.7470344789e-18
-1.76424246863e-17
1.04941948706e-17
1.33843601191e-17
4.78801995697e-18
2.20600397176e-17
3.52312286349e-18
3.08588949037e-16
5.63300139246e-18
2.50099075307e-16
2.45472450801e-18
1.13863667686e-16
4.61419113226e-18
-3.95329414168e-19
8.22647124978e-18
-3.03684204632e-17
7.28995239507e-18
-1.00297102025e-17
5.72058861598e-18
2.21569650063e-17
4.96352646343e-18
1.69966639399e-17
2.84251711149e-18
3.26065603109e-16
-4.17542923642e-18
2.591928945e-16
1.12214811301e-18
1.15233620828e-16
2.17476730838e-18
-7.71110486945e-18
1.54070177938e-18
-4.31718064994e-17
-3.80837049663e-18
-2.07446181641e-17
-1.05960111627e-17
1.24365932414e-17
-6.96734442402e-18
2.22881048274e-17
1.19396203312e-18
3.36683428533e-16
2.15917759894e-18
2.67418056736e-16
8.68081964829e-19
1.22157791231e-16
-5.47462675835e-19
-4.27916338366e-18
-7.01247445078e-18
-3.84193121284e-17
-5.61055933419e-18
-1.1735457001e-17
1.01890895308e-18
1.83405045542e-17
9.26531769126e-18
1.00404022774e-17
1.2040393464e-17
3.42681853129e-16
9.94470686969e-18
2.78389019948e-16
5.71567760424e-18
1.25079384293e-16
4.39957760714e-18
-1.92123494705e-18
5.03920621725e-18
-4.72928892325e-17
4.30201378292e-18
-1.95532973446e-17
5.23830007884e-18
2.34329131261e-17
7.54895196261e-18
3.49145266119e-17
7.43496361445e-18
3.66834727501e-16
5.04151434512e-18
2.82345045529e-16
3.74579810841e-18
1.2611598263e-16
-2.90734739396e-18
-7.01846177922e-18
-8.45938793132e-18
-4.76925776005e-17
-1.26555020014e-17
-2.4110921353e-17
-1.36417788251e-17
5.52493535448e-18
-6.76683759263e-18
2.85084599247e-19
-3.09458462322e-18
3.62251138472e-16
3.65413625192e-18
2.88868057381e-16
5.5737376405e-18
1.36479883549e-16
5.68716776924e-18
-8.41798564376e-18
1.92450693521e-18
-4.43722323353e-17
-2.59358430097e-18
-2.62473244183e-17
-1.16370175223e-17
3.15751324354e-17
-5.39925433491e-19
4.43417626641e-17
-2.25883450154e-17
3.86697088696e-16
-2.65725573591e-18
3.22043695378e-16
-1.69780661362e-17
1.38326799959e-16
-4.34259875229e-18
7.99775472903e-18
4.42437600197e-18
-4.57750873275e-17
2.50789879483e-18
-1.57104516562e-17
9.97323225705e-18
1.1932025368e-17
6.6140410972e-18
1.4543932606e-17
8.35541835011e-18
3.7650367181e-16
2.78042107274e-18
3.01632884946e-16
7.45058319125e-18
1.33804141139e-16
5.81103062793e-18
-3.02298196927e-18
1.0067587753e-17
-4.63341478948e-17
2.34275478316e-18
-2.35958635445e-17
3.01915196992e-18
-6.09897775358e-18
-1.35658627158e-18
-1.25173504777e-17
4.80037201317e-18
3.98710573901e-16
3.02193825229e-18
3.24634089624e-16
5.86660411585e-18
1.50262754134e-16
1.66320282378e-18
7.68315716773e-18
3.49479016954e-18
-3.55385740838e-17
-3.08643704779e-18
-9.09072128372e-18
1.33873200208e-18
1.75151665692e-17
-2.31137612117e-19
6.27722778349e-18
-3.49172226009e-19
3.98077800291e-16
-3.49023291039e-18
3.17470140915e-16
-1.95312834654e-18
1.41863999215e-16
-1.44727756335e-19
-2.76416395337e-18
6.35721862473e-18
-4.52213676096e-17
8.28466725717e-18
-1.4013169246e-17
1.23172615617e-17
1.20810356984e-17
8.66896450321e-18
1.0486317306e-17
1.03454288542e-17
4.22303821447e-16
2.25784970319e-19
3.45508627861e-16
-1.58388068742e-19
1.53846450097e-16
-5.12932217928e-18
3.38495200027e-19
-8.04552812908e-19
-5.13394845246e-17
-3.17590928338e-18
-2.31751153871e-17
3.15494040841e-18
-2.93126001684e-18
7.33737446209e-18
-1.62440198195e-17
1.31704786379e-17
4.15344859148e-16
4.37367852327e-18
3.38620215086e-16
1.79302453733e-18
1.50834759688e-16
-3.67470310546e-18
-3.76199824873e-18
-9.28826010701e-18
-4.38194401905e-17
-6.43117485273e-18
-9.76162622326e-18
-8.38007290098e-18
3.06214863584e-17
6.54351867184e-20
3.03407761051e-17
5.34630510564e-18
4.40021634243e-16
2.84260278599e-19
3.55259443651e-16
2.89731415289e-19
1.54347515871e-16
-4.07164158318e-18
-1.35730380578e-17
-8.70981658091e-18
-5.47766220495e-17
-8.8453330073e-18
-1.67813793879e-17
-8.98917294886e-18
3.60906437114e-17
-3.11923189552e-18
4.16157056366e-17
2.78198312129e-19
4.53030904796e-16
1.82016738166e-18
3.59749269166e-16
4.81807669295e-18
1.56556150926e-16
8.89221962599e-19
-8.37586255441e-18
-2.16185612614e-18
-5.9106591138e-17
-1.25710496192e-18
-2.05506152185e-17
3.91267314443e-18
1.56612958656e-17
1.14123132058e-17
2.26107071625e-17
1.1957550382e-17
4.88693160828e-16
8.45654448113e-18
3.95681415249e-16
-5.74504377934e-18
1.7896854959e-16
-8.79594760365e-18
-2.55468586009e-18
-5.41565336624e-18
-5.79372236112e-17
-2.73665443452e-18
-1.79010842378e-17
4.97694448998e-18
2.48081413939e-17
-1.01173861705e-18
1.90211436397e-17
-2.82277042204e-18
4.64033404923e-16
-9.7166577054e-18
3.74096074944e-16
-5.46107707252e-18
1.65569451942e-16
-3.39743083007e-18
-1.07509674743e-17
3.78798058958e-18
-5.86403219483e-17
1.9476862981e-18
-1.94261159517e-17
8.67215280473e-18
2.3352020144e-17
6.45148275189e-18
1.79112488881e-17
7.88815372194e-18
4.94012833652e-16
2.87012944075e-18
4.05661778925e-16
-5.02807919415e-18
1.83852918844e-16
-4.19197416912e-18
4.98715659048e-18
-6.95413620334e-18
-5.71241393921e-17
2.92601820776e-18
-2.89453532214e-17
6.88192981362e-18
5.01564964195e-19
9.20563172328e-18
-6.60312747016e-18
8.43191156057e-18
4.96533529542e-16
-2.66602670793e-18
3.89737797821e-16
1.86485235408e-17
1.51057979725e-16
3.00784511535e-17
1.30048491353e-18
2.54986862873e-18
3.25398058449e-17
-9.08167948417e-17
1.58109753515e-16
-1.85132114772e-16
-8.36909718319e-18
1.41550258754e-18
9.93160867644e-19
1.87444140696e-17
5.36707482851e-16
1.68880950122e-18
4.45868858096e-16
8.68375451112e-18
2.01377122281e-16
4.74086870006e-18
-8.67448638946e-18
4.67699913943e-18
-8.03247350027e-17
4.22659492664e-18
-3.67943371013e-17
4.89922229388e-18
3.75028065444e-17
1.04806695873e-17
6.65712183649e-17
8.47486263258e-18
5.26949870856e-16
2.59227491788e-18
4.15514006742e-16
4.72650920923e-18
1.90558707174e-16
3.37168646119e-18
-7.41396655596e-18
6.12463754309e-19
-6.13791886696e-17
-1.15534973682e-18
-2.0791015773e-17
1.7476188518e-19
1.80349959934e-17
7.68097699783e-18
7.86556071515e-18
1.15172288328e-17
5.74183208992e-16
7.12974372248e-18
4.5644310602e-16
1.47951690603e-18
1.98611350738e-16
-2.33395418847e-18
-1.72014737024e-17
-9.7646631552e-18
-7.3383715903e-17
-1.25051079769e-17
-2.75493733917e-17
-6.58528992217e-18
1.57260346676e-17
-7.62702285035e-18
6.12340555253e-18
-1.622706588e-18
5.68959015929e-16
6.71462686268e-20
4.50101837071e-16
-9.03119672175e-18
2.06463158478e-16
-6.79784582039e-18
1.36008822881e-18
-7.27064020095e-18
-5.07983040067e-17
-3.70955628713e-18
-7.83262874168e-18
5.99124888049e-18
1.87199349564e-17
-1.71481257838e-18
1.58459856973e-18
-7.5965182382e-18
5.98316455967e-16
3.43362642948e-18
4.78180791837e-16
2.01634860373e-18
2.15752148551e-16
1.01820878055e-17
6.29988064507e-19
7.76629119791e-18
-5.96599844175e-17
-4.45248522566e-18
-2.36429105712e-17
-1.52676571246e-17
1.40808968305e-17
-2.11201531963e-17
1.75664981879e-18
-1.9346280159e-17
5.94263879838e-16
-3.91523200778e-18
4.78531618403e-16
4.493333127e-18
2.13392872997e-16
1.74071197192e-18
-3.25621861617e-18
-3.50076033799e-19
-7.00387022815e-17
-5.59320401626e-18
-2.78526944164e-17
-1.19886437589e-17
1.49382817992e-17
-3.68679901826e-19
3.53166039376e-18
1.42797875561e-17
6.55212612164e-16
-3.76595028955e-18
5.33383952601e-16
2.72422454646e-19
2.33567414268e-16
3.27002846569e-18
-6.20556087458e-18
1.61781387987e-17
-7.73312355097e-17
1.33838834467e-17
-2.46508084028e-17
1.75426457945e-17
2.30397700095e-17
-4.50436492972e-19
1.18265765694e-17
-2.17316798965e-17
6.50498145578e-16
-4.49682845592e-18
5.21428788292e-16
-5.03669579515e-18
2.28009144745e-16
-5.05620511667e-18
-1.82343554974e-17
8.71314096606e-18
-8.54539525558e-17
1.06776565551e-17
-2.2427751927e-17
1.05540467566e-17
6.79038659348e-17
8.32636966069e-18
1.0159101917e-16
1.03182466423e-18
7.19723813891e-16
1.18198420438e-17
5.74343299365e-16
1.82378835164e-17
2.5428538772e-16
1.74658071625e-17
-5.57843904289e-18
8.20560280488e-18
-8.28147619933e-17
-1.03369014612e-18
-3.40506815375e-17
-5.41358132025e-18
2.81729340391e-17
-1.49060673032e-17
3.38522929865e-17
-2.19738506571e-17
6.88526610826e-16
-1.59875062157e-17
5.55557549586e-16
-2.58481758848e-18
2.54860680691e-16
1.53618973872e-18
-8.507385148e-18
1.29825336279e-17
-8.58299835762e-17
6.78255554535e-18
-3.46948585845e-17
9.15063897497e-18
4.26101730526e-17
1.1358612781e-17
6.8539532702e-17
2.76939962502e-17
7.38243641713e-16
9.1919793373e-18
6.12609042908e-16
7.92703645332e-19
2.86797667188e-16
-1.61738013896e-18
1.28050328861e-17
-9.06654748254e-18
-7.30686375309e-17
1.46749644281e-18
-2.86346042659e-17
9.8501753306e-18
2.2578309986e-17
1.36966001537e-17
1.55876993773e-18
1.76529811035e-17
7.34851155704e-16
-1.07251124907e-17
5.97380777947e-16
-1.45565341198e-17
2.73091167833e-16
-1.20976276499e-17
-2.59113717457e-18
-5.4055671226e-18
-8.54784902338e-17
1.47372206577e-18
-3.54145809134e-17
5.59026890355e-18
3.11795893126e-17
1.34359219388e-17
3.81405038292e-17
1.40629401793e-17
8.23325412505e-16
2.44873833576e-18
6.67636212685e-16
1.86371804773e-18
3.11288066422e-16
-5.80963449093e-18
1.20882267434e-17
-5.59299251597e-18
-6.76535985646e-17
3.24636994252e-18
-1.32710939896e-17
1.20829055691e-17
3.69647639071e-17
1.77933311166e-17
1.05177775115e-17
1.98647003444e-17
8.0042323295e-16
9.46803771582e-18
6.45267400825e-16
1.78912064315e-17
3.02924222601e-16
1.3872020011e-17
1.17913231801e-17
1.6204498809e-17
-8.13351702902e-17
3.96696651997e-18
-4.68703179332e-17
8.44678581656e-20
5.2450010114e-18
-1.77374890655e-18
6.58470371516e-18
4.16120755494e-18
8.56185390959e-16
4.73032735359e-18
7.03696147709e-16
9.88199653348e-18
3.15247529681e-16
8.39437695236e-18
-1.05659269581e-17
8.01588878332e-18
-1.12583035486e-16
-2.41574761365e-18
-6.32176277071e-17
5.40960230777e-18
3.56062261925e-18
1.2797183672e-17
-1.7377482423e-17
2.86116482203e-17
8.54920190217e-16
2.67262488437e-17
6.88099024499e-16
2.12169010953e-17
3.09644393016e-16
9.12676801897e-18
-5.12940771334e-18
-9.34272307028e-18
-9.35295186943e-17
-1.00419188696e-17
-3.88678250739e-17
1.23186206368e-17
2.6360395735e-18
3.00799535987e-17
-2.63568273867e-17
3.72238608935e-17
9.39404735714e-16
1.12465631678e-17
7.46428639012e-16
-1.1687296739e-17
3.37892594936e-16
-1.82751260357e-17
-1.87425279662e-17
1.67659851425e-17
-1.09794214855e-16
3.2654175687e-17
-4.54221321995e-17
2.32424326224e-17
1.49122633069e-17
2.77389237293e-17
-6.13938801857e-18
1.94217304538e-17
9.42942367865e-16
4.26511539948e-18
7.7562406318e-16
6.82131093585e-18
3.58239715601e-16
2.39998800195e-18
-1.39367912313e-18
1.41057739721e-17
-1.19842121255e-16
1.58096077058e-17
-5.69103402516e-17
1.12994331746e-17
4.97292734657e-18
1.27952002848e-17
1.3739785167e-17
2.25761288578e-17
1.0668839666e-15
-5.06758700214e-18
8.85289532106e-16
3.25366760679e-18
4.22645294398e-16
1.26151336115e-17
1.41030960925e-17
1.63708943858e-17
-1.25121875251e-16
1.25946122651e-17
-5.50212899749e-17
9.26729817498e-18
1.26295571306e-17
1.40724346181e-17
2.6612715805e-18
1.74307045144e-17
1.07068151843e-15
-2.62444848442e-18
8.65010901431e-16
-1.03653571403e-17
3.96526031309e-16
-1.48219264112e-17
-6.44850879294e-18
-7.3086434561e-18
-1.26498362305e-16
-3.74829317003e-18
-4.72810979776e-17
1.24258801275e-17
3.83882300511e-17
7.92157727794e-18
4.65522633465e-17
1.64599386502e-17
1.14058227014e-15
5.81925422733e-18
9.08766801954e-16
6.4505153566e-18
4.00531059362e-16
-2.96125976177e-18
-2.06370718206e-17
-1.34499390744e-17
-1.42275727558e-16
-2.1601738919e-17
-5.92571979283e-17
-1.43020665795e-17
1.50068794028e-17
-2.67460040956e-18
-9.36823401704e-18
1.40205294183e-17
1.13947109373e-15
4.73330056678e-18
9.08548145578e-16
-4.63150835625e-18
4.02552914311e-16
-1.90639528956e-17
7.59947060078e-18
-1.9784079535e-17
-1.01912092204e-16
-1.45399980793e-17
-4.72275796836e-17
7.41027893117e-18
-3.9971341822e-17
1.61686949643e-17
-1.25067308259e-16
1.9265499626e-17
1.2369552317e-15
1.55699190489e-18
9.98683353717e-16
4.66904776853e-18
4.54302845974e-16
2.80513119532e-18
4.91808924994e-18
1.18691048683e-17
-1.33052286092e-16
9.37736210182e-18
-7.67406425046e-17
7.04788348922e-18
-1.60936124154e-17
5.90630122176e-18
-5.67849962066e-17
1.75599317026e-17
1.22458274624e-15
-3.75535724662e-18
9.84437105759e-16
2.52705587063e-18
4.43927563723e-16
9.62121934165e-18
-2.42603984834e-19
1.87866799875e-17
-1.30712362388e-16
2.9630057969e-18
-5.50794086931e-17
-3.23051230947e-18
1.74624577341e-17
-1.89441719903e-17
1.55676949686e-17
-2.50727617778e-18
1.40160465683e-15
-2.31947660311e-17
1.13472394494e-15
-1.70218154528e-18
5.14917002338e-16
8.38801389219e-18
-1.80525801129e-17
5.43881832181e-18
-1.70853373141e-16
4.48451319292e-18
-7.65011367906e-17
-3.47834680435e-18
-2.76459159971e-18
9.71472466112e-18
-3.45614252509e-17
2.77415889834e-17
1.35815160782e-15
8.78284599093e-18
1.09915838327e-15
2.06177654974e-17
4.92290716526e-16
1.48130107261e-17
-2.91048934883e-17
1.30227502893e-17
-1.86531824478e-16
-4.7722425091e-18
-8.05908448633e-17
7.07462747691e-18
5.53843882123e-17
2.5495349388e-17
6.08273325267e-17
6.04051844455e-17
1.55709420488e-15
2.75033860426e-17
1.23559095295e-15
2.43744288319e-17
5.29298351075e-16
7.90347878016e-18
-3.98760932297e-17
-6.51340370948e-18
-1.81148418764e-16
-1.38827808338e-17
-6.12803954063e-17
4.8748710865e-18
1.41869113382e-17
1.71481267593e-17
-6.78561635378e-17
1.77436535426e-17
1.50286934579e-15
2.94775489074e-18
1.21128501207e-15
-1.86773199987e-17
5.61670368418e-16
-2.68052652097e-17
3.88636712293e-18
-3.52902226726e-17
-1.76448105932e-16
-3.24234805098e-17
-9.36721807268e-17
-5.37154504074e-18
1.80357902789e-17
1.92809761551e-18
6.13041748707e-18
9.94843033843e-18
1.69296659165e-15
-1.84162818551e-17
1.39220643705e-15
-1.865872814e-17
6.2117025809e-16
-1.90668624e-17
3.03968600022e-18
-4.85706033082e-18
-1.82459604724e-16
1.14911030705e-18
-1.06411591525e-16
2.26007505387e-17
-4.16310430334e-17
3.38811190371e-17
-1.46280027003e-16
4.13146129017e-17
1.67578957144e-15
4.51224062576e-17
1.3689187899e-15
4.55627581159e-17
5.94998857132e-16
3.44240234825e-17
-4.84518489893e-17
2.23822670949e-17
-2.53161518278e-16
1.27987193018e-17
-8.48038816648e-17
1.67164623961e-17
1.07131405719e-16
2.37977096545e-17
1.45138789516e-16
4.96524830406e-17
1.89660264021e-15
-1.94118232184e-18
1.50652508429e-15
1.89856052731e-18
6.83486668337e-16
8.56283973017e-19
1.19485913022e-17
-9.07352752136e-18
-1.85487437046e-16
-1.85356994577e-17
-1.0460919778e-16
2.05607297725e-18
-4.67123176005e-18
1.26879276446e-17
2.03174498617e-17
-4.21439765038e-18
1.9410439227e-15
-7.20762620393e-17
1.59628597064e-15
-8.12265696705e-17
5.59576914819e-16
9.92837532462e-18
-3.44400849173e-16
1.13512927135e-16
-2.99712647944e-16
3.42691244224e-17
6.94696598064e-16
-1.85345430077e-16
1.79617949598e-15
-5.96691707507e-16
9.29520575999e-17
8.06464991458e-17
2.10517089599e-15
-6.45325715913e-17
1.70791402489e-15
3.99563837705e-17
7.38838656573e-16
3.84280475612e-17
-6.91538859186e-17
4.67887321028e-18
-2.97680117856e-16
-2.56488607163e-17
-1.34318882148e-16
-5.72494462561e-17
5.51501591385e-17
-1.22701327411e-17
1.04864138901e-16
5.20791621121e-17
2.08214929836e-15
-6.99825921781e-18
1.72538239085e-15
-5.73073006959e-18
7.84646033634e-16
-2.97700180979e-18
-2.67531155534e-17
-9.74554493154e-18
-2.6049882679e-16
-2.02799778889e-17
-1.12044837196e-16
-3.29541716136e-19
4.1390922755e-17
4.30408085181e-17
2.95364195429e-17
1.15092167871e-16
2.42614319882e-15
3.27843033204e-18
1.94768505624e-15
3.80196454561e-18
8.47559535481e-16
2.29754958844e-17
-5.59703321241e-17
3.99686527113e-17
-2.86151311634e-16
4.3299257916e-17
-1.18489631681e-16
4.59851930034e-17
-4.06646114804e-17
9.13371553331e-17
-1.55229727603e-16
8.5999250816e-17
2.43819972649e-15
3.41408579409e-17
2.04508943116e-15
3.5370269805e-17
8.93384150265e-16
3.40622223016e-20
-4.9130424245e-18
1.6718865122e-17
-3.03960384788e-16
-4.09665590487e-17
-1.55912366164e-16
-8.39299547438e-18
-3.02021780992e-17
1.90234704829e-17
-1.25327316634e-16
7.54315842863e-17
2.80923326121e-15
2.07040220824e-17
2.28390077408e-15
8.15284038199e-18
1.01703217382e-15
-4.34660635882e-17
-3.87148842322e-17
-5.12810848458e-17
-3.31410095032e-16
-4.48316237803e-17
-1.71412114493e-16
1.83827833562e-17
-1.06131412278e-16
2.3616182188e-17
-2.97941033274e-16
4.80683298156e-17
2.68930951281e-15
-2.81537533178e-17
2.19640452366e-15
-2.07209595484e-17
9.7282716338e-16
-1.28189914664e-17
-7.91086892778e-17
1.02113279871e-17
-3.73551880734e-16
2.01983826796e-17
-1.27216374724e-16
2.04645199727e-17
1.25206072038e-16
8.27565566533e-18
1.6209011939e-16
2.07157656949e-17
3.22532057483e-15
3.05011142061e-17
2.61209944336e-15
5.48118006056e-17
1.15736879043e-15
2.05173056961e-17
-1.93193318381e-17
3.89439320638e-17
-3.29608500603e-16
2.49301691329e-17
-1.4592092193e-16
3.44274009398e-17
-5.08392924754e-17
2.18017250042e-17
-2.58468596949e-16
3.819018261e-17
3.2254866094e-15
3.50030955709e-17
2.62568407655e-15
2.24216936022e-17
1.17070312716e-15
5.63831656673e-18
-5.51439037729e-17
-2.29241395881e-17
-4.23733696263e-16
-1.42347858268e-17
-2.34149194266e-16
1.05388547124e-18
-5.03081124593e-17
-1.46970273938e-17
-8.39021913057e-17
-2.59209846893e-17
3.67981214951e-15
-7.78708818187e-17
3.02281286919e-15
3.03443333548e-17
1.34807509275e-15
6.20875592783e-17
-8.16056419108e-18
7.84123903855e-17
-3.17864272279e-16
-1.71979680036e-17
-1.55100947667e-16
3.73914611841e-17
-8.28575418584e-17
7.53666785249e-17
-3.14138755365e-16
8.09648698712e-17
3.55075133789e-15
2.06165949051e-17
2.95877328266e-15
-1.37665866607e-17
1.28936888762e-15
1.94311265685e-18
-8.03153570272e-17
6.93276559928e-18
-4.79098921952e-16
-1.1290848554e-17
-2.21416974597e-16
-2.46767831807e-18
2.63519707183e-17
-4.50677805253e-17
2.28804273966e-17
-5.06582191998e-17
4.4388081936e-15
-4.4193858668e-17
3.60454171311e-15
2.2965684172e-17
1.56823960895e-15
5.27611653076e-17
-1.28847183234e-16
8.30922168983e-17
-5.4690212622e-16
-1.00310605655e-17
-2.71857216686e-16
3.98648057707e-18
-8.40547925046e-17
6.94400212056e-20
-2.49454723975e-16
-2.9878136345e-18
4.17086184482e-15
5.03746048721e-17
3.46694472803e-15
5.04258986554e-17
1.57346831432e-15
6.14845723855e-17
1.1305886047e-17
2.27346733028e-17
-4.33117443254e-16
-5.23492893194e-17
-2.52883786413e-16
-5.77725210082e-18
-1.80205148029e-16
-1.75485508964e-17
-3.32042974053e-16
8.54425601327e-17
5.24614213422e-15
4.40312278253e-17
4.29102963859e-15
4.06655215019e-17
1.88783734177e-15
1.11653719815e-17
-9.85589246242e-17
1.94435100288e-18
-5.9860668445e-16
-3.69942650239e-17
-2.95383586578e-16
2.77700304869e-17
-2.54189211915e-16
5.60076124744e-17
-5.79921837129e-16
1.32344445835e-16
5.09169240237e-15
-5.34770123285e-17
4.30353292677e-15
-1.81106252253e-17
1.85657757113e-15
-2.99666869213e-17
-1.85267045507e-16
-3.56028453265e-17
-7.14540980237e-16
-8.52663592502e-18
-3.91111998342e-16
-4.29560460351e-17
1.16565336375e-17
-4.28535840959e-17
1.25834263117e-16
-2.55585913237e-17
6.37224674455e-15
2.3957156447e-17
5.29445286616e-15
4.97922256935e-17
2.26747653977e-15
1.32625028321e-16
-1.32470132311e-16
-3.55636322786e-17
-7.68055073804e-16
-1.62981145959e-16
-4.69611330104e-16
-1.70263583377e-16
-5.15570113747e-16
9.47135162155e-18
-9.27757760281e-16
1.14707214644e-16
6.36248713831e-15
4.05341574008e-17
5.32608019732e-15
4.42015184508e-17
2.3321634073e-15
4.85898989669e-17
-3.29963195245e-17
1.03438452936e-16
-6.9754458302e-16
1.36121153789e-17
-2.98156510845e-16
5.40506077322e-17
-3.45065711587e-16
8.80896967238e-17
-4.48646285814e-16
9.35766488139e-17
7.96032739958e-15
-3.25757221014e-18
7.14452268471e-15
8.91824690845e-17
3.26727318786e-15
3.10392448771e-17
-5.03924921835e-16
4.33414347209e-17
-1.75623765051e-15
1.21379135607e-16
-4.62350702973e-16
8.67026368898e-17
9.53766505033e-16
6.65257653084e-17
2.79544548126e-16
1.86722991305e-16
6.11034224901e-15
1.18418874883e-16
3.22343166178e-15
9.17842404226e-17
2.59591436797e-15
-1.66611697408e-16
5.19723213208e-15
-1.49623841568e-16
3.57311800398e-15
-5.35880872209e-18
-6.05184182211e-15
2.67389487354e-16
-1.28522103898e-14
1.56306704843e-16
-1.05342078177e-15
2.26799786614e-16
3.06619117446e-14
-7.94569044167e-17
2.68766213349e-14
-9.15632408029e-17
-1.62713297125e-14
-1.89523998971e-17
-4.77253740373e-14
3.55768216891e-17
-6.17837455791e-15
-3.70079017728e-17
7.61298924867e-14
4.19709983985e-17
7.01715209448e-14
2.68501751241e-17
-7.44583397743e-14
5.32930008926e-17
-1.71130608285e-13
2.06042060157e-16
-1.66662574035e-14
7.1081525303e-17
2.90719928719e-13
2.98473537193e-17
2.77360370486e-13
-5.46621047647e-17
-2.62690778289e-13
-6.35821554259e-17
-6.87450277672e-13
4.69072534722e-17
-1.18379719295e-13
5.45378582832e-17
1.07154875067e-12
4.82394099103e-17
1.09141678336e-12
1.78516064336e-16
-9.30748173726e-13
4.21505357576e-17
-2.60161010253e-12
-8.01222813494e-17
-5.31250812226e-13
-2.48940661244e-16
3.99959832783e-12
-2.58673087e-16
4.17916315788e-12
-6.78999424552e-17
-3.38833352657e-12
-3.34055678461e-18
-9.88996798947e-12
1.46786768467e-16
-2.31981318794e-12
9.46292707772e-17
1.49279685333e-11
-9.26104236126e-17
1.61900910765e-11
-1.19411232135e-16
-1.21322714895e-11
-2.9814439215e-16
-3.74814010303e-11
1.36728085634e-16
-1.00459699901e-11
3.04238416166e-16
5.55572586865e-11
1.1951141991e-16
6.25891848986e-11
1.17636665497e-16
-4.32805603943e-11
-2.09995663776e-16
-1.41958259001e-10
-1.56385141001e-17
-4.25648739682e-11
1.93728792544e-16
2.0675142717e-10
1.02025323426e-16
2.41745965316e-10
1.61809960786e-16
-1.53890888328e-10
4.17193150033e-17
-5.37414305426e-10
-2.12241146526e-16
-1.78182873528e-10
5.21066641911e-16
7.68644419831e-10
6.05924640066e-16
9.32613215491e-10
4.45468276555e-16
-5.44306894525e-10
-3.60097210645e-16
-2.03269713005e-09
-8.65938945288e-16
-7.38258008398e-10
2.21460182464e-16
2.85438932073e-09
6.82899677098e-16
3.59363060018e-09
5.57516582604e-16
-1.9142626122e-09
-1.17755699325e-16
-7.68248080147e-09
-1.27102253404e-16
-3.03415194123e-09
1.86752276979e-16
1.05874484182e-08
2.13875938745e-16
1.38338137616e-08
1.99173221331e-16
-6.68486389259e-09
-2.36250139036e-16
-2.90143844019e-08
3.41120539069e-16
-1.23915368515e-08
3.33232723023e-16
3.92194952036e-08
5.17228177734e-16
5.32159254483e-08
-5.791318329e-17
-2.31370819776e-08
-3.82093225642e-16
-1.09516269601e-07
1.70526329655e-16
-5.03736566233e-08
2.12728521051e-16
1.45095812976e-07
-4.34748213129e-16
2.04669544768e-07
-4.11863057872e-16
-7.91776174202e-08
6.37494757206e-16
-4.13322407615e-07
1.86322172519e-15
-2.04151278022e-07
6.66187633172e-16
5.36312843988e-07
-6.11624460672e-16
7.87592894337e-07
-9.69776505237e-16
-2.6730423594e-07
3.23414661209e-16
-1.56102368583e-06
1.34201747441e-15
-8.25507147675e-07
8.58652910267e-16
1.9830022811e-06
-1.46716164385e-15
3.03462878059e-06
-1.8999198035e-15
-8.91134268275e-07
8.19148081669e-16
-5.90726644894e-06
5.24372901447e-15
-3.32537618907e-06
3.20714365064e-15
7.35492266091e-06
-5.52495781112e-15
1.17049932543e-05
-9.17849135602e-15
-2.97285978307e-06
2.63197063904e-15
-2.24249889532e-05
1.85601319888e-14
-1.32492626532e-05
1.16863703203e-14
2.75012288091e-05
-2.16102551551e-14
4.50405797541e-05
-3.57289755268e-14
-1.03718458569e-05
9.00534599023e-15
-8.5337703875e-05
6.87400851868e-14
-5.12702478309e-05
3.99940103338e-14
0.000104306171035
-8.43055659513e-14
0.000171076880244
-1.35908415814e-13
-4.09897903891e-05
3.56179704107e-14
-0.000323458846454
2.60148706596e-13
-0.000185998861442
1.47049475869e-13
0.00040185806778
-3.25267255414e-13
0.000627903443395
-5.02147099038e-13
-0.000190838565453
1.59134734012e-13
-0.00120230321425
9.68563099042e-13
-0.000598346542353
4.75246552133e-13
0.00155552547523
-1.25743611836e-12
0.00216750933631
-1.73702201972e-12
-0.000965820895367
7.94904684061e-13
-0.00431242597674
3.47889161477e-12
-0.0015825148785
1.25722218828e-12
0.00598592096586
-4.84622581901e-12
0.00701506610224
-5.64645949182e-12
-0.00486102905151
3.96608852193e-12
-0.0153920456442
1.24542606572e-11
-0.00306336873148
2.44627083724e-12
0.0246387641038
-1.99518319293e-11
0.0244282949415
-1.97642112232e-11
-0.027642555681
2.23464804933e-11
-0.0741475303505
5.99667893057e-11
-0.00411604689054
3.29216596187e-12
0.224483375455
-1.8194907735e-10
0.498314886321
-4.04113083707e-10
