-14.9854085603	2.013703831e-27
-14.9708171206	1.17698715619e-27
-14.9562256809	7.12048705208e-28
-14.9416342412	4.14675188779e-28
-14.9270428016	2.43172985281e-28
-14.9124513619	1.44043048324e-28
-14.8978599222	9.91943825088e-29
-14.8832684825	7.72228163152e-29
-14.8686770428	7.60930383411e-29
-14.8540856031	8.02394422858e-29
-14.8394941634	9.08692275515e-29
-14.8249027237	9.35111446358e-29
-14.810311284	1.06337802776e-28
-14.7957198444	1.16695227125e-28
-14.7811284047	1.30303550767e-28
-14.766536965	1.41102359533e-28
-14.7519455253	1.51894340723e-28
-14.7373540856	1.58641045349e-28
-14.7227626459	1.61448357382e-28
-14.7081712062	1.50516394471e-28
-14.6935797665	1.53058484224e-28
-14.6789883268	1.56136257384e-28
-14.6643968872	1.63167063546e-28
-14.6498054475	1.67300698376e-28
-14.6352140078	1.76152245079e-28
-14.6206225681	1.78214633056e-28
-14.6060311284	1.77802819457e-28
-14.5914396887	1.64045656093e-28
-14.576848249	1.63845747671e-28
-14.5622568093	1.64603865646e-28
-14.5476653696	1.71690519359e-28
-14.53307393	1.74521733057e-28
-14.5184824903	1.81568234873e-28
-14.5038910506	1.83504299957e-28
-14.4892996109	1.8429746241e-28
-14.4747081712	1.70464044901e-28
-14.4601167315	1.7040466208e-28
-14.4455252918	1.71308994711e-28
-14.4309338521	1.77753263724e-28
-14.4163424125	1.79392503977e-28
-14.4017509728	1.85487670761e-28
-14.3871595331	1.85839405049e-28
-14.3725680934	1.84678360923e-28
-14.3579766537	1.67769488354e-28
-14.343385214	1.64509758939e-28
-14.3287937743	1.62974043856e-28
-14.3142023346	1.68528097921e-28
-14.2996108949	1.69470221942e-28
-14.2850194553	1.76495579928e-28
-14.2704280156	1.76999374214e-28
-14.2558365759	1.76140876418e-28
-14.2412451362	1.60777544228e-28
-14.2266536965	1.58617019786e-28
-14.2120622568	1.56885106246e-28
-14.1974708171	1.63249191635e-28
-14.1828793774	1.64708279276e-28
-14.1682879377	1.70769696373e-28
-14.1536964981	1.70968185451e-28
-14.1391050584	1.69622817021e-28
-14.1245136187	1.54707809355e-28
-14.109922179	1.53169435999e-28
-14.0953307393	1.5225863013e-28
-14.0807392996	1.58409476332e-28
-14.0661478599	1.59905888188e-28
-14.0515564202	1.65570749734e-28
-14.0369649805	1.63915643764e-28
-14.0223735409	1.61564547902e-28
-14.0077821012	1.45097309127e-28
-13.9931906615	1.42085967154e-28
-13.9785992218	1.40192494276e-28
-13.9640077821	1.45353534014e-28
-13.9494163424	1.46250126883e-28
-13.9348249027	1.53044136967e-28
-13.920233463	1.52831843515e-28
-13.9056420233	1.51931334526e-28
-13.8910505837	1.40165624653e-28
-13.876459144	1.3977508113e-28
-13.8618677043	1.41864897448e-28
-13.8472762646	1.4930370971e-28
-13.8326848249	1.50267319326e-28
-13.8180933852	1.5639487103e-28
-13.8035019455	1.58691753232e-28
-13.7889105058	1.59580145837e-28
-13.7743190661	1.52492886392e-28
-13.7597276265	1.54981069268e-28
-13.7451361868	1.58037800641e-28
-13.7305447471	1.67429662962e-28
-13.7159533074	1.69235723084e-28
-13.7013618677	1.72739588555e-28
-13.686770428	1.7282012033e-28
-13.6721789883	1.70252585966e-28
-13.6575875486	1.55000375161e-28
-13.6429961089	1.49712299216e-28
-13.6284046693	1.43997336947e-28
-13.6138132296	1.43449912416e-28
-13.5992217899	1.39164243836e-28
-13.5846303502	1.39776224538e-28
-13.5700389105	1.35387021481e-28
-13.5554474708	1.30906432859e-28
-13.5408560311	1.1737753346e-28
-13.5262645914	1.13413695989e-28
-13.5116731518	1.11809322436e-28
-13.4970817121	1.16247791071e-28
-13.4824902724	1.16761445693e-28
-13.4678988327	1.20234170561e-28
-13.453307393	1.21627549991e-28
-13.4387159533	1.21305870877e-28
-13.4241245136	1.17453899616e-28
-13.4095330739	1.17461123136e-28
-13.3949416342	1.19964569394e-28
-13.3803501946	1.273483367e-28
-13.3657587549	1.31186646889e-28
-13.3511673152	1.38163343638e-28
-13.3365758755	1.41853594147e-28
-13.3219844358	1.44704937886e-28
-13.3073929961	1.41685054564e-28
-13.2928015564	1.44450993044e-28
-13.2782101167	1.47487689752e-28
-13.263618677	1.55166078859e-28
-13.2490272374	1.59137867036e-28
-13.2344357977	1.66804477037e-28
-13.219844358	1.71313598573e-28
-13.2052529183	1.75777402529e-28
-13.1906614786	1.82124089922e-28
-13.1760700389	1.91395366829e-28
-13.1614785992	2.00016588178e-28
-13.1468871595	2.10602366034e-28
-13.1322957198	2.14644389143e-28
-13.1177042802	2.22011486402e-28
-13.1031128405	2.27684614705e-28
-13.0885214008	2.28407881553e-28
-13.0739299611	2.2817953651e-28
-13.0593385214	2.32211198926e-28
-13.0447470817	2.37828305159e-28
-13.030155642	2.46923967767e-28
-13.0155642023	2.53318757577e-28
-13.0009727626	2.61359267854e-28
-12.986381323	2.67264593084e-28
-12.9717898833	2.73413883937e-28
-12.9571984436	2.81825183355e-28
-12.9426070039	2.88709901239e-28
-12.9280155642	2.93685216763e-28
-12.9134241245	3.0098146876e-28
-12.8988326848	3.05188760138e-28
-12.8842412451	3.11887151921e-28
-12.8696498054	3.19495058309e-28
-12.8550583658	3.2960928565e-28
-12.8404669261	3.46107358829e-28
-12.8258754864	3.57359628078e-28
-12.8112840467	3.66582878032e-28
-12.796692607	3.73548730222e-28
-12.7821011673	3.74649265014e-28
-12.7675097276	3.73994264668e-28
-12.7529182879	3.73657556518e-28
-12.7383268482	3.71836532605e-28
-12.7237354086	3.69709710061e-28
-12.7091439689	3.64879642097e-28
-12.6945525292	3.60023904815e-28
-12.6799610895	3.55463392202e-28
-12.6653696498	3.49970084527e-28
-12.6507782101	3.47644636417e-28
-12.6361867704	3.45957408613e-28
-12.6215953307	3.4863744864e-28
-12.6070038911	3.56604307502e-28
-12.5924124514	3.57961134346e-28
-12.5778210117	3.6008438859e-28
-12.563229572	3.56670409091e-28
-12.5486381323	3.55407851255e-28
-12.5340466926	3.59064365202e-28
-12.5194552529	3.64431002294e-28
-12.5048638132	3.74235372102e-28
-12.4902723735	4.02024720259e-28
-12.4756809339	4.19799029664e-28
-12.4610894942	4.32197520378e-28
-12.4464980545	4.38026112775e-28
-12.4319066148	4.38893811654e-28
-12.4173151751	4.37798797534e-28
-12.4027237354	4.34969671894e-28
-12.3881322957	4.27912161972e-28
-12.373540856	4.35506500437e-28
-12.3589494163	4.38082966181e-28
-12.3443579767	4.37323669073e-28
-12.329766537	4.305262988e-28
-12.3151750973	4.29284376258e-28
-12.3005836576	4.25778117301e-28
-12.2859922179	4.23943750104e-28
-12.2714007782	4.30121604357e-28
-12.2568093385	4.51738413929e-28
-12.2422178988	4.62174938167e-28
-12.2276264591	4.72391911763e-28
-12.2130350195	4.68759940465e-28
-12.1984435798	4.70218947259e-28
-12.1838521401	4.70742963045e-28
-12.1692607004	4.6983962483e-28
-12.1546692607	4.71047319613e-28
-12.140077821	4.95268128058e-28
-12.1254863813	5.00924044414e-28
-12.1108949416	4.99752061295e-28
-12.0963035019	4.89630564009e-28
-12.0817120623	4.83819086559e-28
-12.0671206226	4.78604707696e-28
-12.0525291829	4.80915880924e-28
-12.0379377432	4.86690374877e-28
-12.0233463035	5.10228654429e-28
-12.0087548638	5.17752575612e-28
-11.9941634241	5.24269514423e-28
-11.9795719844	5.24136271064e-28
-11.9649805447	5.29007383927e-28
-11.9503891051	5.30956567371e-28
-11.9357976654	5.39119363698e-28
-11.9212062257	5.60929645809e-28
-11.906614786	6.11025913038e-28
-11.8920233463	6.33508742399e-28
-11.8774319066	6.45154101534e-28
-11.8628404669	6.32926811444e-28
-11.8482490272	6.21465607841e-28
-11.8336575875	6.12447440339e-28
-11.8190661479	6.07045377714e-28
-11.8044747082	6.01255247662e-28
-11.7898832685	6.18907841073e-28
-11.7752918288	6.1600470083e-28
-11.7607003891	6.07891222255e-28
-11.7461089494	5.89035028508e-28
-11.7315175097	5.79141841575e-28
-11.71692607	5.70719564064e-28
-11.7023346304	5.71765479075e-28
-11.6877431907	5.7013780341e-28
-11.673151751	5.92357299884e-28
-11.6585603113	5.97897969097e-28
-11.6439688716	5.93959979205e-28
-11.6293774319	5.80067888789e-28
-11.6147859922	5.72632861769e-28
-11.6001945525	5.62995311154e-28
-11.5856031128	5.69268906386e-28
-11.5710116732	5.8359494442e-28
-11.5564202335	6.22993352352e-28
-11.5418287938	6.31293840017e-28
-11.5272373541	6.38324577822e-28
-11.5126459144	6.28759228763e-28
-11.4980544747	6.20055287697e-28
-11.483463035	6.1864450815e-28
-11.4688715953	6.26290179338e-28
-11.4542801556	6.40847000402e-28
-11.439688716	6.8490904686e-28
-11.4250972763	7.12979163772e-28
-11.4105058366	7.4831217845e-28
-11.3959143969	7.96330952199e-28
-11.3813229572	8.88211436856e-28
-11.3667315175	1.02590875866e-27
-11.3521400778	1.23651765963e-27
-11.3375486381	1.52258053435e-27
-11.3229571984	1.94708481458e-27
-11.3083657588	2.52685754462e-27
-11.2937743191	3.35391800416e-27
-11.2791828794	4.47060438946e-27
-11.2645914397	6.15904066284e-27
-11.25	7.75552150474e-27
-11.2354085603	6.07738654975e-27
-11.2208171206	4.31355921694e-27
-11.2062256809	3.14850468129e-27
-11.1916342412	2.26631890211e-27
-11.1770428016	1.63633050589e-27
-11.1624513619	1.17590615654e-27
-11.1478599222	8.43135115233e-28
-11.1332684825	6.0451883123e-28
-11.1186770428	4.35495193625e-28
-11.1040856031	3.16707339821e-28
-11.0894941634	2.31345785947e-28
-11.0749027237	1.83784595835e-28
-11.060311284	1.59056616413e-28
-11.0457198444	1.52246711088e-28
-11.0311284047	1.52467713093e-28
-11.016536965	1.62406259209e-28
-11.0019455253	1.69213014331e-28
-10.9873540856	1.78646334651e-28
-10.9727626459	1.72915162971e-28
-10.9581712062	1.80842474793e-28
-10.9435797665	1.95367679692e-28
-10.9289883268	2.17766470121e-28
-10.9143968872	2.33670970432e-28
-10.8998054475	2.52152848782e-28
-10.8852140078	2.64664063783e-28
-10.8706225681	2.70153977886e-28
-10.8560311284	2.54117901082e-28
-10.8414396887	2.5690010291e-28
-10.826848249	2.64216291454e-28
-10.8122568093	2.8062960911e-28
-10.7976653696	2.9276427797e-28
-10.78307393	3.06476223754e-28
-10.7684824903	3.13867658515e-28
-10.7538910506	3.16117416954e-28
-10.7392996109	2.98924097242e-28
-10.7247081712	3.00912723089e-28
-10.7101167315	3.08266546382e-28
-10.6955252918	3.25301730878e-28
-10.6809338521	3.36485166319e-28
-10.6663424125	3.48800358401e-28
-10.6517509728	3.52579621886e-28
-10.6371595331	3.51061173782e-28
-10.6225680934	3.29629758759e-28
-10.6079766537	3.26425228325e-28
-10.593385214	3.28702322221e-28
-10.5787937743	3.433595251e-28
-10.5642023346	3.52458115757e-28
-10.5496108949	3.6613743543e-28
-10.5350194553	3.73054610586e-28
-10.5204280156	3.75165056471e-28
-10.5058365759	3.55759228699e-28
-10.4912451362	3.56226626389e-28
-10.4766536965	3.60133178893e-28
-10.4620622568	3.72975194405e-28
-10.4474708171	3.78903348799e-28
-10.4328793774	3.85916669166e-28
-10.4182879377	3.83658617052e-28
-10.4036964981	3.77219001001e-28
-10.3891050584	3.47895070648e-28
-10.3745136187	3.38316052261e-28
-10.359922179	3.37037863078e-28
-10.3453307393	3.44418272258e-28
-10.3307392996	3.47057701495e-28
-10.3161478599	3.53991777588e-28
-10.3015564202	3.51856215439e-28
-10.2869649805	3.44838911741e-28
-10.2723735409	3.18827434691e-28
-10.2577821012	3.08163198604e-28
-10.2431906615	3.04517224676e-28
-10.2285992218	3.09120357281e-28
-10.2140077821	3.08078431772e-28
-10.1994163424	3.11954543487e-28
-10.1848249027	3.08511583301e-28
-10.170233463	2.99544421385e-28
-10.1556420233	2.76053897822e-28
-10.1410505837	2.68471818554e-28
-10.126459144	2.64410586282e-28
-10.1118677043	2.69682350766e-28
-10.0972762646	2.7008528183e-28
-10.0826848249	2.70852908878e-28
-10.0680933852	2.65941931051e-28
-10.0535019455	2.58561895802e-28
-10.0389105058	2.33128012069e-28
-10.0243190661	2.22129304166e-28
-10.0097276265	2.15590968258e-28
-9.99513618677	2.15766621229e-28
-9.98054474708	2.13857150431e-28
-9.96595330739	2.13735025428e-28
-9.9513618677	2.0820674717e-28
-9.93677042802	2.00215260326e-28
-9.92217898833	1.80791092962e-28
-9.90758754864	1.71674881592e-28
-9.89299610895	1.67295561722e-28
-9.87840466926	1.66196419993e-28
-9.86381322957	1.61543555888e-28
-9.84922178988	1.60839482262e-28
-9.83463035019	1.58453438958e-28
-9.82003891051	1.54231403981e-28
-9.80544747082	1.446392598e-28
-9.79085603113	1.43465626715e-28
-9.77626459144	1.47142073682e-28
-9.76167315175	1.55846272251e-28
-9.74708171206	1.63755705488e-28
-9.73249027237	1.7400850484e-28
-9.71789883268	1.84699294935e-28
-9.703307393	1.97448312859e-28
-9.68871595331	2.14842730758e-28
-9.67412451362	2.3959770153e-28
-9.65953307393	2.67872756696e-28
-9.64494163424	2.99986258649e-28
-9.63035019455	3.41354366995e-28
-9.61575875486	3.91108324192e-28
-9.60116731517	4.52422948021e-28
-9.58657587549	5.31379556494e-28
-9.5719844358	6.44253253329e-28
-9.55739299611	7.70573580527e-28
-9.54280155642	9.18344298174e-28
-9.52821011673	1.08757029013e-27
-9.51361867704	1.2999588859e-27
-9.49902723735	1.57250855204e-27
-9.48443579767	1.91236595107e-27
-9.46984435798	2.32931477648e-27
-9.45525291829	2.896136421e-27
-9.4406614786	3.57099556604e-27
-9.42607003891	4.39694484157e-27
-9.41147859922	5.42419138055e-27
-9.39688715953	6.74671584387e-27
-9.38229571984	8.40590848928e-27
-9.36770428016	1.05396677101e-26
-9.35311284047	1.32524477114e-26
-9.33852140078	1.67922425784e-26
-9.32392996109	2.11779203897e-26
-9.3093385214	2.66423687482e-26
-9.29474708171	3.34801325863e-26
-9.28015564202	4.22178564107e-26
-9.26556420233	5.32306408644e-26
-9.25097276265	6.72220036584e-26
-9.23638132296	8.49819545285e-26
-9.22178988327	1.07717286728e-25
-9.20719844358	1.36170057965e-25
-9.19260700389	1.71996775082e-25
-9.1780155642	2.17210049899e-25
-9.16342412451	2.74526929979e-25
-9.14883268482	3.47067708231e-25
-9.13424124514	4.38909306721e-25
-9.11964980545	5.55190725657e-25
-9.10505836576	7.03112498067e-25
-9.09046692607	8.89394604684e-25
-9.07587548638	1.12449262705e-24
-9.06128404669	1.42095481532e-24
-9.046692607	1.79558486037e-24
-9.03210116731	2.26842967111e-24
-9.01750972763	2.86569985502e-24
-9.00291828794	3.61925986741e-24
-8.98832684825	4.57124937742e-24
-8.97373540856	5.76921350174e-24
-8.95914396887	7.27766623557e-24
-8.94455252918	9.17611022293e-24
-8.92996108949	1.1567048472e-23
-8.91536964981	1.45760469079e-23
-8.90077821012	1.83625977332e-23
-8.88618677043	2.31245985191e-23
-8.87159533074	2.91148917506e-23
-8.85700389105	3.66359348246e-23
-8.84241245136	4.60785204075e-23
-8.82782101167	5.79294828004e-23
-8.81322957198	7.28003081285e-23
-8.7986381323	9.14496382682e-23
-8.78404669261	1.14833979942e-22
-8.76945525292	1.44134779447e-22
-8.75486381323	1.80845526503e-22
-8.74027237354	2.26791764734e-22
-8.72568093385	2.84282428328e-22
-8.71108949416	3.56179767146e-22
-8.69649805447	4.46074204461e-22
-8.68190661479	5.58400713349e-22
-8.6673151751	6.98708490264e-22
-8.65272373541	8.73870891029e-22
-8.63813229572	1.09246909811e-21
-8.62354085603	1.36508494912e-21
-8.60894941634	1.70495240151e-21
-8.59435797665	2.12842642654e-21
-8.57976653696	2.65586951177e-21
-8.56517509728	3.31248932217e-21
-8.55058365759	4.12952728183e-21
-8.5359922179	5.1456566726e-21
-8.52140077821	6.40888289866e-21
-8.50680933852	7.97832922058e-21
-8.49221789883	9.92736137509e-21
-8.47762645914	1.23465862048e-20
-8.46303501945	1.53480619241e-20
-8.44844357977	1.90700935067e-20
-8.43385214008	2.36835014686e-20
-8.41926070039	2.93988394185e-20
-8.4046692607	3.64760991967e-20
-8.39007782101	4.52351896548e-20
-8.37548638132	5.60706545254e-20
-8.36089494163	6.9468113707e-20
-8.34630350195	8.60254889044e-20
-8.33171206226	1.06477917278e-19
-8.31712062257	1.31729567857e-19
-8.30252918288	1.62890993697e-19
-8.28793774319	2.01326814093e-19
-8.2733463035	2.487107488e-19
-8.25875486381	3.07097894022e-19
-8.24416342412	3.79007767354e-19
-8.22957198444	4.67529349749e-19
-8.21498054475	5.76446008063e-19
-8.20038910506	7.10391220558e-19
-8.18579766537	8.75034386102e-19
-8.17120622568	1.07731256227e-18
-8.15661478599	1.32570326483e-18
-8.1420233463	1.63056890902e-18
-8.12743190661	2.0045642751e-18
-8.11284046693	2.4631388053e-18
-8.09824902724	3.02514174419e-18
-8.08365758755	3.71356069557e-18
-8.06906614786	4.5564110238e-18
-8.05447470817	5.58782626999e-18
-8.03988326848	6.84935906612e-18
-8.02529182879	8.39158637411e-18
-8.0107003891	1.02760247673e-17
-7.99610894942	1.25774670231e-17
-7.98151750973	1.5386789922e-17
-7.96692607004	1.88143652235e-17
-7.95233463035	2.29941625409e-17
-7.93774319066	2.80887253968e-17
-7.92315175097	3.4295139375e-17
-7.90856031128	4.18522866641e-17
-7.89396887159	5.10495261774e-17
-7.87937743191	6.22372061488e-17
-7.86478599222	7.58392714215e-17
-7.85019455253	9.23684836047e-17
-7.83560311284	1.12444678623e-16
-7.82101167315	1.36816766069e-16
-7.80642023346	1.66389085681e-16
-7.79182879377	2.02253176482e-16
-7.77723735409	2.45725789254e-16
-7.7626459144	2.9839453723e-16
-7.74805447471	3.6217259343e-16
-7.73346303502	4.3936430918e-16
-7.71887159533	5.32743636502e-16
-7.70428015564	6.45648205852e-16
-7.68968871595	7.82091596076e-16
-7.67509727626	9.46897884417e-16
-7.66050583658	1.14586217521e-15
-7.64591439689	1.38594246501e-15
-7.6313229572	1.67548849202e-15
-7.61673151751	2.02451489837e-15
-7.60214007782	2.44502682866e-15
-7.58754863813	2.95140806224e-15
-7.57295719844	3.56088297504e-15
-7.55836575875	4.29406688797e-15
-7.54377431907	5.17562039623e-15
-7.52918287938	6.2350275369e-15
-7.51459143969	7.50752071082e-15
-7.5	9.03517781034e-15
-7.48540856031	1.08682240595e-14
-7.47081712062	1.3066587759e-14
-7.45622568093	1.57017255641e-14
-7.44163424124	1.885879714e-14
-7.42704280156	2.26392398187e-14
-7.41245136187	2.71638150953e-14
-7.39785992218	3.25762129302e-14
-7.38326848249	3.9047313361e-14
-7.3686770428	4.6780222097e-14
-7.35408560311	5.60162186426e-14
-7.33949416342	6.70417753725e-14
-7.32490272373	8.01968406584e-14
-7.31031128405	9.58846020823e-14
-7.29571984436	1.14582992934e-13
-7.28112840467	1.36858241236e-13
-7.26653696498	1.63380818713e-13
-7.25194552529	1.94944200482e-13
-7.2373540856	2.32486921545e-13
-7.22276264591	2.77118489082e-13
-7.20817120623	3.30149817269e-13
-7.19357976654	3.93128939729e-13
-7.17898832685	4.67882902864e-13
-7.16439688716	5.56566871221e-13
-7.14980544747	6.61721662591e-13
-7.13521400778	7.86341111112e-13
-7.12062256809	9.33950902447e-13
-7.1060311284	1.10870076403e-12
-7.09143968872	1.31547223323e-12
-7.07684824903	1.56000453784e-12
-7.06225680934	1.84904156332e-12
-7.04766536965	2.19050332524e-12
-7.03307392996	2.59368593134e-12
-7.01848249027	3.06949460522e-12
-7.00389105058	3.63071510645e-12
-6.98929961089	4.2923296476e-12
-6.97470817121	5.07188443515e-12
-6.96011673152	5.98991695846e-12
-6.94552529183	7.07045248661e-12
-6.93093385214	8.34158060338e-12
-6.91634241245	9.83612431243e-12
-6.90175097276	1.1592416072e-11
-6.88715953307	1.36551973457e-11
-6.87256809338	1.60766606295e-11
-6.8579766537	1.89176558983e-11
-6.84338521401	2.22490864331e-11
-6.82879377432	2.61535228676e-11
-6.81420233463	3.07270683736e-11
-6.79961089494	3.60815127813e-11
-6.78501945525	4.23468187979e-11
-6.77042801556	4.96739898479e-11
-6.75583657588	5.82383759166e-11
-6.74124513619	6.82434821448e-11
-6.7266536965	7.99253536492e-11
-6.71206225681	9.35576207999e-11
-6.69747081712	1.09457300655e-10
-6.68287937743	1.27991463824e-10
-6.66828793774	1.49584890889e-10
-6.65369649805	1.74728859864e-10
-6.63910505837	2.03991225157e-10
-6.62451361868	2.38027970857e-10
-6.60992217899	2.77596445112e-10
-6.5953307393	3.23570510884e-10
-6.58073929961	3.76957879162e-10
-6.56614785992	4.38919926505e-10
-6.55155642023	5.10794338057e-10
-6.53696498054	5.94120962392e-10
-6.52237354086	6.90671314138e-10
-6.50778210117	8.02482217712e-10
-6.49319066148	9.31894147498e-10
-6.47859922179	1.08159489193e-09
-6.4640077821	1.25466924745e-09
-6.44941634241	1.45465553811e-09
-6.43482490272	1.68560985482e-09
-6.42023346303	1.95217902083e-09
-6.40564202335	2.25968341192e-09
-6.39105058366	2.61421090067e-09
-6.37645914397	3.02272334527e-09
-6.36186770428	3.49317721714e-09
-6.34727626459	4.03466015062e-09
-6.3326848249	4.65754541163e-09
-6.31809338521	5.37366651531e-09
-6.30350194552	6.19651448578e-09
-6.28891050584	7.14146053781e-09
-6.27431906615	8.22600728396e-09
-6.25972762646	9.47007191996e-09
-6.24513618677	1.0896305237e-08
-6.23054474708	1.25304507371e-08
-6.21595330739	1.44017486091e-08
-6.2013618677	1.65433898406e-08
-6.18677042802	1.89930263263e-08
-6.17217898833	2.17933434589e-08
-6.15758754864	2.49927023974e-08
-6.14299610895	2.86458599584e-08
-6.12840466926	3.28147749258e-08
-6.11381322957	3.75695104849e-08
-6.09922178988	4.29892434927e-08
-6.08463035019	4.9163392389e-08
-6.07003891051	5.61928767522e-08
-6.05544747082	6.41915227983e-08
-6.04085603113	7.32876305496e-08
-6.02626459144	8.36257199266e-08
-6.01167315175	9.53684747001e-08
-5.99708171206	1.08698905044e-07
-5.98249027237	1.23822751403e-07
-5.96789883268	1.40971154494e-07
-5.953307393	1.60403618581e-07
-5.93871595331	1.8241129759e-07
-5.92412451362	2.07320636348e-07
-5.90953307393	2.35497402041e-07
-5.89494163424	2.67351144078e-07
-5.88035019455	3.03340123852e-07
-5.86575875486	3.43976759381e-07
-5.85116731517	3.89833633605e-07
-5.83657587549	4.41550119114e-07
-5.8219844358	4.9983967634e-07
-5.80739299611	5.65497886821e-07
-5.79280155642	6.39411287918e-07
-5.77821011673	7.22567080482e-07
-5.76361867704	8.16063786338e-07
-5.74902723735	9.21122938133e-07
-5.73443579766	1.03910189002e-06
-5.71984435798	1.17150784395e-06
-5.70525291829	1.32001319279e-06
-5.6906614786	1.48647228847e-06
-5.67607003891	1.67293975015e-06
-5.66147859922	1.88169043511e-06
-5.64688715953	2.11524120233e-06
-5.63229571984	2.37637460683e-06
-5.61770428016	2.6681646705e-06
-5.60311284047	2.99400488371e-06
-5.58852140078	3.3576386e-06
-5.57392996109	3.76319199472e-06
-5.5593385214	4.21520976684e-06
-5.54474708171	4.71869377153e-06
-5.53015564202	5.2791447796e-06
-5.51556420233	5.90260756788e-06
-5.50097276265	6.59571955268e-06
-5.48638132296	7.36576318613e-06
-5.47178988327	8.22072234205e-06
-5.45719844358	9.16934292523e-06
-5.44260700389	1.02211979434e-05
-5.4280155642	1.13867572869e-05
-5.41342412451	1.26774624642e-05
-5.39883268482	1.41058065469e-05
-5.38424124514	1.56854195766e-05
-5.36964980545	1.74311596893e-05
-5.35505836576	1.93592102096e-05
-5.34046692607	2.1487182966e-05
-5.32587548638	2.38342280723e-05
-5.31128404669	2.64211504119e-05
-5.296692607	2.92705330546e-05
-5.28210116731	3.24068678207e-05
-5.26750972763	3.58566931926e-05
-5.25291828794	3.96487397547e-05
-5.23832684825	4.38140833213e-05
-5.22373540856	4.83863058852e-05
-5.20914396887	5.34016644899e-05
-5.19455252918	5.88992680943e-05
-5.17996108949	6.49212624601e-05
-5.1653696498	7.15130230487e-05
-5.15077821012	7.87233558659e-05
-5.13618677043	8.6604706139e-05
-5.12159533074	9.52133746529e-05
-5.10700389105	0.000104609741508
-5.09241245136	0.000114858496989
-5.07782101167	0.000126028879169
-5.06322957198	0.000138194917777
-5.0486381323	0.000151435683781
-5.03404669261	0.000165835544052
-5.01945525292	0.00018148442036
-5.00486381323	0.000198478051865
-4.99027237354	0.000216918260162
-4.97568093385	0.000236913215805
-4.96108949416	0.000258577705157
-4.94649805447	0.000282033396256
-4.93190661479	0.0003074091023
-4.9173151751	0.0003348410412
-4.90272373541	0.000364473089567
-4.88813229572	0.000396457029333
-4.87354085603	0.000430952785115
-4.85894941634	0.000468128650312
-4.84435797665	0.000508161499788
-4.82976653696	0.000551236986915
-4.81517509728	0.000597549722631
-4.80058365759	0.000647303434089
-4.7859922179	0.000700711100371
-4.77140077821	0.00075799506271
-4.75680933852	0.000819387106571
-4.74221789883	0.000885128512929
-4.72762645914	0.000955470076069
-4.71303501945	0.00103067208521
-4.69844357977	0.00111100426729
-4.68385214008	0.00119674568838
-4.66926070039	0.00128818461104
-4.6546692607	0.00138561830538
-4.64007782101	0.0014893528114
-4.62548638132	0.0015997026505
-4.61089494163	0.00171699048431
-4.59630350194	0.001841546719
-4.58171206226	0.0019737090537
-4.56712062257	0.00211382197192
-4.55252918288	0.00226223617495
-4.53793774319	0.00241930795703
-4.5233463035	0.00258539852188
-4.50875486381	0.00276087324117
-4.49416342412	0.00294610085552
-4.47957198444	0.00314145261926
-4.46498054475	0.00334730139067
-4.45038910506	0.00356402066984
-4.43579766537	0.00379198358686
-4.42120622568	0.0040315618434
-4.40661478599	0.0042831246116
-4.3920233463	0.00454703739425
-4.37743190661	0.00482366085105
-4.36284046693	0.00511334959616
-4.34824902724	0.00541645097253
-4.33365758755	0.00573330380921
-4.31906614786	0.00606423716799
-4.30447470817	0.00640956908613
-4.28988326848	0.00676960532235
-4.27529182879	0.00714463811335
-4.2607003891	0.00753494494839
-4.24610894942	0.00794078736955
-4.23151750973	0.00836240980546
-4.21692607004	0.00880003844599
-4.20233463035	0.00925388016577
-4.18774319066	0.00972412150375
-4.17315175097	0.0102109277061
-4.15856031128	0.0107144418395
-4.14396887159	0.0112347839807
-4.12937743191	0.01177205049
-4.11478599222	0.0123263133715
-4.10019455253	0.0128976197284
-4.08560311284	0.0134859913148
-4.07101167315	0.0140914241898
-4.05642023346	0.0147138884751
-4.04182879377	0.0153533282197
-4.02723735408	0.0160096613725
-4.0126459144	0.0166827798631
-3.99805447471	0.0173725497916
-3.98346303502	0.0180788117248
-3.96887159533	0.0188013810983
-3.95428015564	0.0195400487224
-3.93968871595	0.0202945813856
-3.92509727626	0.0210647225559
-3.91050583658	0.021850193171
-3.89591439689	0.022650692515
-3.8813229572	0.0234658991744
-3.86673151751	0.024295472067
-3.85214007782	0.0251390515376
-3.83754863813	0.0259962605126
-3.82295719844	0.0268667057055
-3.80836575875	0.0277499788681
-3.79377431907	0.0286456580759
-3.77918287938	0.029553309043
-3.76459143969	0.0304724864569
-3.75	0.0314027353258
-3.73540856031	0.0323435923312
-3.72081712062	0.0332945871771
-3.70622568093	0.0342552439306
-3.69163424124	0.035225082345
-3.67704280156	0.0362036191599
-3.66245136187	0.037190369373
-3.64785992218	0.0381848474756
-3.63326848249	0.0391865686492
-3.6186770428	0.0401950499173
-3.60408560311	0.0412098112478
-3.58949416342	0.0422303766033
-3.57490272373	0.0432562749357
-3.56031128405	0.0442870411223
-3.54571984436	0.0453222168417
-3.53112840467	0.046361351388
-3.51653696498	0.0474040024212
-3.50194552529	0.0484497366548
-3.4873540856	0.0494981304787
-3.47276264591	0.0505487705189
-3.45817120623	0.0516012541339
-3.44357976654	0.0526551898492
-3.42898832685	0.0537101977306
-3.41439688716	0.0547659096992
-3.39980544747	0.0558219697875
-3.38521400778	0.0568780343424
-3.37062256809	0.057933772173
-3.3560311284	0.05898886465
-3.34143968872	0.0600430057558
-3.32684824903	0.0610959020899
-3.31225680934	0.0621472728325
-3.29766536965	0.0631968496677
-3.28307392996	0.0642443766711
-3.26848249027	0.0652896101623
-3.25389105058	0.0663323185282
-3.23929961089	0.0673722820171
-3.22470817121	0.0684092925078
-3.21011673152	0.0694431532566
-3.19552529183	0.0704736786242
-3.18093385214	0.0715006937848
-3.16634241245	0.0725240344215
-3.15175097276	0.0735435464076
-3.13715953307	0.0745590854792
-3.12256809338	0.0755705168986
-3.1079766537	0.0765777151115
-3.09338521401	0.0775805634004
-3.07879377432	0.0785789535349
-3.06420233463	0.0795727854212
-3.04961089494	0.080561966752
-3.03501945525	0.081546412658
-3.02042801556	0.0825260453629
-3.00583657587	0.0835007938422
-2.99124513619	0.084470593487
-2.9766536965	0.0854353857744
-2.96206225681	0.0863951179443
-2.94747081712	0.087349742684
-2.93287937743	0.0882992178205
-2.91828793774	0.0892435060217
-2.90369649805	0.0901825745072
-2.88910505837	0.0911163947671
-2.87451361868	0.0920449422919
-2.85992217899	0.0929681963113
-2.8453307393	0.0938861395434
-2.83073929961	0.094798757954
-2.81614785992	0.0957060405255
-2.80155642023	0.0966079790369
-2.78696498054	0.0975045678525
-2.77237354086	0.0983958037216
-2.75778210117	0.0992816855873
-2.74319066148	0.100162214405
-2.72859922179	0.101037392972
-2.7140077821	0.101907225763
-2.69941634241	0.102771718775
-2.68482490272	0.103630879388
-2.67023346303	0.104484716222
-2.65564202335	0.105333239013
-2.64105058366	0.106176458489
-2.62645914397	0.107014386261
-2.61186770428	0.107847034714
-2.59727626459	0.108674416912
-2.5826848249	0.109496546503
-2.56809338521	0.110313437636
-2.55350194552	0.111125104878
-2.53891050584	0.111931563147
-2.52431906615	0.112732827638
-2.50972762646	0.113528913764
-2.49513618677	0.114319837097
-2.48054474708	0.115105613317
-2.46595330739	0.11588625816
-2.4513618677	0.116661787378
-2.43677042801	0.117432216697
-2.42217898833	0.11819756178
-2.40758754864	0.118957838193
-2.39299610895	0.119713061381
-2.37840466926	0.120463246635
-2.36381322957	0.121208409069
-2.34922178988	0.121948563605
-2.33463035019	0.122683724948
-2.32003891051	0.123413907572
-2.30544747082	0.124139125706
-2.29085603113	0.124859393322
-2.27626459144	0.125574724126
-2.26167315175	0.126285131546
-2.24708171206	0.12699062873
-2.23249027237	0.127691228536
-2.21789883268	0.128386943529
-2.203307393	0.12907778598
-2.18871595331	0.129763767861
-2.17412451362	0.130444900849
-2.15953307393	0.131121196319
-2.14494163424	0.131792665349
-2.13035019455	0.132459318724
-2.11575875486	0.133121166932
-2.10116731517	0.133778220172
-2.08657587549	0.134430488355
-2.0719844358	0.135077981106
-2.05739299611	0.135720707774
-2.04280155642	0.136358677429
-2.02821011673	0.136991898874
-2.01361867704	0.137620380644
-1.99902723735	0.138244131017
-1.98443579766	0.138863158013
-1.96984435798	0.139477469405
-1.95525291829	0.140087072724
-1.9406614786	0.140691975262
-1.92607003891	0.141292184079
-1.91147859922	0.141887706012
-1.89688715953	0.142478547677
-1.88229571984	0.143064715476
-1.86770428015	0.143646215605
-1.85311284047	0.144223054056
-1.83852140078	0.144795236627
-1.82392996109	0.145362768925
-1.8093385214	0.145925656373
-1.79474708171	0.146483904215
-1.78015564202	0.147037517521
-1.76556420233	0.147586501194
-1.75097276265	0.148130859973
-1.73638132296	0.148670598442
-1.72178988327	0.149205721031
-1.70719844358	0.149736232023
-1.69260700389	0.150262135559
-1.6780155642	0.150783435642
-1.66342412451	0.151300136142
-1.64883268482	0.151812240799
-1.63424124514	0.152319753232
-1.61964980545	0.152822676936
-1.60505836576	0.153321015295
-1.59046692607	0.153814771576
-1.57587548638	0.154303948942
-1.56128404669	0.154788550449
-1.546692607	0.155268579055
-1.53210116731	0.155744037618
-1.51750972763	0.156214928905
-1.50291828794	0.15668125559
-1.48832684825	0.157143020263
-1.47373540856	0.157600225427
-1.45914396887	0.158052873506
-1.44455252918	0.158500966843
-1.42996108949	0.158944507708
-1.4153696498	0.159383498298
-1.40077821012	0.159817940737
-1.38618677043	0.160247837084
-1.37159533074	0.160673189333
-1.35700389105	0.161093999411
-1.34241245136	0.161510269187
-1.32782101167	0.161922000472
-1.31322957198	0.162329195018
-1.29863813229	0.162731854523
-1.28404669261	0.163129980633
-1.26945525292	0.163523574941
-1.25486381323	0.163912638993
-1.24027237354	0.164297174285
-1.22568093385	0.16467718227
-1.21108949416	0.165052664354
-1.19649805447	0.165423621901
-1.18190661479	0.165790056233
-1.1673151751	0.166151968634
-1.15272373541	0.166509360346
-1.13813229572	0.166862232577
-1.12354085603	0.167210586496
-1.10894941634	0.167554423239
-1.09435797665	0.167893743906
-1.07976653696	0.168228549567
-1.06517509728	0.168558841258
-1.05058365759	0.168884619985
-1.0359922179	0.169205886725
-1.02140077821	0.169522642424
-1.00680933852	0.169834888004
-0.992217898832	0.170142624356
-0.977626459143	0.170445852348
-0.963035019454	0.170744572819
-0.948443579766	0.171038786587
-0.933852140077	0.171328494445
-0.919260700388	0.171613697162
-0.9046692607	0.171894395484
-0.890077821011	0.172170590138
-0.875486381322	0.172442281826
-0.860894941633	0.172709471233
-0.846303501945	0.172972159022
-0.831712062256	0.173230345837
-0.817120622567	0.173484032302
-0.802529182879	0.173733219026
-0.78793774319	0.173977906595
-0.773346303501	0.174218095582
-0.758754863812	0.174453786541
-0.744163424124	0.174684980011
-0.729571984435	0.174911676512
-0.714980544746	0.175133876551
-0.700389105058	0.175351580619
-0.685797665369	0.175564789193
-0.67120622568	0.175773502732
-0.656614785991	0.175977721686
-0.642023346303	0.176177446486
-0.627431906614	0.176372677553
-0.612840466925	0.176563415294
-0.598249027237	0.176749660103
-0.583657587548	0.17693141236
-0.569066147859	0.177108672434
-0.55447470817	0.177281440682
-0.539883268482	0.177449717449
-0.525291828793	0.177613503067
-0.510700389104	0.17777279786
-0.496108949416	0.177927602136
-0.481517509727	0.178077916197
-0.466926070038	0.178223740331
-0.452334630349	0.178365074816
-0.437743190661	0.178501919921
-0.423151750972	0.178634275904
-0.408560311283	0.178762143012
-0.393968871594	0.178885521483
-0.379377431906	0.179004411547
-0.364785992217	0.179118813422
-0.350194552528	0.179228727318
-0.33560311284	0.179334153434
-0.321011673151	0.179435091963
-0.306420233462	0.179531543085
-0.291828793773	0.179623506975
-0.277237354085	0.179710983798
-0.262645914396	0.179793973708
-0.248054474707	0.179872476854
-0.233463035019	0.179946493373
-0.21887159533	0.180016023398
-0.204280155641	0.180081067049
-0.189688715952	0.18014162444
-0.175097276264	0.180197695678
-0.160505836575	0.18024928086
-0.145914396886	0.180296380076
-0.131322957198	0.180338993407
-0.116731517509	0.180377120928
-0.10214007782	0.180410762703
-0.0875486381314	0.180439918791
-0.0729571984427	0.180464589243
-0.058365758754	0.1804847741
-0.0437743190653	0.180500473397
-0.0291828793766	0.180511687162
-0.0145914396879	0.180518415413
8.5975671027e-13	0.180520658162
0.0145914396896	0.180518415413
0.0291828793783	0.180511687162
0.043774319067	0.180500473397
0.0583657587557	0.1804847741
0.0729571984444	0.180464589243
0.0875486381332	0.180439918791
0.102140077822	0.180410762703
0.116731517511	0.180377120928
0.131322957199	0.180338993407
0.145914396888	0.180296380076
0.160505836577	0.18024928086
0.175097276265	0.180197695678
0.189688715954	0.18014162444
0.204280155643	0.180081067049
0.218871595332	0.180016023398
0.23346303502	0.179946493373
0.248054474709	0.179872476854
0.262645914398	0.179793973708
0.277237354086	0.179710983798
0.291828793775	0.179623506975
0.306420233464	0.179531543085
0.321011673153	0.179435091963
0.335603112841	0.179334153434
0.35019455253	0.179228727318
0.364785992219	0.179118813422
0.379377431907	0.179004411547
0.393968871596	0.178885521483
0.408560311285	0.178762143012
0.423151750974	0.178634275904
0.437743190662	0.178501919921
0.452334630351	0.178365074816
0.46692607004	0.178223740331
0.481517509729	0.178077916197
0.496108949417	0.177927602136
0.510700389106	0.17777279786
0.525291828795	0.177613503067
0.539883268483	0.177449717449
0.554474708172	0.177281440682
0.569066147861	0.177108672434
0.58365758755	0.17693141236
0.598249027238	0.176749660103
0.612840466927	0.176563415294
0.627431906616	0.176372677553
0.642023346304	0.176177446486
0.656614785993	0.175977721685
0.671206225682	0.175773502732
0.685797665371	0.175564789193
0.700389105059	0.175351580619
0.714980544748	0.175133876551
0.729571984437	0.174911676512
0.744163424125	0.174684980011
0.758754863814	0.174453786541
0.773346303503	0.174218095582
0.787937743192	0.173977906595
0.80252918288	0.173733219025
0.817120622569	0.173484032302
0.831712062258	0.173230345837
0.846303501946	0.172972159022
0.860894941635	0.172709471233
0.875486381324	0.172442281826
0.890077821013	0.172170590138
0.904669260701	0.171894395484
0.91926070039	0.171613697162
0.933852140079	0.171328494445
0.948443579767	0.171038786587
0.963035019456	0.170744572819
0.977626459145	0.170445852348
0.992217898834	0.170142624356
1.00680933852	0.169834888004
1.02140077821	0.169522642424
1.0359922179	0.169205886725
1.05058365759	0.168884619985
1.06517509728	0.168558841258
1.07976653697	0.168228549567
1.09435797665	0.167893743906
1.10894941634	0.167554423239
1.12354085603	0.167210586496
1.13813229572	0.166862232577
1.15272373541	0.166509360346
1.1673151751	0.166151968634
1.18190661479	0.165790056233
1.19649805448	0.165423621901
1.21108949416	0.165052664354
1.22568093385	0.16467718227
1.24027237354	0.164297174285
1.25486381323	0.163912638993
1.26945525292	0.163523574941
1.28404669261	0.163129980633
1.2986381323	0.162731854523
1.31322957199	0.162329195018
1.32782101167	0.161922000472
1.34241245136	0.161510269187
1.35700389105	0.161093999411
1.37159533074	0.160673189333
1.38618677043	0.160247837084
1.40077821012	0.159817940737
1.41536964981	0.159383498298
1.4299610895	0.158944507708
1.44455252918	0.158500966843
1.45914396887	0.158052873506
1.47373540856	0.157600225427
1.48832684825	0.157143020263
1.50291828794	0.15668125559
1.51750972763	0.156214928905
1.53210116732	0.155744037618
1.546692607	0.155268579055
1.56128404669	0.154788550449
1.57587548638	0.154303948942
1.59046692607	0.153814771576
1.60505836576	0.153321015295
1.61964980545	0.152822676936
1.63424124514	0.152319753232
1.64883268483	0.151812240799
1.66342412451	0.151300136142
1.6780155642	0.150783435642
1.69260700389	0.150262135559
1.70719844358	0.149736232023
1.72178988327	0.149205721031
1.73638132296	0.148670598442
1.75097276265	0.148130859973
1.76556420234	0.147586501194
1.78015564202	0.147037517521
1.79474708171	0.146483904215
1.8093385214	0.145925656373
1.82392996109	0.145362768925
1.83852140078	0.144795236627
1.85311284047	0.144223054056
1.86770428016	0.143646215605
1.88229571985	0.143064715476
1.89688715953	0.142478547677
1.91147859922	0.141887706012
1.92607003891	0.141292184079
1.9406614786	0.140691975262
1.95525291829	0.140087072724
1.96984435798	0.139477469405
1.98443579767	0.138863158013
1.99902723736	0.138244131017
2.01361867704	0.137620380644
2.02821011673	0.136991898874
2.04280155642	0.136358677429
2.05739299611	0.135720707774
2.0719844358	0.135077981106
2.08657587549	0.134430488355
2.10116731518	0.133778220172
2.11575875486	0.133121166932
2.13035019455	0.132459318724
2.14494163424	0.131792665349
2.15953307393	0.131121196319
2.17412451362	0.130444900849
2.18871595331	0.129763767861
2.203307393	0.12907778598
2.21789883269	0.128386943529
2.23249027237	0.127691228536
2.24708171206	0.12699062873
2.26167315175	0.126285131546
2.27626459144	0.125574724126
2.29085603113	0.124859393322
2.30544747082	0.124139125706
2.32003891051	0.123413907572
2.3346303502	0.122683724948
2.34922178988	0.121948563606
2.36381322957	0.121208409069
2.37840466926	0.120463246635
2.39299610895	0.119713061381
2.40758754864	0.118957838194
2.42217898833	0.11819756178
2.43677042802	0.117432216697
2.45136186771	0.116661787379
2.46595330739	0.11588625816
2.48054474708	0.115105613317
2.49513618677	0.114319837097
2.50972762646	0.113528913764
2.52431906615	0.112732827638
2.53891050584	0.111931563147
2.55350194553	0.111125104878
2.56809338522	0.110313437636
2.5826848249	0.109496546503
2.59727626459	0.108674416912
2.61186770428	0.107847034714
2.62645914397	0.107014386261
2.64105058366	0.106176458489
2.65564202335	0.105333239013
2.67023346304	0.104484716223
2.68482490272	0.103630879388
2.69941634241	0.102771718776
2.7140077821	0.101907225763
2.72859922179	0.101037392973
2.74319066148	0.100162214405
2.75778210117	0.0992816855874
2.77237354086	0.0983958037217
2.78696498055	0.0975045678527
2.80155642023	0.0966079790371
2.81614785992	0.0957060405257
2.83073929961	0.0947987579541
2.8453307393	0.0938861395436
2.85992217899	0.0929681963114
2.87451361868	0.0920449422921
2.88910505837	0.0911163947673
2.90369649806	0.0901825745074
2.91828793774	0.0892435060219
2.93287937743	0.0882992178206
2.94747081712	0.0873497426842
2.96206225681	0.0863951179445
2.9766536965	0.0854353857745
2.99124513619	0.0844705934871
3.00583657588	0.0835007938424
3.02042801557	0.0825260453631
3.03501945525	0.0815464126582
3.04961089494	0.0805619667521
3.06420233463	0.0795727854214
3.07879377432	0.0785789535351
3.09338521401	0.0775805634006
3.1079766537	0.0765777151117
3.12256809339	0.0755705168988
3.13715953307	0.0745590854794
3.15175097276	0.0735435464078
3.16634241245	0.0725240344217
3.18093385214	0.071500693785
3.19552529183	0.0704736786244
3.21011673152	0.0694431532568
3.22470817121	0.068409292508
3.2392996109	0.0673722820173
3.25389105058	0.0663323185284
3.26848249027	0.0652896101625
3.28307392996	0.0642443766713
3.29766536965	0.063196849668
3.31225680934	0.0621472728327
3.32684824903	0.0610959020901
3.34143968872	0.060043005756
3.35603112841	0.0589888646503
3.37062256809	0.0579337721733
3.38521400778	0.0568780343426
3.39980544747	0.0558219697878
3.41439688716	0.0547659096994
3.42898832685	0.0537101977309
3.44357976654	0.0526551898494
3.45817120623	0.0516012541342
3.47276264592	0.0505487705192
3.4873540856	0.049498130479
3.50194552529	0.0484497366551
3.51653696498	0.0474040024215
3.53112840467	0.0463613513883
3.54571984436	0.045322216842
3.56031128405	0.0442870411226
3.57490272374	0.043256274936
3.58949416343	0.0422303766036
3.60408560311	0.0412098112481
3.6186770428	0.0401950499176
3.63326848249	0.0391865686495
3.64785992218	0.0381848474759
3.66245136187	0.0371903693733
3.67704280156	0.0362036191603
3.69163424125	0.0352250823453
3.70622568093	0.0342552439309
3.72081712062	0.0332945871774
3.73540856031	0.0323435923315
3.75	0.0314027353262
3.76459143969	0.0304724864572
3.77918287938	0.0295533090433
3.79377431907	0.0286456580762
3.80836575876	0.0277499788684
3.82295719844	0.0268667057058
3.83754863813	0.0259962605129
3.85214007782	0.0251390515379
3.86673151751	0.0242954720673
3.8813229572	0.0234658991747
3.89591439689	0.0226506925153
3.91050583658	0.0218501931713
3.92509727627	0.0210647225562
3.93968871595	0.0202945813859
3.95428015564	0.0195400487226
3.96887159533	0.0188013810986
3.98346303502	0.018078811725
3.99805447471	0.0173725497919
4.0126459144	0.0166827798634
4.02723735409	0.0160096613727
4.04182879378	0.0153533282199
4.05642023346	0.0147138884753
4.07101167315	0.0140914241901
4.08560311284	0.0134859913151
4.10019455253	0.0128976197286
4.11478599222	0.0123263133717
4.12937743191	0.0117720504902
4.1439688716	0.011234783981
4.15856031129	0.0107144418397
4.17315175097	0.0102109277063
4.18774319066	0.00972412150396
4.20233463035	0.00925388016598
4.21692607004	0.00880003844619
4.23151750973	0.00836240980565
4.24610894942	0.00794078736974
4.26070038911	0.00753494494857
4.27529182879	0.00714463811353
4.28988326848	0.00676960532253
4.30447470817	0.0064095690863
4.31906614786	0.00606423716816
4.33365758755	0.00573330380937
4.34824902724	0.00541645097268
4.36284046693	0.00511334959631
4.37743190662	0.00482366085119
4.3920233463	0.00454703739439
4.40661478599	0.00428312461173
4.42120622568	0.00403156184353
4.43579766537	0.00379198358698
4.45038910506	0.00356402066996
4.46498054475	0.00334730139078
4.47957198444	0.00314145261937
4.49416342413	0.00294610085563
4.50875486381	0.00276087324128
4.5233463035	0.00258539852198
4.53793774319	0.00241930795712
4.55252918288	0.00226223617504
4.56712062257	0.002113821972
4.58171206226	0.00197370905378
4.59630350195	0.00184154671907
4.61089494164	0.00171699048438
4.62548638132	0.00159970265057
4.64007782101	0.00148935281146
4.6546692607	0.00138561830544
4.66926070039	0.0012881846111
4.68385214008	0.00119674568843
4.69844357977	0.00111100426734
4.71303501946	0.00103067208526
4.72762645915	0.000955470076117
4.74221789883	0.000885128512974
4.75680933852	0.000819387106613
4.77140077821	0.00075799506275
4.7859922179	0.000700711100409
4.80058365759	0.000647303434125
4.81517509728	0.000597549722665
4.82976653697	0.000551236986946
4.84435797665	0.000508161499818
4.85894941634	0.00046812865034
4.87354085603	0.000430952785141
4.88813229572	0.000396457029357
4.90272373541	0.00036447308959
4.9173151751	0.000334841041222
4.93190661479	0.00030740910232
4.94649805448	0.000282033396275
4.96108949416	0.000258577705175
4.97568093385	0.000236913215821
4.99027237354	0.000216918260177
5.00486381323	0.00019847805188
5.01945525292	0.000181484420374
5.03404669261	0.000165835544065
5.0486381323	0.000151435683793
5.06322957199	0.000138194917788
5.07782101167	0.00012602887918
5.09241245136	0.000114858496999
5.10700389105	0.000104609741517
5.12159533074	9.52133746612e-05
5.13618677043	8.66047061467e-05
5.15077821012	7.87233558731e-05
5.16536964981	7.15130230553e-05
5.1799610895	6.49212624662e-05
5.19455252918	5.88992681e-05
5.20914396887	5.34016644952e-05
5.22373540856	4.83863058901e-05
5.23832684825	4.38140833258e-05
5.25291828794	3.96487397588e-05
5.26750972763	3.58566931964e-05
5.28210116732	3.24068678242e-05
5.29669260701	2.92705330578e-05
5.31128404669	2.64211504149e-05
5.32587548638	2.38342280751e-05
5.34046692607	2.14871829686e-05
5.35505836576	1.93592102119e-05
5.36964980545	1.74311596915e-05
5.38424124514	1.56854195786e-05
5.39883268483	1.41058065487e-05
5.41342412451	1.26774624659e-05
5.4280155642	1.13867572884e-05
5.44260700389	1.02211979449e-05
5.45719844358	9.16934292656e-06
5.47178988327	8.22072234327e-06
5.48638132296	7.36576318726e-06
5.50097276265	6.59571955373e-06
5.51556420234	5.90260756883e-06
5.53015564202	5.27914478048e-06
5.54474708171	4.71869377234e-06
5.5593385214	4.21520976758e-06
5.57392996109	3.7631919954e-06
5.58852140078	3.35763860061e-06
5.60311284047	2.99400488427e-06
5.61770428016	2.66816467101e-06
5.63229571985	2.3763746073e-06
5.64688715953	2.11524120276e-06
5.66147859922	1.88169043549e-06
5.67607003891	1.6729397505e-06
5.6906614786	1.48647228879e-06
5.70525291829	1.32001319308e-06
5.71984435798	1.17150784421e-06
5.73443579767	1.03910189026e-06
5.74902723736	9.21122938351e-07
5.76361867704	8.16063786537e-07
5.77821011673	7.22567080662e-07
5.79280155642	6.39411288082e-07
5.80739299611	5.6549788697e-07
5.8219844358	4.99839676475e-07
5.83657587549	4.41550119236e-07
5.85116731518	3.89833633717e-07
5.86575875487	3.43976759483e-07
5.88035019455	3.03340123946e-07
5.89494163424	2.67351144163e-07
5.90953307393	2.35497402117e-07
5.92412451362	2.07320636417e-07
5.93871595331	1.82411297652e-07
5.953307393	1.60403618636e-07
5.96789883269	1.40971154544e-07
5.98249027237	1.23822751447e-07
5.99708171206	1.08698905084e-07
6.01167315175	9.5368474736e-08
6.02626459144	8.36257199589e-08
6.04085603113	7.32876305783e-08
6.05544747082	6.41915228239e-08
6.07003891051	5.61928767748e-08
6.0846303502	4.91633924095e-08
6.09922178988	4.29892435111e-08
6.11381322957	3.75695105014e-08
6.12840466926	3.28147749406e-08
6.14299610895	2.86458599717e-08
6.15758754864	2.49927024092e-08
6.17217898833	2.17933434694e-08
6.18677042802	1.89930263355e-08
6.20136186771	1.65433898491e-08
6.21595330739	1.44017486167e-08
6.23054474708	1.2530450744e-08
6.24513618677	1.08963052432e-08
6.25972762646	9.47007192565e-09
6.27431906615	8.22600728908e-09
6.28891050584	7.14146054245e-09
6.30350194553	6.19651448991e-09
6.31809338522	5.37366651921e-09
6.3326848249	4.65754541518e-09
6.34727626459	4.03466015387e-09
6.36186770428	3.49317722005e-09
6.37645914397	3.02272334789e-09
6.39105058366	2.61421090297e-09
6.40564202335	2.25968341391e-09
6.42023346304	1.95217902248e-09
6.43482490272	1.6856098563e-09
6.44941634241	1.45465553937e-09
6.4640077821	1.25466924854e-09
6.47859922179	1.08159489284e-09
6.49319066148	9.31894148271e-10
6.50778210117	8.02482218335e-10
6.52237354086	6.90671314637e-10
6.53696498055	5.94120962756e-10
6.55155642023	5.10794338366e-10
6.56614785992	4.38919926744e-10
6.58073929961	3.76957879359e-10
6.5953307393	3.23570511042e-10
6.60992217899	2.77596445252e-10
6.62451361868	2.38027970968e-10
6.63910505837	2.03991225253e-10
6.65369649806	1.74728859944e-10
6.66828793774	1.49584890987e-10
6.68287937743	1.2799146392e-10
6.69747081712	1.09457300756e-10
6.71206225681	9.3557620898e-11
6.7266536965	7.99253537464e-11
6.74124513619	6.82434822339e-11
6.75583657588	5.82383759996e-11
6.77042801557	4.96739899186e-11
6.78501945525	4.23468188761e-11
6.79961089494	3.60815128573e-11
6.81420233463	3.07270684491e-11
6.82879377432	2.61535229381e-11
6.84338521401	2.22490865024e-11
6.8579766537	1.89176559618e-11
6.87256809339	1.6076660687e-11
6.88715953308	1.36551973935e-11
6.90175097276	1.1592416121e-11
6.91634241245	9.8361243581e-12
6.93093385214	8.34158064696e-12
6.94552529183	7.07045252563e-12
6.96011673152	5.98991699416e-12
6.97470817121	5.07188446581e-12
6.9892996109	4.29232967383e-12
7.00389105058	3.63071512699e-12
7.01848249027	3.06949462504e-12
7.03307392996	2.59368594763e-12
7.04766536965	2.19050333892e-12
7.06225680934	1.84904157379e-12
7.07684824903	1.56000454644e-12
7.09143968872	1.31547223924e-12
7.10603112841	1.10870076811e-12
7.12062256809	9.33950903933e-13
7.13521400778	7.86341112351e-13
7.14980544747	6.61721662874e-13
7.16439688716	5.56566871236e-13
7.17898832685	4.67882902611e-13
7.19357976654	3.93128939904e-13
7.20817120623	3.3014981752e-13
7.22276264592	2.77118489854e-13
7.2373540856	2.32486922602e-13
7.25194552529	1.94944202733e-13
7.26653696498	1.63380821289e-13
7.28112840467	1.36858244044e-13
7.29571984436	1.14582995542e-13
7.31031128405	9.58846045869e-14
7.32490272374	8.01968428287e-14
7.33949416343	6.70417772444e-14
7.35408560311	5.60162199858e-14
7.3686770428	4.67802235162e-14
7.38326848249	3.90473146638e-14
7.39785992218	3.25762142469e-14
7.41245136187	2.71638162795e-14
7.42704280156	2.26392409829e-14
7.44163424125	1.88587982372e-14
7.45622568094	1.57017266973e-14
7.47081712062	1.30665888919e-14
7.48540856031	1.08682254364e-14
7.5	9.03517922256e-15
7.51459143969	7.50752205969e-15
7.52918287938	6.23502875224e-15
7.54377431907	5.17562150913e-15
7.55836575876	4.29406785347e-15
7.57295719844	3.56088382756e-15
7.58754863813	2.9514087748e-15
7.60214007782	2.44502751898e-15
7.61673151751	2.0245155109e-15
7.6313229572	1.67548906087e-15
7.64591439689	1.38594297721e-15
7.66050583658	1.14586264688e-15
7.67509727627	9.46898295786e-16
7.68968871595	7.82091971523e-16
7.70428015564	6.45648541212e-16
7.71887159533	5.32743987654e-16
7.73346303502	4.39364639264e-16
7.74805447471	3.62172905738e-16
7.7626459144	2.98394817638e-16
7.77723735409	2.45726046324e-16
7.79182879378	2.02253397033e-16
7.80642023346	1.663892762e-16
7.82101167315	1.3681692436e-16
7.83560311284	1.12444832387e-16
7.85019455253	9.23686269259e-17
7.86478599222	7.5839409254e-17
7.87937743191	6.22373345637e-17
7.8939688716	5.10496500609e-17
7.90856031129	4.18524007654e-17
7.92315175097	3.42952477236e-17
7.93774319066	2.80888269157e-17
7.95233463035	2.29942676176e-17
7.96692607004	1.88144677891e-17
7.98151750973	1.53868898904e-17
7.99610894942	1.25775611958e-17
8.01070038911	1.0276113773e-17
8.0252918288	8.39166684433e-18
8.03988326848	6.84943230293e-18
8.05447470817	5.5878918171e-18
8.06906614786	4.55647437268e-18
8.08365758755	3.71361882273e-18
8.09824902724	3.02519542135e-18
8.11284046693	2.46318731249e-18
8.12743190662	2.00460823217e-18
8.1420233463	1.63060706974e-18
8.15661478599	1.32573642951e-18
8.17120622568	1.07734048694e-18
8.18579766537	8.75059645468e-19
8.20038910506	7.10413512659e-19
8.21498054475	5.76466233532e-19
8.22957198444	4.67547407736e-19
8.24416342413	3.79024278216e-19
8.25875486381	3.07112487972e-19
8.2733463035	2.48723909142e-19
8.28793774319	2.01338546114e-19
8.30252918288	1.62902230704e-19
8.31712062257	1.31739851165e-19
8.33171206226	1.06487379701e-19
8.34630350195	8.60339754365e-20
8.36089494164	6.94757355003e-20
8.37548638132	5.60772789977e-20
8.39007782101	4.52409460955e-20
8.4046692607	3.64809784093e-20
8.41926070039	2.94032609849e-20
8.43385214008	2.36873806921e-20
8.44844357977	1.90735997825e-20
8.46303501946	1.53511998435e-20
8.47762645915	1.23494508875e-20
8.49221789883	9.92990355945e-21
8.50680933852	7.9806341691e-21
8.52140077821	6.41096340135e-21
8.5359922179	5.1476593141e-21
8.55058365759	4.13136220939e-21
8.56517509728	3.31418305397e-21
8.57976653697	2.65739691888e-21
8.59435797666	2.12979822274e-21
8.60894941634	1.70613761025e-21
8.62354085603	1.36610771085e-21
8.63813229572	1.09332660922e-21
8.65272373541	8.74639771452e-22
8.6673151751	6.99373788309e-22
8.68190661479	5.58987736036e-22
8.69649805448	4.46587729293e-22
8.71108949416	3.5664033899e-22
8.72568093385	2.84677559039e-22
8.74027237354	2.27137807449e-22
8.75486381323	1.81145574185e-22
8.76945525292	1.4441467449e-22
8.78404669261	1.15083975645e-22
8.7986381323	9.16766971195e-23
8.81322957199	7.30022858309e-23
8.82782101167	5.81111898766e-23
8.84241245136	4.62364414807e-23
8.85700389105	3.67739367542e-23
8.87159533074	2.92344512248e-23
8.88618677043	2.32354178328e-23
8.90077821012	1.84614530835e-23
8.91536964981	1.46663443975e-23
8.9299610895	1.16484221102e-23
8.94455252918	9.25005047496e-24
8.95914396887	7.34247666765e-24
8.97373540856	5.8271860852e-24
8.98832684825	4.62226676663e-24
9.00291828794	3.6674389402e-24
9.01750972763	2.90926963193e-24
9.03210116732	2.30820132284e-24
9.04669260701	1.83111426621e-24
9.06128404669	1.45280236821e-24
9.07587548638	1.15204291574e-24
9.09046692607	9.13488388997e-25
9.10505836576	7.23614119945e-25
9.11964980545	5.73936999669e-25
9.13424124514	4.55373836879e-25
9.14883268483	3.61630645006e-25
9.16342412452	2.87205824293e-25
9.1780155642	2.28420836063e-25
9.19260700389	1.81522238629e-25
9.20719844358	1.44364558976e-25
9.22178988327	1.14648582753e-25
9.23638132296	9.12932069945e-26
9.25097276265	7.27203437646e-26
9.26556420234	5.81357008029e-26
9.28015564202	4.64795741183e-26
9.29474708171	3.73007694066e-26
9.3093385214	2.99417038669e-26
9.32392996109	2.40341156774e-26
9.33852140078	1.92430633466e-26
9.35311284047	1.55514579456e-26
9.36770428016	1.25891313378e-26
9.38229571985	1.02651420521e-26
9.39688715953	8.38221940248e-27
9.41147859922	6.87842707443e-27
9.42607003891	5.63966048258e-27
9.4406614786	4.64364352275e-27
9.45525291829	3.79787926905e-27
9.46984435798	3.16116887647e-27
9.48443579767	2.64849259578e-27
9.49902723736	2.24755332518e-27
9.51361867704	1.90329923719e-27
9.52821011673	1.63918774256e-27
9.54280155642	1.40443853554e-27
9.55739299611	1.21023423626e-27
9.5719844358	1.0309320969e-27
9.58657587549	8.99439924348e-28
9.60116731518	7.86178774986e-28
9.61575875487	7.05593315559e-28
9.63035019455	6.34082474322e-28
9.64494163424	5.75814484265e-28
9.65953307393	5.16744251058e-28
9.67412451362	4.67219425088e-28
9.68871595331	4.16886843053e-28
9.703307393	3.83310471604e-28
9.71789883269	3.53428558083e-28
9.73249027237	3.30814098731e-28
9.74708171206	3.10080356376e-28
9.76167315175	2.89871341178e-28
9.77626459144	2.63728404682e-28
9.79085603113	2.42474969111e-28
9.80544747082	2.25038004544e-28
9.82003891051	2.13820776241e-28
9.8346303502	2.07285243854e-28
9.84922178988	2.04575261754e-28
9.86381322957	2.01957447416e-28
9.87840466926	2.03707894088e-28
9.89299610895	2.04563248425e-28
9.90758754864	2.05378731166e-28
9.92217898833	2.15024279365e-28
9.93677042802	2.19865823325e-28
9.95136186771	2.20186883826e-28
9.96595330739	2.20981270143e-28
9.98054474708	2.20723681412e-28
9.99513618677	2.19413649568e-28
10.0097276265	2.20691392746e-28
10.0243190661	2.23792933009e-28
10.0389105058	2.36955200637e-28
10.0535019455	2.43123831436e-28
10.0680933852	2.46930117309e-28
10.0826848249	2.47963245106e-28
10.0972762646	2.50354046251e-28
10.1118677043	2.4991409273e-28
10.126459144	2.52452175802e-28
10.1410505837	2.60637249722e-28
10.1556420233	2.80835358782e-28
10.170233463	2.88785447451e-28
10.1848249027	2.99255339183e-28
10.1994163424	3.01175085152e-28
10.2140077821	3.01307091148e-28
10.2285992218	3.03963217581e-28
10.2431906615	3.15534790279e-28
10.2577821012	3.27771797283e-28
10.2723735409	3.53071624323e-28
10.2869649805	3.61519910071e-28
10.3015564202	3.70757115458e-28
10.3161478599	3.70818088551e-28
10.3307392996	3.68167962574e-28
10.3453307393	3.61713656667e-28
10.359922179	3.63617537084e-28
10.3745136187	3.67880669727e-28
10.3891050584	3.91104775808e-28
10.4036964981	3.97276025799e-28
10.4182879377	4.03129473728e-28
10.4328793774	4.04576753698e-28
10.4474708171	4.06110962e-28
10.4620622568	4.02479535845e-28
10.4766536965	4.09346362126e-28
10.4912451362	4.18990920842e-28
10.5058365759	4.50960268389e-28
10.5204280156	4.58056288849e-28
10.5350194553	4.62226614661e-28
10.5496108949	4.57220476633e-28
10.5642023346	4.54374559914e-28
10.5787937743	4.46673191223e-28
10.593385214	4.48818944573e-28
10.6079766537	4.54247704612e-28
10.6225680934	4.80237593256e-28
10.6371595331	4.79575339657e-28
10.6517509728	4.79449559842e-28
10.6663424125	4.71047201383e-28
10.6809338521	4.64042016519e-28
10.6955252918	4.54604729612e-28
10.7101167315	4.57875065495e-28
10.7247081712	4.60626588137e-28
10.7392996109	4.82325162222e-28
10.7538910506	4.82928928706e-28
10.7684824903	4.87691267694e-28
10.78307393	4.866827124e-28
10.7976653697	4.92035577522e-28
10.8122568093	4.87149859074e-28
10.826848249	4.8924573046e-28
10.8414396887	4.95440131851e-28
10.8560311284	5.21954169531e-28
10.8706225681	5.23123913902e-28
10.8852140078	5.22268238895e-28
10.8998054475	5.13693072288e-28
10.9143968872	5.14223179536e-28
10.9289883268	5.10311721422e-28
10.9435797665	5.1391821031e-28
10.9581712062	5.15047042381e-28
10.9727626459	5.42799392974e-28
10.9873540856	5.48582966815e-28
11.0019455253	5.52341726483e-28
11.016536965	5.59134641604e-28
11.0311284047	5.70895458107e-28
11.0457198444	5.97153605428e-28
11.060311284	6.46039086777e-28
11.0749027237	7.03626420653e-28
11.0894941634	8.04489968576e-28
11.1040856031	9.21473447665e-28
11.1186770428	1.08830737095e-27
11.1332684825	1.30898095144e-27
11.1478599222	1.61378138206e-27
11.1624513619	2.03700995004e-27
11.1770428016	2.62240449939e-27
11.1916342412	3.41260267229e-27
11.2062256809	4.51679671817e-27
11.2208171206	5.94084624698e-27
11.2354085603	7.99078021085e-27
11.25	9.90629583723e-27
11.2645914397	8.05299618317e-27
11.2791828794	6.03496727937e-27
11.2937743191	4.62568112602e-27
11.3083657588	3.52877029891e-27
11.3229571984	2.71210286301e-27
11.3375486381	2.11066357478e-27
11.3521400778	1.65980995406e-27
11.3667315175	1.32605157519e-27
11.3813229572	1.07324599303e-27
11.3959143969	8.98820357817e-28
11.4105058366	7.68843367535e-28
11.4250972763	6.77076147743e-28
11.439688716	6.07521962584e-28
11.4542801556	5.62729432548e-28
11.4688715953	5.31709674632e-28
11.483463035	5.12027305378e-28
11.4980544747	4.92349512709e-28
11.5126459144	4.9136587783e-28
11.5272373541	4.81757329431e-28
11.5418287938	4.71664637073e-28
11.5564202335	4.62897235129e-28
11.5710116732	4.63199413611e-28
11.5856031128	4.586294713e-28
11.6001945525	4.63180785972e-28
11.6147859922	4.59770491775e-28
11.6293774319	4.63670774082e-28
11.6439688716	4.56950975343e-28
11.6585603113	4.48172434012e-28
11.673151751	4.23625607543e-28
11.6877431907	4.18505016189e-28
11.7023346304	4.13951659165e-28
11.71692607	4.16563137243e-28
11.7315175097	4.15205796929e-28
11.7461089494	4.26274664734e-28
11.7607003891	4.40778436574e-28
11.7752918288	4.59199497036e-28
11.7898832685	4.72850200875e-28
11.8044747082	4.97026301175e-28
11.8190661479	5.19848492768e-28
11.8336575876	5.44696703516e-28
11.8482490272	5.61875826797e-28
11.8628404669	5.98866650202e-28
11.8774319066	6.3083078982e-28
11.8920233463	6.57362344619e-28
11.906614786	6.79240095663e-28
11.9212062257	6.99120205278e-28
11.9357976654	7.08650152622e-28
11.9503891051	7.24190819486e-28
11.9649805447	7.22677530643e-28
11.9795719844	7.26758375426e-28
11.9941634241	7.20624968018e-28
12.0087548638	7.05362753997e-28
12.0233463035	6.86389243036e-28
12.0379377432	6.83517280558e-28
12.0525291829	6.77242442057e-28
12.0671206226	6.70346558301e-28
12.0817120623	6.58524378797e-28
12.0963035019	6.62069971123e-28
12.1108949416	6.64439623006e-28
12.1254863813	6.73688771267e-28
12.140077821	6.89704965089e-28
12.1546692607	7.04371117988e-28
12.1692607004	7.13732272913e-28
12.1838521401	7.26117752306e-28
12.1984435798	7.25575407526e-28
12.2130350195	7.33409352394e-28
12.2276264591	7.38089411321e-28
12.2422178988	7.441656183e-28
12.2568093385	7.55280645097e-28
12.2714007782	7.70287321046e-28
12.2859922179	7.81414279363e-28
12.3005836576	7.98585037126e-28
12.3151750973	8.02373631007e-28
12.329766537	8.09013382221e-28
12.3443579767	8.16370752425e-28
12.3589494163	8.18539474782e-28
12.373540856	8.27074124318e-28
12.3881322957	8.45114742525e-28
12.4027237354	8.5513238527e-28
12.4173151751	8.60640624585e-28
12.4319066148	8.56360545033e-28
12.4464980545	8.62485633697e-28
12.4610894942	8.72243522439e-28
12.4756809339	8.920346094e-28
12.4902723735	9.20381084773e-28
12.5048638132	9.42924345611e-28
12.5194552529	9.59799691379e-28
12.5340466926	9.7132274054e-28
12.5486381323	9.63398414224e-28
12.563229572	9.67321077526e-28
12.5778210117	9.63012521501e-28
12.5924124514	9.52776646416e-28
12.6070038911	9.5102885794e-28
12.6215953307	9.43246535278e-28
12.6361867704	9.31079648813e-28
12.6507782101	9.16927462863e-28
12.6653696498	8.99693743771e-28
12.6799610895	9.0230220995e-28
12.6945525292	9.1374231753e-28
12.7091439689	9.29743749519e-28
12.7237354086	9.69283161051e-28
12.7383268483	9.98891308592e-28
12.7529182879	1.01054545161e-27
12.7675097276	1.01150928295e-27
12.7821011673	1.00674597296e-27
12.796692607	1.00610374529e-27
12.8112840467	1.01382261844e-27
12.8258754864	1.03373661454e-27
12.8404669261	1.06614219066e-27
12.8550583658	1.0769434791e-27
12.8696498054	1.08068101772e-27
12.8842412451	1.07355414036e-27
12.8988326848	1.05717020041e-27
12.9134241245	1.05410984607e-27
12.9280155642	1.05404375087e-27
12.9426070039	1.05543757196e-27
12.9571984436	1.06782955456e-27
12.9717898833	1.06178209322e-27
12.986381323	1.051811687e-27
13.0009727626	1.04004993411e-27
13.0155642023	1.01892734671e-27
13.030155642	1.00043195315e-27
13.0447470817	9.895922102e-28
13.0593385214	9.89854095313e-28
13.0739299611	1.01436037365e-27
13.0885214008	1.01980206595e-27
13.1031128405	1.01373848136e-27
13.1177042802	1.00110338405e-27
13.1322957198	9.84683163051e-28
13.1468871595	9.72796653726e-28
13.1614785992	9.74771910996e-28
13.1760700389	9.89751841452e-28
13.1906614786	1.02470043153e-27
13.2052529183	1.02793700632e-27
13.219844358	1.03471149865e-27
13.2344357977	1.02598930877e-27
13.2490272374	1.00540555062e-27
13.263618677	9.97778823265e-28
13.2782101167	9.96791896143e-28
13.2928015564	9.90244636843e-28
13.3073929961	1.01304168029e-27
13.3219844358	1.0183151064e-27
13.3365758755	1.01747422168e-27
13.3511673152	1.00247769112e-27
13.3657587549	9.83171281668e-28
13.3803501946	9.65799645526e-28
13.3949416342	9.59304218781e-28
13.4095330739	9.63957522143e-28
13.4241245136	9.95097352149e-28
13.4387159533	9.98313625821e-28
13.453307393	1.00338818746e-27
13.4678988327	9.97745008456e-28
13.4824902724	9.88768321206e-28
13.4970817121	9.72329110474e-28
13.5116731518	9.76608385978e-28
13.5262645914	9.85817120329e-28
13.5408560311	1.01966696148e-27
13.5554474708	1.03239851287e-27
13.5700389105	1.04322558667e-27
13.5846303502	1.03670285549e-27
13.5992217899	1.02470263217e-27
13.6138132296	1.01608872701e-27
13.6284046693	1.02574909629e-27
13.642996109	1.03060413784e-27
13.6575875486	1.07490809918e-27
13.6721789883	1.09124540432e-27
13.686770428	1.09436724855e-27
13.7013618677	1.09265483256e-27
13.7159533074	1.09514547643e-27
13.7305447471	1.09087873667e-27
13.7451361868	1.09221378326e-27
13.7597276265	1.10029298962e-27
13.7743190661	1.13859748849e-27
13.7889105058	1.13954934188e-27
13.8035019455	1.14373055804e-27
13.8180933852	1.12969717243e-27
13.8326848249	1.11462777885e-27
13.8472762646	1.10521857333e-27
13.8618677043	1.11480651775e-27
13.876459144	1.11938137675e-27
13.8910505837	1.14969828578e-27
13.9056420233	1.15501376381e-27
13.920233463	1.15930050648e-27
13.9348249027	1.14286546449e-27
13.9494163424	1.13739215647e-27
13.9640077821	1.13165980948e-27
13.9785992218	1.14090608462e-27
13.9931906615	1.14447109907e-27
14.0077821012	1.18627810198e-27
14.0223735409	1.19077796633e-27
14.0369649805	1.18433679401e-27
14.0515564202	1.16835695761e-27
14.0661478599	1.15995858347e-27
14.0807392996	1.14096236552e-27
14.0953307393	1.14869507151e-27
14.109922179	1.16213188079e-27
14.1245136187	1.20747419347e-27
14.1391050584	1.20837001709e-27
14.1536964981	1.21018994811e-27
14.1682879377	1.19125789385e-27
14.1828793774	1.17588674508e-27
14.1974708171	1.15912231783e-27
14.2120622568	1.15984363082e-27
14.2266536965	1.15766308011e-27
14.2412451362	1.19978160592e-27
14.2558365759	1.2115110633e-27
14.2704280156	1.21697638078e-27
14.2850194553	1.19641791462e-27
14.2996108949	1.1897100111e-27
14.3142023346	1.17605806072e-27
14.3287937743	1.17582949794e-27
14.343385214	1.18123556234e-27
14.3579766537	1.22999266219e-27
14.3725680934	1.23386958229e-27
14.3871595331	1.22485033886e-27
14.4017509728	1.20113705788e-27
14.4163424125	1.18972828732e-27
14.4309338521	1.16399011806e-27
14.4455252918	1.16156084743e-27
14.4601167315	1.15869631935e-27
14.4747081712	1.18927171034e-27
14.4892996109	1.19021932838e-27
14.5038910506	1.19655017443e-27
14.5184824903	1.18189690428e-27
14.53307393	1.17263672494e-27
14.5476653697	1.16233443883e-27
14.5622568093	1.16261368941e-27
14.576848249	1.15596900168e-27
14.5914396887	1.19565372063e-27
14.6060311284	1.19879607794e-27
14.6206225681	1.19937553553e-27
14.6352140078	1.16906966147e-27
14.6498054475	1.15292747168e-27
14.6643968872	1.13041493034e-27
14.6789883268	1.11606800869e-27
14.6935797665	1.10069688963e-27
14.7081712062	1.12048302456e-27
14.7227626459	1.10315411796e-27
14.7373540856	1.08910153588e-27
14.7519455253	1.05774165122e-27
14.766536965	1.03906883532e-27
14.7811284047	9.97377023215e-28
14.7957198444	9.76151204603e-28
14.810311284	9.4795457862e-28
14.8249027237	9.33468281206e-28
14.8394941634	8.88336593309e-28
14.8540856031	8.4160019914e-28
14.8686770428	7.8091393016e-28
14.8832684825	7.39053444577e-28
14.8978599222	7.07029352948e-28
14.9124513619	7.01140663576e-28
14.9270428016	7.33864464014e-28
14.9416342412	8.56060405764e-28
14.9562256809	1.07190396298e-27
14.9708171206	1.43970672928e-27
14.9854085603	2.15215437737e-27
15.0	2.91497005675e-27
