-14.9854085603	2.29516888876e-27
-14.9708171206	1.35719601502e-27
-14.9562256809	8.16584156107e-28
-14.9416342412	4.70516889518e-28
-14.9270428016	2.78597408334e-28
-14.9124513619	1.70804914052e-28
-14.8978599222	1.19925148296e-28
-14.8832684825	1.00344213895e-28
-14.8686770428	1.05341383768e-28
-14.8540856031	1.15512426797e-28
-14.8394941634	1.31983981706e-28
-14.8249027237	1.37996317084e-28
-14.810311284	1.56753430647e-28
-14.7957198444	1.72033538227e-28
-14.7811284047	1.95289951259e-28
-14.766536965	2.11506790172e-28
-14.7519455253	2.28044075228e-28
-14.7373540856	2.37861517497e-28
-14.7227626459	2.42868718826e-28
-14.7081712062	2.29396244973e-28
-14.6935797665	2.33732860979e-28
-14.6789883268	2.3852897421e-28
-14.6643968872	2.498018939e-28
-14.6498054475	2.54541938403e-28
-14.6352140078	2.66559514368e-28
-14.6206225681	2.67011993673e-28
-14.6060311284	2.65274777855e-28
-14.5914396887	2.47067370713e-28
-14.576848249	2.45543759241e-28
-14.5622568093	2.45349497465e-28
-14.5476653696	2.571031922e-28
-14.53307393	2.60515527445e-28
-14.5184824903	2.69415346102e-28
-14.5038910506	2.70823885766e-28
-14.4892996109	2.71641050647e-28
-14.4747081712	2.5494279163e-28
-14.4601167315	2.54958541641e-28
-14.4455252918	2.54587596087e-28
-14.4309338521	2.62381700598e-28
-14.4163424125	2.63022044456e-28
-14.4017509728	2.69332108195e-28
-14.3871595331	2.68009650381e-28
-14.3725680934	2.64766032306e-28
-14.3579766537	2.42171309958e-28
-14.343385214	2.38200250285e-28
-14.3287937743	2.36333444953e-28
-14.3142023346	2.43707069471e-28
-14.2996108949	2.45576149751e-28
-14.2850194553	2.53622325699e-28
-14.2704280156	2.52181637311e-28
-14.2558365759	2.50050421834e-28
-14.2412451362	2.30201083364e-28
-14.2266536965	2.27778111187e-28
-14.2120622568	2.24492221766e-28
-14.1974708171	2.30438240374e-28
-14.1828793774	2.30884142947e-28
-14.1682879377	2.3675258706e-28
-14.1536964981	2.33463207867e-28
-14.1391050584	2.28129707857e-28
-14.1245136187	2.04391790623e-28
-14.109922179	1.99219036629e-28
-14.0953307393	1.94576605613e-28
-14.0807392996	1.9896770904e-28
-14.0661478599	1.99833074437e-28
-14.0515564202	2.05726089593e-28
-14.0369649805	2.026680096e-28
-14.0223735409	1.98519839176e-28
-14.0077821012	1.76487078221e-28
-13.9931906615	1.70985742483e-28
-13.9785992218	1.65998554816e-28
-13.9640077821	1.69087473656e-28
-13.9494163424	1.6677846513e-28
-13.9348249027	1.70275516675e-28
-13.920233463	1.65972614471e-28
-13.9056420233	1.60416103441e-28
-13.8910505837	1.3967254158e-28
-13.876459144	1.34538148731e-28
-13.8618677043	1.30525960441e-28
-13.8472762646	1.33895943325e-28
-13.8326848249	1.33689983351e-28
-13.8180933852	1.38527731248e-28
-13.8035019455	1.36887315688e-28
-13.7889105058	1.32074819761e-28
-13.7743190661	1.14349451995e-28
-13.7597276265	1.11620179908e-28
-13.7451361868	1.09237400987e-28
-13.7305447471	1.12750295068e-28
-13.7159533074	1.13220033192e-28
-13.7013618677	1.17083911404e-28
-13.686770428	1.14256449261e-28
-13.6721789883	1.10568831839e-28
-13.6575875486	9.42939124666e-29
-13.6429961089	9.04282397597e-29
-13.6284046693	8.77662890748e-29
-13.6138132296	8.91927138387e-29
-13.5992217899	8.90547282181e-29
-13.5846303502	9.29691841718e-29
-13.5700389105	9.13051234974e-29
-13.5554474708	8.79944639604e-29
-13.5408560311	7.42290060113e-29
-13.5262645914	7.17260844645e-29
-13.5116731518	7.02623118755e-29
-13.4970817121	7.29219672924e-29
-13.4824902724	7.34689308924e-29
-13.4678988327	7.66490683481e-29
-13.453307393	7.56814721743e-29
-13.4387159533	7.2588468377e-29
-13.4241245136	6.07904828334e-29
-13.4095330739	5.93832545933e-29
-13.3949416342	5.74658881994e-29
-13.3803501946	5.96821681437e-29
-13.3657587549	6.11031850115e-29
-13.3511673152	6.5395558249e-29
-13.3365758755	6.67854178639e-29
-13.3219844358	6.73229490576e-29
-13.3073929961	6.07127361651e-29
-13.2928015564	6.18713268111e-29
-13.2782101167	6.31558818865e-29
-13.263618677	6.53299253983e-29
-13.2490272374	6.52459519387e-29
-13.2344357977	6.75890620026e-29
-13.219844358	6.70025889148e-29
-13.2052529183	6.55953556747e-29
-13.1906614786	6.12144085773e-29
-13.1760700389	6.10483302286e-29
-13.1614785992	6.11900465963e-29
-13.1468871595	6.25195332366e-29
-13.1322957198	6.20333100576e-29
-13.1177042802	6.29306065773e-29
-13.1031128405	6.15479131156e-29
-13.0885214008	5.86856815987e-29
-13.0739299611	5.16167099819e-29
-13.0593385214	5.038091276e-29
-13.0447470817	4.92525134328e-29
-13.030155642	4.85782871254e-29
-13.0155642023	4.8459537365e-29
-13.0009727626	4.950672243e-29
-12.986381323	4.84780643173e-29
-12.9717898833	4.76906133849e-29
-12.9571984436	4.50878496347e-29
-12.9426070039	4.5095025736e-29
-12.9280155642	4.58646470855e-29
-12.9134241245	4.65651873835e-29
-12.8988326848	4.70728264384e-29
-12.8842412451	4.86789504916e-29
-12.8696498054	5.09590810697e-29
-12.8550583658	5.51656988936e-29
-12.8404669261	6.24687256209e-29
-12.8258754864	6.90114849195e-29
-12.8112840467	7.44082306897e-29
-12.796692607	7.71897195159e-29
-12.7821011673	7.86088652549e-29
-12.7675097276	7.9929880058e-29
-12.7529182879	8.29327301475e-29
-12.7383268482	8.5576070775e-29
-12.7237354086	9.00856254136e-29
-12.7091439689	9.19879804447e-29
-12.6945525292	9.45077174383e-29
-12.6799610895	9.40949163147e-29
-12.6653696498	9.41220032039e-29
-12.6507782101	9.51748539781e-29
-12.6361867704	9.97294579695e-29
-12.6215953307	1.05600039727e-28
-12.6070038911	1.15704638883e-28
-12.5924124514	1.22196054237e-28
-12.5778210117	1.2772571725e-28
-12.563229572	1.2767764343e-28
-12.5486381323	1.3065734061e-28
-12.5340466926	1.32450993358e-28
-12.5194552529	1.40618703395e-28
-12.5048638132	1.51496090484e-28
-12.4902723735	1.73500097226e-28
-12.4756809339	1.8733233107e-28
-12.4610894942	2.00032586264e-28
-12.4464980545	2.04671451324e-28
-12.4319066148	2.10762615148e-28
-12.4173151751	2.13745388493e-28
-12.4027237354	2.24345595132e-28
-12.3881322957	2.36371268676e-28
-12.373540856	2.61350502628e-28
-12.3589494163	2.76156825163e-28
-12.3443579767	2.87282891254e-28
-12.329766537	2.8962269889e-28
-12.3151750973	2.98852262075e-28
-12.3005836576	3.03743973577e-28
-12.2859922179	3.17713400567e-28
-12.2714007782	3.36290317054e-28
-12.2568093385	3.72278403679e-28
-12.2422178988	3.93504577167e-28
-12.2276264591	4.10777548459e-28
-12.2130350195	4.12293685727e-28
-12.1984435798	4.21671548903e-28
-12.1838521401	4.26169372603e-28
-12.1692607004	4.37015572814e-28
-12.1546692607	4.51237959465e-28
-12.140077821	4.88372239973e-28
-12.1254863813	5.03524694963e-28
-12.1108949416	5.11632397541e-28
-12.0963035019	5.04346564308e-28
-12.0817120623	5.04133554184e-28
-12.0671206226	5.03095744638e-28
-12.0525291829	5.16516240181e-28
-12.0379377432	5.31122538545e-28
-12.0233463035	5.68899840763e-28
-12.0087548638	5.82209636678e-28
-11.9941634241	5.9573328995e-28
-11.9795719844	5.94642625852e-28
-11.9649805447	6.00667816586e-28
-11.9503891051	6.00031330845e-28
-11.9357976654	6.13606446423e-28
-11.9212062257	6.34234450316e-28
-11.906614786	6.81665873136e-28
-11.8920233463	6.99782393365e-28
-11.8774319066	7.12867732234e-28
-11.8628404669	7.03364847777e-28
-11.8482490272	6.99074506316e-28
-11.8336575875	6.95188759497e-28
-11.8190661479	7.02612747643e-28
-11.8044747082	7.11676042784e-28
-11.7898832685	7.5358729866e-28
-11.7752918288	7.59069870895e-28
-11.7607003891	7.58091493171e-28
-11.7461089494	7.40031122447e-28
-11.7315175097	7.38057913228e-28
-11.71692607	7.31492861554e-28
-11.7023346304	7.44577127174e-28
-11.6877431907	7.51457053334e-28
-11.673151751	7.82824310675e-28
-11.6585603113	7.86975068909e-28
-11.6439688716	7.84516049064e-28
-11.6293774319	7.67257518033e-28
-11.6147859922	7.54304846055e-28
-11.6001945525	7.32163360474e-28
-11.5856031128	7.35609111054e-28
-11.5710116732	7.41437492448e-28
-11.5564202335	7.71859900757e-28
-11.5418287938	7.58836101325e-28
-11.5272373541	7.43306853669e-28
-11.5126459144	7.08475528357e-28
-11.4980544747	6.75841556307e-28
-11.483463035	6.47497491467e-28
-11.4688715953	6.3539422859e-28
-11.4542801556	6.3383365669e-28
-11.439688716	6.59072807096e-28
-11.4250972763	6.50452717258e-28
-11.4105058366	6.51910868896e-28
-11.3959143969	6.63233650927e-28
-11.3813229572	7.21899548104e-28
-11.3667315175	8.29814503337e-28
-11.3521400778	1.02062045363e-27
-11.3375486381	1.30260395492e-27
-11.3229571984	1.73204275692e-27
-11.3083657588	2.32025730261e-27
-11.2937743191	3.17423456247e-27
-11.2791828794	4.3417615148e-27
-11.2645914397	6.11910993815e-27
-11.25	7.77770445325e-27
-11.2354085603	5.96455491265e-27
-11.2208171206	4.09208067996e-27
-11.2062256809	2.84104736235e-27
-11.1916342412	1.92376488442e-27
-11.1770428016	1.28907125658e-27
-11.1624513619	8.42832168178e-28
-11.1478599222	5.42187230913e-28
-11.1332684825	3.45280680378e-28
-11.1186770428	2.22520334678e-28
-11.1040856031	1.52498111969e-28
-11.0894941634	1.12205479264e-28
-11.0749027237	1.12617001197e-28
-11.060311284	1.3264334732e-28
-11.0457198444	1.67352798149e-28
-11.0311284047	2.0672779606e-28
-11.016536965	2.54547208281e-28
-11.0019455253	2.90663211164e-28
-10.9873540856	3.2730865273e-28
-10.9727626459	3.46855539003e-28
-10.9581712062	3.80005365475e-28
-10.9435797665	4.16281452186e-28
-10.9289883268	4.63037393524e-28
-10.9143968872	4.97014725429e-28
-10.8998054475	5.29593575581e-28
-10.8852140078	5.51987506402e-28
-10.8706225681	5.58089877808e-28
-10.8560311284	5.37485620704e-28
-10.8414396887	5.41756964436e-28
-10.826848249	5.5065956272e-28
-10.8122568093	5.68589183908e-28
-10.7976653696	5.83192191632e-28
-10.78307393	5.98771466665e-28
-10.7684824903	6.03568440869e-28
-10.7538910506	6.01540482464e-28
-10.7392996109	5.73141408761e-28
-10.7247081712	5.64523494801e-28
-10.7101167315	5.59447617704e-28
-10.6955252918	5.62956603535e-28
-10.6809338521	5.5913550325e-28
-10.6663424125	5.59169921e-28
-10.6517509728	5.426741029e-28
-10.6371595331	5.17756282346e-28
-10.6225680934	4.65930850983e-28
-10.6079766537	4.4016189336e-28
-10.593385214	4.2012956334e-28
-10.5787937743	4.13907284729e-28
-10.5642023346	4.00914086913e-28
-10.5496108949	3.9110589688e-28
-10.5350194553	3.69766589903e-28
-10.5204280156	3.42808771693e-28
-10.5058365759	2.97004690744e-28
-10.4912451362	2.73153731571e-28
-10.4766536965	2.52925575898e-28
-10.4620622568	2.45038768139e-28
-10.4474708171	2.36449562506e-28
-10.4328793774	2.39913399503e-28
-10.4182879377	2.49071329789e-28
-10.4036964981	2.83200126894e-28
-10.3891050584	3.43848078778e-28
-10.3745136187	4.71308435988e-28
-10.359922179	6.60912352942e-28
-10.3453307393	9.31398054706e-28
-10.3307392996	1.29722010423e-27
-10.3161478599	1.79232292461e-27
-10.3015564202	2.450924866e-27
-10.2869649805	3.34915908972e-27
-10.2723735409	4.56246941687e-27
-10.2577821012	6.1447935547e-27
-10.2431906615	8.22620041898e-27
-10.2285992218	1.09529206088e-26
-10.2140077821	1.45018422319e-26
-10.1994163424	1.91659119833e-26
-10.1848249027	2.52029693261e-26
-10.170233463	3.30654838859e-26
-10.1556420233	4.33942231371e-26
-10.1410505837	5.66203126915e-26
-10.126459144	7.35997048967e-26
-10.1118677043	9.55431305359e-26
-10.0972762646	1.23769502548e-25
-10.0826848249	1.59924507122e-25
-10.0680933852	2.06434755843e-25
-10.0535019455	2.66309757647e-25
-10.0389105058	3.43683242391e-25
-10.0243190661	4.42677994131e-25
-10.0097276265	5.69366979834e-25
-9.99513618677	7.31791781272e-25
-9.98054474708	9.39805760913e-25
-9.96595330739	1.20591846273e-24
-9.9513618677	1.54635508841e-24
-9.93677042802	1.98223749819e-24
-9.92217898833	2.53970964726e-24
-9.90758754864	3.24975096049e-24
-9.89299610895	4.15493063248e-24
-9.87840466926	5.30742811241e-24
-9.86381322957	6.77527723687e-24
-9.84922178988	8.64450000358e-24
-9.83463035019	1.10235177644e-23
-9.82003891051	1.40516145297e-23
-9.80544747082	1.79042638053e-23
-9.79085603113	2.27977609001e-23
-9.77626459144	2.90112327721e-23
-9.76167315175	3.68972671824e-23
-9.74708171206	4.69006649728e-23
-9.73249027237	5.95807562714e-23
-9.71789883268	7.56536160363e-23
-9.703307393	9.60146023178e-23
-9.68871595331	1.21797807165e-22
-9.67412451362	1.54414252526e-22
-9.65953307393	1.95656247178e-22
-9.64494163424	2.47778918564e-22
-9.63035019455	3.13625521752e-22
-9.61575875486	3.96763001291e-22
-9.60116731517	5.01686671076e-22
-9.58657587549	6.34039716255e-22
-9.5719844358	8.00915301627e-22
-9.55739299611	1.01115628072e-21
-9.54280155642	1.2759096668e-21
-9.52821011673	1.60914306006e-21
-9.51361867704	2.02837552846e-21
-9.49902723735	2.55552509459e-21
-9.48443579767	3.21802315078e-21
-9.46984435798	4.05019770429e-21
-9.45525291829	5.09501395994e-21
-9.4406614786	6.40599120368e-21
-9.42607003891	8.05013114543e-21
-9.41147859922	1.01110512446e-20
-9.39688715953	1.26930710721e-20
-9.38229571984	1.59262444099e-20
-9.36770428016	1.99727548191e-20
-9.35311284047	2.50345771698e-20
-9.33852140078	3.13632321609e-20
-9.32392996109	3.92713327153e-20
-9.3093385214	4.91479496392e-20
-9.29474708171	6.14767068332e-20
-9.28015564202	7.68585833439e-20
-9.26556420233	9.60394938386e-20
-9.25097276265	1.19945352074e-19
-9.23638132296	1.49724554644e-19
-9.22178988327	1.86800781749e-19
-9.20719844358	2.32937055428e-19
-9.19260700389	2.90317581411e-19
-9.1780155642	3.61645397741e-19
-9.16342412451	4.50264319218e-19
-9.14883268482	5.60307987845e-19
-9.13424124514	6.96884535235e-19
-9.11964980545	8.66301944104e-19
-9.10505836576	1.0763469994e-18
-9.09046692607	1.33662329168e-18
-9.07587548638	1.65897354539e-18
-9.06128404669	2.05799115056e-18
-9.046692607	2.55164999032e-18
-9.03210116731	3.16207381441e-18
-9.01750972763	3.91648252791e-18
-9.00291828794	4.84834389266e-18
-8.98832684825	5.99878923196e-18
-8.97373540856	7.41833148527e-18
-8.95914396887	9.16898528935e-18
-8.94455252918	1.13268338674e-17
-8.92996108949	1.39851742705e-17
-8.91536964981	1.72583445785e-17
-8.90077821012	2.12863964812e-17
-8.88618677043	2.62407773617e-17
-8.87159533074	3.23312598774e-17
-8.85700389105	3.9814347924e-17
-8.84241245136	4.90035460605e-17
-8.82782101167	6.0281788984e-17
-8.81322957198	7.41165669022e-17
-8.7986381323	9.10782739091e-17
-8.78404669261	1.11862484072e-16
-8.76945525292	1.37316923939e-16
-8.75486381323	1.68474211123e-16
-8.74027237354	2.06591420749e-16
-8.72568093385	2.53198102179e-16
-8.71108949416	3.10154231699e-16
-8.69649805447	3.79720355485e-16
-8.68190661479	4.64642283908e-16
-8.6673151751	5.6825343015e-16
-8.65272373541	6.94598219446e-16
-8.63813229572	8.48581023502e-16
-8.62354085603	1.03614556684e-15
-8.60894941634	1.26449126831e-15
-8.59435797665	1.54233343396e-15
-8.57976653696	1.88021655335e-15
-8.56517509728	2.29089089225e-15
-8.55058365759	2.78976518038e-15
-8.5359922179	3.39545024611e-15
-8.52140077821	4.13041174041e-15
-8.50680933852	5.02175275906e-15
-8.49221789883	6.1021528973e-15
-8.47762645914	7.41099267842e-15
-8.46303501945	8.9957005287e-15
-8.44844357977	1.09133645101e-14
-8.43385214008	1.32326602039e-14
-8.41926070039	1.60361548509e-14
-8.4046692607	1.94230604135e-14
-8.39007782101	2.35125193858e-14
-8.37548638132	2.84475265492e-14
-8.36089494163	3.43996040339e-14
-8.34630350195	4.15743733323e-14
-8.33171206226	5.02181904484e-14
-8.31712062257	6.06260440897e-14
-8.30252918288	7.31509490661e-14
-8.28793774319	8.82151142076e-14
-8.2733463035	1.06323207835e-13
-8.25875486381	1.28078110479e-13
-8.24416342412	1.54199602477e-13
-8.22957198444	1.85546526276e-13
-8.21498054475	2.23143047822e-13
-8.20038910506	2.68209759721e-13
-8.18579766537	3.22200492116e-13
-8.17120622568	3.86845855486e-13
-8.15661478599	4.64204707135e-13
-8.1420233463	5.56724957148e-13
-8.12743190661	6.67315346497e-13
-8.11284046693	7.99430137846e-13
-8.09824902724	9.57168969954e-13
-8.08365758755	1.14539452011e-12
-8.06906614786	1.36987105456e-12
-8.05447470817	1.63742748418e-12
-8.03988326848	1.956149115e-12
-8.02529182879	2.33560302754e-12
-8.0107003891	2.78710277622e-12
-7.99610894942	3.32401909742e-12
-7.98151750973	3.9621443622e-12
-7.96692607004	4.72011981195e-12
-7.95233463035	5.61993604374e-12
-7.93774319066	6.68751894196e-12
-7.92315175097	7.95341516612e-12
-7.90856031128	9.453593622e-12
-7.89396887159	1.12303818567e-11
-7.87937743191	1.33335594335e-11
-7.86478599222	1.58216336958e-11
-7.85019455253	1.87633273959e-11
-7.83560311284	2.22393121659e-11
-7.82101167315	2.63442271421e-11
-7.80642023346	3.11890280147e-11
-7.79182879377	3.6903718826e-11
-7.77723735409	4.36405266003e-11
-7.7626459144	5.15775881677e-11
-7.74805447471	6.09232288552e-11
-7.73346303502	7.19209246962e-11
-7.71887159533	8.48550532619e-11
-7.70428015564	1.00057554042e-10
-7.68968871595	1.17915636644e-10
-7.67509727626	1.38880695703e-10
-7.66050583658	1.63478613952e-10
-7.64591439689	1.92321661427e-10
-7.6313229572	2.26122228288e-10
-7.61673151751	2.65708662716e-10
-7.60214007782	3.12043523495e-10
-7.58754863813	3.66244600541e-10
-7.57295719844	4.29609105645e-10
-7.55836575875	5.0364149187e-10
-7.54377431907	5.90085422371e-10
-7.52918287938	6.90960481291e-10
-7.51459143969	8.08604299375e-10
-7.5	9.45720857176e-10
-7.48540856031	1.10543583136e-09
-7.47081712062	1.29135996807e-09
-7.45622568093	1.50766158376e-09
-7.44163424124	1.75914945674e-09
-7.42704280156	2.0513675233e-09
-7.41245136187	2.39070297836e-09
-7.39785992218	2.78450958499e-09
-7.38326848249	3.24124822612e-09
-7.3686770428	3.77064698661e-09
-7.35408560311	4.38388334035e-09
-7.33949416342	5.09379133391e-09
-7.32490272373	5.91509701516e-09
-7.31031128405	6.86468574704e-09
-7.29571984436	7.96190548828e-09
-7.28112840467	9.22891060823e-09
-7.26653696498	1.0691051345e-08
-7.25194552529	1.23773146135e-08
-7.2373540856	1.43208225338e-08
-7.22276264591	1.65593957822e-08
-7.20817120623	1.91361896784e-08
-7.19357976654	2.21004118085e-08
-7.17898832685	2.55081309731e-08
-7.16439688716	2.94231883242e-08
-7.14980544747	3.39182227449e-08
-7.13521400778	3.90758238258e-08
-7.12062256809	4.498982722e-08
-7.1060311284	5.17667687166e-08
-7.09143968872	5.95275150826e-08
-7.07684824903	6.84090915758e-08
-7.06225680934	7.85667280634e-08
-7.04766536965	9.01761478821e-08
-7.03307392996	1.0343612597e-07
-7.01848249027	1.18571345394e-07
-7.00389105058	1.35835584208e-07
-6.98929961089	1.55515267605e-07
-6.97470817121	1.77933423622e-07
-6.96011673152	2.03454084147e-07
-6.94552529183	2.32487176806e-07
-6.93093385214	2.65493957345e-07
-6.91634241245	3.02993036487e-07
-6.90175097276	3.45567059893e-07
-6.88715953307	3.93870104814e-07
-6.87256809338	4.48635862271e-07
-6.8579766537	5.1068667924e-07
-6.84338521401	5.80943541172e-07
-6.82879377432	6.60437081493e-07
-6.81420233463	7.50319711239e-07
-6.79961089494	8.51878968937e-07
-6.78501945525	9.66552198009e-07
-6.77042801556	1.09594266654e-06
-6.75583657588	1.24183725203e-06
-6.74124513619	1.40622582186e-06
-6.7266536965	1.59132244844e-06
-6.71206225681	1.79958860677e-06
-6.69747081712	2.03375851044e-06
-6.68287937743	2.29686675131e-06
-6.66828793774	2.59227841684e-06
-6.65369649805	2.92372186771e-06
-6.63910505837	3.29532436755e-06
-6.62451361868	3.71165076485e-06
-6.60992217899	4.1777454357e-06
-6.5953307393	4.69917770373e-06
-6.58073929961	5.28209096147e-06
-6.56614785992	5.93325572362e-06
-6.55155642023	6.66012684917e-06
-6.53696498054	7.47090517401e-06
-6.52237354086	8.37460379981e-06
-6.50778210117	9.38111928724e-06
-6.49319066148	1.05013080026e-05
-6.47859922179	1.17470678662e-05
-6.4640077821	1.31314257476e-05
-6.44941634241	1.4668630748e-05
-6.43482490272	1.6374253602e-05
-6.42023346303	1.82652924207e-05
-6.40564202335	2.03602849825e-05
-6.39105058366	2.26794277648e-05
-6.37645914397	2.52447018825e-05
-6.36186770428	2.8080006081e-05
-6.34727626459	3.12112968947e-05
-6.3326848249	3.46667360549e-05
-6.31809338521	3.84768451841e-05
-6.30350194552	4.26746677757e-05
-6.28891050584	4.72959384032e-05
-6.27431906615	5.23792590487e-05
-6.25972762646	5.79662823784e-05
-6.24513618677	6.41019017226e-05
-6.23054474708	7.08344474455e-05
-6.21595330739	7.82158893062e-05
-6.2013618677	8.63020443255e-05
-6.18677042802	9.515278958e-05
-6.17217898833	0.000104832279242
-6.15758754864	0.000115409165083
-6.14299610895	0.000126956819532
-6.12840466926	0.00013955356029
-6.11381322957	0.00015328287535
-6.09922178988	0.000168233647162
-6.08463035019	0.000184500374562
-6.07003891051	0.000202183390926
-6.05544747082	0.000221389076922
-6.04085603113	0.000242230066047
-6.02626459144	0.00026482544107
-6.01167315175	0.00028930091932
-5.99708171206	0.000315789024679
-5.98249027237	0.000344429244016
-5.96789883268	0.000375368165683
-5.953307393	0.00040875959763
-5.93871595331	0.000444764662603
-5.92412451362	0.00048355186783
-5.90953307393	0.000525297146571
-5.89494163424	0.00057018386888
-5.88035019455	0.000618402818945
-5.86575875486	0.000670152136382
-5.85116731517	0.000725637218956
-5.83657587549	0.000785070584252
-5.8219844358	0.000848671687988
-5.80739299611	0.000916666696785
-5.79280155642	0.000989288213427
-5.77821011673	0.00106677495287
-5.76361867704	0.00114937136754
-5.74902723735	0.00123732722071
-5.73443579766	0.00133089710727
-5.71984435798	0.00143033992122
-5.70525291829	0.00153591827015
-5.6906614786	0.00164789783688
-5.67607003891	0.00176654668934
-5.66147859922	0.00189213453998
-5.64688715953	0.00202493195668
-5.63229571984	0.00216520952756
-5.61770428016	0.00231323698283
-5.60311284047	0.00246928227703
-5.58852140078	0.00263361063587
-5.57392996109	0.00280648357228
-5.5593385214	0.00298815787676
-5.54474708171	0.00317888458768
-5.53015564202	0.00337890794753
-5.51556420233	0.00358846435173
-5.50097276265	0.0038077812966
-5.48638132296	0.00403707633384
-5.47178988327	0.00427655603869
-5.45719844358	0.00452641499941
-5.44260700389	0.00478683483553
-5.4280155642	0.00505798325264
-5.41342412451	0.00534001314102
-5.39883268482	0.0056330617257
-5.38424124514	0.00593724977474
-5.36964980545	0.00625268087277
-5.35505836576	0.00657944076589
-5.34046692607	0.00691759678387
-5.32587548638	0.00726719734483
-5.31128404669	0.00762827154697
-5.296692607	0.00800082885134
-5.28210116731	0.00838485885855
-5.26750972763	0.00878033118197
-5.25291828794	0.00918719541874
-5.23832684825	0.00960538121918
-5.22373540856	0.0100347984545
-5.20914396887	0.0104753374815
-5.19455252918	0.0109268695025
-5.17996108949	0.0113892470173
-5.1653696498	0.011862304364
-5.15077821012	0.0123458583448
-5.13618677043	0.0128397089294
-5.12159533074	0.0133436400346
-5.10700389105	0.0138574203688
-5.09241245136	0.0143808043393
-5.07782101167	0.0149135330124
-5.06322957198	0.0154553351196
-5.0486381323	0.0160059281035
-5.03404669261	0.016565019194
-5.01945525292	0.0171323065075
-5.00486381323	0.0177074801625
-4.99027237354	0.0182902234021
-4.97568093385	0.0188802137175
-4.96108949416	0.0194771239644
-4.94649805447	0.0200806234661
-4.93190661479	0.0206903790958
-4.9173151751	0.0213060563338
-4.90272373541	0.021927320292
-4.88813229572	0.0225538367022
-4.87354085603	0.023185272863
-4.85894941634	0.0238212985415
-4.84435797665	0.0244615868256
-4.82976653696	0.0251058149262
-4.81517509728	0.0257536649237
-4.80058365759	0.0264048244606
-4.7859922179	0.0270589873762
-4.77140077821	0.0277158542837
-4.75680933852	0.0283751330904
-4.74221789883	0.0290365394588
-4.72762645914	0.0296997972127
-4.71303501945	0.0303646386853
-4.69844357977	0.0310308050138
-4.68385214008	0.0316980463814
-4.66926070039	0.0323661222069
-4.6546692607	0.0330348012873
-4.64007782101	0.0337038618921
-4.62548638132	0.0343730918152
-4.61089494163	0.0350422883845
-4.59630350194	0.0357112584338
-4.58171206226	0.0363798182379
-4.56712062257	0.0370477934162
-4.55252918288	0.0377150188051
-4.53793774319	0.0383813383036
-4.5233463035	0.0390466046951
-4.50875486381	0.0397106794461
-4.49416342412	0.0403734324873
-4.47957198444	0.0410347419774
-4.46498054475	0.041694494053
-4.45038910506	0.0423525825669
-4.43579766537	0.0430089088167
-4.42120622568	0.0436633812663
-4.40661478599	0.0443159152615
-4.3920233463	0.0449664327424
-4.37743190661	0.0456148619537
-4.36284046693	0.0462611371543
-4.34824902724	0.0469051983282
-4.33365758755	0.0475469908974
-4.31906614786	0.048186465439
-4.30447470817	0.0488235774053
-4.28988326848	0.0494582868507
-4.27529182879	0.0500905581637
-4.2607003891	0.0507203598068
-4.24610894942	0.0513476640623
-4.23151750973	0.0519724467877
-4.21692607004	0.0525946871781
-4.20233463035	0.0532143675376
-4.18774319066	0.0538314730603
-4.17315175097	0.0544459916187
-4.15856031128	0.0550579135629
-4.14396887159	0.0556672315281
-4.12937743191	0.0562739402509
-4.11478599222	0.0568780363958
-4.10019455253	0.0574795183897
-4.08560311284	0.0580783862656
-4.07101167315	0.0586746415151
-4.05642023346	0.0592682869495
-4.04182879377	0.0598593265685
-4.02723735408	0.0604477654378
-4.0126459144	0.061033609574
-3.99805447471	0.061616865837
-3.98346303502	0.0621975418298
-3.96887159533	0.0627756458051
-3.95428015564	0.0633511865786
-3.93968871595	0.0639241734489
-3.92509727626	0.0644946161229
-3.91050583658	0.0650625246473
-3.89591439689	0.065627909346
-3.8813229572	0.0661907807617
-3.86673151751	0.0667511496033
-3.85214007782	0.0673090266972
-3.83754863813	0.067864422944
-3.82295719844	0.0684173492778
-3.80836575875	0.0689678166308
-3.79377431907	0.0695158359004
-3.77918287938	0.0700614179205
-3.76459143969	0.0706045734351
-3.75	0.0711453130758
-3.73540856031	0.0716836473408
-3.72081712062	0.0722195865776
-3.70622568093	0.0727531409673
-3.69163424124	0.0732843205111
-3.67704280156	0.073813135019
-3.66245136187	0.0743395941003
-3.64785992218	0.0748637071554
-3.63326848249	0.0753854833696
-3.6186770428	0.075904931708
-3.60408560311	0.0764220609118
-3.58949416342	0.0769368794954
-3.57490272373	0.0774493957452
-3.56031128405	0.0779596177184
-3.54571984436	0.0784675532437
-3.53112840467	0.0789732099218
-3.51653696498	0.0794765951273
-3.50194552529	0.0799777160105
-3.4873540856	0.0804765795003
-3.47276264591	0.0809731923071
-3.45817120623	0.0814675609267
-3.44357976654	0.0819596916437
-3.42898832685	0.0824495905357
-3.41439688716	0.0829372634783
-3.39980544747	0.0834227161485
-3.38521400778	0.0839059540305
-3.37062256809	0.08438698242
-3.3560311284	0.0848658064294
-3.34143968872	0.0853424309925
-3.32684824903	0.0858168608697
-3.31225680934	0.0862891006535
-3.29766536965	0.0867591547726
-3.28307392996	0.087227027498
-3.26848249027	0.0876927229473
-3.25389105058	0.0881562450898
-3.23929961089	0.0886175977517
-3.22470817121	0.0890767846206
-3.21011673152	0.0895338092501
-3.19552529183	0.0899886750651
-3.18093385214	0.0904413853655
-3.16634241245	0.0908919433313
-3.15175097276	0.0913403520266
-3.13715953307	0.091786614404
-3.12256809338	0.0922307333086
-3.1079766537	0.092672711482
-3.09338521401	0.0931125515663
-3.07879377432	0.0935502561076
-3.06420233463	0.0939858275601
-3.04961089494	0.094419268289
-3.03501945525	0.0948505805746
-3.02042801556	0.095279766615
-3.00583657587	0.0957068285297
-2.99124513619	0.0961317683624
-2.9766536965	0.0965545880842
-2.96206225681	0.0969752895962
-2.94747081712	0.0973938747324
-2.93287937743	0.0978103452625
-2.91828793774	0.0982247028939
-2.90369649805	0.0986369492747
-2.88910505837	0.0990470859961
-2.87451361868	0.0994551145939
-2.85992217899	0.0998610365516
-2.8453307393	0.100264853302
-2.83073929961	0.100666566229
-2.81614785992	0.10106617667
-2.80155642023	0.101463685918
-2.78696498054	0.101859095221
-2.77237354086	0.102252405788
-2.75778210117	0.102643618788
-2.74319066148	0.103032735349
-2.72859922179	0.103419756566
-2.7140077821	0.103804683495
-2.69941634241	0.104187517161
-2.68482490272	0.104568258554
-2.67023346303	0.104946908636
-2.65564202335	0.105323468334
-2.64105058366	0.10569793855
-2.62645914397	0.106070320156
-2.61186770428	0.106440613998
-2.59727626459	0.106808820895
-2.5826848249	0.107174941643
-2.56809338521	0.107538977012
-2.55350194552	0.107900927749
-2.53891050584	0.108260794581
-2.52431906615	0.108618578211
-2.50972762646	0.108974279323
-2.49513618677	0.109327898579
-2.48054474708	0.109679436625
-2.46595330739	0.110028894086
-2.4513618677	0.110376271569
-2.43677042801	0.110721569665
-2.42217898833	0.111064788949
-2.40758754864	0.111405929978
-2.39299610895	0.111744993294
-2.37840466926	0.112081979425
-2.36381322957	0.112416888884
-2.34922178988	0.11274972217
-2.33463035019	0.113080479769
-2.32003891051	0.113409162152
-2.30544747082	0.113735769781
-2.29085603113	0.114060303102
-2.27626459144	0.114382762552
-2.26167315175	0.114703148555
-2.24708171206	0.115021461524
-2.23249027237	0.115337701863
-2.21789883268	0.115651869964
-2.203307393	0.115963966209
-2.18871595331	0.116273990971
-2.17412451362	0.116581944613
-2.15953307393	0.11688782749
-2.14494163424	0.117191639947
-2.13035019455	0.11749338232
-2.11575875486	0.117793054939
-2.10116731517	0.118090658124
-2.08657587549	0.118386192188
-2.0719844358	0.118679657435
-2.05739299611	0.118971054164
-2.04280155642	0.119260382665
-2.02821011673	0.119547643221
-2.01361867704	0.11983283611
-1.99902723735	0.120115961603
-1.98443579766	0.120397019962
-1.96984435798	0.120676011447
-1.95525291829	0.120952936309
-1.9406614786	0.121227794794
-1.92607003891	0.121500587142
-1.91147859922	0.121771313589
-1.89688715953	0.122039974364
-1.88229571984	0.122306569691
-1.86770428015	0.122571099789
-1.85311284047	0.122833564873
-1.83852140078	0.123093965153
-1.82392996109	0.123352300833
-1.8093385214	0.123608572113
-1.79474708171	0.123862779189
-1.78015564202	0.124114922252
-1.76556420233	0.124365001491
-1.75097276265	0.124613017087
-1.73638132296	0.124858969221
-1.72178988327	0.125102858067
-1.70719844358	0.125344683797
-1.69260700389	0.125584446579
-1.6780155642	0.125822146576
-1.66342412451	0.126057783949
-1.64883268482	0.126291358856
-1.63424124514	0.126522871451
-1.61964980545	0.126752321882
-1.60505836576	0.126979710299
-1.59046692607	0.127205036846
-1.57587548638	0.127428301662
-1.56128404669	0.127649504887
-1.546692607	0.127868646656
-1.53210116731	0.128085727101
-1.51750972763	0.128300746351
-1.50291828794	0.128513704535
-1.48832684825	0.128724601775
-1.47373540856	0.128933438194
-1.45914396887	0.12914021391
-1.44455252918	0.129344929041
-1.42996108949	0.129547583701
-1.4153696498	0.129748178001
-1.40077821012	0.129946712051
-1.38618677043	0.130143185959
-1.37159533074	0.130337599828
-1.35700389105	0.130529953763
-1.34241245136	0.130720247864
-1.32782101167	0.13090848223
-1.31322957198	0.131094656957
-1.29863813229	0.13127877214
-1.28404669261	0.131460827871
-1.26945525292	0.131640824242
-1.25486381323	0.131818761342
-1.24027237354	0.131994639256
-1.22568093385	0.132168458072
-1.21108949416	0.132340217871
-1.19649805447	0.132509918736
-1.18190661479	0.132677560747
-1.1673151751	0.132843143983
-1.15272373541	0.13300666852
-1.13813229572	0.133168134433
-1.12354085603	0.133327541795
-1.10894941634	0.13348489068
-1.09435797665	0.133640181158
-1.07976653696	0.133793413296
-1.06517509728	0.133944587164
-1.05058365759	0.134093702827
-1.0359922179	0.134240760351
-1.02140077821	0.134385759798
-1.00680933852	0.13452870123
-0.992217898832	0.134669584708
-0.977626459143	0.134808410292
-0.963035019454	0.13494517804
-0.948443579766	0.135079888008
-0.933852140077	0.135212540252
-0.919260700388	0.135343134827
-0.9046692607	0.135471671785
-0.890077821011	0.135598151179
-0.875486381322	0.135722573059
-0.860894941633	0.135844937475
-0.846303501945	0.135965244476
-0.831712062256	0.136083494108
-0.817120622567	0.13619968642
-0.802529182879	0.136313821454
-0.78793774319	0.136425899257
-0.773346303501	0.13653591987
-0.758754863812	0.136643883336
-0.744163424124	0.136749789696
-0.729571984435	0.136853638991
-0.714980544746	0.136955431259
-0.700389105058	0.137055166538
-0.685797665369	0.137152844866
-0.67120622568	0.137248466278
-0.656614785991	0.137342030811
-0.642023346303	0.137433538498
-0.627431906614	0.137522989373
-0.612840466925	0.137610383469
-0.598249027237	0.137695720816
-0.583657587548	0.137779001447
-0.569066147859	0.13786022539
-0.55447470817	0.137939392675
-0.539883268482	0.138016503329
-0.525291828793	0.138091557382
-0.510700389104	0.138164554858
-0.496108949416	0.138235495783
-0.481517509727	0.138304380183
-0.466926070038	0.138371208082
-0.452334630349	0.138435979502
-0.437743190661	0.138498694467
-0.423151750972	0.138559352997
-0.408560311283	0.138617955115
-0.393968871594	0.138674500839
-0.379377431906	0.13872899019
-0.364785992217	0.138781423186
-0.350194552528	0.138831799845
-0.33560311284	0.138880120184
-0.321011673151	0.138926384219
-0.306420233462	0.138970591967
-0.291828793773	0.139012743442
-0.277237354085	0.139052838658
-0.262645914396	0.139090877628
-0.248054474707	0.139126860367
-0.233463035019	0.139160786884
-0.21887159533	0.139192657193
-0.204280155641	0.139222471303
-0.189688715952	0.139250229225
-0.175097276264	0.139275930967
-0.160505836575	0.139299576539
-0.145914396886	0.139321165948
-0.131322957198	0.139340699201
-0.116731517509	0.139358176305
-0.10214007782	0.139373597266
-0.0875486381314	0.139386962088
-0.0729571984427	0.139398270776
-0.058365758754	0.139407523334
-0.0437743190653	0.139414719765
-0.0291828793766	0.139419860071
-0.0145914396879	0.139422944254
8.5975671027e-13	0.139423972315
0.0145914396896	0.139422944254
0.0291828793783	0.139419860071
0.043774319067	0.139414719765
0.0583657587557	0.139407523334
0.0729571984444	0.139398270776
0.0875486381332	0.139386962088
0.102140077822	0.139373597266
0.116731517511	0.139358176305
0.131322957199	0.139340699201
0.145914396888	0.139321165948
0.160505836577	0.139299576539
0.175097276265	0.139275930967
0.189688715954	0.139250229225
0.204280155643	0.139222471303
0.218871595332	0.139192657193
0.23346303502	0.139160786884
0.248054474709	0.139126860367
0.262645914398	0.139090877628
0.277237354086	0.139052838658
0.291828793775	0.139012743442
0.306420233464	0.138970591967
0.321011673153	0.138926384219
0.335603112841	0.138880120184
0.35019455253	0.138831799845
0.364785992219	0.138781423186
0.379377431907	0.13872899019
0.393968871596	0.138674500839
0.408560311285	0.138617955115
0.423151750974	0.138559352997
0.437743190662	0.138498694467
0.452334630351	0.138435979502
0.46692607004	0.138371208082
0.481517509729	0.138304380183
0.496108949417	0.138235495783
0.510700389106	0.138164554858
0.525291828795	0.138091557382
0.539883268483	0.138016503329
0.554474708172	0.137939392675
0.569066147861	0.13786022539
0.58365758755	0.137779001447
0.598249027238	0.137695720816
0.612840466927	0.137610383469
0.627431906616	0.137522989373
0.642023346304	0.137433538498
0.656614785993	0.137342030811
0.671206225682	0.137248466278
0.685797665371	0.137152844866
0.700389105059	0.137055166538
0.714980544748	0.136955431259
0.729571984437	0.136853638991
0.744163424125	0.136749789696
0.758754863814	0.136643883336
0.773346303503	0.13653591987
0.787937743192	0.136425899257
0.80252918288	0.136313821454
0.817120622569	0.13619968642
0.831712062258	0.136083494108
0.846303501946	0.135965244476
0.860894941635	0.135844937475
0.875486381324	0.135722573059
0.890077821013	0.135598151179
0.904669260701	0.135471671785
0.91926070039	0.135343134827
0.933852140079	0.135212540252
0.948443579767	0.135079888008
0.963035019456	0.13494517804
0.977626459145	0.134808410292
0.992217898834	0.134669584708
1.00680933852	0.13452870123
1.02140077821	0.134385759798
1.0359922179	0.134240760351
1.05058365759	0.134093702827
1.06517509728	0.133944587164
1.07976653697	0.133793413296
1.09435797665	0.133640181157
1.10894941634	0.13348489068
1.12354085603	0.133327541795
1.13813229572	0.133168134433
1.15272373541	0.13300666852
1.1673151751	0.132843143983
1.18190661479	0.132677560747
1.19649805448	0.132509918736
1.21108949416	0.132340217871
1.22568093385	0.132168458072
1.24027237354	0.131994639256
1.25486381323	0.131818761342
1.26945525292	0.131640824242
1.28404669261	0.131460827871
1.2986381323	0.13127877214
1.31322957199	0.131094656957
1.32782101167	0.13090848223
1.34241245136	0.130720247864
1.35700389105	0.130529953763
1.37159533074	0.130337599828
1.38618677043	0.130143185959
1.40077821012	0.129946712051
1.41536964981	0.129748178001
1.4299610895	0.129547583701
1.44455252918	0.129344929041
1.45914396887	0.12914021391
1.47373540856	0.128933438194
1.48832684825	0.128724601775
1.50291828794	0.128513704535
1.51750972763	0.128300746351
1.53210116732	0.128085727101
1.546692607	0.127868646656
1.56128404669	0.127649504887
1.57587548638	0.127428301662
1.59046692607	0.127205036846
1.60505836576	0.126979710299
1.61964980545	0.126752321882
1.63424124514	0.126522871451
1.64883268483	0.126291358856
1.66342412451	0.126057783949
1.6780155642	0.125822146576
1.69260700389	0.125584446579
1.70719844358	0.125344683797
1.72178988327	0.125102858067
1.73638132296	0.124858969221
1.75097276265	0.124613017087
1.76556420234	0.124365001491
1.78015564202	0.124114922252
1.79474708171	0.123862779189
1.8093385214	0.123608572113
1.82392996109	0.123352300833
1.83852140078	0.123093965153
1.85311284047	0.122833564873
1.86770428016	0.122571099789
1.88229571985	0.122306569691
1.89688715953	0.122039974364
1.91147859922	0.121771313589
1.92607003891	0.121500587142
1.9406614786	0.121227794794
1.95525291829	0.120952936309
1.96984435798	0.120676011447
1.98443579767	0.120397019962
1.99902723736	0.120115961603
2.01361867704	0.11983283611
2.02821011673	0.119547643221
2.04280155642	0.119260382665
2.05739299611	0.118971054164
2.0719844358	0.118679657435
2.08657587549	0.118386192188
2.10116731518	0.118090658124
2.11575875486	0.117793054939
2.13035019455	0.11749338232
2.14494163424	0.117191639947
2.15953307393	0.11688782749
2.17412451362	0.116581944613
2.18871595331	0.116273990971
2.203307393	0.115963966209
2.21789883269	0.115651869964
2.23249027237	0.115337701863
2.24708171206	0.115021461524
2.26167315175	0.114703148555
2.27626459144	0.114382762552
2.29085603113	0.114060303102
2.30544747082	0.113735769781
2.32003891051	0.113409162152
2.3346303502	0.113080479769
2.34922178988	0.11274972217
2.36381322957	0.112416888884
2.37840466926	0.112081979425
2.39299610895	0.111744993294
2.40758754864	0.111405929978
2.42217898833	0.111064788949
2.43677042802	0.110721569665
2.45136186771	0.110376271569
2.46595330739	0.110028894086
2.48054474708	0.109679436625
2.49513618677	0.109327898579
2.50972762646	0.108974279323
2.52431906615	0.108618578211
2.53891050584	0.108260794581
2.55350194553	0.107900927749
2.56809338522	0.107538977012
2.5826848249	0.107174941643
2.59727626459	0.106808820895
2.61186770428	0.106440613998
2.62645914397	0.106070320156
2.64105058366	0.10569793855
2.65564202335	0.105323468334
2.67023346304	0.104946908636
2.68482490272	0.104568258554
2.69941634241	0.104187517161
2.7140077821	0.103804683495
2.72859922179	0.103419756566
2.74319066148	0.103032735349
2.75778210117	0.102643618788
2.77237354086	0.102252405788
2.78696498055	0.101859095221
2.80155642023	0.101463685918
2.81614785992	0.10106617667
2.83073929961	0.100666566229
2.8453307393	0.100264853302
2.85992217899	0.0998610365516
2.87451361868	0.0994551145939
2.88910505837	0.0990470859961
2.90369649806	0.0986369492747
2.91828793774	0.0982247028939
2.93287937743	0.0978103452625
2.94747081712	0.0973938747324
2.96206225681	0.0969752895962
2.9766536965	0.0965545880842
2.99124513619	0.0961317683624
3.00583657588	0.0957068285297
3.02042801557	0.095279766615
3.03501945525	0.0948505805746
3.04961089494	0.094419268289
3.06420233463	0.0939858275601
3.07879377432	0.0935502561076
3.09338521401	0.0931125515663
3.1079766537	0.092672711482
3.12256809339	0.0922307333086
3.13715953307	0.091786614404
3.15175097276	0.0913403520266
3.16634241245	0.0908919433313
3.18093385214	0.0904413853655
3.19552529183	0.0899886750651
3.21011673152	0.0895338092501
3.22470817121	0.0890767846206
3.2392996109	0.0886175977517
3.25389105058	0.0881562450898
3.26848249027	0.0876927229473
3.28307392996	0.087227027498
3.29766536965	0.0867591547726
3.31225680934	0.0862891006535
3.32684824903	0.0858168608698
3.34143968872	0.0853424309925
3.35603112841	0.0848658064294
3.37062256809	0.0843869824201
3.38521400778	0.0839059540305
3.39980544747	0.0834227161485
3.41439688716	0.0829372634783
3.42898832685	0.0824495905358
3.44357976654	0.0819596916437
3.45817120623	0.0814675609267
3.47276264592	0.0809731923071
3.4873540856	0.0804765795003
3.50194552529	0.0799777160106
3.51653696498	0.0794765951274
3.53112840467	0.0789732099218
3.54571984436	0.0784675532437
3.56031128405	0.0779596177184
3.57490272374	0.0774493957452
3.58949416343	0.0769368794955
3.60408560311	0.0764220609118
3.6186770428	0.0759049317081
3.63326848249	0.0753854833696
3.64785992218	0.0748637071554
3.66245136187	0.0743395941003
3.67704280156	0.0738131350191
3.69163424125	0.0732843205111
3.70622568093	0.0727531409673
3.72081712062	0.0722195865776
3.73540856031	0.0716836473408
3.75	0.0711453130758
3.76459143969	0.0706045734351
3.77918287938	0.0700614179205
3.79377431907	0.0695158359004
3.80836575876	0.0689678166308
3.82295719844	0.0684173492778
3.83754863813	0.067864422944
3.85214007782	0.0673090266973
3.86673151751	0.0667511496033
3.8813229572	0.0661907807618
3.89591439689	0.0656279093461
3.91050583658	0.0650625246474
3.92509727627	0.0644946161229
3.93968871595	0.063924173449
3.95428015564	0.0633511865787
3.96887159533	0.0627756458051
3.98346303502	0.0621975418298
3.99805447471	0.0616168658371
4.0126459144	0.0610336095741
4.02723735409	0.0604477654378
4.04182879378	0.0598593265685
4.05642023346	0.0592682869495
4.07101167315	0.0586746415152
4.08560311284	0.0580783862656
4.10019455253	0.0574795183897
4.11478599222	0.0568780363959
4.12937743191	0.056273940251
4.1439688716	0.0556672315281
4.15856031129	0.055057913563
4.17315175097	0.0544459916187
4.18774319066	0.0538314730603
4.20233463035	0.0532143675377
4.21692607004	0.0525946871781
4.23151750973	0.0519724467878
4.24610894942	0.0513476640624
4.26070038911	0.0507203598068
4.27529182879	0.0500905581638
4.28988326848	0.0494582868507
4.30447470817	0.0488235774054
4.31906614786	0.0481864654391
4.33365758755	0.0475469908975
4.34824902724	0.0469051983282
4.36284046693	0.0462611371544
4.37743190662	0.0456148619538
4.3920233463	0.0449664327425
4.40661478599	0.0443159152615
4.42120622568	0.0436633812664
4.43579766537	0.0430089088168
4.45038910506	0.042352582567
4.46498054475	0.0416944940531
4.47957198444	0.0410347419775
4.49416342413	0.0403734324874
4.50875486381	0.0397106794462
4.5233463035	0.0390466046952
4.53793774319	0.0383813383037
4.55252918288	0.0377150188052
4.56712062257	0.0370477934163
4.58171206226	0.036379818238
4.59630350195	0.0357112584339
4.61089494164	0.0350422883846
4.62548638132	0.0343730918153
4.64007782101	0.0337038618922
4.6546692607	0.0330348012874
4.66926070039	0.0323661222071
4.68385214008	0.0316980463815
4.69844357977	0.031030805014
4.71303501946	0.0303646386854
4.72762645915	0.0296997972129
4.74221789883	0.029036539459
4.75680933852	0.0283751330905
4.77140077821	0.0277158542839
4.7859922179	0.0270589873763
4.80058365759	0.0264048244608
4.81517509728	0.0257536649238
4.82976653697	0.0251058149263
4.84435797665	0.0244615868258
4.85894941634	0.0238212985416
4.87354085603	0.0231852728632
4.88813229572	0.0225538367023
4.90272373541	0.0219273202921
4.9173151751	0.0213060563339
4.93190661479	0.020690379096
4.94649805448	0.0200806234662
4.96108949416	0.0194771239646
4.97568093385	0.0188802137176
4.99027237354	0.0182902234022
5.00486381323	0.0177074801626
5.01945525292	0.0171323065076
5.03404669261	0.0165650191941
5.0486381323	0.0160059281037
5.06322957199	0.0154553351197
5.07782101167	0.0149135330125
5.09241245136	0.0143808043395
5.10700389105	0.0138574203689
5.12159533074	0.0133436400347
5.13618677043	0.0128397089296
5.15077821012	0.0123458583449
5.16536964981	0.0118623043642
5.1799610895	0.0113892470174
5.19455252918	0.0109268695026
5.20914396887	0.0104753374817
5.22373540856	0.0100347984546
5.23832684825	0.00960538121932
5.25291828794	0.00918719541887
5.26750972763	0.0087803311821
5.28210116732	0.00838485885868
5.29669260701	0.00800082885147
5.31128404669	0.0076282715471
5.32587548638	0.00726719734495
5.34046692607	0.00691759678399
5.35505836576	0.00657944076601
5.36964980545	0.00625268087288
5.38424124514	0.00593724977485
5.39883268483	0.00563306172581
5.41342412451	0.00534001314113
5.4280155642	0.00505798325274
5.44260700389	0.00478683483563
5.45719844358	0.00452641499951
5.47178988327	0.00427655603879
5.48638132296	0.00403707633393
5.50097276265	0.00380778129669
5.51556420234	0.00358846435182
5.53015564202	0.00337890794762
5.54474708171	0.00317888458776
5.5593385214	0.00298815787684
5.57392996109	0.00280648357236
5.58852140078	0.00263361063594
5.60311284047	0.0024692822771
5.61770428016	0.0023132369829
5.63229571985	0.00216520952762
5.64688715953	0.00202493195674
5.66147859922	0.00189213454004
5.67607003891	0.0017665466894
5.6906614786	0.00164789783693
5.70525291829	0.0015359182702
5.71984435798	0.00143033992127
5.73443579767	0.00133089710732
5.74902723736	0.00123732722076
5.76361867704	0.00114937136758
5.77821011673	0.00106677495291
5.79280155642	0.000989288213466
5.80739299611	0.000916666696823
5.8219844358	0.000848671688024
5.83657587549	0.000785070584286
5.85116731518	0.000725637218988
5.86575875487	0.000670152136413
5.88035019455	0.000618402818974
5.89494163424	0.000570183868908
5.90953307393	0.000525297146597
5.92412451362	0.000483551867855
5.93871595331	0.000444764662626
5.953307393	0.000408759597651
5.96789883269	0.000375368165703
5.98249027237	0.000344429244035
5.99708171206	0.000315789024697
6.01167315175	0.000289300919336
6.02626459144	0.000264825441086
6.04085603113	0.000242230066062
6.05544747082	0.000221389076936
6.07003891051	0.000202183390939
6.0846303502	0.000184500374574
6.09922178988	0.000168233647173
6.11381322957	0.00015328287536
6.12840466926	0.000139553560299
6.14299610895	0.00012695681954
6.15758754864	0.000115409165091
6.17217898833	0.00010483227925
6.18677042802	9.51527895872e-05
6.20136186771	8.63020443322e-05
6.21595330739	7.82158893124e-05
6.23054474708	7.08344474513e-05
6.24513618677	6.4101901728e-05
6.25972762646	5.79662823834e-05
6.27431906615	5.23792590533e-05
6.28891050584	4.72959384075e-05
6.30350194553	4.26746677797e-05
6.31809338522	3.84768451878e-05
6.3326848249	3.46667360584e-05
6.34727626459	3.12112968979e-05
6.36186770428	2.80800060839e-05
6.37645914397	2.52447018852e-05
6.39105058366	2.26794277673e-05
6.40564202335	2.03602849848e-05
6.42023346304	1.82652924228e-05
6.43482490272	1.63742536039e-05
6.44941634241	1.46686307497e-05
6.4640077821	1.31314257492e-05
6.47859922179	1.17470678677e-05
6.49319066148	1.0501308004e-05
6.50778210117	9.38111928849e-06
6.52237354086	8.37460380095e-06
6.53696498055	7.47090517504e-06
6.55155642023	6.66012685012e-06
6.56614785992	5.93325572449e-06
6.58073929961	5.28209096226e-06
6.5953307393	4.69917770445e-06
6.60992217899	4.17774543636e-06
6.62451361868	3.71165076546e-06
6.63910505837	3.2953243681e-06
6.65369649806	2.92372186821e-06
6.66828793774	2.5922784173e-06
6.68287937743	2.29686675173e-06
6.69747081712	2.03375851083e-06
6.71206225681	1.79958860713e-06
6.7266536965	1.59132244877e-06
6.74124513619	1.40622582216e-06
6.75583657588	1.24183725231e-06
6.77042801557	1.09594266679e-06
6.78501945525	9.66552198239e-07
6.79961089494	8.51878969148e-07
6.81420233463	7.50319711432e-07
6.82879377432	6.60437081669e-07
6.84338521401	5.80943541333e-07
6.8579766537	5.10686679386e-07
6.87256809339	4.48635862404e-07
6.88715953308	3.93870104934e-07
6.90175097276	3.45567060002e-07
6.91634241245	3.02993036586e-07
6.93093385214	2.65493957435e-07
6.94552529183	2.32487176887e-07
6.96011673152	2.0345408422e-07
6.97470817121	1.77933423688e-07
6.9892996109	1.55515267665e-07
7.00389105058	1.35835584261e-07
7.01848249027	1.18571345443e-07
7.03307392996	1.03436126013e-07
7.04766536965	9.01761479209e-08
7.06225680934	7.85667280982e-08
7.07684824903	6.84090916071e-08
7.09143968872	5.95275151106e-08
7.10603112841	5.17667687418e-08
7.12062256809	4.49898272424e-08
7.13521400778	3.90758238462e-08
7.14980544747	3.39182227633e-08
7.16439688716	2.94231883408e-08
7.17898832685	2.5508130988e-08
7.19357976654	2.21004118221e-08
7.20817120623	1.91361896907e-08
7.22276264592	1.65593957934e-08
7.2373540856	1.43208225439e-08
7.25194552529	1.23773146229e-08
7.26653696498	1.06910513537e-08
7.28112840467	9.22891061614e-09
7.29571984436	7.96190549538e-09
7.31031128405	6.86468575346e-09
7.32490272374	5.91509702091e-09
7.33949416343	5.09379133904e-09
7.35408560311	4.38388334484e-09
7.3686770428	3.77064699071e-09
7.38326848249	3.24124822981e-09
7.39785992218	2.78450958833e-09
7.41245136187	2.39070298132e-09
7.42704280156	2.05136752597e-09
7.44163424125	1.75914945911e-09
7.45622568094	1.50766158591e-09
7.47081712062	1.29135996999e-09
7.48540856031	1.10543583316e-09
7.5	9.45720858832e-10
7.51459143969	8.08604300871e-10
7.52918287938	6.90960482605e-10
7.54377431907	5.90085423543e-10
7.55836575876	5.036414929e-10
7.57295719844	4.29609106565e-10
7.58754863813	3.66244601345e-10
7.60214007782	3.1204352424e-10
7.61673151751	2.65708663384e-10
7.6313229572	2.26122228888e-10
7.64591439689	1.92321661952e-10
7.66050583658	1.63478614414e-10
7.67509727627	1.38880696097e-10
7.68968871595	1.17915636984e-10
7.70428015564	1.00057554323e-10
7.71887159533	8.48550535165e-11
7.73346303502	7.19209249172e-11
7.74805447471	6.09232290495e-11
7.7626459144	5.15775883306e-11
7.77723735409	4.36405267394e-11
7.79182879378	3.69037189397e-11
7.80642023346	3.11890281093e-11
7.82101167315	2.63442272148e-11
7.83560311284	2.22393122333e-11
7.85019455253	1.87633274556e-11
7.86478599222	1.58216337508e-11
7.87937743191	1.3333559481e-11
7.8939688716	1.12303818994e-11
7.90856031129	9.45359365852e-12
7.92315175097	7.95341519856e-12
7.93774319066	6.68751896884e-12
7.95233463035	5.61993607222e-12
7.96692607004	4.72011983983e-12
7.98151750973	3.96214438984e-12
7.99610894942	3.32401912258e-12
8.01070038911	2.78710280001e-12
8.0252918288	2.33560304865e-12
8.03988326848	1.95614913455e-12
8.05447470817	1.63742750099e-12
8.06906614786	1.36987107196e-12
8.08365758755	1.14539453632e-12
8.09824902724	9.57168985319e-13
8.11284046693	7.99430151407e-13
8.12743190662	6.67315358744e-13
8.1420233463	5.56724967394e-13
8.15661478599	4.64204715754e-13
8.17120622568	3.8684586183e-13
8.18579766537	3.22200497979e-13
8.20038910506	2.68209764801e-13
8.21498054475	2.23143052471e-13
8.22957198444	1.85546530226e-13
8.24416342413	1.54199606036e-13
8.25875486381	1.28078113487e-13
8.2733463035	1.0632321048e-13
8.28793774319	8.82151162551e-14
8.30252918288	7.31509512115e-14
8.31712062257	6.06260460442e-14
8.33171206226	5.02181923569e-14
8.34630350195	4.15743749973e-14
8.36089494164	3.43996055713e-14
8.37548638132	2.84475278463e-14
8.39007782101	2.35125205363e-14
8.4046692607	1.94230612771e-14
8.41926070039	1.60361557548e-14
8.43385214008	1.32326610422e-14
8.44844357977	1.09133653569e-14
8.46303501946	8.995701308e-15
8.47762645915	7.41099343015e-15
8.49221789883	6.10215357254e-15
8.50680933852	5.0217534047e-15
8.52140077821	4.1304123076e-15
8.5359922179	3.39545086598e-15
8.55058365759	2.78976578298e-15
8.56517509728	2.29089148685e-15
8.57976653697	1.88021709498e-15
8.59435797666	1.54233393487e-15
8.60894941634	1.26449169898e-15
8.62354085603	1.03614594255e-15
8.63813229572	8.48581323358e-16
8.65272373541	6.94598512592e-16
8.6673151751	5.68253694477e-16
8.68190661479	4.64642531843e-16
8.69649805448	3.7972057478e-16
8.71108949416	3.1015443569e-16
8.72568093385	2.53198281865e-16
8.74027237354	2.06591584141e-16
8.75486381323	1.68474349846e-16
8.76945525292	1.37317066333e-16
8.78404669261	1.11862618514e-16
8.7986381323	9.10784036941e-17
8.81322957199	7.41166844346e-17
8.82782101167	6.02818990339e-17
8.84241245136	4.90036439655e-17
8.85700389105	3.98144368807e-17
8.87159533074	3.23313348708e-17
8.88618677043	2.62408504645e-17
8.90077821012	2.12864643366e-17
8.91536964981	1.72584096842e-17
8.9299610895	1.39852338539e-17
8.94455252918	1.1326889917e-17
8.95914396887	9.16903632953e-18
8.97373540856	7.41837906619e-18
8.98832684825	5.99883182567e-18
9.00291828794	4.84838621958e-18
9.01750972763	3.91652229177e-18
9.03210116732	3.16211158128e-18
9.04669260701	2.55168443604e-18
9.06128404669	2.05802299498e-18
9.07587548638	1.65900189382e-18
9.09046692607	1.33664893729e-18
9.10505836576	1.07636917519e-18
9.11964980545	8.66322791007e-19
9.13424124514	6.96903293867e-19
9.14883268483	5.60325252493e-19
9.16342412452	4.50279736886e-19
9.1780155642	3.61659401915e-19
9.19260700389	2.90329905581e-19
9.20719844358	2.3294808533e-19
9.22178988327	1.86810329271e-19
9.23638132296	1.49733511282e-19
9.25097276265	1.19953437236e-19
9.26556420234	9.60468949551e-20
9.28015564202	7.6865169449e-20
9.29474708171	6.14826802828e-20
9.3093385214	4.91532537888e-20
9.32392996109	3.92760946986e-20
9.33852140078	3.13673945507e-20
9.35311284047	2.5038509331e-20
9.36770428016	1.99763185102e-20
9.38229571985	1.59295073715e-20
9.39688715953	1.26959655983e-20
9.41147859922	1.01136514967e-20
9.42607003891	8.05241345916e-21
9.4406614786	6.4080128566e-21
9.45525291829	5.09673760661e-21
9.46984435798	4.05177472494e-21
9.48443579767	3.21942304543e-21
9.49902723736	2.55678907146e-21
9.51361867704	2.02948898459e-21
9.52821011673	1.61013588865e-21
9.54280155642	1.27677602846e-21
9.55739299611	1.01192510583e-21
9.5719844358	8.01579331655e-22
9.58657587549	6.34654496193e-22
9.60116731518	5.02235484125e-22
9.61575875487	3.97262446556e-22
9.63035019455	3.14066762943e-22
9.64494163424	2.48172116526e-22
9.65953307393	1.95998697008e-22
9.67412451362	1.54716865405e-22
9.68871595331	1.22055909276e-22
9.703307393	9.62504662712e-23
9.71789883269	7.58622217134e-23
9.73249027237	5.97670071226e-23
9.74708171206	4.7062678917e-23
9.76167315175	3.70412710113e-23
9.77626459144	2.91348691256e-23
9.79085603113	2.29057118289e-23
9.80544747082	1.79954281859e-23
9.82003891051	1.41341720986e-23
9.8346303502	1.10963477619e-23
9.84922178988	8.70971808256e-24
9.86381322957	6.83215386886e-24
9.87840466926	5.35779010564e-24
9.89299610895	4.19873433162e-24
9.90758754864	3.28859531267e-24
9.92217898833	2.57335067219e-24
9.93677042802	2.01357317082e-24
9.95136186771	1.57436159449e-24
9.96595330739	1.2312187043e-24
9.98054474708	9.61909523189e-25
9.99513618677	7.51316835902e-25
10.0097276265	5.86122587246e-25
10.0243190661	4.57208849448e-25
10.0389105058	3.55835106721e-25
10.0535019455	2.77162162322e-25
10.0680933852	2.15863516323e-25
10.0826848249	1.68349570058e-25
10.0972762646	1.31196956237e-25
10.1118677043	1.02249542832e-25
10.126459144	7.95429662172e-26
10.1410505837	6.20128424543e-26
10.1556420233	4.81965564271e-26
10.170233463	3.75700581935e-26
10.1848249027	2.93279666675e-26
10.1994163424	2.2974073837e-26
10.2140077821	1.79800504588e-26
10.2285992218	1.41606908007e-26
10.2431906615	1.115463852e-26
10.2577821012	8.8503873323e-27
10.2723735409	7.05735424632e-27
10.2869649805	5.69490027626e-27
10.3015564202	4.65216255144e-27
10.3161478599	3.87095823348e-27
10.3307392996	3.25521742327e-27
10.3453307393	2.78049675453e-27
10.359922179	2.40876711494e-27
10.3745136187	2.14086280544e-27
10.3891050584	1.95917520167e-27
10.4036964981	1.82927083499e-27
10.4182879377	1.73482002215e-27
10.4328793774	1.66350672546e-27
10.4474708171	1.61170075206e-27
10.4620622568	1.565661303e-27
10.4766536965	1.54200903054e-27
10.4912451362	1.54274137862e-27
10.5058365759	1.59910243162e-27
10.5204280156	1.61636131828e-27
10.5350194553	1.62530633097e-27
10.5496108949	1.61916595541e-27
10.5642023346	1.61677584086e-27
10.5787937743	1.60609504585e-27
10.593385214	1.61124464534e-27
10.6079766537	1.62696800456e-27
10.6225680934	1.68980301521e-27
10.6371595331	1.69130671886e-27
10.6517509728	1.68703006669e-27
10.6663424125	1.66614059971e-27
10.6809338521	1.65022597334e-27
10.6955252918	1.63121555164e-27
10.7101167315	1.63478592293e-27
10.7247081712	1.63572861077e-27
10.7392996109	1.68115695524e-27
10.7538910506	1.67906432447e-27
10.7684824903	1.67793413282e-27
10.78307393	1.66448400606e-27
10.7976653697	1.66776260704e-27
10.8122568093	1.64312915966e-27
10.826848249	1.63048727137e-27
10.8414396887	1.63253499122e-27
10.8560311284	1.68107198793e-27
10.8706225681	1.67678356783e-27
10.8852140078	1.66477744038e-27
10.8998054475	1.63132039593e-27
10.9143968872	1.61486162656e-27
10.9289883268	1.57994170771e-27
10.9435797665	1.55711395055e-27
10.9581712062	1.5335339956e-27
10.9727626459	1.56966170655e-27
10.9873540856	1.55834617943e-27
11.0019455253	1.53770060581e-27
11.016536965	1.51414098724e-27
11.0311284047	1.49541704054e-27
11.0457198444	1.48639159012e-27
11.060311284	1.50943180996e-27
11.0749027237	1.53627646701e-27
11.0894941634	1.6295889424e-27
11.1040856031	1.72652955348e-27
11.1186770428	1.87623119703e-27
11.1332684825	2.07171769515e-27
11.1478599222	2.36989242614e-27
11.1624513619	2.78946332104e-27
11.1770428016	3.3966580888e-27
11.1916342412	4.24313539084e-27
11.2062256809	5.44326925457e-27
11.2208171206	6.99488443626e-27
11.2354085603	9.254605419e-27
11.25	1.13331200319e-26
11.2645914397	9.20008380046e-27
11.2791828794	6.86542619827e-27
11.2937743191	5.2221626048e-27
11.3083657588	3.9539841058e-27
11.3229571984	3.01708132877e-27
11.3375486381	2.30839513297e-27
11.3521400778	1.77455786928e-27
11.3667315175	1.36450396817e-27
11.3813229572	1.05848745913e-27
11.3959143969	8.35125531341e-28
11.4105058366	6.68068141521e-28
11.4250972763	5.447314832e-28
11.439688716	4.50932439754e-28
11.4542801556	3.8409225109e-28
11.4688715953	3.32948291636e-28
11.483463035	2.9537750363e-28
11.4980544747	2.66318477615e-28
11.5126459144	2.49260904812e-28
11.5272373541	2.3069009592e-28
11.5418287938	2.2058968664e-28
11.5564202335	2.13373121101e-28
11.5710116732	2.08968272178e-28
11.5856031128	2.048957653e-28
11.6001945525	2.06325319775e-28
11.6147859922	2.05114296408e-28
11.6293774319	2.11007928966e-28
11.6439688716	2.1355680459e-28
11.6585603113	2.16226703306e-28
11.673151751	2.08068528961e-28
11.6877431907	2.13202486271e-28
11.7023346304	2.1465016688e-28
11.71692607	2.20768186939e-28
11.7315175097	2.24930923303e-28
11.7461089494	2.35849614939e-28
11.7607003891	2.49388858966e-28
11.7752918288	2.68064808002e-28
11.7898832685	2.81647719456e-28
11.8044747082	3.00641881679e-28
11.8190661479	3.20834724643e-28
11.8336575876	3.38999982677e-28
11.8482490272	3.54538936864e-28
11.8628404669	3.78298406166e-28
11.8774319066	3.99874590519e-28
11.8920233463	4.14463876376e-28
11.906614786	4.23635785662e-28
11.9212062257	4.34632987736e-28
11.9357976654	4.39914245457e-28
11.9503891051	4.48130129496e-28
11.9649805447	4.47234096589e-28
11.9795719844	4.48635844783e-28
11.9941634241	4.43257972401e-28
12.0087548638	4.39027422362e-28
12.0233463035	4.27917202026e-28
12.0379377432	4.28437298927e-28
12.0525291829	4.24979179443e-28
12.0671206226	4.17206851639e-28
12.0817120623	4.08658232303e-28
12.0963035019	4.08405079716e-28
12.1108949416	4.07613938878e-28
12.1254863813	4.16800286753e-28
12.140077821	4.28851529696e-28
12.1546692607	4.40512052881e-28
12.1692607004	4.46287092969e-28
12.1838521401	4.46517285264e-28
12.1984435798	4.41469304083e-28
12.2130350195	4.39225622461e-28
12.2276264591	4.38898007238e-28
12.2422178988	4.41322159846e-28
12.2568093385	4.48338135662e-28
12.2714007782	4.60974119094e-28
12.2859922179	4.67760923285e-28
12.3005836576	4.73573031286e-28
12.3151750973	4.71440592731e-28
12.329766537	4.69484104573e-28
12.3443579767	4.69628064558e-28
12.3589494163	4.70313641644e-28
12.373540856	4.79010563692e-28
12.3881322957	4.89883619352e-28
12.4027237354	4.94320494137e-28
12.4173151751	4.90612064008e-28
12.4319066148	4.82874965064e-28
12.4464980545	4.76585549733e-28
12.4610894942	4.76619112201e-28
12.4756809339	4.84451725855e-28
12.4902723735	4.99944876968e-28
12.5048638132	5.12289100019e-28
12.5194552529	5.2145206778e-28
12.5340466926	5.21504025869e-28
12.5486381323	5.15814396961e-28
12.563229572	5.13163197314e-28
12.5778210117	5.13493810648e-28
12.5924124514	5.15508208687e-28
12.6070038911	5.32880688529e-28
12.6215953307	5.38599351742e-28
12.6361867704	5.38671178976e-28
12.6507782101	5.26551420454e-28
12.6653696498	5.16293327558e-28
12.6799610895	5.14642044991e-28
12.6945525292	5.21681754513e-28
12.7091439689	5.37474183761e-28
12.7237354086	5.72215665569e-28
12.7383268483	5.93675211263e-28
12.7529182879	6.00156282404e-28
12.7675097276	5.90745619642e-28
12.7821011673	5.84933068469e-28
12.796692607	5.79142798908e-28
12.8112840467	5.85065321272e-28
12.8258754864	6.02952254779e-28
12.8404669261	6.36736380023e-28
12.8550583658	6.48675936464e-28
12.8696498054	6.56397378385e-28
12.8842412451	6.47738571023e-28
12.8988326848	6.35986015154e-28
12.9134241245	6.32714714719e-28
12.9280155642	6.39243261994e-28
12.9426070039	6.48320334186e-28
12.9571984436	6.71863423636e-28
12.9717898833	6.78136449592e-28
12.986381323	6.81697753642e-28
13.0009727626	6.73749560129e-28
13.0155642023	6.64892442457e-28
13.030155642	6.56169282945e-28
13.0447470817	6.57141507847e-28
13.0593385214	6.6641829025e-28
13.0739299611	7.03161135241e-28
13.0885214008	7.20740720521e-28
13.1031128405	7.24524506232e-28
13.1177042802	7.15258943316e-28
13.1322957198	7.08579236895e-28
13.1468871595	7.00321301833e-28
13.1614785992	7.0841563985e-28
13.1760700389	7.28607115897e-28
13.1906614786	7.68121588579e-28
13.2052529183	7.76756667661e-28
13.219844358	7.88292330724e-28
13.2344357977	7.80387393345e-28
13.2490272374	7.71651892359e-28
13.263618677	7.7001487881e-28
13.2782101167	7.76535057002e-28
13.2928015564	7.8109167171e-28
13.3073929961	8.14676394363e-28
13.3219844358	8.3296873008e-28
13.3365758755	8.4190289132e-28
13.3511673152	8.28120291829e-28
13.3657587549	8.16230049254e-28
13.3803501946	8.00090733487e-28
13.3949416342	7.9558741734e-28
13.4095330739	8.05293361333e-28
13.4241245136	8.40393659933e-28
13.4387159533	8.49677488184e-28
13.453307393	8.56420778292e-28
13.4678988327	8.50458091632e-28
13.4824902724	8.48803767584e-28
13.4970817121	8.34642357277e-28
13.5116731518	8.40928150832e-28
13.5262645914	8.57808900792e-28
13.5408560311	9.00685248636e-28
13.5554474708	9.20485265287e-28
13.5700389105	9.35814531659e-28
13.5846303502	9.30087689987e-28
13.5992217899	9.21539041429e-28
13.6138132296	9.14045768176e-28
13.6284046693	9.21489142296e-28
13.642996109	9.27963932748e-28
13.6575875486	9.75357036534e-28
13.6721789883	9.93038408849e-28
13.686770428	9.98461782414e-28
13.7013618677	9.94171424436e-28
13.7159533074	9.98196357836e-28
13.7305447471	9.93383732836e-28
13.7451361868	9.97866821607e-28
13.7597276265	1.00915956428e-27
13.7743190661	1.0510169819e-27
13.7889105058	1.05830607392e-27
13.8035019455	1.06527837465e-27
13.8180933852	1.04761176461e-27
13.8326848249	1.03550805686e-27
13.8472762646	1.02994540983e-27
13.8618677043	1.04507826261e-27
13.876459144	1.06071315816e-27
13.8910505837	1.10592057819e-27
13.9056420233	1.12204621449e-27
13.920233463	1.1331120633e-27
13.9348249027	1.12079937221e-27
13.9494163424	1.12244664747e-27
13.9640077821	1.12211986627e-27
13.9785992218	1.1354431276e-27
13.9931906615	1.14816920694e-27
14.0077821012	1.20231989609e-27
14.0223735409	1.21372748475e-27
14.0369649805	1.21081776472e-27
14.0515564202	1.1956270336e-27
14.0661478599	1.18997000615e-27
14.0807392996	1.17230985149e-27
14.0953307393	1.17962909443e-27
14.109922179	1.19562956909e-27
14.1245136187	1.24882464302e-27
14.1391050584	1.25457149211e-27
14.1536964981	1.25583414119e-27
14.1682879377	1.23532414216e-27
14.1828793774	1.22235742957e-27
14.1974708171	1.20555811396e-27
14.2120622568	1.20550603679e-27
14.2266536965	1.20582956189e-27
14.2412451362	1.25623702024e-27
14.2558365759	1.27163253739e-27
14.2704280156	1.27598149573e-27
14.2850194553	1.25277241728e-27
14.2996108949	1.24589862642e-27
14.3142023346	1.23014333979e-27
14.3287937743	1.2302249597e-27
14.343385214	1.23649814487e-27
14.3579766537	1.2903181077e-27
14.3725680934	1.29828130338e-27
14.3871595331	1.28819778424e-27
14.4017509728	1.26107449154e-27
14.4163424125	1.24940608025e-27
14.4309338521	1.22412107477e-27
14.4455252918	1.22200048474e-27
14.4601167315	1.22360207663e-27
14.4747081712	1.26073891013e-27
14.4892996109	1.26173796164e-27
14.5038910506	1.26477409864e-27
14.5184824903	1.24621650894e-27
14.53307393	1.23785077246e-27
14.5476653697	1.22868919837e-27
14.5622568093	1.22816003788e-27
14.576848249	1.22354880567e-27
14.5914396887	1.26950526146e-27
14.6060311284	1.27135018419e-27
14.6206225681	1.26700947977e-27
14.6352140078	1.23610049073e-27
14.6498054475	1.21653424627e-27
14.6643968872	1.19362629653e-27
14.6789883268	1.1798020336e-27
14.6935797665	1.16464928618e-27
14.7081712062	1.18544820362e-27
14.7227626459	1.16459752393e-27
14.7373540856	1.14268154356e-27
14.7519455253	1.10241823099e-27
14.766536965	1.07722883959e-27
14.7811284047	1.03200567684e-27
14.7957198444	1.00775659856e-27
14.810311284	9.7834781223e-28
14.8249027237	9.64235402925e-28
14.8394941634	9.12624859062e-28
14.8540856031	8.5710153491e-28
14.8686770428	7.87806141685e-28
14.8832684825	7.40596714404e-28
14.8978599222	7.06780938517e-28
14.9124513619	7.08647023183e-28
14.9270428016	7.52054681709e-28
14.9416342412	9.00263412914e-28
14.9562256809	1.15916301061e-27
14.9708171206	1.59689378927e-27
14.9854085603	2.41550219846e-27
15.0	3.30924043462e-27
