-14.9854085603	1.22376543641e-27
-14.9708171206	7.05582899013e-28
-14.9562256809	4.17315798291e-28
-14.9416342412	2.40843641805e-28
-14.9270428016	1.4400248643e-28
-14.9124513619	8.78334880364e-29
-14.8978599222	5.72557969919e-29
-14.8832684825	4.38508066907e-29
-14.8686770428	4.16523188005e-29
-14.8540856031	4.35462499596e-29
-14.8394941634	4.86274471009e-29
-14.8249027237	4.84877698339e-29
-14.810311284	5.41753922966e-29
-14.7957198444	5.84030058606e-29
-14.7811284047	6.56153365655e-29
-14.766536965	7.04342078183e-29
-14.7519455253	7.6436181561e-29
-14.7373540856	8.14131265354e-29
-14.7227626459	8.41786782209e-29
-14.7081712062	7.77170100556e-29
-14.6935797665	8.05727712059e-29
-14.6789883268	8.38794943986e-29
-14.6643968872	8.97348379764e-29
-14.6498054475	9.3938432574e-29
-14.6352140078	1.01234344888e-28
-14.6206225681	1.04659998488e-28
-14.6060311284	1.06323920592e-28
-14.5914396887	9.85730515111e-29
-14.576848249	9.81826866363e-29
-14.5622568093	9.95707682254e-29
-14.5476653696	1.04527846228e-28
-14.53307393	1.0610108514e-28
-14.5184824903	1.09976340193e-28
-14.5038910506	1.12529020597e-28
-14.4892996109	1.14558191397e-28
-14.4747081712	1.07622588657e-28
-14.4601167315	1.09337646145e-28
-14.4455252918	1.11827894522e-28
-14.4309338521	1.20490723633e-28
-14.4163424125	1.27566015988e-28
-14.4017509728	1.36356738465e-28
-14.3871595331	1.44742643373e-28
-14.3725680934	1.53328094337e-28
-14.3579766537	1.50566498505e-28
-14.343385214	1.56813163827e-28
-14.3287937743	1.64643926199e-28
-14.3142023346	1.73306493433e-28
-14.2996108949	1.82196055568e-28
-14.2850194553	1.91658320948e-28
-14.2704280156	1.97135091374e-28
-14.2558365759	2.00746672861e-28
-14.2412451362	1.99448349779e-28
-14.2266536965	2.06624883119e-28
-14.2120622568	2.15013410542e-28
-14.1974708171	2.25480443609e-28
-14.1828793774	2.33258845589e-28
-14.1682879377	2.41095128107e-28
-14.1536964981	2.471313115e-28
-14.1391050584	2.49547392313e-28
-14.1245136187	2.44862319361e-28
-14.109922179	2.51738908969e-28
-14.0953307393	2.60898247186e-28
-14.0807392996	2.71521125009e-28
-14.0661478599	2.8091741958e-28
-14.0515564202	2.91663777425e-28
-14.0369649805	3.01434909433e-28
-14.0223735409	3.10215377878e-28
-14.0077821012	3.15297781498e-28
-13.9931906615	3.29561878412e-28
-13.9785992218	3.46108925006e-28
-13.9640077821	3.63202315584e-28
-13.9494163424	3.7961792999e-28
-13.9348249027	3.95120897563e-28
-13.920233463	4.08795320835e-28
-13.9056420233	4.22691129594e-28
-13.8910505837	4.30454879507e-28
-13.876459144	4.44123736327e-28
-13.8618677043	4.6694275235e-28
-13.8472762646	4.89842813423e-28
-13.8326848249	5.06019592318e-28
-13.8180933852	5.20064427116e-28
-13.8035019455	5.45578171571e-28
-13.7889105058	5.7111167644e-28
-13.7743190661	6.004231159e-28
-13.7597276265	6.31271849069e-28
-13.7451361868	6.5740238092e-28
-13.7305447471	6.77381979209e-28
-13.7159533074	6.89262163414e-28
-13.7013618677	6.94602617588e-28
-13.686770428	7.01520227631e-28
-13.6721789883	6.93108849637e-28
-13.6575875486	6.7267236605e-28
-13.6429961089	6.6251670886e-28
-13.6284046693	6.55475751696e-28
-13.6138132296	6.43411549664e-28
-13.5992217899	6.34119691219e-28
-13.5846303502	6.27137891079e-28
-13.5700389105	6.23838304044e-28
-13.5554474708	6.20218806504e-28
-13.5408560311	6.22854082416e-28
-13.5262645914	6.31613311509e-28
-13.5116731518	6.4934689904e-28
-13.4970817121	6.62112893168e-28
-13.4824902724	6.73951235487e-28
-13.4678988327	6.86254946363e-28
-13.453307393	7.0366103289e-28
-13.4387159533	7.21877146013e-28
-13.4241245136	7.52770453955e-28
-13.4095330739	7.84738434684e-28
-13.3949416342	8.09057009205e-28
-13.3803501946	8.25674741684e-28
-13.3657587549	8.3387420383e-28
-13.3511673152	8.32520917425e-28
-13.3365758755	8.29732648764e-28
-13.3219844358	8.15031493484e-28
-13.3073929961	7.96544571683e-28
-13.2928015564	7.85027321191e-28
-13.2782101167	7.78201725122e-28
-13.263618677	7.72948998502e-28
-13.2490272374	7.71671946625e-28
-13.2344357977	7.75218928373e-28
-13.219844358	7.81562928944e-28
-13.2052529183	7.90283021416e-28
-13.1906614786	8.1773037906e-28
-13.1760700389	8.40574084403e-28
-13.1614785992	8.65150301014e-28
-13.1468871595	8.80905895571e-28
-13.1322957198	8.89376955054e-28
-13.1177042802	8.99526049425e-28
-13.1031128405	9.11127143557e-28
-13.0885214008	9.17692673401e-28
-13.0739299611	9.30305237786e-28
-13.0593385214	9.45332954215e-28
-13.0447470817	9.60072512774e-28
-13.030155642	9.64523317054e-28
-13.0155642023	9.65298528535e-28
-13.0009727626	9.67129231955e-28
-12.986381323	9.72046196073e-28
-12.9717898833	9.74727667844e-28
-12.9571984436	9.86156000278e-28
-12.9426070039	9.9449769861e-28
-12.9280155642	1.00184718483e-27
-12.9134241245	1.00096944703e-27
-12.8988326848	9.94755567506e-28
-12.8842412451	9.86666650408e-28
-12.8696498054	9.81582125787e-28
-12.8550583658	9.75005196505e-28
-12.8404669261	9.77107778481e-28
-12.8258754864	9.79951183785e-28
-12.8112840467	9.87293698983e-28
-12.796692607	9.87830361631e-28
-12.7821011673	9.84207470923e-28
-12.7675097276	9.79743466081e-28
-12.7529182879	9.81871464601e-28
-12.7383268482	9.79226389245e-28
-12.7237354086	9.83136037717e-28
-12.7091439689	9.81438763299e-28
-12.6945525292	9.84413955146e-28
-12.6799610895	9.86304151158e-28
-12.6653696498	9.84335672041e-28
-12.6507782101	9.85592093783e-28
-12.6361867704	9.91143272119e-28
-12.6215953307	9.99626843756e-28
-12.6070038911	1.01555708436e-27
-12.5924124514	1.02783369232e-27
-12.5778210117	1.0398054574e-27
-12.563229572	1.04455201138e-27
-12.5486381323	1.0472887565e-27
-12.5340466926	1.0590715445e-27
-12.5194552529	1.07763716393e-27
-12.5048638132	1.09879578426e-27
-12.4902723735	1.14191703645e-27
-12.4756809339	1.175080139e-27
-12.4610894942	1.19802222557e-27
-12.4464980545	1.20110248814e-27
-12.4319066148	1.19417754071e-27
-12.4173151751	1.18218035997e-27
-12.4027237354	1.16357624308e-27
-12.3881322957	1.12887816134e-27
-12.373540856	1.09755859899e-27
-12.3589494163	1.0721023782e-27
-12.3443579767	1.04631968828e-27
-12.329766537	1.01606505923e-27
-12.3151750973	9.93033627634e-28
-12.3005836576	9.75485452515e-28
-12.2859922179	9.66620394591e-28
-12.2714007782	9.57661731909e-28
-12.2568093385	9.60981523476e-28
-12.2422178988	9.632729214e-28
-12.2276264591	9.70671693293e-28
-12.2130350195	9.64259816021e-28
-12.1984435798	9.55515869619e-28
-12.1838521401	9.52987755394e-28
-12.1692607004	9.52010399876e-28
-12.1546692607	9.50508874213e-28
-12.140077821	9.61845783135e-28
-12.1254863813	9.64143079515e-28
-12.1108949416	9.62737570267e-28
-12.0963035019	9.49611349749e-28
-12.0817120623	9.35686222505e-28
-12.0671206226	9.28570646817e-28
-12.0525291829	9.32061503463e-28
-12.0379377432	9.27518494603e-28
-12.0233463035	9.34653655505e-28
-12.0087548638	9.37313044919e-28
-11.9941634241	9.42832494932e-28
-11.9795719844	9.44850047677e-28
-11.9649805447	9.53022728677e-28
-11.9503891051	9.66627582503e-28
-11.9357976654	9.91422363038e-28
-11.9212062257	1.03106901741e-27
-11.906614786	1.10226781146e-27
-11.8920233463	1.14724900392e-27
-11.8774319066	1.17880094961e-27
-11.8628404669	1.18316667863e-27
-11.8482490272	1.177195482e-27
-11.8336575875	1.17398225999e-27
-11.8190661479	1.17511342835e-27
-11.8044747082	1.16257943626e-27
-11.7898832685	1.16226212598e-27
-11.7752918288	1.1436121653e-27
-11.7607003891	1.12683804855e-27
-11.7461089494	1.10357003739e-27
-11.7315175097	1.08123162418e-27
-11.71692607	1.0639635435e-27
-11.7023346304	1.05544097782e-27
-11.6877431907	1.03666979568e-27
-11.673151751	1.03351090597e-27
-11.6585603113	1.02855163502e-27
-11.6439688716	1.02356059679e-27
-11.6293774319	1.00782879137e-27
-11.6147859922	9.95024747309e-28
-11.6001945525	9.89816800814e-28
-11.5856031128	1.00608330348e-27
-11.5710116732	1.03025659445e-27
-11.5564202335	1.07520738485e-27
-11.5418287938	1.09635639143e-27
-11.5272373541	1.12117435293e-27
-11.5126459144	1.13288162053e-27
-11.4980544747	1.13652232866e-27
-11.483463035	1.15195526618e-27
-11.4688715953	1.17996103479e-27
-11.4542801556	1.1983779631e-27
-11.439688716	1.23907648276e-27
-11.4250972763	1.28077407156e-27
-11.4105058366	1.33937502568e-27
-11.3959143969	1.41886254261e-27
-11.3813229572	1.53135858508e-27
-11.3667315175	1.69991921465e-27
-11.3521400778	1.935622291e-27
-11.3375486381	2.22964252345e-27
-11.3229571984	2.63155052548e-27
-11.3083657588	3.14876506181e-27
-11.2937743191	3.86776545861e-27
-11.2791828794	4.80598339245e-27
-11.2645914397	6.17420195001e-27
-11.25	7.45160736994e-27
-11.2354085603	6.2590560524e-27
-11.2208171206	4.92333851997e-27
-11.2062256809	4.00997866921e-27
-11.1916342412	3.27231858274e-27
-11.1770428016	2.71826893547e-27
-11.1624513619	2.2706085998e-27
-11.1478599222	1.91587021709e-27
-11.1332684825	1.63131138603e-27
-11.1186770428	1.40508696269e-27
-11.1040856031	1.21491073296e-27
-11.0894941634	1.06074521761e-27
-11.0749027237	9.36675893287e-28
-11.060311284	8.39920086991e-28
-11.0457198444	7.62174827448e-28
-11.0311284047	6.99767233263e-28
-11.016536965	6.51931938842e-28
-11.0019455253	6.16345648603e-28
-10.9873540856	5.81886024279e-28
-10.9727626459	5.49760189311e-28
-10.9581712062	5.24327432264e-28
-10.9435797665	5.1119649741e-28
-10.9289883268	4.99141792355e-28
-10.9143968872	4.89480140396e-28
-10.8998054475	4.8779936674e-28
-10.8852140078	4.92473563804e-28
-10.8706225681	4.92777392551e-28
-10.8560311284	4.97557565655e-28
-10.8414396887	4.99268891517e-28
-10.826848249	5.00954118607e-28
-10.8122568093	5.06198507024e-28
-10.7976653696	5.06521126876e-28
-10.78307393	5.09408900334e-28
-10.7684824903	5.14863937535e-28
-10.7538910506	5.13806699917e-28
-10.7392996109	5.1732177115e-28
-10.7247081712	5.21481655823e-28
-10.7101167315	5.26373182067e-28
-10.6955252918	5.349722815e-28
-10.6809338521	5.43178731463e-28
-10.6663424125	5.53273719047e-28
-10.6517509728	5.6515631161e-28
-10.6371595331	5.76252486705e-28
-10.6225680934	5.88337183912e-28
-10.6079766537	5.91920552129e-28
-10.593385214	5.9502171732e-28
-10.5787937743	5.95064523084e-28
-10.5642023346	5.88182103926e-28
-10.5496108949	5.87360644708e-28
-10.5350194553	5.84734141386e-28
-10.5204280156	5.66268326576e-28
-10.5058365759	5.46800821663e-28
-10.4912451362	5.28249496284e-28
-10.4766536965	5.12811017007e-28
-10.4620622568	5.00659227787e-28
-10.4474708171	4.86092214963e-28
-10.4328793774	4.69224983843e-28
-10.4182879377	4.52227107944e-28
-10.4036964981	4.30105105929e-28
-10.3891050584	4.05873188173e-28
-10.3745136187	3.91687089645e-28
-10.359922179	3.82649887586e-28
-10.3453307393	3.794615137e-28
-10.3307392996	3.7812748426e-28
-10.3161478599	3.80049935209e-28
-10.3015564202	3.8176756718e-28
-10.2869649805	3.80750833677e-28
-10.2723735409	3.82736696995e-28
-10.2577821012	3.80561973233e-28
-10.2431906615	3.79050494545e-28
-10.2285992218	3.82578747069e-28
-10.2140077821	3.81276645364e-28
-10.1994163424	3.81755250896e-28
-10.1848249027	3.79842574046e-28
-10.170233463	3.68223683589e-28
-10.1556420233	3.53814747659e-28
-10.1410505837	3.41267758332e-28
-10.126459144	3.32148051032e-28
-10.1118677043	3.30255181482e-28
-10.0972762646	3.26840406725e-28
-10.0826848249	3.2233872313e-28
-10.0680933852	3.18153165554e-28
-10.0535019455	3.10471867022e-28
-10.0389105058	3.02973277927e-28
-10.0243190661	2.97773334671e-28
-10.0097276265	2.96149997571e-28
-9.99513618677	3.00806657439e-28
-9.98054474708	3.08346674965e-28
-9.96595330739	3.16652023516e-28
-9.9513618677	3.26772893638e-28
-9.93677042802	3.38999616216e-28
-9.92217898833	3.54537093697e-28
-9.90758754864	3.64240748794e-28
-9.89299610895	3.77073905984e-28
-9.87840466926	3.88476194533e-28
-9.86381322957	4.00847776294e-28
-9.84922178988	4.17408548545e-28
-9.83463035019	4.3673561594e-28
-9.82003891051	4.56779516992e-28
-9.80544747082	4.86774627107e-28
-9.79085603113	5.15540746623e-28
-9.77626459144	5.4574058571e-28
-9.76167315175	5.80485910737e-28
-9.74708171206	6.13469808117e-28
-9.73249027237	6.4646684827e-28
-9.71789883268	6.86583112134e-28
-9.703307393	7.28353425573e-28
-9.68871595331	7.85011421802e-28
-9.67412451362	8.27047912064e-28
-9.65953307393	8.64583890821e-28
-9.64494163424	8.9547092364e-28
-9.63035019455	9.24273307711e-28
-9.61575875486	9.54267867143e-28
-9.60116731517	9.86349992374e-28
-9.58657587549	1.01786242575e-27
-9.5719844358	1.0613470706e-27
-9.55739299611	1.0877381621e-27
-9.54280155642	1.10764972641e-27
-9.52821011673	1.12375897425e-27
-9.51361867704	1.13748735771e-27
-9.49902723735	1.15505296884e-27
-9.48443579767	1.17666277931e-27
-9.46984435798	1.19037564418e-27
-9.45525291829	1.22393813307e-27
-9.4406614786	1.23720132629e-27
-9.42607003891	1.24888878636e-27
-9.41147859922	1.2586702081e-27
-9.39688715953	1.2778165764e-27
-9.38229571984	1.2941532333e-27
-9.36770428016	1.32833690833e-27
-9.35311284047	1.37022230176e-27
-9.33852140078	1.43046750792e-27
-9.32392996109	1.46998183257e-27
-9.3093385214	1.49575877261e-27
-9.29474708171	1.5151115113e-27
-9.28015564202	1.5412019778e-27
-9.26556420233	1.56211531493e-27
-9.25097276265	1.58819025818e-27
-9.23638132296	1.61906127966e-27
-9.22178988327	1.66990402995e-27
-9.20719844358	1.70101306711e-27
-9.19260700389	1.72937462373e-27
-9.1780155642	1.75536890233e-27
-9.16342412451	1.79090808281e-27
-9.14883268482	1.83500427961e-27
-9.13424124514	1.89304333483e-27
-9.11964980545	1.96208177705e-27
-9.10505836576	2.07395761575e-27
-9.09046692607	2.16435959653e-27
-9.07587548638	2.24167731519e-27
-9.06128404669	2.30771377966e-27
-9.046692607	2.37208182386e-27
-9.03210116731	2.4389927313e-27
-9.01750972763	2.52167485516e-27
-9.00291828794	2.61097299889e-27
-8.98832684825	2.73455089878e-27
-8.97373540856	2.81522470372e-27
-8.95914396887	2.88018404661e-27
-8.94455252918	2.92843818486e-27
-8.92996108949	2.97327952554e-27
-8.91536964981	3.02143676026e-27
-8.90077821012	3.08180158522e-27
-8.88618677043	3.15796229398e-27
-8.87159533074	3.26953530124e-27
-8.85700389105	3.34349262446e-27
-8.84241245136	3.41334960622e-27
-8.82782101167	3.48491643206e-27
-8.81322957198	3.55861018694e-27
-8.7986381323	3.63891128861e-27
-8.78404669261	3.74956371532e-27
-8.76945525292	3.88395697885e-27
-8.75486381323	4.07480198078e-27
-8.74027237354	4.19589845052e-27
-8.72568093385	4.29687021561e-27
-8.71108949416	4.36492438211e-27
-8.69649805447	4.43793634834e-27
-8.68190661479	4.49314189932e-27
-8.6673151751	4.56382193574e-27
-8.65272373541	4.64179616418e-27
-8.63813229572	4.75861446935e-27
-8.62354085603	4.82169015481e-27
-8.60894941634	4.90412920036e-27
-8.59435797665	4.97690103328e-27
-8.57976653696	5.08888306712e-27
-8.56517509728	5.23694077311e-27
-8.55058365759	5.42133853236e-27
-8.5359922179	5.66129468591e-27
-8.52140077821	6.00949929543e-27
-8.50680933852	6.29998545032e-27
-8.49221789883	6.57164475036e-27
-8.47762645914	6.82027374832e-27
-8.46303501945	7.09411608564e-27
-8.44844357977	7.39907337492e-27
-8.43385214008	7.74607135076e-27
-8.41926070039	8.14039822233e-27
-8.4046692607	8.63147442366e-27
-8.39007782101	9.12260228625e-27
-8.37548638132	9.68613322184e-27
-8.36089494163	1.03054748261e-26
-8.34630350195	1.1079640174e-26
-8.33171206226	1.19861315663e-26
-8.31712062257	1.31369057987e-26
-8.30252918288	1.45060930369e-26
-8.28793774319	1.6221832181e-26
-8.2733463035	1.80878543479e-26
-8.25875486381	2.02406417041e-26
-8.24416342412	2.27376275039e-26
-8.22957198444	2.57225150185e-26
-8.21498054475	2.9263957646e-26
-8.20038910506	3.35880401487e-26
-8.18579766537	3.88249011742e-26
-8.17120622568	4.52691041068e-26
-8.15661478599	5.29284875459e-26
-8.1420233463	6.22985824419e-26
-8.12743190661	7.37065839954e-26
-8.11284046693	8.77677596853e-26
-8.09824902724	1.05106954952e-25
-8.08365758755	1.2674997267e-25
-8.06906614786	1.53598194624e-25
-8.05447470817	1.87114301519e-25
-8.03988326848	2.27884187364e-25
-8.02529182879	2.77956300888e-25
-8.0107003891	3.39452463722e-25
-7.99610894942	4.15739574926e-25
-7.98151750973	5.10225138843e-25
-7.96692607004	6.27772729783e-25
-7.95233463035	7.73670438778e-25
-7.93774319066	9.54910684711e-25
-7.92315175097	1.17790915244e-24
-7.90856031128	1.45376303285e-24
-7.89396887159	1.79483509371e-24
-7.87937743191	2.21775906768e-24
-7.86478599222	2.74189169552e-24
-7.85019455253	3.39269971413e-24
-7.83560311284	4.20024548509e-24
-7.82101167315	5.20276544529e-24
-7.80642023346	6.44368248915e-24
-7.79182879377	7.98191427327e-24
-7.77723735409	9.8888831161e-24
-7.7626459144	1.22533846929e-23
-7.74805447471	1.51836716802e-23
-7.73346303502	1.88187214204e-23
-7.71887159533	2.33240038674e-23
-7.70428015564	2.89094839699e-23
-7.68968871595	3.58171290256e-23
-7.67509727626	4.43601882722e-23
-7.66050583658	5.49253592739e-23
-7.64591439689	6.79925336601e-23
-7.6313229572	8.41487509987e-23
-7.61673151751	1.04118127952e-22
-7.60214007782	1.28790688048e-22
-7.58754863813	1.59265652891e-22
-7.57295719844	1.96876455e-22
-7.55836575875	2.43284380713e-22
-7.54377431907	3.00523207706e-22
-7.52918287938	3.71089622129e-22
-7.51459143969	4.58083800421e-22
-7.5	5.65122024551e-22
-7.48540856031	6.96148473113e-22
-7.47081712062	8.57305975469e-22
-7.45622568093	1.05561770579e-21
-7.44163424124	1.29950787347e-21
-7.42704280156	1.59933889767e-21
-7.41245136187	1.96778088718e-21
-7.39785992218	2.42033917631e-21
-7.38326848249	2.9759805389e-21
-7.3686770428	3.65786787172e-21
-7.35408560311	4.49434491259e-21
-7.33949416342	5.51991125979e-21
-7.32490272373	6.77680613686e-21
-7.31031128405	8.31648902276e-21
-7.29571984436	1.0201828669e-20
-7.28112840467	1.25093200653e-20
-7.26653696498	1.53322731588e-20
-7.25194552529	1.87842333238e-20
-7.2373540856	2.30035260732e-20
-7.22276264591	2.81580415103e-20
-7.20817120623	3.44524027489e-20
-7.19357976654	4.21351506605e-20
-7.17898832685	5.15085057411e-20
-7.16439688716	6.29393007818e-20
-7.14980544747	7.68729858798e-20
-7.13521400778	9.38498453032e-20
-7.12062256809	1.14525485909e-19
-7.1060311284	1.3969390603e-19
-7.09143968872	1.70317894276e-19
-7.07684824903	2.07563180102e-19
-7.06225680934	2.52841291472e-19
-7.04766536965	3.07859634878e-19
-7.03307392996	3.7468379066e-19
-7.01848249027	4.55810105457e-19
-7.00389105058	5.54255823019e-19
-6.98929961089	6.73662836286e-19
-6.97470817121	8.18429806634e-19
-6.96011673152	9.93863078933e-19
-6.94552529183	1.20636382012e-18
-6.93093385214	1.46364746084e-18
-6.91634241245	1.77501174257e-18
-6.90175097276	2.15165360139e-18
-6.88715953307	2.60705420739e-18
-6.87256809338	3.15742946543e-18
-6.8579766537	3.82228782147e-18
-6.84338521401	4.62507962046e-18
-6.82879377432	5.59398437806e-18
-6.81420233463	6.762844752e-18
-6.79961089494	8.17229061039e-18
-6.78501945525	9.87107033232e-18
-6.77042801556	1.19176558895e-17
-6.75583657588	1.43821363412e-17
-6.74124513619	1.73485007016e-17
-6.7266536965	2.09173385348e-17
-6.71206225681	2.52090735304e-17
-6.69747081712	3.03677920077e-17
-6.68287937743	3.65658297057e-17
-6.66828793774	4.40091984177e-17
-6.65369649805	5.29440678248e-17
-6.63910505837	6.36644194982e-17
-6.62451361868	7.65212271364e-17
-6.60992217899	9.19332606227e-17
-6.5953307393	1.10399980074e-16
-6.58073929961	1.32516774069e-16
-6.56614785992	1.5899307848e-16
-6.55155642023	1.9067380472e-16
-6.53696498054	2.28564765891e-16
-6.52237354086	2.73862700025e-16
-6.50778210117	3.27990912835e-16
-6.49319066148	3.92641325595e-16
-6.47859922179	4.69824271297e-16
-6.4640077821	5.61927221265e-16
-6.44941634241	6.71784287725e-16
-6.43482490272	8.02758103573e-16
-6.42023346303	9.58836607367e-16
-6.40564202335	1.14474693188e-15
-6.39105058366	1.36608998991e-15
-6.37645914397	1.62949869175e-15
-6.36186770428	1.9428245302e-15
-6.34727626459	2.31535683556e-15
-6.3326848249	2.75808112908e-15
-6.31809338521	3.28398253757e-15
-6.30350194552	3.90840262668e-15
-6.28891050584	4.64945817656e-15
-6.27431906615	5.52853345217e-15
-6.25972762646	6.57085721397e-15
-6.24513618677	7.80618009824e-15
-6.23054474708	9.26956801099e-15
-6.21595330739	1.10023324896e-14
-6.2013618677	1.30531197477e-14
-6.18677042802	1.54791859712e-14
-6.17217898833	1.83478883952e-14
-6.15758754864	2.17384306094e-14
-6.14299610895	2.57439009591e-14
-6.12840466926	3.047365475e-14
-6.11381322957	3.60560952268e-14
-6.09922178988	4.26419198519e-14
-6.08463035019	5.04079061388e-14
-6.07003891051	5.95613267422e-14
-6.05544747082	7.03450924648e-14
-6.04085603113	8.30437452199e-14
-6.02626459144	9.79904319073e-14
-6.01167315175	1.155750213e-13
-5.99708171206	1.3625354103e-13
-5.98249027237	1.6055915005e-13
-5.96789883268	1.89114884117e-13
-5.953307393	2.22648457058e-13
-5.93871595331	2.62009437336e-13
-5.92412451362	3.08189178385e-13
-5.90953307393	3.62343920943e-13
-5.89494163424	4.25821570196e-13
-5.88035019455	5.00192706257e-13
-5.86575875486	5.87286489221e-13
-5.85116731517	6.89232200235e-13
-5.83657587549	8.08507287904e-13
-5.8219844358	9.47992898651e-13
-5.80739299611	1.11103804317e-12
-5.79280155642	1.30153368003e-12
-5.77821011673	1.52399822574e-12
-5.76361867704	1.78367618904e-12
-5.74902723735	2.08665189608e-12
-5.73443579766	2.4399805368e-12
-5.71984435798	2.85183910788e-12
-5.70525291829	3.33170016014e-12
-5.6906614786	3.89053172626e-12
-5.67607003891	4.54102721798e-12
-5.66147859922	5.29786967752e-12
-5.64688715953	6.17803533155e-12
-5.63229571984	7.20114214945e-12
-5.61770428016	8.38984982973e-12
-5.60311284047	9.77031859522e-12
-5.58852140078	1.13727351332e-11
-5.57392996109	1.32319152583e-11
-5.5593385214	1.53879940363e-11
-5.54474708171	1.78872157369e-11
-5.53015564202	2.07828375048e-11
-5.51556420233	2.41361626458e-11
-5.50097276265	2.8017721435e-11
-5.48638132296	3.25086198569e-11
-5.47178988327	3.77020792603e-11
-5.45719844358	4.37051931648e-11
-5.44260700389	5.06409306088e-11
-5.4280155642	5.86504195725e-11
-5.41342412451	6.78955481338e-11
-5.39883268482	7.85619260992e-11
-5.38424124514	9.08622551576e-11
-5.36964980545	1.05040161965e-10
-5.35505836576	1.21374555274e-10
-5.34046692607	1.40184576323e-10
-5.32587548638	1.61835219941e-10
-5.31128404669	1.86743714098e-10
-5.296692607	2.15386756078e-10
-5.28210116731	2.48308716089e-10
-5.26750972763	2.86130932398e-10
-5.25291828794	3.29562237718e-10
-5.23832684825	3.79410873229e-10
-5.22373540856	4.36597966128e-10
-5.20914396887	5.02172767175e-10
-5.19455252918	5.77329869017e-10
-5.17996108949	6.63428651781e-10
-5.1653696498	7.62015232329e-10
-5.15077821012	8.74847225508e-10
-5.13618677043	1.00392166261e-09
-5.12159533074	1.15150645167e-09
-5.10700389105	1.32017581021e-09
-5.09241245136	1.51285014866e-09
-5.07782101167	1.73284093952e-09
-5.06322957198	1.98390116652e-09
-5.0486381323	2.27028201686e-09
-5.03404669261	2.59679655246e-09
-5.01945525292	2.96889117988e-09
-5.00486381323	3.39272582816e-09
-4.99027237354	3.87526384594e-09
-4.97568093385	4.42437273727e-09
-4.96108949416	5.04893698022e-09
-4.94649805447	5.75898430459e-09
-4.93190661479	6.56582695438e-09
-4.9173151751	7.48221962207e-09
-4.90272373541	8.52253592144e-09
-4.88813229572	9.70296546026e-09
-4.87354085603	1.10417337929e-08
-4.85894941634	1.25593477633e-08
-4.84435797665	1.42788690137e-08
-4.82976653696	1.62262187119e-08
-4.81517509728	1.84305168644e-08
-4.80058365759	2.09244599171e-08
-4.7859922179	2.37447407181e-08
-4.77140077821	2.69325153175e-08
-4.75680933852	3.05339215239e-08
-4.74221789883	3.46006546083e-08
-4.72762645914	3.91906060781e-08
-4.71303501945	4.43685720007e-08
-4.69844357977	5.02070379828e-08
-4.68385214008	5.67870485725e-08
-4.66926070039	6.41991695834e-08
-4.6546692607	7.25445526235e-08
-4.64007782101	8.19361119695e-08
-4.62548638132	9.24998248405e-08
-4.61089494163	1.04376167132e-07
-4.59630350194	1.17721697743e-07
-4.58171206226	1.32710805787e-07
-4.56712062257	1.49537636246e-07
-4.55252918288	1.68418210949e-07
-4.53793774319	1.89592763235e-07
-4.5233463035	2.13328306207e-07
-4.50875486381	2.39921456146e-07
-4.49416342412	2.6970153448e-07
-4.47957198444	3.03033973599e-07
-4.46498054475	3.40324053878e-07
-4.45038910506	3.82021001472e-07
-4.43579766537	4.28622478797e-07
-4.42120622568	4.80679502116e-07
-4.40661478599	5.38801823332e-07
-4.3920233463	6.03663815907e-07
-4.37743190661	6.76010907881e-07
-4.36284046693	7.56666608152e-07
-4.34824902724	8.46540175585e-07
-4.33365758755	9.46634984114e-07
-4.31906614786	1.05805764082e-06
-4.30447470817	1.18202791797e-06
-4.28988326848	1.31988956427e-06
-4.27529182879	1.47312206499e-06
-4.2607003891	1.64335342536e-06
-4.24610894942	1.83237405664e-06
-4.23151750973	2.04215184906e-06
-4.21692607004	2.27484852185e-06
-4.20233463035	2.53283734554e-06
-4.18774319066	2.81872233801e-06
-4.17315175097	3.13535904179e-06
-4.15856031128	3.48587699626e-06
-4.14396887159	3.87370402526e-06
-4.12937743191	4.3025924671e-06
-4.11478599222	4.77664748111e-06
-4.10019455253	5.30035757209e-06
-4.08560311284	5.87862748124e-06
-4.07101167315	6.51681359974e-06
-4.05642023346	7.2207620689e-06
-4.04182879377	7.99684973853e-06
-4.02723735408	8.85202816289e-06
-4.0126459144	9.79387082189e-06
-3.99805447471	1.08306237629e-05
-3.98346303502	1.19712598665e-05
-3.96887159533	1.32255369475e-05
-3.95428015564	1.46040599103e-05
-3.93968871595	1.61183471854e-05
-3.92509727626	1.77809016808e-05
-3.91050583658	1.96052864898e-05
-3.89591439689	2.16062056033e-05
-3.8813229572	2.37995898806e-05
-3.86673151751	2.62026885386e-05
-3.85214007782	2.88341664255e-05
-3.83754863813	3.17142073479e-05
-3.82295719844	3.48646237257e-05
-3.80836575875	3.83089728503e-05
-3.79377431907	4.20726800247e-05
-3.77918287938	4.6183168864e-05
-3.76459143969	5.06699990348e-05
-3.75	5.55650117087e-05
-3.73540856031	6.09024830034e-05
-3.72081712062	6.67192856778e-05
-3.70622568093	7.30550593418e-05
-3.69163424124	7.99523894304e-05
-3.67704280156	8.74569951848e-05
-3.66245136187	9.5617926863e-05
-3.64785992218	0.000104487772394
-3.63326848249	0.000114122873662
-3.6186770428	0.000124583552601
-3.60408560311	0.000135934347229
-3.58949416342	0.000148244257759
-3.57490272373	0.000161587002857
-3.56031128405	0.000176041286117
-3.54571984436	0.000191691072755
-3.53112840467	0.000208625876498
-3.51653696498	0.000226941056611
-3.50194552529	0.000246738124916
-3.4873540856	0.000268125062652
-3.47276264591	0.000291216646937
-3.45817120623	0.000316134786532
-3.44357976654	0.000343008866556
-3.42898832685	0.000371976101721
-3.41439688716	0.000403181897579
-3.39980544747	0.000436780219209
-3.38521400778	0.000472933966662
-3.37062256809	0.000511815356432
-3.3560311284	0.00055360630809
-3.34143968872	0.000598498835165
-3.32684824903	0.000646695439216
-3.31225680934	0.00069840950598
-3.29766536965	0.000753865702342
-3.28307392996	0.000813300372789
-3.26848249027	0.000876961933891
-3.25389105058	0.000945111265256
-3.23929961089	0.00101802209527
-3.22470817121	0.00109598137985
-3.21011673152	0.00117928967235
-3.19552529183	0.00126826148248
-3.18093385214	0.00136322562239
-3.16634241245	0.0014645255374
-3.15175097276	0.0015725196193
-3.13715953307	0.00168758149969
-3.12256809338	0.00181010032087
-3.1079766537	0.00194048098181
-3.09338521401	0.00207914435629
-3.07879377432	0.00222652748085
-3.06420233463	0.0023830837094
-3.04961089494	0.00254928283194
-3.03501945525	0.0027256111544
-3.02042801556	0.00291257153676
-3.00583657587	0.00311068338656
-2.99124513619	0.00332048260501
-2.9766536965	0.00354252148275
-2.96206225681	0.00377736854258
-2.94747081712	0.00402560832642
-2.93287937743	0.00428784112383
-2.91828793774	0.00456468263967
-2.90369649805	0.00485676359842
-2.88910505837	0.00516472928308
-2.87451361868	0.00548923900637
-2.85992217899	0.00583096551271
-2.8453307393	0.0061905943091
-2.83073929961	0.00656882292361
-2.81614785992	0.00696636009054
-2.80155642023	0.00738392486119
-2.78696498054	0.00782224564003
-2.77237354086	0.00828205914595
-2.75778210117	0.00876410929896
-2.74319066148	0.00926914603283
-2.72859922179	0.00979792403474
-2.7140077821	0.0103512014134
-2.69941634241	0.0109297382974
-2.68482490272	0.0115342953662
-2.67023346303	0.012165632316
-2.65564202335	0.0128245062649
-2.64105058366	0.0135116700992
-2.62645914397	0.0142278707666
-2.61186770428	0.0149738475195
-2.59727626459	0.0157503301144
-2.5826848249	0.0165580369723
-2.56809338521	0.0173976733055
-2.55350194552	0.018269929218
-2.53891050584	0.0191754777853
-2.52431906615	0.0201149731201
-2.50972762646	0.0210890484326
-2.49513618677	0.0220983140916
-2.48054474708	0.0231433556937
-2.46595330739	0.0242247321509
-2.4513618677	0.0253429738014
-2.43677042801	0.026498580554
-2.42217898833	0.0276920200745
-2.40758754864	0.0289237260198
-2.39299610895	0.0301940963314
-2.37840466926	0.0315034915936
-2.36381322957	0.032852233465
-2.34922178988	0.0342406031924
-2.33463035019	0.0356688402123
-2.32003891051	0.0371371408489
-2.30544747082	0.0386456571146
-2.29085603113	0.0401944956193
-2.27626459144	0.0417837165947
-2.26167315175	0.0434133330383
-2.24708171206	0.0450833099832
-2.23249027237	0.0467935638963
-2.21789883268	0.0485439622094
-2.203307393	0.0503343229866
-2.18871595331	0.0521644147293
-2.17412451362	0.0540339563201
-2.15953307393	0.0559426171087
-2.14494163424	0.0578900171366
-2.13035019455	0.0598757275034
-2.11575875486	0.0618992708708
-2.10116731517	0.0639601221041
-2.08657587549	0.0660577090469
-2.0719844358	0.0681914134277
-2.05739299611	0.0703605718927
-2.04280155642	0.0725644771606
-2.02821011673	0.0748023792949
-2.01361867704	0.0770734870873
-1.99902723735	0.0793769695465
-1.98443579766	0.0817119574844
-1.96984435798	0.0840775451951
-1.95525291829	0.0864727922168
-1.9406614786	0.0888967251696
-1.92607003891	0.0913483396626
-1.91147859922	0.0938266022598
-1.89688715953	0.0963304524977
-1.88229571984	0.0988588049472
-1.86770428015	0.101410551308
-1.85311284047	0.103984562532
-1.83852140078	0.106579690962
-1.82392996109	0.10919477248
-1.8093385214	0.111828628661
-1.79474708171	0.114480068915
-1.78015564202	0.117147892616
-1.76556420233	0.119830891216
-1.75097276265	0.122527850317
-1.73638132296	0.125237551726
-1.72178988327	0.127958775449
-1.70719844358	0.130690301653
-1.69260700389	0.133430912569
-1.6780155642	0.136179394336
-1.66342412451	0.138934538782
-1.64883268482	0.141695145143
-1.63424124514	0.144460021709
-1.61964980545	0.147227987394
-1.60505836576	0.14999787323
-1.59046692607	0.152768523791
-1.57587548638	0.155538798521
-1.56128404669	0.158307572994
-1.546692607	0.161073740085
-1.53210116731	0.163836211053
-1.51750972763	0.166593916554
-1.50291828794	0.169345807552
-1.48832684825	0.172090856163
-1.47373540856	0.174828056409
-1.45914396887	0.177556424889
-1.44455252918	0.180275001378
-1.42996108949	0.18298284934
-1.4153696498	0.185679056372
-1.40077821012	0.188362734566
-1.38618677043	0.191033020809
-1.37159533074	0.193689077009
-1.35700389105	0.19633009025
-1.34241245136	0.198955272897
-1.32782101167	0.201563862622
-1.31322957198	0.204155122393
-1.29863813229	0.206728340389
-1.28404669261	0.209282829876
-1.26945525292	0.21181792903
-1.25486381323	0.214333000717
-1.24027237354	0.216827432226
-1.22568093385	0.219300634968
-1.21108949416	0.221752044134
-1.19649805447	0.224181118328
-1.18190661479	0.226587339156
-1.1673151751	0.228970210804
-1.15272373541	0.231329259576
-1.13813229572	0.233664033422
-1.12354085603	0.23597410144
-1.10894941634	0.238259053362
-1.09435797665	0.240518499029
-1.07976653696	0.242752067847
-1.06517509728	0.244959408243
-1.05058365759	0.247140187101
-1.0359922179	0.249294089207
-1.02140077821	0.251420816671
-1.00680933852	0.253520088367
-0.992217898832	0.255591639357
-0.977626459143	0.257635220322
-0.963035019454	0.259650596999
-0.948443579766	0.261637549609
-0.933852140077	0.263595872307
-0.919260700388	0.265525372625
-0.9046692607	0.267425870925
-0.890077821011	0.269297199862
-0.875486381322	0.271139203857
-0.860894941633	0.272951738572
-0.846303501945	0.274734670406
-0.831712062256	0.276487875991
-0.817120622567	0.278211241707
-0.802529182879	0.279904663201
-0.78793774319	0.28156804493
-0.773346303501	0.283201299703
-0.758754863812	0.284804348243
-0.744163424124	0.286377118758
-0.729571984435	0.287919546533
-0.714980544746	0.289431573522
-0.700389105058	0.290913147961
-0.685797665369	0.292364223996
-0.67120622568	0.293784761319
-0.656614785991	0.295174724815
-0.642023346303	0.296534084232
-0.627431906614	0.29786281385
-0.612840466925	0.299160892171
-0.598249027237	0.300428301624
-0.583657587548	0.30166502827
-0.569066147859	0.302871061532
-0.55447470817	0.30404639393
-0.539883268482	0.305191020825
-0.525291828793	0.306304940181
-0.510700389104	0.30738815233
-0.496108949416	0.308440659757
-0.481517509727	0.309462466886
-0.466926070038	0.310453579881
-0.452334630349	0.311414006454
-0.437743190661	0.312343755685
-0.423151750972	0.313242837852
-0.408560311283	0.314111264263
-0.393968871594	0.314949047106
-0.379377431906	0.315756199298
-0.364785992217	0.316532734349
-0.350194552528	0.317278666231
-0.33560311284	0.317994009252
-0.321011673151	0.318678777942
-0.306420233462	0.319332986941
-0.291828793773	0.319956650899
-0.277237354085	0.320549784374
-0.262645914396	0.321112401747
-0.248054474707	0.321644517133
-0.233463035019	0.322146144305
-0.21887159533	0.322617296617
-0.204280155641	0.323057986938
-0.189688715952	0.32346822759
-0.175097276264	0.323848030284
-0.160505836575	0.324197406072
-0.145914396886	0.324516365298
-0.131322957198	0.324804917549
-0.116731517509	0.325063071617
-0.10214007782	0.325290835464
-0.0875486381314	0.325488216191
-0.0729571984427	0.325655220004
-0.058365758754	0.325791852198
-0.0437743190653	0.325898117132
-0.0291828793766	0.325974018211
-0.0145914396879	0.326019557879
8.5975671027e-13	0.326034737605
0.0145914396896	0.326019557879
0.0291828793783	0.325974018211
0.043774319067	0.325898117132
0.0583657587557	0.325791852198
0.0729571984444	0.325655220004
0.0875486381332	0.325488216191
0.102140077822	0.325290835464
0.116731517511	0.325063071617
0.131322957199	0.324804917549
0.145914396888	0.324516365298
0.160505836577	0.324197406073
0.175097276265	0.323848030284
0.189688715954	0.32346822759
0.204280155643	0.323057986939
0.218871595332	0.322617296617
0.23346303502	0.322146144305
0.248054474709	0.321644517133
0.262645914398	0.321112401747
0.277237354086	0.320549784374
0.291828793775	0.319956650899
0.306420233464	0.319332986942
0.321011673153	0.318678777942
0.335603112841	0.317994009252
0.35019455253	0.317278666231
0.364785992219	0.31653273435
0.379377431907	0.315756199299
0.393968871596	0.314949047107
0.408560311285	0.314111264264
0.423151750974	0.313242837852
0.437743190662	0.312343755685
0.452334630351	0.311414006454
0.46692607004	0.310453579881
0.481517509729	0.309462466887
0.496108949417	0.308440659758
0.510700389106	0.307388152331
0.525291828795	0.306304940181
0.539883268483	0.305191020826
0.554474708172	0.304046393931
0.569066147861	0.302871061533
0.58365758755	0.30166502827
0.598249027238	0.300428301624
0.612840466927	0.299160892172
0.627431906616	0.29786281385
0.642023346304	0.296534084233
0.656614785993	0.295174724816
0.671206225682	0.293784761319
0.685797665371	0.292364223997
0.700389105059	0.290913147961
0.714980544748	0.289431573522
0.729571984437	0.287919546534
0.744163424125	0.286377118759
0.758754863814	0.284804348243
0.773346303503	0.283201299704
0.787937743192	0.281568044931
0.80252918288	0.279904663202
0.817120622569	0.278211241707
0.831712062258	0.276487875992
0.846303501946	0.274734670407
0.860894941635	0.272951738573
0.875486381324	0.271139203858
0.890077821013	0.269297199863
0.904669260701	0.267425870926
0.91926070039	0.265525372626
0.933852140079	0.263595872308
0.948443579767	0.26163754961
0.963035019456	0.259650597
0.977626459145	0.257635220324
0.992217898834	0.255591639358
1.00680933852	0.253520088368
1.02140077821	0.251420816672
1.0359922179	0.249294089208
1.05058365759	0.247140187103
1.06517509728	0.244959408244
1.07976653697	0.242752067848
1.09435797665	0.24051849903
1.10894941634	0.238259053363
1.12354085603	0.235974101441
1.13813229572	0.233664033423
1.15272373541	0.231329259577
1.1673151751	0.228970210805
1.18190661479	0.226587339157
1.19649805448	0.224181118329
1.21108949416	0.221752044136
1.22568093385	0.219300634969
1.24027237354	0.216827432228
1.25486381323	0.214333000719
1.26945525292	0.211817929032
1.28404669261	0.209282829877
1.2986381323	0.20672834039
1.31322957199	0.204155122395
1.32782101167	0.201563862624
1.34241245136	0.198955272898
1.35700389105	0.196330090252
1.37159533074	0.19368907701
1.38618677043	0.191033020811
1.40077821012	0.188362734567
1.41536964981	0.185679056373
1.4299610895	0.182982849342
1.44455252918	0.180275001379
1.45914396887	0.17755642489
1.47373540856	0.17482805641
1.48832684825	0.172090856165
1.50291828794	0.169345807553
1.51750972763	0.166593916555
1.53210116732	0.163836211055
1.546692607	0.161073740086
1.56128404669	0.158307572996
1.57587548638	0.155538798523
1.59046692607	0.152768523793
1.60505836576	0.149997873232
1.61964980545	0.147227987395
1.63424124514	0.144460021711
1.64883268483	0.141695145145
1.66342412451	0.138934538783
1.6780155642	0.136179394338
1.69260700389	0.133430912571
1.70719844358	0.130690301655
1.72178988327	0.12795877545
1.73638132296	0.125237551727
1.75097276265	0.122527850319
1.76556420234	0.119830891217
1.78015564202	0.117147892618
1.79474708171	0.114480068916
1.8093385214	0.111828628663
1.82392996109	0.109194772481
1.83852140078	0.106579690963
1.85311284047	0.103984562534
1.86770428016	0.10141055131
1.88229571985	0.0988588049488
1.89688715953	0.0963304524994
1.91147859922	0.0938266022614
1.92607003891	0.0913483396643
1.9406614786	0.0888967251713
1.95525291829	0.0864727922184
1.96984435798	0.0840775451968
1.98443579767	0.081711957486
1.99902723736	0.079376969548
2.01361867704	0.0770734870889
2.02821011673	0.0748023792964
2.04280155642	0.0725644771621
2.05739299611	0.0703605718942
2.0719844358	0.0681914134292
2.08657587549	0.0660577090484
2.10116731518	0.0639601221056
2.11575875486	0.0618992708723
2.13035019455	0.0598757275048
2.14494163424	0.057890017138
2.15953307393	0.05594261711
2.17412451362	0.0540339563215
2.18871595331	0.0521644147306
2.203307393	0.050334322988
2.21789883269	0.0485439622107
2.23249027237	0.0467935638975
2.24708171206	0.0450833099845
2.26167315175	0.0434133330395
2.27626459144	0.0417837165959
2.29085603113	0.0401944956205
2.30544747082	0.0386456571157
2.32003891051	0.03713714085
2.3346303502	0.0356688402134
2.34922178988	0.0342406031935
2.36381322957	0.0328522334661
2.37840466926	0.0315034915946
2.39299610895	0.0301940963324
2.40758754864	0.0289237260208
2.42217898833	0.0276920200754
2.43677042802	0.026498580555
2.45136186771	0.0253429738023
2.46595330739	0.0242247321518
2.48054474708	0.0231433556946
2.49513618677	0.0220983140924
2.50972762646	0.0210890484334
2.52431906615	0.0201149731209
2.53891050584	0.0191754777861
2.55350194553	0.0182699292188
2.56809338522	0.0173976733062
2.5826848249	0.0165580369729
2.59727626459	0.015750330115
2.61186770428	0.0149738475201
2.62645914397	0.0142278707672
2.64105058366	0.0135116700998
2.65564202335	0.0128245062655
2.67023346304	0.0121656323166
2.68482490272	0.0115342953667
2.69941634241	0.0109297382979
2.7140077821	0.0103512014139
2.72859922179	0.00979792403522
2.74319066148	0.00926914603328
2.75778210117	0.0087641092994
2.77237354086	0.00828205914637
2.78696498055	0.00782224564043
2.80155642023	0.00738392486158
2.81614785992	0.00696636009091
2.83073929961	0.00656882292397
2.8453307393	0.00619059430944
2.85992217899	0.00583096551304
2.87451361868	0.00548923900668
2.88910505837	0.00516472928337
2.90369649806	0.00485676359871
2.91828793774	0.00456468263994
2.93287937743	0.00428784112409
2.94747081712	0.00402560832666
2.96206225681	0.00377736854281
2.9766536965	0.00354252148297
2.99124513619	0.00332048260522
3.00583657588	0.00311068338676
3.02042801557	0.00291257153695
3.03501945525	0.00272561115458
3.04961089494	0.00254928283211
3.06420233463	0.00238308370956
3.07879377432	0.002226527481
3.09338521401	0.00207914435644
3.1079766537	0.00194048098195
3.12256809339	0.00181010032101
3.13715953307	0.00168758149981
3.15175097276	0.00157251961942
3.16634241245	0.00146452553751
3.18093385214	0.00136322562249
3.19552529183	0.00126826148258
3.21011673152	0.00117928967244
3.22470817121	0.00109598137994
3.2392996109	0.00101802209535
3.25389105058	0.000945111265335
3.26848249027	0.000876961933965
3.28307392996	0.000813300372859
3.29766536965	0.000753865702408
3.31225680934	0.000698409506042
3.32684824903	0.000646695439274
3.34143968872	0.000598498835219
3.35603112841	0.000553606308142
3.37062256809	0.00051181535648
3.38521400778	0.000472933966707
3.39980544747	0.000436780219251
3.41439688716	0.000403181897618
3.42898832685	0.000371976101758
3.44357976654	0.000343008866591
3.45817120623	0.000316134786565
3.47276264592	0.000291216646968
3.4873540856	0.00026812506268
3.50194552529	0.000246738124942
3.51653696498	0.000226941056636
3.53112840467	0.000208625876522
3.54571984436	0.000191691072776
3.56031128405	0.000176041286137
3.57490272374	0.000161587002875
3.58949416343	0.000148244257776
3.60408560311	0.000135934347246
3.6186770428	0.000124583552616
3.63326848249	0.000114122873676
3.64785992218	0.000104487772407
3.66245136187	9.56179268752e-05
3.67704280156	8.74569951962e-05
3.69163424125	7.99523894411e-05
3.70622568093	7.30550593517e-05
3.72081712062	6.6719285687e-05
3.73540856031	6.09024830119e-05
3.75	5.55650117166e-05
3.76459143969	5.06699990421e-05
3.77918287938	4.61831688707e-05
3.79377431907	4.20726800309e-05
3.80836575876	3.83089728561e-05
3.82295719844	3.48646237311e-05
3.83754863813	3.17142073528e-05
3.85214007782	2.883416643e-05
3.86673151751	2.62026885428e-05
3.8813229572	2.37995898845e-05
3.89591439689	2.16062056069e-05
3.91050583658	1.96052864931e-05
3.92509727627	1.77809016838e-05
3.93968871595	1.61183471882e-05
3.95428015564	1.46040599129e-05
3.96887159533	1.32255369498e-05
3.98346303502	1.19712598687e-05
3.99805447471	1.08306237649e-05
4.0126459144	9.79387082372e-06
4.02723735409	8.85202816457e-06
4.04182879378	7.99684974008e-06
4.05642023346	7.22076207032e-06
4.07101167315	6.51681360103e-06
4.08560311284	5.87862748243e-06
4.10019455253	5.30035757319e-06
4.11478599222	4.77664748211e-06
4.12937743191	4.30259246802e-06
4.1439688716	3.8737040261e-06
4.15856031129	3.48587699703e-06
4.17315175097	3.13535904249e-06
4.18774319066	2.81872233866e-06
4.20233463035	2.53283734613e-06
4.21692607004	2.27484852239e-06
4.23151750973	2.04215184955e-06
4.24610894942	1.83237405709e-06
4.26070038911	1.64335342577e-06
4.27529182879	1.47312206536e-06
4.28988326848	1.31988956461e-06
4.30447470817	1.18202791828e-06
4.31906614786	1.0580576411e-06
4.33365758755	9.46634984368e-07
4.34824902724	8.46540175815e-07
4.36284046693	7.56666608361e-07
4.37743190662	6.76010908071e-07
4.3920233463	6.03663816079e-07
4.40661478599	5.38801823488e-07
4.42120622568	4.80679502256e-07
4.43579766537	4.28622478922e-07
4.45038910506	3.82021001587e-07
4.46498054475	3.40324053982e-07
4.47957198444	3.03033973693e-07
4.49416342413	2.69701534565e-07
4.50875486381	2.39921456222e-07
4.5233463035	2.13328306276e-07
4.53793774319	1.89592763297e-07
4.55252918288	1.68418211003e-07
4.56712062257	1.49537636295e-07
4.58171206226	1.32710805831e-07
4.59630350195	1.17721697782e-07
4.61089494164	1.04376167167e-07
4.62548638132	9.24998248719e-08
4.64007782101	8.19361119972e-08
4.6546692607	7.2544552648e-08
4.66926070039	6.41991696046e-08
4.68385214008	5.67870485915e-08
4.69844357977	5.02070379995e-08
4.71303501946	4.43685720155e-08
4.72762645915	3.91906060909e-08
4.74221789883	3.46006546195e-08
4.75680933852	3.05339215334e-08
4.77140077821	2.69325153257e-08
4.7859922179	2.37447407247e-08
4.80058365759	2.09244599228e-08
4.81517509728	1.84305168692e-08
4.82976653697	1.62262187159e-08
4.84435797665	1.4278869017e-08
4.85894941634	1.2559347766e-08
4.87354085603	1.1041733795e-08
4.88813229572	9.70296546192e-09
4.90272373541	8.52253592256e-09
4.9173151751	7.48221962298e-09
4.93190661479	6.56582695501e-09
4.94649805448	5.75898430504e-09
4.96108949416	5.04893698048e-09
4.97568093385	4.4243727374e-09
4.99027237354	3.87526384593e-09
5.00486381323	3.39272582807e-09
5.01945525292	2.96889117966e-09
5.03404669261	2.59679655228e-09
5.0486381323	2.27028201665e-09
5.06322957199	1.98390116631e-09
5.07782101167	1.73284093928e-09
5.09241245136	1.51285014843e-09
5.10700389105	1.32017580994e-09
5.12159533074	1.15150645138e-09
5.13618677043	1.00392166226e-09
5.15077821012	8.74847225207e-10
5.16536964981	7.62015232026e-10
5.1799610895	6.63428651487e-10
5.19455252918	5.77329868711e-10
5.20914396887	5.02172766875e-10
5.22373540856	4.36597965812e-10
5.23832684825	3.79410872909e-10
5.25291828794	3.29562237369e-10
5.26750972763	2.86130932071e-10
5.28210116732	2.4830871577e-10
5.29669260701	2.15386755777e-10
5.31128404669	1.86743713803e-10
5.32587548638	1.61835219662e-10
5.34046692607	1.40184576052e-10
5.35505836576	1.21374555019e-10
5.36964980545	1.05040161714e-10
5.38424124514	9.08622549353e-11
5.39883268483	7.8561925894e-11
5.41342412451	6.78955479489e-11
5.4280155642	5.86504194008e-11
5.44260700389	5.06409304514e-11
5.45719844358	4.3705193016e-11
5.47178988327	3.77020791229e-11
5.48638132296	3.25086197233e-11
5.50097276265	2.80177213177e-11
5.51556420234	2.41361625382e-11
5.53015564202	2.07828374077e-11
5.54474708171	1.78872156467e-11
5.5593385214	1.53879939549e-11
5.57392996109	1.32319151808e-11
5.58852140078	1.13727350614e-11
5.60311284047	9.77031852545e-12
5.61770428016	8.38984976924e-12
5.63229571985	7.20114209466e-12
5.64688715953	6.17803528248e-12
5.66147859922	5.29786963253e-12
5.67607003891	4.54102717799e-12
5.6906614786	3.89053168927e-12
5.70525291829	3.3317001265e-12
5.71984435798	2.85183907528e-12
5.73443579767	2.43998050909e-12
5.74902723736	2.08665187139e-12
5.76361867704	1.78367616732e-12
5.77821011673	1.52399820581e-12
5.79280155642	1.30153366218e-12
5.80739299611	1.11103802662e-12
5.8219844358	9.47992883555e-13
5.83657587549	8.08507273036e-13
5.85116731518	6.89232187489e-13
5.86575875487	5.8728647789e-13
5.88035019455	5.00192696651e-13
5.89494163424	4.2582156166e-13
5.90953307393	3.62343913745e-13
5.92412451362	3.08189171909e-13
5.93871595331	2.62009431835e-13
5.953307393	2.22648451886e-13
5.96789883269	1.89114880169e-13
5.98249027237	1.60559146764e-13
5.99708171206	1.3625353842e-13
6.01167315175	1.15575019145e-13
6.02626459144	9.79904302158e-14
6.04085603113	8.30437436243e-14
6.05544747082	7.03450910977e-14
6.07003891051	5.95613253145e-14
6.0846303502	5.04079051159e-14
6.09922178988	4.26419190434e-14
6.11381322957	3.60560946624e-14
6.12840466926	3.0473654329e-14
6.14299610895	2.57439007606e-14
6.15758754864	2.17384304625e-14
6.17217898833	1.83478883543e-14
6.18677042802	1.54791859244e-14
6.20136186771	1.3053119921e-14
6.21595330739	1.10023327486e-14
6.23054474708	9.26956837428e-15
6.24513618677	7.80618050414e-15
6.25972762646	6.57085767462e-15
6.27431906615	5.52853389782e-15
6.28891050584	4.64945862265e-15
6.30350194553	3.90840300871e-15
6.31809338522	3.28398298356e-15
6.3326848249	2.75808159256e-15
6.34727626459	2.31535732294e-15
6.36186770428	1.94282501377e-15
6.37645914397	1.62949919537e-15
6.39105058366	1.36609047417e-15
6.40564202335	1.14474740068e-15
6.42023346304	9.58837028866e-16
6.43482490272	8.02758539109e-16
6.44941634241	6.71784708215e-16
6.4640077821	5.6192762614e-16
6.47859922179	4.69824643463e-16
6.49319066148	3.92641663213e-16
6.50778210117	3.27991200495e-16
6.52237354086	2.73862945135e-16
6.53696498055	2.28564955618e-16
6.55155642023	1.90673970127e-16
6.56614785992	1.58993218483e-16
6.58073929961	1.32516901185e-16
6.5953307393	1.10400097198e-16
6.60992217899	9.19333753307e-17
6.62451361868	7.65213365377e-17
6.63910505837	6.36645294386e-17
6.65369649806	5.29441757066e-17
6.66828793774	4.40093159703e-17
6.68287937743	3.65659470161e-17
6.69747081712	3.03679086873e-17
6.71206225681	2.5209184588e-17
6.7266536965	2.09174440862e-17
6.74124513619	1.73485957341e-17
6.75583657588	1.43822210337e-17
6.77042801557	1.19177280987e-17
6.78501945525	9.87113712493e-18
6.79961089494	8.17235115717e-18
6.81420233463	6.76290130097e-18
6.82879377432	5.59403759077e-18
6.84338521401	4.62513108368e-18
6.8579766537	3.82233656307e-18
6.87256809339	3.15747643048e-18
6.88715953308	2.60709854392e-18
6.90175097276	2.15169799349e-18
6.91634241245	1.77505457378e-18
6.93093385214	1.4636886184e-18
6.94552529183	1.20640240603e-18
6.96011673152	9.9389898468e-19
6.97470817121	8.18462215371e-19
6.9892996109	6.73692047454e-19
7.00389105058	5.54281360176e-19
7.01848249027	4.55833597545e-19
7.03307392996	3.74704696382e-19
7.04766536965	3.07878141274e-19
7.06225680934	2.52857437014e-19
7.07684824903	2.07577324279e-19
7.09143968872	1.7032986847e-19
7.10603112841	1.39703963841e-19
7.12062256809	1.14533465369e-19
7.13521400778	9.38565516465e-20
7.14980544747	7.68785994624e-20
7.16439688716	6.29440932303e-20
7.17898832685	5.15126630692e-20
7.19357976654	4.21389386415e-20
7.20817120623	3.44558243658e-20
7.22276264592	2.81612736458e-20
7.2373540856	2.30065609826e-20
7.25194552529	1.87873022843e-20
7.26653696498	1.53351967088e-20
7.28112840467	1.25120544077e-20
7.29571984436	1.02042975136e-20
7.31031128405	8.31870818223e-21
7.32490272374	6.77871365724e-21
7.33949416343	5.52154210239e-21
7.35408560311	4.49565631751e-21
7.3686770428	3.65900353337e-21
7.38326848249	2.97696050851e-21
7.39785992218	2.42120814466e-21
7.41245136187	1.96854798621e-21
7.42704280156	1.6000257675e-21
7.44163424125	1.30011649928e-21
7.45622568094	1.05617702043e-21
7.47081712062	8.57820958575e-22
7.48540856031	6.96668531858e-22
7.5	5.65613225478e-22
7.51459143969	4.58526205773e-22
7.52918287938	3.71479483779e-22
7.54377431907	3.0086666136e-22
7.55836575876	2.43573701994e-22
7.57295719844	1.97120953111e-22
7.58754863813	1.59463317903e-22
7.60214007782	1.2896611574e-22
7.61673151751	1.04268972482e-22
7.6313229572	8.42815432084e-23
7.64591439689	6.81090122411e-23
7.66050583658	5.50302920356e-23
7.67509727627	4.44521157351e-23
7.68968871595	3.59007602228e-23
7.70428015564	2.89861002324e-23
7.71887159533	2.3402727081e-23
7.73346303502	1.8893348563e-23
7.74805447471	1.52527957517e-23
7.7626459144	1.23147890949e-23
7.77723735409	9.9424650881e-24
7.79182879378	8.02593397298e-24
7.80642023346	6.47953816325e-24
7.82101167315	5.22988990312e-24
7.83560311284	4.22353886101e-24
7.85019455253	3.41294189212e-24
7.86478599222	2.76039978761e-24
7.87937743191	2.23451630349e-24
7.8939688716	1.81046234271e-24
7.90856031129	1.46796379656e-24
7.92315175097	1.19143863061e-24
7.93774319066	9.67804575658e-25
7.95233463035	7.87542273241e-25
7.96692607004	6.41721835118e-25
7.98151750973	5.23980850956e-25
7.99610894942	4.28727328025e-25
8.01070038911	3.51585351684e-25
8.0252918288	2.88788781508e-25
8.03988326848	2.37570821266e-25
8.05447470817	1.9549911866e-25
8.06906614786	1.61647883923e-25
8.08365758755	1.34109182995e-25
8.09824902724	1.1174120406e-25
8.11284046693	9.36212185062e-26
8.12743190662	7.88142710473e-26
8.1420233463	6.64687801245e-26
8.15661478599	5.62093436e-26
8.17120622568	4.75335507116e-26
8.18579766537	4.05961191912e-26
8.20038910506	3.49801008779e-26
8.21498054475	3.04207009911e-26
8.22957198444	2.66885002251e-26
8.24416342413	2.36499256913e-26
8.25875486381	2.10709096217e-26
8.2733463035	1.89108886099e-26
8.28793774319	1.70127576474e-26
8.30252918288	1.54525716803e-26
8.31712062257	1.41148794156e-26
8.33171206226	1.30069089747e-26
8.34630350195	1.20614033038e-26
8.36089494164	1.12493805681e-26
8.37548638132	1.04836525972e-26
8.39007782101	9.78504576534e-27
8.4046692607	9.06649855049e-27
8.41926070039	8.52307462134e-27
8.43385214008	8.07720324491e-27
8.44844357977	7.7319801927e-27
8.46303501946	7.4526764992e-27
8.47762645915	7.22333544456e-27
8.49221789883	6.97640808528e-27
8.50680933852	6.75361441996e-27
8.52140077821	6.50627370621e-27
8.5359922179	6.33500885983e-27
8.55058365759	6.18128688577e-27
8.56517509728	6.07084168631e-27
8.57976653697	5.95275368786e-27
8.59435797666	5.84321419603e-27
8.60894941634	5.68910391595e-27
8.62354085603	5.51269070632e-27
8.63813229572	5.28850982279e-27
8.65272373541	5.13904292995e-27
8.6673151751	5.01040558981e-27
8.68190661479	4.92852275942e-27
8.69649805448	4.86391406954e-27
8.71108949416	4.81074175622e-27
8.72568093385	4.73832638918e-27
8.74027237354	4.66642494425e-27
8.75486381323	4.55660647242e-27
8.76945525292	4.49809503492e-27
8.78404669261	4.43881557068e-27
8.7986381323	4.39177117816e-27
8.81322957199	4.33189943358e-27
8.82782101167	4.26750766082e-27
8.84241245136	4.15495315603e-27
8.85700389105	4.02546995131e-27
8.87159533074	3.83382283837e-27
8.88618677043	3.70352902106e-27
8.90077821012	3.59667098868e-27
8.91536964981	3.53857840474e-27
8.9299610895	3.48021563743e-27
8.94455252918	3.44142060986e-27
8.95914396887	3.37530388566e-27
8.97373540856	3.3121682326e-27
8.98832684825	3.21830667595e-27
9.00291828794	3.15993281102e-27
9.01750972763	3.10898776115e-27
9.03210116732	3.07373936936e-27
9.04669260701	3.0236429349e-27
9.06128404669	2.97675784349e-27
9.07587548638	2.89420157083e-27
9.09046692607	2.80177879372e-27
9.10505836576	2.6559824403e-27
9.11964980545	2.56382516678e-27
9.13424124514	2.48295613689e-27
9.14883268483	2.42219855536e-27
9.16342412452	2.35345229661e-27
9.1780155642	2.29490450798e-27
9.19260700389	2.21638433047e-27
9.20719844358	2.13427857559e-27
9.22178988327	2.02361837208e-27
9.23638132296	1.94426075523e-27
9.25097276265	1.87597860304e-27
9.26556420234	1.84242550001e-27
9.28015564202	1.8013805624e-27
9.29474708171	1.77367393844e-27
9.3093385214	1.74380553882e-27
9.32392996109	1.71494822803e-27
9.33852140078	1.66464379496e-27
9.35311284047	1.6421502737e-27
9.36770428016	1.61551222832e-27
9.38229571985	1.60839263841e-27
9.39688715953	1.59481712315e-27
9.41147859922	1.5815373784e-27
9.42607003891	1.55494246679e-27
9.4406614786	1.52902565363e-27
9.45525291829	1.48326061195e-27
9.46984435798	1.45720023959e-27
9.48443579767	1.44049049937e-27
9.49902723736	1.43304192281e-27
9.51361867704	1.41884402495e-27
9.52821011673	1.41312291213e-27
9.54280155642	1.39729295188e-27
9.55739299611	1.38376476486e-27
9.5719844358	1.34997354626e-27
9.58657587549	1.33101597776e-27
9.60116731518	1.31263316698e-27
9.61575875487	1.30968174455e-27
9.63035019455	1.29377169403e-27
9.64494163424	1.283288344e-27
9.65953307393	1.26289234057e-27
9.67412451362	1.23959271764e-27
9.68871595331	1.19728248438e-27
9.703307393	1.16486119687e-27
9.71789883269	1.13476201951e-27
9.73249027237	1.112955338e-27
9.74708171206	1.07912027278e-27
9.76167315175	1.04682651555e-27
9.77626459144	9.92362150404e-28
9.79085603113	9.42572856582e-28
9.80544747082	8.7735213811e-28
9.82003891051	8.35804288274e-28
9.8346303502	7.98227082601e-28
9.84922178988	7.7694360872e-28
9.86381322957	7.49746689698e-28
9.87840466926	7.32029468402e-28
9.89299610895	7.0751637162e-28
9.90758754864	6.83741070878e-28
9.92217898833	6.57113284502e-28
9.93677042802	6.36583629233e-28
9.95136186771	6.09836281724e-28
9.96595330739	5.98000599442e-28
9.98054474708	5.78647880666e-28
9.99513618677	5.6336774604e-28
10.0097276265	5.46690235736e-28
10.0243190661	5.35755487766e-28
10.0389105058	5.21193743959e-28
10.0535019455	5.14361624197e-28
10.0680933852	5.10350302262e-28
10.0826848249	5.17144532169e-28
10.0972762646	5.19488015267e-28
10.1118677043	5.22058592016e-28
10.126459144	5.19356550344e-28
10.1410505837	5.24269859243e-28
10.1556420233	5.27983531742e-28
10.170233463	5.34615773765e-28
10.1848249027	5.42035390166e-28
10.1994163424	5.51750287264e-28
10.2140077821	5.531270449e-28
10.2285992218	5.65213239105e-28
10.2431906615	5.73270133668e-28
10.2577821012	5.88129409568e-28
10.2723735409	6.02158331085e-28
10.2869649805	6.1233087223e-28
10.3015564202	6.18320190667e-28
10.3161478599	6.317822742e-28
10.3307392996	6.29903227284e-28
10.3453307393	6.28054553058e-28
10.359922179	6.16620035737e-28
10.3745136187	6.0719535288e-28
10.3891050584	5.88821538973e-28
10.4036964981	5.83943265117e-28
10.4182879377	5.80240906329e-28
10.4328793774	5.89192565767e-28
10.4474708171	5.94088812415e-28
10.4620622568	6.03432339187e-28
10.4766536965	6.16994779021e-28
10.4912451362	6.40762551362e-28
10.5058365759	6.68058665033e-28
10.5204280156	6.93492427794e-28
10.5350194553	7.14221090386e-28
10.5496108949	7.39496279508e-28
10.5642023346	7.56124138452e-28
10.5787937743	7.83416131675e-28
10.593385214	8.01899551844e-28
10.6079766537	8.21339708894e-28
10.6225680934	8.37124435825e-28
10.6371595331	8.4970611609e-28
10.6517509728	8.57603960018e-28
10.6663424125	8.68386708275e-28
10.6809338521	8.61502003617e-28
10.6955252918	8.61588867334e-28
10.7101167315	8.5621142308e-28
10.7247081712	8.4467042213e-28
10.7392996109	8.19454592693e-28
10.7538910506	8.0357640782e-28
10.7684824903	7.91572918074e-28
10.78307393	7.93539226025e-28
10.7976653697	7.88762755425e-28
10.8122568093	7.9731813743e-28
10.826848249	7.96243959333e-28
10.8414396887	7.97342295411e-28
10.8560311284	7.94394447e-28
10.8706225681	7.95594477894e-28
10.8852140078	7.98243159321e-28
10.8998054475	8.09480318021e-28
10.9143968872	8.11142901008e-28
10.9289883268	8.2413407947e-28
10.9435797665	8.32884503171e-28
10.9581712062	8.38349612896e-28
10.9727626459	8.38791846369e-28
10.9873540856	8.52101231127e-28
11.0019455253	8.65977619466e-28
11.016536965	9.0188139387e-28
11.0311284047	9.45761116994e-28
11.0457198444	1.01711476586e-27
11.060311284	1.1017322847e-27
11.0749027237	1.20691530221e-27
11.0894941634	1.32632113189e-27
11.1040856031	1.48724321676e-27
11.1186770428	1.68737740011e-27
11.1332684825	1.9526175815e-27
11.1478599222	2.26082282913e-27
11.1624513619	2.6729881199e-27
11.1770428016	3.20363481074e-27
11.1916342412	3.87703165176e-27
11.2062256809	4.75345564969e-27
11.2208171206	5.85585929273e-27
11.2354085603	7.3716942817e-27
11.25	8.74537839442e-27
11.2645914397	7.38557309434e-27
11.2791828794	5.91529076566e-27
11.2937743191	4.85986092026e-27
11.3083657588	4.01247362915e-27
11.3229571984	3.34228576083e-27
11.3375486381	2.84912164232e-27
11.3521400778	2.47192873019e-27
11.3667315175	2.19617503697e-27
11.3813229572	1.96690430542e-27
11.3959143969	1.81651520904e-27
11.4105058366	1.69796486802e-27
11.4250972763	1.61752104516e-27
11.439688716	1.53145335647e-27
11.4542801556	1.48648973777e-27
11.4688715953	1.45243807995e-27
11.483463035	1.44159440933e-27
11.4980544747	1.41273465768e-27
11.5126459144	1.42241382128e-27
11.5272373541	1.41578812051e-27
11.5418287938	1.41407637802e-27
11.5564202335	1.40069704478e-27
11.5710116732	1.40922826216e-27
11.5856031128	1.40437150857e-27
11.6001945525	1.41377203364e-27
11.6147859922	1.40352278287e-27
11.6293774319	1.40578101369e-27
11.6439688716	1.38920645306e-27
11.6585603113	1.36852279259e-27
11.673151751	1.3090238954e-27
11.6877431907	1.2901755001e-27
11.7023346304	1.27227244726e-27
11.71692607	1.2697012326e-27
11.7315175097	1.25463063581e-27
11.7461089494	1.26501377237e-27
11.7607003891	1.27066813797e-27
11.7752918288	1.28779944619e-27
11.7898832685	1.28346957442e-27
11.8044747082	1.30148011717e-27
11.8190661479	1.31918183649e-27
11.8336575876	1.34405501505e-27
11.8482490272	1.350469956e-27
11.8628404669	1.38180424077e-27
11.8774319066	1.40442481912e-27
11.8920233463	1.41960598961e-27
11.906614786	1.4124919409e-27
11.9212062257	1.42129677102e-27
11.9357976654	1.41608466348e-27
11.9503891051	1.41988993837e-27
11.9649805447	1.39316583529e-27
11.9795719844	1.37674564737e-27
11.9941634241	1.34183420303e-27
12.0087548638	1.30181177493e-27
12.0233463035	1.22838237031e-27
12.0379377432	1.19394530809e-27
12.0525291829	1.16116334765e-27
12.0671206226	1.14056393466e-27
12.0817120623	1.11121543701e-27
12.0963035019	1.10588199386e-27
12.1108949416	1.09829716489e-27
12.1254863813	1.09946409211e-27
12.140077821	1.08900395954e-27
12.1546692607	1.09669697244e-27
12.1692607004	1.1009152973e-27
12.1838521401	1.10757650822e-27
12.1984435798	1.0916658113e-27
12.2130350195	1.09635368291e-27
12.2276264591	1.09806330803e-27
12.2422178988	1.09405000515e-27
12.2568093385	1.07367340101e-27
12.2714007782	1.07780557152e-27
12.2859922179	1.07800350967e-27
12.3005836576	1.08812341124e-27
12.3151750973	1.08292645963e-27
12.329766537	1.09281456111e-27
12.3443579767	1.10025802429e-27
12.3589494163	1.10861626237e-27
12.373540856	1.10293698547e-27
12.3881322957	1.12170427337e-27
12.4027237354	1.13448500838e-27
12.4173151751	1.14684312926e-27
12.4319066148	1.14956236072e-27
12.4464980545	1.17282426052e-27
12.4610894942	1.20497895996e-27
12.4756809339	1.24171689745e-27
12.4902723735	1.2771853982e-27
12.5048638132	1.31499281447e-27
12.5194552529	1.33770119193e-27
12.5340466926	1.35202261909e-27
12.5486381323	1.34653914775e-27
12.563229572	1.34910761122e-27
12.5778210117	1.33844812668e-27
12.5924124514	1.31156459926e-27
12.6070038911	1.26752088163e-27
12.6215953307	1.23865058052e-27
12.6361867704	1.21131546014e-27
12.6507782101	1.18855243529e-27
12.6653696498	1.1629571652e-27
12.6799610895	1.1569405874e-27
12.6945525292	1.16115302491e-27
12.7091439689	1.16874162245e-27
12.7237354086	1.18235531088e-27
12.7383268483	1.1970125737e-27
12.7529182879	1.20819774626e-27
12.7675097276	1.20921074572e-27
12.7821011673	1.20758448767e-27
12.796692607	1.21434321827e-27
12.8112840467	1.22715824091e-27
12.8258754864	1.24063089291e-27
12.8404669261	1.25544219298e-27
12.8550583658	1.2673119326e-27
12.8696498054	1.28035941374e-27
12.8842412451	1.28658679621e-27
12.8988326848	1.28732704729e-27
12.9134241245	1.30169694893e-27
12.9280155642	1.32554645579e-27
12.9426070039	1.34197042884e-27
12.9571984436	1.36598192224e-27
12.9717898833	1.38351935805e-27
12.986381323	1.3931430637e-27
13.0009727626	1.395696453e-27
13.0155642023	1.39694339977e-27
13.030155642	1.40204671731e-27
13.0447470817	1.41820152835e-27
13.0593385214	1.43266021548e-27
13.0739299611	1.45780478307e-27
13.0885214008	1.47428692007e-27
13.1031128405	1.48524611534e-27
13.1177042802	1.48316959833e-27
13.1322957198	1.4794956929e-27
13.1468871595	1.47794139356e-27
13.1614785992	1.49132767798e-27
13.1760700389	1.5026988763e-27
13.1906614786	1.52746488644e-27
13.2052529183	1.53196278832e-27
13.219844358	1.53945811497e-27
13.2344357977	1.52998246438e-27
13.2490272374	1.51489227647e-27
13.263618677	1.50948226796e-27
13.2782101167	1.51662303135e-27
13.2928015564	1.51113588252e-27
13.3073929961	1.52104058446e-27
13.3219844358	1.52618534355e-27
13.3365758755	1.53142784418e-27
13.3511673152	1.52126862556e-27
13.3657587549	1.52101356627e-27
13.3803501946	1.52447860363e-27
13.3949416342	1.53890745954e-27
13.4095330739	1.56010897901e-27
13.4241245136	1.60499993009e-27
13.4387159533	1.62541000331e-27
13.453307393	1.64881640211e-27
13.4678988327	1.65724007201e-27
13.4824902724	1.66112070107e-27
13.4970817121	1.64879908545e-27
13.5116731518	1.65139314911e-27
13.5262645914	1.64149272282e-27
13.5408560311	1.64179636593e-27
13.5554474708	1.6380928572e-27
13.5700389105	1.64699131337e-27
13.5846303502	1.63909148656e-27
13.5992217899	1.62936792034e-27
13.6138132296	1.62380271771e-27
13.6284046693	1.6356124309e-27
13.642996109	1.63292326431e-27
13.6575875486	1.66666741261e-27
13.6721789883	1.67464649597e-27
13.686770428	1.68054144548e-27
13.7013618677	1.67691695284e-27
13.7159533074	1.68775939209e-27
13.7305447471	1.68488942538e-27
13.7451361868	1.69347761829e-27
13.7597276265	1.7020376915e-27
13.7743190661	1.74559928095e-27
13.7889105058	1.75207358258e-27
13.8035019455	1.76250600403e-27
13.8180933852	1.74887643391e-27
13.8326848249	1.73500056604e-27
13.8472762646	1.72100330906e-27
13.8618677043	1.71893989919e-27
13.876459144	1.70380656628e-27
13.8910505837	1.70553571004e-27
13.9056420233	1.69388287053e-27
13.920233463	1.68745588334e-27
13.9348249027	1.6583914168e-27
13.9494163424	1.64760263014e-27
13.9640077821	1.63447884783e-27
13.9785992218	1.63944042303e-27
13.9931906615	1.63092388352e-27
14.0077821012	1.65999795808e-27
14.0223735409	1.66143966785e-27
14.0369649805	1.65090438319e-27
14.0515564202	1.62520682387e-27
14.0661478599	1.61175064693e-27
14.0807392996	1.58138606389e-27
14.0953307393	1.5798184882e-27
14.109922179	1.58350943708e-27
14.1245136187	1.60994371804e-27
14.1391050584	1.59944384379e-27
14.1536964981	1.59742261585e-27
14.1682879377	1.57385525745e-27
14.1828793774	1.55363091836e-27
14.1974708171	1.53080808804e-27
14.2120622568	1.52476691454e-27
14.2266536965	1.51493683963e-27
14.2412451362	1.55154387523e-27
14.2558365759	1.56249017125e-27
14.2704280156	1.56932552665e-27
14.2850194553	1.54646655615e-27
14.2996108949	1.53801134383e-27
14.3142023346	1.51718876478e-27
14.3287937743	1.5080737611e-27
14.343385214	1.50964755662e-27
14.3579766537	1.55305267328e-27
14.3725680934	1.5547297114e-27
14.3871595331	1.53817598051e-27
14.4017509728	1.5067194383e-27
14.4163424125	1.48962008945e-27
14.4309338521	1.45222915456e-27
14.4455252918	1.43770566487e-27
14.4601167315	1.428259647e-27
14.4747081712	1.44854071274e-27
14.4892996109	1.44846955347e-27
14.5038910506	1.45656530279e-27
14.5184824903	1.44377593201e-27
14.53307393	1.43396967743e-27
14.5476653697	1.41836931002e-27
14.5622568093	1.41210987493e-27
14.576848249	1.40079066787e-27
14.5914396887	1.44121605961e-27
14.6060311284	1.4509560014e-27
14.6206225681	1.4543738553e-27
14.6352140078	1.42284816408e-27
14.6498054475	1.401858342e-27
14.6643968872	1.37313257202e-27
14.6789883268	1.34862048281e-27
14.6935797665	1.33036513376e-27
14.7081712062	1.34697607561e-27
14.7227626459	1.33173796331e-27
14.7373540856	1.32464931686e-27
14.7519455253	1.30040925992e-27
14.766536965	1.28526840967e-27
14.7811284047	1.24154230551e-27
14.7957198444	1.2120437733e-27
14.810311284	1.18029438232e-27
14.8249027237	1.16249487535e-27
14.8394941634	1.11959849734e-27
14.8540856031	1.07476024788e-27
14.8686770428	1.0108382551e-27
14.8832684825	9.64038022549e-28
14.8978599222	9.14889557712e-28
14.9124513619	8.741012445e-28
14.9270428016	8.39739868891e-28
14.9416342412	8.66677645029e-28
14.9562256809	9.38050955897e-28
14.9708171206	1.08842713618e-27
14.9854085603	1.42971823908e-27
15.0	1.820724499e-27
