-14.9854085603	2.6545077379e-27
-14.9708171206	1.60672487118e-27
-14.9562256809	9.93081589149e-28
-14.9416342412	5.94666638261e-28
-14.9270428016	3.64137202717e-28
-14.9124513619	2.2831529714e-28
-14.8978599222	1.60718492587e-28
-14.8832684825	1.26882276351e-28
-14.8686770428	1.22097075402e-28
-14.8540856031	1.26685742015e-28
-14.8394941634	1.39954222659e-28
-14.8249027237	1.42530999867e-28
-14.810311284	1.59816667246e-28
-14.7957198444	1.75273056226e-28
-14.7811284047	1.96905857186e-28
-14.766536965	2.1269672288e-28
-14.7519455253	2.28969920896e-28
-14.7373540856	2.3860770434e-28
-14.7227626459	2.44828110873e-28
-14.7081712062	2.29881224065e-28
-14.6935797665	2.33134877117e-28
-14.6789883268	2.38671408119e-28
-14.6643968872	2.50169607373e-28
-14.6498054475	2.57780052989e-28
-14.6352140078	2.71812656752e-28
-14.6206225681	2.73221500508e-28
-14.6060311284	2.72056463515e-28
-14.5914396887	2.53010879567e-28
-14.576848249	2.50952330271e-28
-14.5622568093	2.52247185345e-28
-14.5476653696	2.63862777884e-28
-14.53307393	2.68697390766e-28
-14.5184824903	2.77146999362e-28
-14.5038910506	2.77705664869e-28
-14.4892996109	2.77649588765e-28
-14.4747081712	2.58423139216e-28
-14.4601167315	2.57587988159e-28
-14.4455252918	2.58649036062e-28
-14.4309338521	2.69619341398e-28
-14.4163424125	2.74819913938e-28
-14.4017509728	2.82660810394e-28
-14.3871595331	2.82372746275e-28
-14.3725680934	2.81620248015e-28
-14.3579766537	2.59060501691e-28
-14.343385214	2.54624385616e-28
-14.3287937743	2.53820772672e-28
-14.3142023346	2.62020095139e-28
-14.2996108949	2.65387577552e-28
-14.2850194553	2.7375407002e-28
-14.2704280156	2.73786104455e-28
-14.2558365759	2.72009639555e-28
-14.2412451362	2.50801007334e-28
-14.2266536965	2.47302789937e-28
-14.2120622568	2.44559125192e-28
-14.1974708171	2.51717396253e-28
-14.1828793774	2.53746007322e-28
-14.1682879377	2.59283874239e-28
-14.1536964981	2.5606135165e-28
-14.1391050584	2.51077703437e-28
-14.1245136187	2.2536758226e-28
-14.109922179	2.19146468595e-28
-14.0953307393	2.15495959582e-28
-14.0807392996	2.21095448114e-28
-14.0661478599	2.23240739518e-28
-14.0515564202	2.28982580569e-28
-14.0369649805	2.25467899752e-28
-14.0223735409	2.20905151867e-28
-14.0077821012	1.9674415806e-28
-13.9931906615	1.90121573557e-28
-13.9785992218	1.85382198288e-28
-13.9640077821	1.89075765632e-28
-13.9494163424	1.88132003498e-28
-13.9348249027	1.92203600633e-28
-13.920233463	1.8810940163e-28
-13.9056420233	1.81967411638e-28
-13.8910505837	1.60022985535e-28
-13.876459144	1.54424800195e-28
-13.8618677043	1.50821591039e-28
-13.8472762646	1.54900741086e-28
-13.8326848249	1.549406926e-28
-13.8180933852	1.59818240494e-28
-13.8035019455	1.57223533934e-28
-13.7889105058	1.51305034568e-28
-13.7743190661	1.31417470334e-28
-13.7597276265	1.26854958722e-28
-13.7451361868	1.23697375717e-28
-13.7305447471	1.27037653244e-28
-13.7159533074	1.27204426874e-28
-13.7013618677	1.30937644608e-28
-13.686770428	1.27515129768e-28
-13.6721789883	1.22365635112e-28
-13.6575875486	1.0420851847e-28
-13.6429961089	9.89649482922e-29
-13.6284046693	9.59282950085e-29
-13.6138132296	9.75784503486e-29
-13.5992217899	9.76250772365e-29
-13.5846303502	1.01785343311e-28
-13.5700389105	9.99700835826e-29
-13.5554474708	9.55630738621e-29
-13.5408560311	8.08780674606e-29
-13.5262645914	7.80592387783e-29
-13.5116731518	7.64722524004e-29
-13.4970817121	7.92087017036e-29
-13.4824902724	8.04235149251e-29
-13.4678988327	8.37537549407e-29
-13.453307393	8.2098704135e-29
-13.4387159533	7.82986432318e-29
-13.4241245136	6.54601691019e-29
-13.4095330739	6.26156192885e-29
-13.3949416342	6.09433556663e-29
-13.3803501946	6.31186453228e-29
-13.3657587549	6.39306891689e-29
-13.3511673152	6.8043662594e-29
-13.3365758755	6.93960984867e-29
-13.3219844358	6.89460662994e-29
-13.3073929961	6.27998746195e-29
-13.2928015564	6.33057343396e-29
-13.2782101167	6.46408357571e-29
-13.263618677	6.59471718206e-29
-13.2490272374	6.57335042871e-29
-13.2344357977	6.77815849568e-29
-13.219844358	6.64081423269e-29
-13.2052529183	6.33025935189e-29
-13.1906614786	5.71233050336e-29
-13.1760700389	5.61022203863e-29
-13.1614785992	5.5039873532e-29
-13.1468871595	5.50893529968e-29
-13.1322957198	5.35758297745e-29
-13.1177042802	5.37312221006e-29
-13.1031128405	5.27223467639e-29
-13.0885214008	4.95904652877e-29
-13.0739299611	4.40378706064e-29
-13.0593385214	4.39625100244e-29
-13.0447470817	4.37908617916e-29
-13.030155642	4.33796082856e-29
-13.0155642023	4.30106924605e-29
-13.0009727626	4.31117961062e-29
-12.986381323	4.2961280696e-29
-12.9717898833	4.19600890817e-29
-12.9571984436	4.15622649615e-29
-12.9426070039	4.28766801777e-29
-12.9280155642	4.42030567453e-29
-12.9134241245	4.41129967415e-29
-12.8988326848	4.44872790788e-29
-12.8842412451	4.59777957324e-29
-12.8696498054	4.98369785947e-29
-12.8550583658	5.39581383534e-29
-12.8404669261	6.31187820598e-29
-12.8258754864	7.08442057192e-29
-12.8112840467	7.80277264293e-29
-12.796692607	8.10005431818e-29
-12.7821011673	8.41329295304e-29
-12.7675097276	8.62961834975e-29
-12.7529182879	8.98961307916e-29
-12.7383268482	9.2419202219e-29
-12.7237354086	9.92063793111e-29
-12.7091439689	1.03863914794e-28
-12.6945525292	1.07548432626e-28
-12.6799610895	1.06345105356e-28
-12.6653696498	1.0545050943e-28
-12.6507782101	1.04958132851e-28
-12.6361867704	1.08952114682e-28
-12.6215953307	1.13920423661e-28
-12.6070038911	1.27394405564e-28
-12.5924124514	1.35427731996e-28
-12.5778210117	1.42418496687e-28
-12.563229572	1.40266170988e-28
-12.5486381323	1.40298284308e-28
-12.5340466926	1.41612312931e-28
-12.5194552529	1.48175539645e-28
-12.5048638132	1.58504783517e-28
-12.4902723735	1.83499822933e-28
-12.4756809339	1.97585243904e-28
-12.4610894942	2.10516724146e-28
-12.4464980545	2.13262562457e-28
-12.4319066148	2.17059672379e-28
-12.4173151751	2.20479580118e-28
-12.4027237354	2.30848080431e-28
-12.3881322957	2.42683059913e-28
-12.373540856	2.73389300146e-28
-12.3589494163	2.90638674487e-28
-12.3443579767	3.05689733128e-28
-12.329766537	3.09565173865e-28
-12.3151750973	3.19475653236e-28
-12.3005836576	3.25221386353e-28
-12.2859922179	3.40058737023e-28
-12.2714007782	3.60719913322e-28
-12.2568093385	4.03634783868e-28
-12.2422178988	4.26594074833e-28
-12.2276264591	4.44155235934e-28
-12.2130350195	4.45358990442e-28
-12.1984435798	4.50338157785e-28
-12.1838521401	4.50926580533e-28
-12.1692607004	4.60470737158e-28
-12.1546692607	4.71941472177e-28
-12.140077821	5.1083507628e-28
-12.1254863813	5.26112610041e-28
-12.1108949416	5.32910281815e-28
-12.0963035019	5.24427446669e-28
-12.0817120623	5.19829862921e-28
-12.0671206226	5.17900532299e-28
-12.0525291829	5.29600214893e-28
-12.0379377432	5.41544221252e-28
-12.0233463035	5.82228505638e-28
-12.0087548638	5.99531166213e-28
-11.9941634241	6.12126439147e-28
-11.9795719844	6.07322311574e-28
-11.9649805447	6.08848146777e-28
-11.9503891051	6.07030694841e-28
-11.9357976654	6.18836036029e-28
-11.9212062257	6.37331847032e-28
-11.906614786	6.83993917514e-28
-11.8920233463	7.01024581846e-28
-11.8774319066	7.12153087328e-28
-11.8628404669	6.99871941079e-28
-11.8482490272	6.90913695441e-28
-11.8336575875	6.84520492353e-28
-11.8190661479	6.90063967851e-28
-11.8044747082	7.01877812421e-28
-11.7898832685	7.45450347598e-28
-11.7752918288	7.53386141729e-28
-11.7607003891	7.52121002671e-28
-11.7461089494	7.36442976049e-28
-11.7315175097	7.27948570319e-28
-11.71692607	7.2472150657e-28
-11.7023346304	7.40867818672e-28
-11.6877431907	7.50966660529e-28
-11.673151751	7.88967035503e-28
-11.6585603113	7.9807526261e-28
-11.6439688716	7.93172468968e-28
-11.6293774319	7.71685795822e-28
-11.6147859922	7.57962868272e-28
-11.6001945525	7.37130931816e-28
-11.5856031128	7.39358751463e-28
-11.5710116732	7.44145913283e-28
-11.5564202335	7.72197399837e-28
-11.5418287938	7.58800757355e-28
-11.5272373541	7.4238980629e-28
-11.5126459144	7.03902366694e-28
-11.4980544747	6.66614731805e-28
-11.483463035	6.37396406692e-28
-11.4688715953	6.22305308529e-28
-11.4542801556	6.19559752922e-28
-11.439688716	6.46287747903e-28
-11.4250972763	6.42422896852e-28
-11.4105058366	6.46313889693e-28
-11.3959143969	6.58809928019e-28
-11.3813229572	7.23785730451e-28
-11.3667315175	8.47600526654e-28
-11.3521400778	1.06152708448e-27
-11.3375486381	1.37245794575e-27
-11.3229571984	1.85432166504e-27
-11.3083657588	2.52574198913e-27
-11.2937743191	3.49631894484e-27
-11.2791828794	4.79687467212e-27
-11.2645914397	6.75766081889e-27
-11.25	8.59516540354e-27
-11.2354085603	6.61778812824e-27
-11.2208171206	4.53878323381e-27
-11.2062256809	3.15386052006e-27
-11.1916342412	2.13425982759e-27
-11.1770428016	1.42996187509e-27
-11.1624513619	9.31508091871e-28
-11.1478599222	5.989088071e-28
-11.1332684825	3.80619401507e-28
-11.1186770428	2.42822879046e-28
-11.1040856031	1.65295813132e-28
-11.0894941634	1.21609235228e-28
-11.0749027237	1.20856330808e-28
-11.060311284	1.42423735973e-28
-11.0457198444	1.81687770675e-28
-11.0311284047	2.25703367881e-28
-11.016536965	2.73282105036e-28
-11.0019455253	3.12415605802e-28
-10.9873540856	3.51173965696e-28
-10.9727626459	3.70251864171e-28
-10.9581712062	4.01080399224e-28
-10.9435797665	4.3222020259e-28
-10.9289883268	4.74275097895e-28
-10.9143968872	5.07616957075e-28
-10.8998054475	5.35844755716e-28
-10.8852140078	5.48817140683e-28
-10.8706225681	5.46050537324e-28
-10.8560311284	5.10914731772e-28
-10.8414396887	4.99550727766e-28
-10.826848249	4.89553533608e-28
-10.8122568093	4.87473377536e-28
-10.7976653696	4.79169194808e-28
-10.78307393	4.6262433304e-28
-10.7684824903	4.32914632368e-28
-10.7538910506	3.95967972211e-28
-10.7392996109	3.31685195063e-28
-10.7247081712	2.88054499159e-28
-10.7101167315	2.48224940846e-28
-10.6955252918	2.19932834179e-28
-10.6809338521	1.94610729201e-28
-10.6663424125	1.77396212303e-28
-10.6517509728	1.64062444078e-28
-10.6371595331	1.72997346436e-28
-10.6225680934	2.06603105523e-28
-10.6079766537	2.94263957525e-28
-10.593385214	4.46419040063e-28
-10.5787937743	6.73805149309e-28
-10.5642023346	1.00677075658e-27
-10.5496108949	1.49791469967e-27
-10.5350194553	2.18515191652e-27
-10.5204280156	3.12072203476e-27
-10.5058365759	4.43737889389e-27
-10.4912451362	6.216763777e-27
-10.4766536965	8.6006723497e-27
-10.4620622568	1.17815335086e-26
-10.4474708171	1.60042281427e-26
-10.4328793774	2.16078142861e-26
-10.4182879377	2.90323856305e-26
-10.4036964981	3.88623161123e-26
-10.3891050584	5.1931126232e-26
-10.3745136187	6.89048539108e-26
-10.359922179	9.0902158232e-26
-10.3453307393	1.1931744366e-25
-10.3307392996	1.56113239947e-25
-10.3161478599	2.0361171912e-25
-10.3015564202	2.64952044562e-25
-10.2869649805	3.44108879186e-25
-10.2723735409	4.46559479142e-25
-10.2577821012	5.77903219009e-25
-10.2431906615	7.46793696608e-25
-10.2285992218	9.63462014156e-25
-10.2140077821	1.24164989278e-24
-10.1994163424	1.59882319845e-24
-10.1848249027	2.05664328638e-24
-10.170233463	2.64315178255e-24
-10.1556420233	3.39549979225e-24
-10.1410505837	4.35625098552e-24
-10.126459144	5.58364460507e-24
-10.1118677043	7.15159149071e-24
-10.0972762646	9.15318466055e-24
-10.0826848249	1.17057921324e-23
-10.0680933852	1.49611973833e-23
-10.0535019455	1.91111869662e-23
-10.0389105058	2.44017426385e-23
-10.0243190661	3.11339317452e-23
-10.0097276265	3.96985129572e-23
-9.99513618677	5.05886941685e-23
-9.98054474708	6.44311874215e-23
-9.96595330739	8.20142219152e-23
-9.9513618677	1.04339415841e-22
-9.93677042802	1.32674814023e-22
-9.92217898833	1.68615949254e-22
-9.90758754864	2.14157034206e-22
-9.89299610895	2.71850642034e-22
-9.87840466926	3.44886424695e-22
-9.86381322957	4.37311431678e-22
-9.84922178988	5.54215244275e-22
-9.83463035019	7.02001835602e-22
-9.82003891051	8.88742219272e-22
-9.80544747082	1.12459582101e-21
-9.79085603113	1.42226336686e-21
-9.77626459144	1.79776492943e-21
-9.76167315175	2.27119745826e-21
-9.74708171206	2.86778884277e-21
-9.73249027237	3.61917765642e-21
-9.71789883268	4.56507255262e-21
-9.703307393	5.7551768307e-21
-9.68871595331	7.25181935299e-21
-9.67412451362	9.13279227462e-21
-9.65953307393	1.14956046272e-20
-9.64494163424	1.44620822471e-20
-9.63035019455	1.81845617468e-20
-9.61575875486	2.28532021139e-20
-9.60116731517	2.87054687777e-20
-9.58657587549	3.60375588833e-20
-9.5719844358	4.52189208071e-20
-9.55739299611	5.67093859746e-20
-9.54280155642	7.10822731512e-20
-9.52821011673	8.90510236701e-20
-9.51361867704	1.11503504938e-19
-9.49902723735	1.39543679493e-19
-9.48443579767	1.74543412776e-19
-9.46984435798	2.18206802508e-19
-9.45525291829	2.72649847606e-19
-9.4406614786	3.40496369969e-19
-9.42607003891	4.25001655297e-19
-9.41147859922	5.30199658698e-19
-9.39688715953	6.61087537283e-19
-9.38229571984	8.23851443582e-19
-9.36770428016	1.02614651618e-18
-9.35311284047	1.27743872461e-18
-9.33852140078	1.58942860653e-18
-9.32392996109	1.9765665024e-18
-9.3093385214	2.4566952635e-18
-9.29474708171	3.05183033927e-18
-9.28015564202	3.78912353964e-18
-9.26556420233	4.70203796629e-18
-9.25097276265	5.83179657348e-18
-9.23638132296	7.22915060122e-18
-9.22178988327	8.95654898568e-18
-9.20719844358	1.10907827714e-17
-9.19260700389	1.37262432158e-17
-9.1780155642	1.697887665e-17
-9.16342412451	2.09910354189e-17
-9.14883268482	2.59373843621e-17
-9.13424124514	3.20321236409e-17
-9.11964980545	3.95377823017e-17
-9.10505836576	4.87759488233e-17
-9.09046692607	6.01403104428e-17
-9.07587548638	7.41125832069e-17
-9.06128404669	9.12818335286e-17
-9.046692607	1.12368009969e-16
-9.03210116731	1.38250505414e-16
-9.01750972763	1.7000287383e-16
-9.00291828794	2.08934932091e-16
-8.98832684825	2.56643876279e-16
-8.97373540856	3.15076148551e-16
-8.95914396887	3.86602557141e-16
-8.94455252918	4.74109054689e-16
-8.92996108949	5.81106712409e-16
-8.91536964981	7.11864623852e-16
-8.90077821012	8.71570620411e-16
-8.88618677043	1.06652529117e-15
-8.87159533074	1.30437632951e-15
-8.85700389105	1.59440102601e-15
-8.84241245136	1.94784725283e-15
-8.82782101167	2.37834391973e-15
-8.81322957198	2.90239553134e-15
-8.7986381323	3.53997723824e-15
-8.78404669261	4.31525067635e-15
-8.76945525292	5.25742416665e-15
-8.75486381323	6.40178642965e-15
-8.74027237354	7.79094705081e-15
-8.72568093385	9.4763256769e-15
-8.71108949416	1.15199366923e-14
-8.69649805447	1.39965285881e-14
-8.68190661479	1.6996145472e-14
-8.6673151751	2.06271933346e-14
-8.65272373541	2.50201069518e-14
-8.63813229572	3.03317338367e-14
-8.62354085603	3.67505702876e-14
-8.60894941634	4.4503014256e-14
-8.59435797665	5.38608234812e-14
-8.57976653696	6.51500101493e-14
-8.56517509728	7.8761438378e-14
-8.55058365759	9.5163445149e-14
-8.5359922179	1.1491685985e-13
-8.52140077821	1.38692868688e-13
-8.50680933852	1.67294245124e-13
-8.49221789883	2.01680573142e-13
-8.47762645914	2.42998183746e-13
-8.46303501945	2.92615672371e-13
-8.44844357977	3.52166003888e-13
-8.43385214008	4.23596399615e-13
-8.41926070039	5.09227402392e-13
-8.4046692607	6.11822768582e-13
-8.39007782101	7.34672107571e-13
-8.37548638132	8.81688547663e-13
-8.36089494163	1.05752406314e-12
-8.34630350195	1.26770558806e-12
-8.33171206226	1.51879554043e-12
-8.31712062257	1.81858102542e-12
-8.30252918288	2.1762966788e-12
-8.28793774319	2.60288697609e-12
-8.2733463035	3.11131476811e-12
-8.25875486381	3.71692398295e-12
-8.24416342412	4.43786567314e-12
-8.22957198444	5.29559818157e-12
-8.21498054475	6.31547389065e-12
-8.20038910506	7.52742710452e-12
-8.18579766537	8.96677993276e-12
-8.17120622568	1.06751857981e-11
-8.15661478599	1.27017332793e-11
-8.1420233463	1.51042367347e-11
-8.12743190661	1.79507441736e-11
-8.11284046693	2.13212978235e-11
-8.09824902724	2.53099882722e-11
-8.08365758755	3.00273495148e-11
-8.06906614786	3.56031495037e-11
-8.05447470817	4.21896393225e-11
-8.03988326848	4.99653335978e-11
-8.02529182879	5.91394061044e-11
-8.0107003891	6.99567968573e-11
-7.99610894942	8.27041418613e-11
-7.98151750973	9.77166530047e-11
-7.96692607004	1.15386094786e-10
-7.95233463035	1.36170026021e-10
-7.93774319066	1.60602499579e-10
-7.92315175097	1.89306441103e-10
-7.90856031128	2.23007960086e-10
-7.89396887159	2.62552882561e-10
-7.87937743191	3.08925836783e-10
-7.86478599222	3.63272269677e-10
-7.85019455253	4.26923825666e-10
-7.83560311284	5.01427579654e-10
-7.82101167315	5.88579684634e-10
-7.80642023346	6.90464071538e-10
-7.79182879377	8.0949692716e-10
-7.77723735409	9.48477773683e-10
-7.7626459144	1.11064808598e-09
-7.74805447471	1.2997585077e-09
-7.73346303502	1.52014586904e-09
-7.71887159533	1.77682136744e-09
-7.70428015564	2.07557145215e-09
-7.68968871595	2.42307315266e-09
-7.67509727626	2.82702581765e-09
-7.66050583658	3.29630148055e-09
-7.64591439689	3.84111635139e-09
-7.6313229572	4.47322624801e-09
-7.61673151751	5.20614913201e-09
-7.60214007782	6.05541830545e-09
-7.58754863813	7.03887026189e-09
-7.57295719844	8.17697166891e-09
-7.55836575875	9.49319050185e-09
-7.54377431907	1.10144169428e-08
-7.52918287938	1.27714403267e-08
-7.51459143969	1.47994891494e-08
-7.5	1.71388419639e-08
-7.48540856031	1.98355178906e-08
-7.47081712062	2.29420564747e-08
-7.45622568093	2.65183976577e-08
-7.44163424124	3.06328739088e-08
-7.42704280156	3.53633278282e-08
-7.41245136187	4.07983699948e-08
-7.39785992218	4.70387934178e-08
-7.38326848249	5.41991626869e-08
-7.3686770428	6.24095978072e-08
-7.35408560311	7.18177747749e-08
-7.33949416342	8.2591167197e-08
-7.32490272373	9.49195557134e-08
-7.31031128405	1.09017834622e-07
-7.29571984436	1.25129148001e-07
-7.28112840467	1.43528390733e-07
-7.26653696498	1.64526113183e-07
-7.25194552529	1.88472871934e-07
-7.2373540856	2.15764072862e-07
-7.22276264591	2.46845357013e-07
-7.20817120623	2.82218584255e-07
-7.19357976654	3.22448474437e-07
-7.17898832685	3.68169970919e-07
-7.16439688716	4.20096396761e-07
-7.14980544747	4.79028479646e-07
-7.13521400778	5.45864327695e-07
-7.12062256809	6.21610444799e-07
-7.1060311284	7.07393880858e-07
-7.09143968872	8.04475619447e-07
-7.07684824903	9.14265312853e-07
-7.06225680934	1.03833748217e-06
-7.04766536965	1.17844930822e-06
-7.03307392996	1.33656014725e-06
-7.01848249027	1.5148529141e-06
-7.00389105058	1.71575748403e-06
-6.98929961089	1.9419762734e-06
-6.97470817121	2.1965121685e-06
-6.96011673152	2.48269898043e-06
-6.94552529183	2.80423461334e-06
-6.93093385214	3.1652171419e-06
-6.91634241245	3.57018400239e-06
-6.90175097276	4.02415451029e-06
-6.88715953307	4.53267592476e-06
-6.87256809338	5.10187328759e-06
-6.8579766537	5.73850327072e-06
-6.84338521401	6.45001227168e-06
-6.82879377432	7.24459900058e-06
-6.81420233463	8.13128180539e-06
-6.79961089494	9.11997098355e-06
-6.78501945525	1.02215463275e-05
-6.77042801556	1.14479401493e-05
-6.75583657588	1.28122260247e-05
-6.74124513619	1.432871349e-05
-6.7266536965	1.60130489138e-05
-6.71206225681	1.78823227537e-05
-6.69747081712	1.99551833885e-05
-6.68287937743	2.22519576997e-05
-6.66828793774	2.47947785457e-05
-6.65369649805	2.76077192468e-05
-6.63910505837	3.07169351617e-05
-6.62451361868	3.41508123996e-05
-6.60992217899	3.79401236618e-05
-6.5953307393	4.21181911616e-05
-6.58073929961	4.67210565094e-05
-6.56614785992	5.17876573891e-05
-6.55155642023	5.73600107817e-05
-6.53696498054	6.3483402414e-05
-6.52237354086	7.02065820308e-05
-6.50778210117	7.75819639938e-05
-6.49319066148	8.56658326204e-05
-6.47859922179	9.45185515665e-05
-6.4640077821	0.000104204776454
-6.44941634241	0.000114793669826
-6.43482490272	0.000126359117392
-6.42023346303	0.000138979944403
-6.40564202335	0.00015274013087
-6.39105058366	0.000167729024205
-6.37645914397	0.000184041547725
-6.36186770428	0.00020177840335
-6.34727626459	0.000221046266656
-6.3326848249	0.000241957972354
-6.31809338521	0.000264632688117
-6.30350194552	0.000289196074561
-6.28891050584	0.000315780429085
-6.27431906615	0.000344524811177
-6.25972762646	0.000375575146689
-6.24513618677	0.000409084308538
-6.23054474708	0.00044521217123
-6.21595330739	0.000484125636565
-6.2013618677	0.000525998627882
-6.18677042802	0.000571012050228
-6.17217898833	0.000619353713879
-6.15758754864	0.000671218218705
-6.14299610895	0.000726806797016
-6.12840466926	0.000786327112644
-6.11381322957	0.000849993014212
-6.09922178988	0.000918024240767
-6.08463035019	0.000990646078219
-6.07003891051	0.0010680889653
-6.05544747082	0.00115058804814
-6.04085603113	0.00123838268287
-6.02626459144	0.00133171588622
-6.01167315175	0.0014308337342
-5.99708171206	0.00153598470997
-5.98249027237	0.0016474190018
-5.96789883268	0.00176538775332
-5.953307393	0.00189014226812
-5.93871595331	0.0020219331717
-5.92412451362	0.00216100953431
-5.90953307393	0.00230761795853
-5.89494163424	0.00246200163636
-5.88035019455	0.00262439938062
-5.86575875486	0.00279504463651
-5.85116731517	0.00297416447912
-5.83657587549	0.00316197860355
-5.8219844358	0.00335869831425
-5.80739299611	0.00356452552082
-5.79280155642	0.00377965174753
-5.77821011673	0.0040042571641
-5.76361867704	0.00423850964529
-5.74902723735	0.00448256386689
-5.73443579766	0.0047365604456
-5.71984435798	0.00500062512999
-5.70525291829	0.0052748680498
-5.6906614786	0.00555938302993
-5.67607003891	0.00585424697563
-5.66147859922	0.00615951933436
-5.64688715953	0.00647524163958
-5.63229571984	0.0068014371407
-5.61770428016	0.00713811052301
-5.60311284047	0.00748524772043
-5.58852140078	0.00784281582305
-5.57392996109	0.00821076308077
-5.5593385214	0.0085890190033
-5.54474708171	0.00897749455595
-5.53015564202	0.00937608244978
-5.51556420233	0.00978465752377
-5.50097276265	0.010203077216
-5.48638132296	0.0106311821196
-5.47178988327	0.0110687966194
-5.45719844358	0.0115157296033
-5.44260700389	0.011971775243
-5.4280155642	0.0124367138372
-5.41342412451	0.0129103127104
-5.39883268482	0.0133923271611
-5.38424124514	0.0138825014498
-5.36964980545	0.0143805698214
-5.35505836576	0.0148862575529
-5.34046692607	0.0153992820185
-5.32587548638	0.0159193537656
-5.31128404669	0.0164461775932
-5.296692607	0.0169794536254
-5.28210116731	0.0175188783744
-5.26750972763	0.0180641457841
-5.25291828794	0.0186149482507
-5.23832684825	0.0191709776129
-5.22373540856	0.019731926107
-5.20914396887	0.0202974872828
-5.19455252918	0.0208673568754
-5.17996108949	0.0214412336301
-5.1653696498	0.022018820077
-5.15077821012	0.022599823253
-5.13618677043	0.02318395537
-5.12159533074	0.0237709344273
-5.10700389105	0.0243604847671
-5.09241245136	0.0249523375747
-5.07782101167	0.025546231321
-5.06322957198	0.0261419121503
-5.0486381323	0.026739134213
-5.03404669261	0.0273376599445
-5.01945525292	0.0279372602936
-5.00486381323	0.0285377148998
-4.99027237354	0.0291388122242
-4.97568093385	0.0297403496348
-4.96108949416	0.0303421334491
-4.94649805447	0.030943978937
-4.93190661479	0.0315457102866
-4.9173151751	0.0321471605354
-4.90272373541	0.0327481714702
-4.88813229572	0.0333485934981
-4.87354085603	0.0339482854918
-4.85894941634	0.034547114612
-4.84435797665	0.0351449561085
-4.82976653696	0.035741693105
-4.81517509728	0.0363372163668
-4.80058365759	0.0369314240573
-4.7859922179	0.0375242214828
-4.77140077821	0.0381155208292
-4.75680933852	0.0387052408923
-4.74221789883	0.0392933068038
-4.72762645914	0.039879649754
-4.71303501945	0.0404642067136
-4.69844357977	0.0410469201561
-4.68385214008	0.0416277377813
-4.66926070039	0.042206612242
-4.6546692607	0.0427835008747
-4.64007782101	0.0433583654348
-4.62548638132	0.0439311718379
-4.61089494163	0.0445018899075
-4.59630350194	0.0450704931295
-4.58171206226	0.0456369584145
-4.56712062257	0.0462012658683
-4.55252918288	0.0467633985703
-4.53793774319	0.0473233423607
-4.5233463035	0.0478810856367
-4.50875486381	0.0484366191572
-4.49416342412	0.0489899358569
-4.47957198444	0.0495410306689
-4.46498054475	0.0500899003569
-4.45038910506	0.0506365433552
-4.43579766537	0.0511809596182
-4.42120622568	0.0517231504784
-4.40661478599	0.0522631185122
-4.3920233463	0.0528008674143
-4.37743190661	0.0533364018797
-4.36284046693	0.0538697274936
-4.34824902724	0.0544008506281
-4.33365758755	0.054929778347
-4.31906614786	0.0554565183159
-4.30447470817	0.0559810787204
-4.28988326848	0.0565034681889
-4.27529182879	0.0570236957231
-4.2607003891	0.0575417706321
-4.24610894942	0.0580577024735
-4.23151750973	0.0585715009989
-4.21692607004	0.0590831761034
-4.20233463035	0.0595927377812
-4.18774319066	0.0601001960839
-4.17315175097	0.0606055610834
-4.15856031128	0.0611088428387
-4.14396887159	0.0616100513655
-4.12937743191	0.0621091966097
-4.11478599222	0.0626062884233
-4.10019455253	0.0631013365434
-4.08560311284	0.0635943505741
-4.07101167315	0.0640853399699
-4.05642023346	0.0645743140219
-4.04182879377	0.0650612818462
-4.02723735408	0.0655462523738
-4.0126459144	0.0660292343417
-3.99805447471	0.0665102362872
-3.98346303502	0.0669892665413
-3.96887159533	0.0674663332258
-3.95428015564	0.0679414442494
-3.93968871595	0.0684146073065
-3.92509727626	0.068885829876
-3.91050583658	0.0693551192212
-3.89591439689	0.0698224823908
-3.8813229572	0.0702879262196
-3.86673151751	0.0707514573313
-3.85214007782	0.0712130821403
-3.83754863813	0.071672806855
-3.82295719844	0.0721306374809
-3.80836575875	0.0725865798244
-3.79377431907	0.0730406394968
-3.77918287938	0.0734928219182
-3.76459143969	0.0739431323224
-3.75	0.0743915757608
-3.73540856031	0.0748381571076
-3.72081712062	0.0752828810643
-3.70622568093	0.0757257521648
-3.69163424124	0.0761667747798
-3.67704280156	0.0766059531222
-3.66245136187	0.0770432912515
-3.64785992218	0.0774787930789
-3.63326848249	0.0779124623724
-3.6186770428	0.078344302761
-3.60408560311	0.0787743177397
-3.58949416342	0.0792025106742
-3.57490272373	0.0796288848053
-3.56031128405	0.0800534432533
-3.54571984436	0.0804761890225
-3.53112840467	0.0808971250055
-3.51653696498	0.0813162539871
-3.50194552529	0.0817335786486
-3.4873540856	0.0821491015714
-3.47276264591	0.0825628252413
-3.45817120623	0.0829747520516
-3.44357976654	0.0833848843071
-3.42898832685	0.0837932242274
-3.41439688716	0.0841997739503
-3.39980544747	0.084604535535
-3.38521400778	0.0850075109652
-3.37062256809	0.085408702152
-3.3560311284	0.0858081109372
-3.34143968872	0.0862057390955
-3.32684824903	0.0866015883377
-3.31225680934	0.0869956603131
-3.29766536965	0.0873879566117
-3.28307392996	0.0877784787672
-3.26848249027	0.0881672282586
-3.25389105058	0.0885542065129
-3.23929961089	0.088939414907
-3.22470817121	0.0893228547699
-3.21011673152	0.0897045273842
-3.19552529183	0.0900844339885
-3.18093385214	0.0904625757788
-3.16634241245	0.0908389539106
-3.15175097276	0.0912135694999
-3.13715953307	0.0915864236255
-3.12256809338	0.0919575173299
-3.1079766537	0.0923268516211
-3.09338521401	0.0926944274739
-3.07879377432	0.0930602458312
-3.06420233463	0.0934243076049
-3.04961089494	0.0937866136779
-3.03501945525	0.0941471649044
-3.02042801556	0.0945059621117
-3.00583657587	0.0948630061007
-2.99124513619	0.0952182976473
-2.9766536965	0.0955718375031
-2.96206225681	0.0959236263966
-2.94747081712	0.0962736650337
-2.93287937743	0.0966219540989
-2.91828793774	0.0969684942561
-2.90369649805	0.0973132861489
-2.88910505837	0.0976563304021
-2.87451361868	0.0979976276217
-2.85992217899	0.0983371783959
-2.8453307393	0.098674983296
-2.83073929961	0.0990110428764
-2.81614785992	0.0993453576758
-2.80155642023	0.0996779282174
-2.78696498054	0.100008755009
-2.77237354086	0.100337838546
-2.75778210117	0.100665179308
-2.74319066148	0.100990777761
-2.72859922179	0.10131463436
-2.7140077821	0.101636749547
-2.69941634241	0.101957123751
-2.68482490272	0.10227575739
-2.67023346303	0.10259265087
-2.65564202335	0.102907804589
-2.64105058366	0.103221218931
-2.62645914397	0.103532894272
-2.61186770428	0.103842830977
-2.59727626459	0.104151029403
-2.5826848249	0.104457489896
-2.56809338521	0.104762212794
-2.55350194552	0.105065198428
-2.53891050584	0.105366447117
-2.52431906615	0.105665959175
-2.50972762646	0.105963734907
-2.49513618677	0.106259774612
-2.48054474708	0.106554078578
-2.46595330739	0.10684664709
-2.4513618677	0.107137480424
-2.43677042801	0.107426578849
-2.42217898833	0.107713942628
-2.40758754864	0.107999572018
-2.39299610895	0.108283467271
-2.37840466926	0.10856562863
-2.36381322957	0.108846056334
-2.34922178988	0.109124750618
-2.33463035019	0.109401711708
-2.32003891051	0.109676939828
-2.30544747082	0.109950435195
-2.29085603113	0.110222198022
-2.27626459144	0.110492228516
-2.26167315175	0.11076052688
-2.24708171206	0.111027093312
-2.23249027237	0.111291928007
-2.21789883268	0.111555031154
-2.203307393	0.111816402939
-2.18871595331	0.112076043542
-2.17412451362	0.11233395314
-2.15953307393	0.112590131908
-2.14494163424	0.112844580014
-2.13035019455	0.113097297625
-2.11575875486	0.113348284903
-2.10116731517	0.113597542005
-2.08657587549	0.113845069089
-2.0719844358	0.114090866305
-2.05739299611	0.114334933803
-2.04280155642	0.114577271728
-2.02821011673	0.114817880222
-2.01361867704	0.115056759426
-1.99902723735	0.115293909475
-1.98443579766	0.115529330503
-1.96984435798	0.115763022641
-1.95525291829	0.115994986018
-1.9406614786	0.116225220759
-1.92607003891	0.116453726987
-1.91147859922	0.116680504822
-1.89688715953	0.116905554382
-1.88229571984	0.117128875783
-1.86770428015	0.117350469138
-1.85311284047	0.117570334558
-1.83852140078	0.117788472151
-1.82392996109	0.118004882024
-1.8093385214	0.118219564282
-1.79474708171	0.118432519025
-1.78015564202	0.118643746355
-1.76556420233	0.11885324637
-1.75097276265	0.119061019166
-1.73638132296	0.119267064837
-1.72178988327	0.119471383476
-1.70719844358	0.119673975173
-1.69260700389	0.119874840016
-1.6780155642	0.120073978094
-1.66342412451	0.120271389491
-1.64883268482	0.120467074291
-1.63424124514	0.120661032576
-1.61964980545	0.120853264426
-1.60505836576	0.12104376992
-1.59046692607	0.121232549136
-1.57587548638	0.121419602149
-1.56128404669	0.121604929034
-1.546692607	0.121788529864
-1.53210116731	0.121970404709
-1.51750972763	0.12215055364
-1.50291828794	0.122328976726
-1.48832684825	0.122505674034
-1.47373540856	0.122680645631
-1.45914396887	0.12285389158
-1.44455252918	0.123025411946
-1.42996108949	0.123195206791
-1.4153696498	0.123363276175
-1.40077821012	0.12352962016
-1.38618677043	0.123694238804
-1.37159533074	0.123857132163
-1.35700389105	0.124018300296
-1.34241245136	0.124177743257
-1.32782101167	0.124335461101
-1.31322957198	0.124491453881
-1.29863813229	0.124645721649
-1.28404669261	0.124798264457
-1.26945525292	0.124949082354
-1.25486381323	0.125098175391
-1.24027237354	0.125245543615
-1.22568093385	0.125391187074
-1.21108949416	0.125535105814
-1.19649805447	0.125677299881
-1.18190661479	0.12581776932
-1.1673151751	0.125956514174
-1.15272373541	0.126093534487
-1.13813229572	0.1262288303
-1.12354085603	0.126362401654
-1.10894941634	0.12649424859
-1.09435797665	0.126624371148
-1.07976653696	0.126752769367
-1.06517509728	0.126879443283
-1.05058365759	0.127004392936
-1.0359922179	0.127127618361
-1.02140077821	0.127249119594
-1.00680933852	0.12736889667
-0.992217898832	0.127486949623
-0.977626459143	0.127603278487
-0.963035019454	0.127717883295
-0.948443579766	0.12783076408
-0.933852140077	0.127941920872
-0.919260700388	0.128051353702
-0.9046692607	0.128159062601
-0.890077821011	0.128265047599
-0.875486381322	0.128369308724
-0.860894941633	0.128471846004
-0.846303501945	0.128572659468
-0.831712062256	0.128671749142
-0.817120622567	0.128769115052
-0.802529182879	0.128864757226
-0.78793774319	0.128958675687
-0.773346303501	0.129050870461
-0.758754863812	0.129141341571
-0.744163424124	0.129230089042
-0.729571984435	0.129317112896
-0.714980544746	0.129402413156
-0.700389105058	0.129485989844
-0.685797665369	0.12956784298
-0.67120622568	0.129647972587
-0.656614785991	0.129726378683
-0.642023346303	0.129803061289
-0.627431906614	0.129878020425
-0.612840466925	0.129951256109
-0.598249027237	0.130022768358
-0.583657587548	0.130092557192
-0.569066147859	0.130160622627
-0.55447470817	0.13022696468
-0.539883268482	0.130291583367
-0.525291828793	0.130354478704
-0.510700389104	0.130415650707
-0.496108949416	0.13047509939
-0.481517509727	0.130532824768
-0.466926070038	0.130588826855
-0.452334630349	0.130643105663
-0.437743190661	0.130695661207
-0.423151750972	0.130746493499
-0.408560311283	0.130795602551
-0.393968871594	0.130842988374
-0.379377431906	0.13088865098
-0.364785992217	0.13093259038
-0.350194552528	0.130974806584
-0.33560311284	0.131015299602
-0.321011673151	0.131054069444
-0.306420233462	0.131091116119
-0.291828793773	0.131126439635
-0.277237354085	0.13116004
-0.262645914396	0.131191917223
-0.248054474707	0.131222071311
-0.233463035019	0.131250502271
-0.21887159533	0.13127721011
-0.204280155641	0.131302194833
-0.189688715952	0.131325456447
-0.175097276264	0.131346994957
-0.160505836575	0.131366810368
-0.145914396886	0.131384902684
-0.131322957198	0.131401271911
-0.116731517509	0.13141591805
-0.10214007782	0.131428841106
-0.0875486381314	0.131440041083
-0.0729571984427	0.131449517981
-0.058365758754	0.131457271804
-0.0437743190653	0.131463302554
-0.0291828793766	0.131467610231
-0.0145914396879	0.131470194837
8.5975671027e-13	0.131471056372
0.0145914396896	0.131470194837
0.0291828793783	0.131467610231
0.043774319067	0.131463302554
0.0583657587557	0.131457271804
0.0729571984444	0.131449517981
0.0875486381332	0.131440041083
0.102140077822	0.131428841106
0.116731517511	0.13141591805
0.131322957199	0.131401271911
0.145914396888	0.131384902684
0.160505836577	0.131366810368
0.175097276265	0.131346994957
0.189688715954	0.131325456447
0.204280155643	0.131302194833
0.218871595332	0.13127721011
0.23346303502	0.131250502271
0.248054474709	0.131222071311
0.262645914398	0.131191917223
0.277237354086	0.13116004
0.291828793775	0.131126439635
0.306420233464	0.131091116119
0.321011673153	0.131054069444
0.335603112841	0.131015299602
0.35019455253	0.130974806584
0.364785992219	0.13093259038
0.379377431907	0.13088865098
0.393968871596	0.130842988374
0.408560311285	0.130795602551
0.423151750974	0.130746493499
0.437743190662	0.130695661207
0.452334630351	0.130643105663
0.46692607004	0.130588826855
0.481517509729	0.130532824768
0.496108949417	0.13047509939
0.510700389106	0.130415650707
0.525291828795	0.130354478704
0.539883268483	0.130291583367
0.554474708172	0.13022696468
0.569066147861	0.130160622627
0.58365758755	0.130092557192
0.598249027238	0.130022768358
0.612840466927	0.129951256109
0.627431906616	0.129878020425
0.642023346304	0.129803061289
0.656614785993	0.129726378683
0.671206225682	0.129647972587
0.685797665371	0.12956784298
0.700389105059	0.129485989844
0.714980544748	0.129402413156
0.729571984437	0.129317112896
0.744163424125	0.129230089042
0.758754863814	0.129141341571
0.773346303503	0.129050870461
0.787937743192	0.128958675687
0.80252918288	0.128864757226
0.817120622569	0.128769115052
0.831712062258	0.128671749142
0.846303501946	0.128572659468
0.860894941635	0.128471846004
0.875486381324	0.128369308724
0.890077821013	0.128265047599
0.904669260701	0.128159062601
0.91926070039	0.128051353702
0.933852140079	0.127941920872
0.948443579767	0.12783076408
0.963035019456	0.127717883295
0.977626459145	0.127603278487
0.992217898834	0.127486949623
1.00680933852	0.12736889667
1.02140077821	0.127249119594
1.0359922179	0.127127618361
1.05058365759	0.127004392936
1.06517509728	0.126879443283
1.07976653697	0.126752769367
1.09435797665	0.126624371148
1.10894941634	0.12649424859
1.12354085603	0.126362401654
1.13813229572	0.1262288303
1.15272373541	0.126093534487
1.1673151751	0.125956514174
1.18190661479	0.12581776932
1.19649805448	0.125677299881
1.21108949416	0.125535105814
1.22568093385	0.125391187074
1.24027237354	0.125245543615
1.25486381323	0.125098175391
1.26945525292	0.124949082354
1.28404669261	0.124798264457
1.2986381323	0.124645721649
1.31322957199	0.124491453881
1.32782101167	0.124335461101
1.34241245136	0.124177743257
1.35700389105	0.124018300296
1.37159533074	0.123857132163
1.38618677043	0.123694238804
1.40077821012	0.12352962016
1.41536964981	0.123363276175
1.4299610895	0.123195206791
1.44455252918	0.123025411946
1.45914396887	0.12285389158
1.47373540856	0.122680645631
1.48832684825	0.122505674034
1.50291828794	0.122328976726
1.51750972763	0.12215055364
1.53210116732	0.121970404709
1.546692607	0.121788529864
1.56128404669	0.121604929034
1.57587548638	0.121419602149
1.59046692607	0.121232549136
1.60505836576	0.12104376992
1.61964980545	0.120853264426
1.63424124514	0.120661032576
1.64883268483	0.120467074291
1.66342412451	0.120271389491
1.6780155642	0.120073978094
1.69260700389	0.119874840016
1.70719844358	0.119673975173
1.72178988327	0.119471383476
1.73638132296	0.119267064837
1.75097276265	0.119061019166
1.76556420234	0.11885324637
1.78015564202	0.118643746355
1.79474708171	0.118432519025
1.8093385214	0.118219564282
1.82392996109	0.118004882024
1.83852140078	0.117788472151
1.85311284047	0.117570334558
1.86770428016	0.117350469138
1.88229571985	0.117128875783
1.89688715953	0.116905554382
1.91147859922	0.116680504822
1.92607003891	0.116453726987
1.9406614786	0.116225220759
1.95525291829	0.115994986018
1.96984435798	0.115763022641
1.98443579767	0.115529330503
1.99902723736	0.115293909475
2.01361867704	0.115056759426
2.02821011673	0.114817880222
2.04280155642	0.114577271728
2.05739299611	0.114334933803
2.0719844358	0.114090866305
2.08657587549	0.113845069089
2.10116731518	0.113597542005
2.11575875486	0.113348284903
2.13035019455	0.113097297625
2.14494163424	0.112844580014
2.15953307393	0.112590131908
2.17412451362	0.11233395314
2.18871595331	0.112076043542
2.203307393	0.111816402939
2.21789883269	0.111555031154
2.23249027237	0.111291928007
2.24708171206	0.111027093312
2.26167315175	0.11076052688
2.27626459144	0.110492228516
2.29085603113	0.110222198022
2.30544747082	0.109950435195
2.32003891051	0.109676939828
2.3346303502	0.109401711708
2.34922178988	0.109124750618
2.36381322957	0.108846056334
2.37840466926	0.10856562863
2.39299610895	0.108283467271
2.40758754864	0.107999572018
2.42217898833	0.107713942628
2.43677042802	0.107426578849
2.45136186771	0.107137480424
2.46595330739	0.10684664709
2.48054474708	0.106554078578
2.49513618677	0.106259774612
2.50972762646	0.105963734907
2.52431906615	0.105665959175
2.53891050584	0.105366447117
2.55350194553	0.105065198428
2.56809338522	0.104762212794
2.5826848249	0.104457489896
2.59727626459	0.104151029403
2.61186770428	0.103842830977
2.62645914397	0.103532894272
2.64105058366	0.103221218931
2.65564202335	0.102907804589
2.67023346304	0.10259265087
2.68482490272	0.10227575739
2.69941634241	0.101957123751
2.7140077821	0.101636749547
2.72859922179	0.10131463436
2.74319066148	0.100990777761
2.75778210117	0.100665179308
2.77237354086	0.100337838546
2.78696498055	0.100008755009
2.80155642023	0.0996779282173
2.81614785992	0.0993453576758
2.83073929961	0.0990110428764
2.8453307393	0.098674983296
2.85992217899	0.0983371783959
2.87451361868	0.0979976276217
2.88910505837	0.0976563304021
2.90369649806	0.0973132861489
2.91828793774	0.0969684942561
2.93287937743	0.0966219540989
2.94747081712	0.0962736650337
2.96206225681	0.0959236263966
2.9766536965	0.0955718375031
2.99124513619	0.0952182976473
3.00583657588	0.0948630061007
3.02042801557	0.0945059621117
3.03501945525	0.0941471649044
3.04961089494	0.0937866136779
3.06420233463	0.0934243076049
3.07879377432	0.0930602458312
3.09338521401	0.0926944274739
3.1079766537	0.0923268516211
3.12256809339	0.0919575173299
3.13715953307	0.0915864236255
3.15175097276	0.0912135694999
3.16634241245	0.0908389539106
3.18093385214	0.0904625757788
3.19552529183	0.0900844339885
3.21011673152	0.0897045273842
3.22470817121	0.0893228547699
3.2392996109	0.088939414907
3.25389105058	0.0885542065129
3.26848249027	0.0881672282586
3.28307392996	0.0877784787672
3.29766536965	0.0873879566117
3.31225680934	0.0869956603131
3.32684824903	0.0866015883377
3.34143968872	0.0862057390955
3.35603112841	0.0858081109371
3.37062256809	0.085408702152
3.38521400778	0.0850075109652
3.39980544747	0.084604535535
3.41439688716	0.0841997739503
3.42898832685	0.0837932242274
3.44357976654	0.0833848843071
3.45817120623	0.0829747520516
3.47276264592	0.0825628252413
3.4873540856	0.0821491015714
3.50194552529	0.0817335786486
3.51653696498	0.0813162539871
3.53112840467	0.0808971250055
3.54571984436	0.0804761890225
3.56031128405	0.0800534432533
3.57490272374	0.0796288848053
3.58949416343	0.0792025106742
3.60408560311	0.0787743177397
3.6186770428	0.078344302761
3.63326848249	0.0779124623724
3.64785992218	0.0774787930789
3.66245136187	0.0770432912515
3.67704280156	0.0766059531222
3.69163424125	0.0761667747798
3.70622568093	0.0757257521648
3.72081712062	0.0752828810643
3.73540856031	0.0748381571076
3.75	0.0743915757608
3.76459143969	0.0739431323224
3.77918287938	0.0734928219182
3.79377431907	0.0730406394968
3.80836575876	0.0725865798244
3.82295719844	0.0721306374809
3.83754863813	0.071672806855
3.85214007782	0.0712130821403
3.86673151751	0.0707514573313
3.8813229572	0.0702879262196
3.89591439689	0.0698224823908
3.91050583658	0.0693551192213
3.92509727627	0.068885829876
3.93968871595	0.0684146073065
3.95428015564	0.0679414442494
3.96887159533	0.0674663332258
3.98346303502	0.0669892665413
3.99805447471	0.0665102362872
4.0126459144	0.0660292343418
4.02723735409	0.0655462523738
4.04182879378	0.0650612818463
4.05642023346	0.0645743140219
4.07101167315	0.0640853399699
4.08560311284	0.0635943505741
4.10019455253	0.0631013365434
4.11478599222	0.0626062884233
4.12937743191	0.0621091966097
4.1439688716	0.0616100513656
4.15856031129	0.0611088428387
4.17315175097	0.0606055610834
4.18774319066	0.0601001960839
4.20233463035	0.0595927377812
4.21692607004	0.0590831761034
4.23151750973	0.0585715009989
4.24610894942	0.0580577024736
4.26070038911	0.0575417706321
4.27529182879	0.0570236957231
4.28988326848	0.056503468189
4.30447470817	0.0559810787204
4.31906614786	0.055456518316
4.33365758755	0.054929778347
4.34824902724	0.0544008506282
4.36284046693	0.0538697274936
4.37743190662	0.0533364018797
4.3920233463	0.0528008674143
4.40661478599	0.0522631185123
4.42120622568	0.0517231504785
4.43579766537	0.0511809596183
4.45038910506	0.0506365433553
4.46498054475	0.050089900357
4.47957198444	0.049541030669
4.49416342413	0.0489899358569
4.50875486381	0.0484366191572
4.5233463035	0.0478810856367
4.53793774319	0.0473233423608
4.55252918288	0.0467633985704
4.56712062257	0.0462012658684
4.58171206226	0.0456369584146
4.59630350195	0.0450704931295
4.61089494164	0.0445018899076
4.62548638132	0.043931171838
4.64007782101	0.0433583654349
4.6546692607	0.0427835008748
4.66926070039	0.0422066122421
4.68385214008	0.0416277377814
4.69844357977	0.0410469201562
4.71303501946	0.0404642067137
4.72762645915	0.0398796497541
4.74221789883	0.0392933068039
4.75680933852	0.0387052408924
4.77140077821	0.0381155208292
4.7859922179	0.0375242214829
4.80058365759	0.0369314240574
4.81517509728	0.0363372163669
4.82976653697	0.035741693105
4.84435797665	0.0351449561086
4.85894941634	0.034547114612
4.87354085603	0.0339482854919
4.88813229572	0.0333485934982
4.90272373541	0.0327481714703
4.9173151751	0.0321471605355
4.93190661479	0.0315457102867
4.94649805448	0.0309439789371
4.96108949416	0.0303421334492
4.97568093385	0.0297403496349
4.99027237354	0.0291388122243
5.00486381323	0.0285377148999
5.01945525292	0.0279372602937
5.03404669261	0.0273376599446
5.0486381323	0.0267391342131
5.06322957199	0.0261419121504
5.07782101167	0.0255462313211
5.09241245136	0.0249523375748
5.10700389105	0.0243604847673
5.12159533074	0.0237709344274
5.13618677043	0.0231839553701
5.15077821012	0.0225998232531
5.16536964981	0.0220188200771
5.1799610895	0.0214412336302
5.19455252918	0.0208673568755
5.20914396887	0.0202974872829
5.22373540856	0.0197319261071
5.23832684825	0.019170977613
5.25291828794	0.0186149482509
5.26750972763	0.0180641457842
5.28210116732	0.0175188783745
5.29669260701	0.0169794536255
5.31128404669	0.0164461775933
5.32587548638	0.0159193537657
5.34046692607	0.0153992820186
5.35505836576	0.014886257553
5.36964980545	0.0143805698215
5.38424124514	0.0138825014499
5.39883268483	0.0133923271612
5.41342412451	0.0129103127105
5.4280155642	0.0124367138373
5.44260700389	0.0119717752432
5.45719844358	0.0115157296034
5.47178988327	0.0110687966195
5.48638132296	0.0106311821197
5.50097276265	0.0102030772161
5.51556420234	0.00978465752389
5.53015564202	0.0093760824499
5.54474708171	0.00897749455607
5.5593385214	0.00858901900342
5.57392996109	0.00821076308089
5.58852140078	0.00784281582317
5.60311284047	0.00748524772055
5.61770428016	0.00713811052312
5.63229571985	0.0068014371408
5.64688715953	0.00647524163969
5.66147859922	0.00615951933447
5.67607003891	0.00585424697573
5.6906614786	0.00555938303003
5.70525291829	0.0052748680499
5.71984435798	0.00500062513009
5.73443579767	0.00473656044569
5.74902723736	0.00448256386698
5.76361867704	0.00423850964538
5.77821011673	0.00400425716419
5.79280155642	0.00377965174762
5.80739299611	0.0035645255209
5.8219844358	0.00335869831433
5.83657587549	0.00316197860362
5.85116731518	0.00297416447919
5.86575875487	0.00279504463658
5.88035019455	0.00262439938069
5.89494163424	0.00246200163643
5.90953307393	0.0023076179586
5.92412451362	0.00216100953437
5.93871595331	0.00202193317176
5.953307393	0.00189014226818
5.96789883269	0.00176538775338
5.98249027237	0.00164741900185
5.99708171206	0.00153598471001
6.01167315175	0.00143083373425
6.02626459144	0.00133171588626
6.04085603113	0.00123838268291
6.05544747082	0.00115058804818
6.07003891051	0.00106808896534
6.0846303502	0.000990646078256
6.09922178988	0.000918024240802
6.11381322957	0.000849993014245
6.12840466926	0.000786327112676
6.14299610895	0.000726806797046
6.15758754864	0.000671218218733
6.17217898833	0.000619353713905
6.18677042802	0.000571012050253
6.20136186771	0.000525998627906
6.21595330739	0.000484125636588
6.23054474708	0.000445212171251
6.24513618677	0.000409084308557
6.25972762646	0.000375575146707
6.27431906615	0.000344524811195
6.28891050584	0.000315780429102
6.30350194553	0.000289196074577
6.31809338522	0.000264632688132
6.3326848249	0.000241957972368
6.34727626459	0.000221046266669
6.36186770428	0.000201778403362
6.37645914397	0.000184041547736
6.39105058366	0.000167729024215
6.40564202335	0.00015274013088
6.42023346304	0.000138979944412
6.43482490272	0.000126359117401
6.44941634241	0.000114793669834
6.4640077821	0.000104204776462
6.47859922179	9.45185515733e-05
6.49319066148	8.56658326267e-05
6.50778210117	7.75819639997e-05
6.52237354086	7.02065820362e-05
6.53696498055	6.34834024191e-05
6.55155642023	5.73600107863e-05
6.56614785992	5.17876573935e-05
6.58073929961	4.67210565134e-05
6.5953307393	4.21181911653e-05
6.60992217899	3.79401236652e-05
6.62451361868	3.41508124028e-05
6.63910505837	3.07169351646e-05
6.65369649806	2.76077192494e-05
6.66828793774	2.47947785482e-05
6.68287937743	2.2251957702e-05
6.69747081712	1.99551833906e-05
6.71206225681	1.78823227556e-05
6.7266536965	1.60130489157e-05
6.74124513619	1.43287134916e-05
6.75583657588	1.28122260262e-05
6.77042801557	1.14479401507e-05
6.78501945525	1.02215463288e-05
6.79961089494	9.11997098477e-06
6.81420233463	8.13128180651e-06
6.82879377432	7.24459900161e-06
6.84338521401	6.45001227263e-06
6.8579766537	5.73850327159e-06
6.87256809339	5.10187328838e-06
6.88715953308	4.53267592549e-06
6.90175097276	4.02415451096e-06
6.91634241245	3.570184003e-06
6.93093385214	3.16521714245e-06
6.94552529183	2.80423461385e-06
6.96011673152	2.48269898089e-06
6.97470817121	2.19651216892e-06
6.9892996109	1.94197627378e-06
7.00389105058	1.71575748437e-06
7.01848249027	1.51485291442e-06
7.03307392996	1.33656014754e-06
7.04766536965	1.17844930848e-06
7.06225680934	1.03833748241e-06
7.07684824903	9.14265313068e-07
7.09143968872	8.04475619642e-07
7.10603112841	7.07393881034e-07
7.12062256809	6.21610444958e-07
7.13521400778	5.45864327841e-07
7.14980544747	4.79028479779e-07
7.16439688716	4.20096396882e-07
7.17898832685	3.68169971029e-07
7.19357976654	3.22448474537e-07
7.20817120623	2.82218584346e-07
7.22276264592	2.46845357096e-07
7.2373540856	2.15764072937e-07
7.25194552529	1.88472872004e-07
7.26653696498	1.64526113247e-07
7.28112840467	1.43528390792e-07
7.29571984436	1.25129148054e-07
7.31031128405	1.0901783467e-07
7.32490272374	9.49195557568e-08
7.33949416343	8.25911672362e-08
7.35408560311	7.18177748098e-08
7.3686770428	6.24095978391e-08
7.38326848249	5.41991627158e-08
7.39785992218	4.7038793444e-08
7.41245136187	4.07983700184e-08
7.42704280156	3.53633278496e-08
7.44163424125	3.0632873928e-08
7.45622568094	2.6518397675e-08
7.47081712062	2.29420564903e-08
7.48540856031	1.9835517905e-08
7.5	1.71388419771e-08
7.51459143969	1.47994891614e-08
7.52918287938	1.27714403373e-08
7.54377431907	1.10144169524e-08
7.55836575876	9.49319051042e-09
7.57295719844	8.17697167662e-09
7.58754863813	7.03887026876e-09
7.60214007782	6.05541831178e-09
7.61673151751	5.2061491377e-09
7.6313229572	4.47322625315e-09
7.64591439689	3.84111635595e-09
7.66050583658	3.29630148462e-09
7.67509727627	2.82702582122e-09
7.68968871595	2.42307315579e-09
7.70428015564	2.07557145485e-09
7.71887159533	1.77682136988e-09
7.73346303502	1.5201458712e-09
7.74805447471	1.29975850961e-09
7.7626459144	1.11064808764e-09
7.77723735409	9.48477775141e-10
7.79182879378	8.09496928416e-10
7.80642023346	6.90464072631e-10
7.82101167315	5.8857968556e-10
7.83560311284	5.014275805e-10
7.85019455253	4.26923826422e-10
7.86478599222	3.63272270361e-10
7.87937743191	3.08925837386e-10
7.8939688716	2.62552883099e-10
7.90856031129	2.23007960557e-10
7.92315175097	1.89306441522e-10
7.93774319066	1.60602499939e-10
7.95233463035	1.36170026363e-10
7.96692607004	1.15386095101e-10
7.98151750973	9.77166532976e-11
7.99610894942	8.27041421241e-11
8.01070038911	6.99567970984e-11
8.0252918288	5.91394063184e-11
8.03988326848	4.99653337915e-11
8.05447470817	4.21896394917e-11
8.06906614786	3.5603149668e-11
8.08365758755	3.00273496652e-11
8.09824902724	2.53099884105e-11
8.11284046693	2.13212979458e-11
8.12743190662	1.79507442833e-11
8.1420233463	1.51042368286e-11
8.15661478599	1.27017333595e-11
8.17120622568	1.06751858622e-11
8.18579766537	8.96677999105e-12
8.20038910506	7.52742715524e-12
8.21498054475	6.31547393594e-12
8.22957198444	5.29559822027e-12
8.24416342413	4.43786570729e-12
8.25875486381	3.71692401183e-12
8.2733463035	3.11131479313e-12
8.28793774319	2.60288699595e-12
8.30252918288	2.17629669776e-12
8.31712062257	1.81858104219e-12
8.33171206226	1.51879555593e-12
8.34630350195	1.26770560134e-12
8.36089494164	1.05752407499e-12
8.37548638132	8.81688557606e-13
8.39007782101	7.34672116301e-13
8.4046692607	6.11822775301e-13
8.41926070039	5.09227409064e-13
8.43385214008	4.23596405632e-13
8.44844357977	3.52166009677e-13
8.46303501946	2.92615677565e-13
8.47762645915	2.42998188667e-13
8.49221789883	2.01680577429e-13
8.50680933852	1.67294249094e-13
8.52140077821	1.38692872074e-13
8.5359922179	1.14916863484e-13
8.55058365759	9.51634485791e-14
8.56517509728	7.87614416901e-14
8.57976653697	6.51500131139e-14
8.59435797666	5.38608262111e-14
8.60894941634	4.45030165718e-14
8.62354085603	3.67505722775e-14
8.63813229572	3.03317353587e-14
8.65272373541	2.50201084353e-14
8.6673151751	2.06271946448e-14
8.68190661479	1.6996146696e-14
8.69649805448	1.39965296431e-14
8.71108949416	1.15199376648e-14
8.72568093385	9.47632650867e-15
8.74027237354	7.79094779473e-15
8.75486381323	6.40178702434e-15
8.76945525292	5.25742479621e-15
8.78404669261	4.31525126527e-15
8.7986381323	3.53997781065e-15
8.81322957199	2.90239603746e-15
8.82782101167	2.37834438964e-15
8.84241245136	1.94784765955e-15
8.85700389105	1.59440138792e-15
8.87159533074	1.30437661519e-15
8.88618677043	1.06652557977e-15
8.90077821012	8.71570887377e-16
8.91536964981	7.11864883216e-16
8.9299610895	5.81106947386e-16
8.94455252918	4.74109279164e-16
8.95914396887	3.86602760216e-16
8.97373540856	3.15076341181e-16
8.98832684825	2.56644046282e-16
9.00291828794	2.08935110432e-16
9.01750972763	1.70003046352e-16
9.03210116732	1.38250675184e-16
9.04669260701	1.12368166865e-16
9.06128404669	9.12819813093e-17
9.07587548638	7.41127149083e-17
9.09046692607	6.01404305801e-17
9.10505836576	4.87760517172e-17
9.11964980545	3.95378819061e-17
9.13424124514	3.20322147404e-17
9.14883268483	2.59374691376e-17
9.16342412452	2.09911113908e-17
9.1780155642	1.69789469158e-17
9.19260700389	1.37263053677e-17
9.20719844358	1.10908392824e-17
9.22178988327	8.95659803981e-18
9.23638132296	7.22919781554e-18
9.25097276265	5.8318398283e-18
9.26556420234	4.70207812499e-18
9.28015564202	3.7891596038e-18
9.29474708171	3.05186352324e-18
9.3093385214	2.45672474952e-18
9.32392996109	1.976593242e-18
9.33852140078	1.58945183231e-18
9.35311284047	1.27746113443e-18
9.36770428016	1.02616704352e-18
9.38229571985	8.23870480726e-19
9.39688715953	6.61104424156e-19
9.41147859922	5.30214952016e-19
9.42607003891	4.25015106357e-19
9.4406614786	3.40508410311e-19
9.45525291829	2.72660077269e-19
9.46984435798	2.18216352965e-19
9.48443579767	1.74551997676e-19
9.49902723736	1.39551513467e-19
9.51361867704	1.11510482319e-19
9.52821011673	8.90572917968e-20
9.54280155642	7.10877800191e-20
9.55739299611	5.67143395996e-20
9.5719844358	4.52232119495e-20
9.58657587549	3.6041600159e-20
9.60116731518	2.87091033392e-20
9.61575875487	2.28565297007e-20
9.63035019455	1.8187526091e-20
9.64494163424	1.44647512071e-20
9.65953307393	1.14979394134e-20
9.67412451362	9.13487859652e-21
9.68871595331	7.25361364712e-21
9.703307393	5.75683767027e-21
9.71789883269	4.56655650625e-21
9.73249027237	3.62051848175e-21
9.74708171206	2.86896899545e-21
9.76167315175	2.27225209072e-21
9.77626459144	1.79867717331e-21
9.79085603113	1.42306544628e-21
9.80544747082	1.12527756749e-21
9.82003891051	8.8937180527e-22
9.8346303502	7.02562204839e-22
9.84922178988	5.54720253774e-22
9.86381322957	4.37753454153e-22
9.87840466926	3.45280668378e-22
9.89299610895	2.72194870076e-22
9.90758754864	2.14466085129e-22
9.92217898833	1.68882688496e-22
9.93677042802	1.32924715265e-22
9.95136186771	1.04565192802e-22
9.96595330739	8.22186781321e-23
9.98054474708	6.4610601255e-23
9.99513618677	5.07486415592e-23
10.0097276265	3.98367165575e-23
10.0243190661	3.1255025664e-23
10.0389105058	2.45033066583e-23
10.0535019455	1.92028022368e-23
10.0680933852	1.50419903201e-23
10.0826848249	1.17782857064e-23
10.0972762646	9.21675911445e-24
10.1118677043	7.20845737262e-24
10.126459144	5.63353170381e-24
10.1410505837	4.40100228039e-24
10.1556420233	3.43459509947e-24
10.170233463	2.6796191031e-24
10.1848249027	2.08957832096e-24
10.1994163424	1.62860725749e-24
10.2140077821	1.26807347255e-24
10.2285992218	9.87256141765e-25
10.2431906615	7.67624032759e-25
10.2577821012	5.96434641661e-25
10.2723735409	4.62478172533e-25
10.2869649805	3.58679857778e-25
10.3015564202	2.7800825171e-25
10.3161478599	2.15458138613e-25
10.3307392996	1.66702566734e-25
10.3453307393	1.28913179215e-25
10.359922179	9.94507527498e-26
10.3745136187	7.66443208546e-26
10.3891050584	5.88328450813e-26
10.4036964981	4.52944167311e-26
10.4182879377	3.48812990978e-26
10.4328793774	2.69126260992e-26
10.4474708171	2.07589542758e-26
10.4620622568	1.60366865447e-26
10.4766536965	1.23707610157e-26
10.4912451362	9.59752740214e-27
10.5058365759	7.4601293402e-27
10.5204280156	5.87848777234e-27
10.5350194553	4.70455238412e-27
10.5496108949	3.8252214964e-27
10.5642023346	3.16810255445e-27
10.5787937743	2.69384291017e-27
10.593385214	2.35323044241e-27
10.6079766537	2.11293158832e-27
10.6225680934	1.98313359955e-27
10.6371595331	1.85519593713e-27
10.6517509728	1.77105052329e-27
10.6663424125	1.70088021805e-27
10.6809338521	1.65931047132e-27
10.6955252918	1.61541671073e-27
10.7101167315	1.61108641567e-27
10.7247081712	1.6135355337e-27
10.7392996109	1.6600098549e-27
10.7538910506	1.66555752511e-27
10.7684824903	1.68172255807e-27
10.78307393	1.6813380861e-27
10.7976653697	1.70197702995e-27
10.8122568093	1.68562491405e-27
10.826848249	1.68378186505e-27
10.8414396887	1.69519830358e-27
10.8560311284	1.75519054387e-27
10.8706225681	1.75678554375e-27
10.8852140078	1.74842679105e-27
10.8998054475	1.71647363638e-27
10.9143968872	1.71189027066e-27
10.9289883268	1.67698631941e-27
10.9435797665	1.65704120098e-27
10.9581712062	1.63527222328e-27
10.9727626459	1.67424507926e-27
10.9873540856	1.65991303161e-27
11.0019455253	1.6379255413e-27
11.016536965	1.61567277332e-27
11.0311284047	1.60902952895e-27
11.0457198444	1.60041377417e-27
11.060311284	1.62789962686e-27
11.0749027237	1.66148957852e-27
11.0894941634	1.77068171486e-27
11.1040856031	1.87610357123e-27
11.1186770428	2.05083652385e-27
11.1332684825	2.28172844838e-27
11.1478599222	2.62982496912e-27
11.1624513619	3.10275008327e-27
11.1770428016	3.79277107354e-27
11.1916342412	4.74147488095e-27
11.2062256809	6.08320129244e-27
11.2208171206	7.79326139469e-27
11.2354085603	1.02954290888e-26
11.25	1.25812326935e-26
11.2645914397	1.02217749879e-26
11.2791828794	7.63069941439e-27
11.2937743191	5.81152615367e-27
11.3083657588	4.40067460302e-27
11.3229571984	3.35678321093e-27
11.3375486381	2.56401647011e-27
11.3521400778	1.97440583486e-27
11.3667315175	1.5120025711e-27
11.3813229572	1.15963732136e-27
11.3959143969	9.06224271594e-28
11.4105058366	7.16726348114e-28
11.4250972763	5.7352806879e-28
11.439688716	4.66065611574e-28
11.4542801556	3.87765866105e-28
11.4688715953	3.32386584377e-28
11.483463035	2.9020385174e-28
11.4980544747	2.55632551057e-28
11.5126459144	2.34321076235e-28
11.5272373541	2.14172964618e-28
11.5418287938	1.97937016191e-28
11.5564202335	1.86148052861e-28
11.5710116732	1.79353114094e-28
11.5856031128	1.73985124509e-28
11.6001945525	1.71027417349e-28
11.6147859922	1.6743498151e-28
11.6293774319	1.69229421092e-28
11.6439688716	1.7154818619e-28
11.6585603113	1.70782932539e-28
11.673151751	1.60442077676e-28
11.6877431907	1.62776360165e-28
11.7023346304	1.6379564764e-28
11.71692607	1.65828799015e-28
11.7315175097	1.66272262644e-28
11.7461089494	1.73802470373e-28
11.7607003891	1.85191077024e-28
11.7752918288	1.9884125129e-28
11.7898832685	2.06666249406e-28
11.8044747082	2.22080137301e-28
11.8190661479	2.38212455283e-28
11.8336575876	2.52886351774e-28
11.8482490272	2.65078776013e-28
11.8628404669	2.84859993539e-28
11.8774319066	3.02810429939e-28
11.8920233463	3.13245063835e-28
11.906614786	3.16708028414e-28
11.9212062257	3.24650695203e-28
11.9357976654	3.29045159264e-28
11.9503891051	3.33783685649e-28
11.9649805447	3.32203505857e-28
11.9795719844	3.31473949933e-28
11.9941634241	3.28485343909e-28
12.0087548638	3.23675878082e-28
12.0233463035	3.15202553877e-28
12.0379377432	3.16770777548e-28
12.0525291829	3.14272115415e-28
12.0671206226	3.06337662275e-28
12.0817120623	2.99707439154e-28
12.0963035019	2.99613450331e-28
12.1108949416	2.99171445556e-28
12.1254863813	3.05756543061e-28
12.140077821	3.1577074097e-28
12.1546692607	3.26945948378e-28
12.1692607004	3.33383861515e-28
12.1838521401	3.37525986534e-28
12.1984435798	3.35818857895e-28
12.2130350195	3.35096187363e-28
12.2276264591	3.37971113932e-28
12.2422178988	3.39792401679e-28
12.2568093385	3.49173188351e-28
12.2714007782	3.60796942232e-28
12.2859922179	3.68892250189e-28
12.3005836576	3.75908070368e-28
12.3151750973	3.78672780709e-28
12.329766537	3.78154255109e-28
12.3443579767	3.82367475881e-28
12.3589494163	3.83695237439e-28
12.373540856	3.92619281066e-28
12.3881322957	4.03601867026e-28
12.4027237354	4.10994664971e-28
12.4173151751	4.06982864645e-28
12.4319066148	4.02329136252e-28
12.4464980545	3.97746120643e-28
12.4610894942	4.00043029415e-28
12.4756809339	4.05417459227e-28
12.4902723735	4.21340891962e-28
12.5048638132	4.32268087228e-28
12.5194552529	4.45695776244e-28
12.5340466926	4.49100558757e-28
12.5486381323	4.49945456652e-28
12.563229572	4.52948419453e-28
12.5778210117	4.57638477473e-28
12.5924124514	4.62715417556e-28
12.6070038911	4.84984997561e-28
12.6215953307	4.92231778681e-28
12.6361867704	4.9576921894e-28
12.6507782101	4.88162421326e-28
12.6653696498	4.84194051888e-28
12.6799610895	4.85407213949e-28
12.6945525292	4.95907397713e-28
12.7091439689	5.10309580612e-28
12.7237354086	5.48054580304e-28
12.7383268483	5.71230117207e-28
12.7529182879	5.82170102487e-28
12.7675097276	5.76103657791e-28
12.7821011673	5.74903034775e-28
12.796692607	5.67137131278e-28
12.8112840467	5.74246903557e-28
12.8258754864	5.89288927919e-28
12.8404669261	6.22338803211e-28
12.8550583658	6.32324572004e-28
12.8696498054	6.41074813913e-28
12.8842412451	6.32352537432e-28
12.8988326848	6.23090739946e-28
12.9134241245	6.19435415145e-28
12.9280155642	6.28856148168e-28
12.9426070039	6.37541355213e-28
12.9571984436	6.63655916036e-28
12.9717898833	6.72415991697e-28
12.986381323	6.79265495535e-28
13.0009727626	6.73675453279e-28
13.0155642023	6.69331269092e-28
13.030155642	6.61459697127e-28
13.0447470817	6.64973291474e-28
13.0593385214	6.74732050506e-28
13.0739299611	7.14144384266e-28
13.0885214008	7.31101627138e-28
13.1031128405	7.37148866534e-28
13.1177042802	7.28304425468e-28
13.1322957198	7.24765180103e-28
13.1468871595	7.16964108734e-28
13.1614785992	7.27006063402e-28
13.1760700389	7.49401930012e-28
13.1906614786	7.9427484557e-28
13.2052529183	8.0671727039e-28
13.219844358	8.21719859925e-28
13.2344357977	8.16386598694e-28
13.2490272374	8.10136941841e-28
13.263618677	8.07336087707e-28
13.2782101167	8.166365642e-28
13.2928015564	8.2475163092e-28
13.3073929961	8.63892024166e-28
13.3219844358	8.80463575398e-28
13.3365758755	8.90721943609e-28
13.3511673152	8.76450010006e-28
13.3657587549	8.65002868142e-28
13.3803501946	8.49023144512e-28
13.3949416342	8.46489487722e-28
13.4095330739	8.57328931247e-28
13.4241245136	8.95906013587e-28
13.4387159533	9.03209867067e-28
13.453307393	9.12998765903e-28
13.4678988327	9.09767746134e-28
13.4824902724	9.09626793413e-28
13.4970817121	8.94098342234e-28
13.5116731518	9.0038490369e-28
13.5262645914	9.17835435718e-28
13.5408560311	9.64174466636e-28
13.5554474708	9.83877343012e-28
13.5700389105	9.99106374564e-28
13.5846303502	9.90711378766e-28
13.5992217899	9.82744824075e-28
13.6138132296	9.74484754747e-28
13.6284046693	9.81173108627e-28
13.642996109	9.86481001028e-28
13.6575875486	1.03498871192e-27
13.6721789883	1.05254820251e-27
13.686770428	1.0575662248e-27
13.7013618677	1.05038416248e-27
13.7159533074	1.05430080338e-27
13.7305447471	1.04798619148e-27
13.7451361868	1.05123215604e-27
13.7597276265	1.06170963855e-27
13.7743190661	1.10692637264e-27
13.7889105058	1.11302615066e-27
13.8035019455	1.12143087721e-27
13.8180933852	1.10428341392e-27
13.8326848249	1.09244551296e-27
13.8472762646	1.08415790006e-27
13.8618677043	1.09694883513e-27
13.876459144	1.1101620719e-27
13.8910505837	1.15482789074e-27
13.9056420233	1.16681226588e-27
13.920233463	1.17750948484e-27
13.9348249027	1.16266585231e-27
13.9494163424	1.16179005621e-27
13.9640077821	1.15771571759e-27
13.9785992218	1.16911355376e-27
13.9931906615	1.17952393638e-27
14.0077821012	1.23171042634e-27
14.0223735409	1.24258806132e-27
14.0369649805	1.24050386892e-27
14.0515564202	1.22362626905e-27
14.0661478599	1.21752055992e-27
14.0807392996	1.19685630448e-27
14.0953307393	1.2025585951e-27
14.109922179	1.2157277679e-27
14.1245136187	1.26795966541e-27
14.1391050584	1.27182036641e-27
14.1536964981	1.27221398519e-27
14.1682879377	1.24927059046e-27
14.1828793774	1.23602141886e-27
14.1974708171	1.21691288146e-27
14.2120622568	1.21540334693e-27
14.2266536965	1.21534131315e-27
14.2412451362	1.26449929092e-27
14.2558365759	1.27748386533e-27
14.2704280156	1.28146250662e-27
14.2850194553	1.25660304001e-27
14.2996108949	1.24774826953e-27
14.3142023346	1.22972140615e-27
14.3287937743	1.22777595704e-27
14.343385214	1.2318136483e-27
14.3579766537	1.2821747864e-27
14.3725680934	1.28604009522e-27
14.3871595331	1.27424242561e-27
14.4017509728	1.24555219059e-27
14.4163424125	1.23046173701e-27
14.4309338521	1.20033375693e-27
14.4455252918	1.19461797664e-27
14.4601167315	1.19383232037e-27
14.4747081712	1.22901770617e-27
14.4892996109	1.22717512572e-27
14.5038910506	1.22969766399e-27
14.5184824903	1.21028610865e-27
14.53307393	1.20342910055e-27
14.5476653697	1.19433697539e-27
14.5622568093	1.19333207172e-27
14.576848249	1.18771378384e-27
14.5914396887	1.23279244437e-27
14.6060311284	1.2349812878e-27
14.6206225681	1.23254875609e-27
14.6352140078	1.19993077775e-27
14.6498054475	1.17949234375e-27
14.6643968872	1.15524243425e-27
14.6789883268	1.14116304771e-27
14.6935797665	1.12645536358e-27
14.7081712062	1.14787964029e-27
14.7227626459	1.12842051216e-27
14.7373540856	1.108944443e-27
14.7519455253	1.06673042373e-27
14.766536965	1.0420207868e-27
14.7811284047	9.97069672797e-28
14.7957198444	9.7365092992e-28
14.810311284	9.45519316651e-28
14.8249027237	9.34264895134e-28
14.8394941634	8.85627572278e-28
14.8540856031	8.34577753218e-28
14.8686770428	7.71924676561e-28
14.8832684825	7.34390784984e-28
14.8978599222	7.14153580418e-28
14.9124513619	7.35160154884e-28
14.9270428016	8.07691503346e-28
14.9416342412	9.9932277111e-28
14.9562256809	1.31951079379e-27
14.9708171206	1.83440376752e-27
14.9854085603	2.77516408789e-27
15.0	3.77189971645e-27
