-14.9854085603	2.02380426991e-27
-14.9708171206	1.1861071653e-27
-14.9562256809	7.16237538349e-28
-14.9416342412	4.17316307303e-28
-14.9270428016	2.47463766663e-28
-14.9124513619	1.47180502404e-28
-14.8978599222	9.87740255889e-29
-14.8832684825	7.64992730878e-29
-14.8686770428	7.37796517115e-29
-14.8540856031	7.73041279043e-29
-14.8394941634	8.70143493148e-29
-14.8249027237	8.86091244001e-29
-14.810311284	9.97980782129e-29
-14.7957198444	1.08886386111e-28
-14.7811284047	1.22598374192e-28
-14.766536965	1.32570535105e-28
-14.7519455253	1.4303652869e-28
-14.7373540856	1.49272031274e-28
-14.7227626459	1.52852637515e-28
-14.7081712062	1.4201931726e-28
-14.6935797665	1.44361024017e-28
-14.6789883268	1.46826946232e-28
-14.6643968872	1.54485919368e-28
-14.6498054475	1.59321037453e-28
-14.6352140078	1.694863316e-28
-14.6206225681	1.71082645577e-28
-14.6060311284	1.70750410302e-28
-14.5914396887	1.58516426312e-28
-14.576848249	1.58387724315e-28
-14.5622568093	1.59799140923e-28
-14.5476653696	1.68133782237e-28
-14.53307393	1.71302807312e-28
-14.5184824903	1.7904904382e-28
-14.5038910506	1.81454175138e-28
-14.4892996109	1.8286167242e-28
-14.4747081712	1.69808151602e-28
-14.4601167315	1.69540769627e-28
-14.4455252918	1.69914334235e-28
-14.4309338521	1.76982059243e-28
-14.4163424125	1.7992910828e-28
-14.4017509728	1.86497768515e-28
-14.3871595331	1.86606806286e-28
-14.3725680934	1.86134840669e-28
-14.3579766537	1.70312434087e-28
-14.343385214	1.6752260944e-28
-14.3287937743	1.66174324734e-28
-14.3142023346	1.7209627036e-28
-14.2996108949	1.74144965379e-28
-14.2850194553	1.8145802642e-28
-14.2704280156	1.82332449567e-28
-14.2558365759	1.81838867983e-28
-14.2412451362	1.67031377959e-28
-14.2266536965	1.65894700585e-28
-14.2120622568	1.64464898309e-28
-14.1974708171	1.69972328373e-28
-14.1828793774	1.71347113654e-28
-14.1682879377	1.77680236088e-28
-14.1536964981	1.7790720336e-28
-14.1391050584	1.7687262645e-28
-14.1245136187	1.62312223803e-28
-14.109922179	1.60999512621e-28
-14.0953307393	1.6014257952e-28
-14.0807392996	1.6510694549e-28
-14.0661478599	1.66362510736e-28
-14.0515564202	1.71833498643e-28
-14.0369649805	1.71477516404e-28
-14.0223735409	1.69352784651e-28
-14.0077821012	1.53321620199e-28
-13.9931906615	1.50386782493e-28
-13.9785992218	1.48659371986e-28
-13.9640077821	1.52970509501e-28
-13.9494163424	1.54273130271e-28
-13.9348249027	1.60753654055e-28
-13.920233463	1.62497792413e-28
-13.9056420233	1.63268914714e-28
-13.8910505837	1.52137380754e-28
-13.876459144	1.52205591448e-28
-13.8618677043	1.55511220918e-28
-13.8472762646	1.62752325996e-28
-13.8326848249	1.66007891066e-28
-13.8180933852	1.72548743893e-28
-13.8035019455	1.77154490552e-28
-13.7889105058	1.79284340983e-28
-13.7743190661	1.76209655439e-28
-13.7597276265	1.80892081523e-28
-13.7451361868	1.84598332274e-28
-13.7305447471	1.92572356318e-28
-13.7159533074	1.96921377199e-28
-13.7013618677	2.00616869381e-28
-13.686770428	2.03490617025e-28
-13.6721789883	2.00304768709e-28
-13.6575875486	1.85332602633e-28
-13.6429961089	1.77819675393e-28
-13.6284046693	1.7140084478e-28
-13.6138132296	1.6940919326e-28
-13.5992217899	1.6631809796e-28
-13.5846303502	1.64008276338e-28
-13.5700389105	1.6009882357e-28
-13.5554474708	1.54043106958e-28
-13.5408560311	1.40464374892e-28
-13.5262645914	1.36200189223e-28
-13.5116731518	1.34311390192e-28
-13.4970817121	1.34777483852e-28
-13.4824902724	1.34912665683e-28
-13.4678988327	1.391638617e-28
-13.453307393	1.41840369922e-28
-13.4387159533	1.43703845095e-28
-13.4241245136	1.41777940703e-28
-13.4095330739	1.45536683829e-28
-13.3949416342	1.49337242115e-28
-13.3803501946	1.56541703465e-28
-13.3657587549	1.61467803032e-28
-13.3511673152	1.65946817189e-28
-13.3365758755	1.70648524719e-28
-13.3219844358	1.72702177796e-28
-13.3073929961	1.70332021277e-28
-13.2928015564	1.71482369067e-28
-13.2782101167	1.75442206592e-28
-13.263618677	1.80065049053e-28
-13.2490272374	1.86976766452e-28
-13.2344357977	1.95217275092e-28
-13.219844358	2.03010930538e-28
-13.2052529183	2.10231012567e-28
-13.1906614786	2.22478365881e-28
-13.1760700389	2.34034547433e-28
-13.1614785992	2.42714033108e-28
-13.1468871595	2.51791297028e-28
-13.1322957198	2.5957370356e-28
-13.1177042802	2.66540581099e-28
-13.1031128405	2.74369170051e-28
-13.0885214008	2.77327800341e-28
-13.0739299611	2.81986928402e-28
-13.0593385214	2.88685759123e-28
-13.0447470817	2.95574036127e-28
-13.030155642	2.99906761837e-28
-13.0155642023	3.03861652846e-28
-13.0009727626	3.10131265128e-28
-12.986381323	3.16747127373e-28
-12.9717898833	3.23903327114e-28
-12.9571984436	3.32098717713e-28
-12.9426070039	3.41437478041e-28
-12.9280155642	3.52129365688e-28
-12.9134241245	3.5278642715e-28
-12.8988326848	3.55269005046e-28
-12.8842412451	3.5938527172e-28
-12.8696498054	3.69689486648e-28
-12.8550583658	3.80535711929e-28
-12.8404669261	3.9711761926e-28
-12.8258754864	4.07238051107e-28
-12.8112840467	4.13797335088e-28
-12.796692607	4.16605516824e-28
-12.7821011673	4.17941044953e-28
-12.7675097276	4.15527351459e-28
-12.7529182879	4.18033132174e-28
-12.7383268482	4.1479596448e-28
-12.7237354086	4.12669535158e-28
-12.7091439689	4.07805975989e-28
-12.6945525292	4.07266867345e-28
-12.6799610895	4.01510708276e-28
-12.6653696498	3.99188721595e-28
-12.6507782101	3.97463544192e-28
-12.6361867704	3.98579371889e-28
-12.6215953307	3.9928431076e-28
-12.6070038911	4.06015601877e-28
-12.5924124514	4.06058082901e-28
-12.5778210117	4.07331933643e-28
-12.563229572	4.00311532203e-28
-12.5486381323	3.95704756373e-28
-12.5340466926	3.93629550836e-28
-12.5194552529	3.99268987881e-28
-12.5048638132	4.08104345581e-28
-12.4902723735	4.34218722348e-28
-12.4756809339	4.47873232877e-28
-12.4610894942	4.58183245227e-28
-12.4464980545	4.58183550739e-28
-12.4319066148	4.58939530881e-28
-12.4173151751	4.54574683747e-28
-12.4027237354	4.53321867613e-28
-12.3881322957	4.46470974858e-28
-12.373540856	4.51808032671e-28
-12.3589494163	4.51701092278e-28
-12.3443579767	4.50577475143e-28
-12.329766537	4.38812383692e-28
-12.3151750973	4.33599236139e-28
-12.3005836576	4.23144248348e-28
-12.2859922179	4.23662624004e-28
-12.2714007782	4.27258415388e-28
-12.2568093385	4.47374072556e-28
-12.2422178988	4.56546010148e-28
-12.2276264591	4.63781788016e-28
-12.2130350195	4.60143242212e-28
-12.1984435798	4.61388708254e-28
-12.1838521401	4.57679090085e-28
-12.1692607004	4.58830002532e-28
-12.1546692607	4.62567796771e-28
-12.140077821	4.83790900621e-28
-12.1254863813	4.86733000562e-28
-12.1108949416	4.84486878169e-28
-12.0963035019	4.73871129907e-28
-12.0817120623	4.65935177587e-28
-12.0671206226	4.60862461118e-28
-12.0525291829	4.66022680751e-28
-12.0379377432	4.6881676608e-28
-12.0233463035	4.91916876202e-28
-12.0087548638	5.0136659475e-28
-11.9941634241	5.09743477182e-28
-11.9795719844	5.07798583474e-28
-11.9649805447	5.12344294479e-28
-11.9503891051	5.12260465379e-28
-11.9357976654	5.24856472988e-28
-11.9212062257	5.4685027281e-28
-11.906614786	5.94885070049e-28
-11.8920233463	6.18072323715e-28
-11.8774319066	6.2996888359e-28
-11.8628404669	6.19271406077e-28
-11.8482490272	6.06958378393e-28
-11.8336575875	5.94420121298e-28
-11.8190661479	5.88129391704e-28
-11.8044747082	5.81794603487e-28
-11.7898832685	5.97300634613e-28
-11.7752918288	5.91742733689e-28
-11.7607003891	5.80646637517e-28
-11.7461089494	5.62434985846e-28
-11.7315175097	5.5197325019e-28
-11.71692607	5.41343144864e-28
-11.7023346304	5.3986409045e-28
-11.6877431907	5.36474538639e-28
-11.673151751	5.53657205537e-28
-11.6585603113	5.56086156121e-28
-11.6439688716	5.51624112684e-28
-11.6293774319	5.38011484385e-28
-11.6147859922	5.27097905457e-28
-11.6001945525	5.16292012816e-28
-11.5856031128	5.2336102524e-28
-11.5710116732	5.37694034641e-28
-11.5564202335	5.75129353795e-28
-11.5418287938	5.81261156201e-28
-11.5272373541	5.89896100259e-28
-11.5126459144	5.86392042667e-28
-11.4980544747	5.81365414532e-28
-11.483463035	5.81570295013e-28
-11.4688715953	5.90963527458e-28
-11.4542801556	6.09472610732e-28
-11.439688716	6.58627530331e-28
-11.4250972763	6.92094502383e-28
-11.4105058366	7.36022988788e-28
-11.3959143969	7.95176964523e-28
-11.3813229572	8.95352548616e-28
-11.3667315175	1.04458668175e-27
-11.3521400778	1.26713164577e-27
-11.3375486381	1.5725833984e-27
-11.3229571984	2.0114119843e-27
-11.3083657588	2.60632260166e-27
-11.2937743191	3.45835929634e-27
-11.2791828794	4.59742129612e-27
-11.2645914397	6.31785791802e-27
-11.25	7.92845550628e-27
-11.2354085603	6.24533237319e-27
-11.2208171206	4.47449730504e-27
-11.2062256809	3.29770901401e-27
-11.1916342412	2.39902093759e-27
-11.1770428016	1.75033842379e-27
-11.1624513619	1.27360117282e-27
-11.1478599222	9.34957798273e-28
-11.1332684825	6.83260184878e-28
-11.1186770428	5.01781443213e-28
-11.1040856031	3.73983992816e-28
-11.0894941634	2.79884965037e-28
-11.0749027237	2.23851529246e-28
-11.060311284	1.90018212359e-28
-11.0457198444	1.75043528173e-28
-11.0311284047	1.70607798878e-28
-11.016536965	1.74245194322e-28
-11.0019455253	1.75648005139e-28
-10.9873540856	1.81725295949e-28
-10.9727626459	1.74488199625e-28
-10.9581712062	1.80010216437e-28
-10.9435797665	1.90945024208e-28
-10.9289883268	2.10281535133e-28
-10.9143968872	2.25984723852e-28
-10.8998054475	2.43568037929e-28
-10.8852140078	2.54677506248e-28
-10.8706225681	2.57470502564e-28
-10.8560311284	2.40673238478e-28
-10.8414396887	2.42746881726e-28
-10.826848249	2.45575753972e-28
-10.8122568093	2.60300802355e-28
-10.7976653696	2.7350535448e-28
-10.78307393	2.86587413696e-28
-10.7684824903	2.92187273522e-28
-10.7538910506	2.95361504358e-28
-10.7392996109	2.80449714441e-28
-10.7247081712	2.83199730157e-28
-10.7101167315	2.88997055379e-28
-10.6955252918	3.04452824706e-28
-10.6809338521	3.17055935597e-28
-10.6663424125	3.30773095428e-28
-10.6517509728	3.3496694543e-28
-10.6371595331	3.36240290543e-28
-10.6225680934	3.1771508687e-28
-10.6079766537	3.16092994843e-28
-10.593385214	3.18153922102e-28
-10.5787937743	3.31142266877e-28
-10.5642023346	3.42863658487e-28
-10.5496108949	3.58099867692e-28
-10.5350194553	3.65195947432e-28
-10.5204280156	3.68341081282e-28
-10.5058365759	3.51903120592e-28
-10.4912451362	3.52541554532e-28
-10.4766536965	3.56209847575e-28
-10.4620622568	3.68975384363e-28
-10.4474708171	3.773336327e-28
-10.4328793774	3.86410797081e-28
-10.4182879377	3.86341405835e-28
-10.4036964981	3.81317022957e-28
-10.3891050584	3.52603402657e-28
-10.3745136187	3.44315321932e-28
-10.359922179	3.40331181398e-28
-10.3453307393	3.46271018755e-28
-10.3307392996	3.5063134278e-28
-10.3161478599	3.57533580812e-28
-10.3015564202	3.53863843585e-28
-10.2869649805	3.46753331553e-28
-10.2723735409	3.23671540773e-28
-10.2577821012	3.14111615644e-28
-10.2431906615	3.0759191243e-28
-10.2285992218	3.11002505125e-28
-10.2140077821	3.12762518375e-28
-10.1994163424	3.16535989883e-28
-10.1848249027	3.14005868461e-28
-10.170233463	3.08105267636e-28
-10.1556420233	2.86306774643e-28
-10.1410505837	2.79484540075e-28
-10.126459144	2.73919317971e-28
-10.1118677043	2.78829852788e-28
-10.0972762646	2.81238855979e-28
-10.0826848249	2.82037182295e-28
-10.0680933852	2.76241236935e-28
-10.0535019455	2.68901400799e-28
-10.0389105058	2.43457884541e-28
-10.0243190661	2.32422781117e-28
-10.0097276265	2.23965855171e-28
-9.99513618677	2.22834086359e-28
-9.98054474708	2.20695074369e-28
-9.96595330739	2.19381805504e-28
-9.9513618677	2.12685299375e-28
-9.93677042802	2.03458418883e-28
-9.92217898833	1.84883006329e-28
-9.90758754864	1.77362802728e-28
-9.89299610895	1.71201690889e-28
-9.87840466926	1.6943729405e-28
-9.86381322957	1.66746506612e-28
-9.84922178988	1.64612935892e-28
-9.83463035019	1.60584797838e-28
-9.82003891051	1.56997821579e-28
-9.80544747082	1.46990679058e-28
-9.79085603113	1.45586914026e-28
-9.77626459144	1.45782123873e-28
-9.76167315175	1.50631124508e-28
-9.74708171206	1.55222766385e-28
-9.73249027237	1.61075047557e-28
-9.71789883268	1.66282046272e-28
-9.703307393	1.72435919057e-28
-9.68871595331	1.79292691091e-28
-9.67412451362	1.91350713516e-28
-9.65953307393	2.03606897867e-28
-9.64494163424	2.17871873e-28
-9.63035019455	2.35218290541e-28
-9.61575875486	2.54620155015e-28
-9.60116731517	2.79405915371e-28
-9.58657587549	3.12145954954e-28
-9.5719844358	3.59555973246e-28
-9.55739299611	4.08016234335e-28
-9.54280155642	4.58447334854e-28
-9.52821011673	5.15809067082e-28
-9.51361867704	5.87467891839e-28
-9.49902723735	6.74348804163e-28
-9.48443579767	7.8173440141e-28
-9.46984435798	9.20778293175e-28
-9.45525291829	1.10899469519e-27
-9.4406614786	1.31755864749e-27
-9.42607003891	1.57143598866e-27
-9.41147859922	1.88234855979e-27
-9.39688715953	2.27415029865e-27
-9.38229571984	2.75281551058e-27
-9.36770428016	3.37077154884e-27
-9.35311284047	4.17507921222e-27
-9.33852140078	5.21973400577e-27
-9.32392996109	6.48310037125e-27
-9.3093385214	8.02174022921e-27
-9.29474708171	9.92637217677e-27
-9.28015564202	1.23466449633e-26
-9.26556420233	1.53649314406e-26
-9.25097276265	1.91924815194e-26
-9.23638132296	2.40805702261e-26
-9.22178988327	3.03410836614e-26
-9.20719844358	3.80760097499e-26
-9.19260700389	4.77646839915e-26
-9.1780155642	5.99122442666e-26
-9.16342412451	7.53021877158e-26
-9.14883268482	9.47500976826e-26
-9.13424124514	1.19427324096e-25
-9.11964980545	1.50689224277e-25
-9.10505836576	1.90502695796e-25
-9.09046692607	2.404717707e-25
-9.07587548638	3.03375411087e-25
-9.06128404669	3.8265451791e-25
-9.046692607	4.82836024884e-25
-9.03210116731	6.09214281086e-25
-9.01750972763	7.69131975634e-25
-9.00291828794	9.71086486384e-25
-8.98832684825	1.22671645446e-24
-8.97373540856	1.54779809882e-24
-8.95914396887	1.95229082332e-24
-8.94455252918	2.4617266894e-24
-8.92996108949	3.10352184338e-24
-8.91536964981	3.91180700695e-24
-8.90077821012	4.93056752176e-24
-8.88618677043	6.21368114293e-24
-8.87159533074	7.82989663818e-24
-8.85700389105	9.86008740901e-24
-8.84241245136	1.24122107061e-23
-8.82782101167	1.56190912742e-23
-8.81322957198	1.96482957437e-23
-8.7986381323	2.47082023426e-23
-8.78404669261	3.10636192671e-23
-8.76945525292	3.90407451871e-23
-8.75486381323	4.90506704717e-23
-8.74027237354	6.15953141544e-23
-8.72568093385	7.73180048836e-23
-8.71108949416	9.70114074315e-23
-8.69649805447	1.21675760567e-22
-8.68190661479	1.52544289839e-22
-8.6673151751	1.91172096351e-22
-8.65272373541	2.39482850398e-22
-8.63813229572	2.99877828274e-22
-8.62354085603	3.75324908268e-22
-8.60894941634	4.69551820226e-22
-8.59435797665	5.87171023148e-22
-8.57976653696	7.33931200234e-22
-8.56517509728	9.16966174162e-22
-8.55058365759	1.14514685815e-21
-8.5359922179	1.42946597834e-21
-8.52140077821	1.7835868893e-21
-8.50680933852	2.22434726348e-21
-8.49221789883	2.77273067892e-21
-8.47762645914	3.45467312001e-21
-8.46303501945	4.30234257892e-21
-8.44844357977	5.35548837241e-21
-8.43385214008	6.66335293459e-21
-8.41926070039	8.28670618774e-21
-8.4046692607	1.03007374899e-20
-8.39007782101	1.27981373009e-20
-8.37548638132	1.58935159327e-20
-8.36089494163	1.97281733416e-20
-8.34630350195	2.44764991313e-20
-8.33171206226	3.03532798975e-20
-8.31712062257	3.76233089071e-20
-8.30252918288	4.66123926382e-20
-8.28793774319	5.77217403575e-20
-8.2733463035	7.14443093682e-20
-8.25875486381	8.83868316349e-20
-8.24416342412	1.09294607106e-19
-8.22957198444	1.35083310095e-19
-8.21498054475	1.66876799421e-19
-8.20038910506	2.060543541e-19
-8.18579766537	2.54307289136e-19
-8.17120622568	3.13709181966e-19
-8.15661478599	3.86799155749e-19
-8.1420233463	4.7668807145e-19
-8.12743190661	5.87182690412e-19
-8.11284046693	7.22940407193e-19
-8.09824902724	8.89655383344e-19
-8.08365758755	1.09428752843e-18
-8.06906614786	1.34533632974e-18
-8.05447470817	1.65317996971e-18
-8.03988326848	2.03047849202e-18
-8.02529182879	2.49267573168e-18
-8.0107003891	3.05859633554e-18
-7.99610894942	3.75117799237e-18
-7.98151750973	4.5983507428e-18
-7.96692607004	5.63411158476e-18
-7.95233463035	6.89981481047e-18
-7.93774319066	8.44574516456e-18
-7.92315175097	1.03330053562e-17
-7.90856031128	1.26358236819e-17
-7.89396887159	1.54443096648e-17
-7.87937743191	1.88678092787e-17
-7.86478599222	2.30389308838e-17
-7.85019455253	2.81184244933e-17
-7.83560311284	3.43010413322e-17
-7.82101167315	4.18226131091e-17
-7.80642023346	5.09685536707e-17
-7.79182879377	6.20841409585e-17
-7.77723735409	7.55868359049e-17
-7.7626459144	9.19811125916e-17
-7.74805447471	1.11876272766e-16
-7.73346303502	1.36007886091e-16
-7.71887159533	1.65263442679e-16
-7.70428015564	2.00713224385e-16
-7.68968871595	2.43647220643e-16
-7.67509727626	2.9561951364e-16
-7.66050583658	3.58501334078e-16
-7.64591439689	4.34544623193e-16
-7.6313229572	5.26458051714e-16
-7.61673151751	6.37497995331e-16
-7.60214007782	7.7157719699e-16
-7.58754863813	9.33394680888e-16
-7.57295719844	1.1285907195e-15
-7.55836575875	1.36393197784e-15
-7.54377431907	1.64753212595e-15
-7.52918287938	1.98911489357e-15
-7.51459143969	2.40032759643e-15
-7.5	2.89511368563e-15
-7.48540856031	3.49015578291e-15
-7.47081712062	4.20540902905e-15
-7.45622568093	5.06472429668e-15
-7.44163424124	6.09659498978e-15
-7.42704280156	7.3350435024e-15
-7.41245136187	8.82067248833e-15
-7.39785992218	1.06019120511e-14
-7.38326848249	1.27364981546e-14
-7.3686770428	1.52932242129e-14
-7.35408560311	1.83540156006e-14
-7.33949416342	2.2016384076e-14
-7.32490272373	2.63963323224e-14
-7.31031128405	3.16317862798e-14
-7.29571984436	3.78866515175e-14
-7.28112840467	4.53556024177e-14
-7.26653696498	5.42697353067e-14
-7.25194552529	6.49032356379e-14
-7.2373540856	7.75812384654e-14
-7.22276264591	9.26890884339e-14
-7.20817120623	1.10683246659e-13
-7.19357976654	1.32104123484e-13
-7.17898832685	1.57591174568e-13
-7.16439688716	1.87900645661e-13
-7.14980544747	2.23926421659e-13
-7.13521400778	2.66724505828e-13
-7.12062256809	3.17541749518e-13
-7.1060311284	3.77849543697e-13
-7.09143968872	4.49383317814e-13
-7.07684824903	5.34188807691e-13
-7.06225680934	6.34676230809e-13
-7.04766536965	7.53683677333e-13
-7.03307392996	8.94551249131e-13
-7.01848249027	1.06120770901e-12
-7.00389105058	1.25827170297e-12
-6.98929961089	1.49116992548e-12
-6.97470817121	1.76627500278e-12
-6.96011673152	2.09106626391e-12
-6.94552529183	2.47431711463e-12
-6.93093385214	2.92631326708e-12
-6.91634241245	3.459106776e-12
-6.90175097276	4.08681156426e-12
-6.88715953307	4.8259470286e-12
-6.87256809338	5.69583728671e-12
-6.8579766537	6.71907484552e-12
-6.84338521401	7.92205870724e-12
-6.82879377432	9.33561853663e-12
-6.81420233463	1.09957381957e-11
-6.79961089494	1.29443939857e-11
-6.78501945525	1.52305251677e-11
-6.77042801556	1.79111570007e-11
-6.75583657588	2.1052699425e-11
-6.74124513619	2.47324480458e-11
-6.7266536965	2.90403177593e-11
-6.71206225681	3.40808439718e-11
-6.69747081712	3.99754912174e-11
-6.68287937743	4.68653148579e-11
-6.66828793774	5.49140278941e-11
-6.65369649805	6.43115324576e-11
-6.63910505837	7.52779837877e-11
-6.62451361868	8.80684642635e-11
-6.60992217899	1.02978355511e-10
-6.5953307393	1.20349509216e-10
-6.58073929961	1.40577330817e-10
-6.56614785992	1.64118906191e-10
-6.55155642023	1.915023189e-10
-6.53696498054	2.23337325869e-10
-6.52237354086	2.60327581625e-10
-6.50778210117	3.03284627205e-10
-6.49319066148	3.53143887887e-10
-6.47859922179	4.10982956963e-10
-6.4640077821	4.78042478553e-10
-6.44941634241	5.55749983975e-10
-6.43482490272	6.45747081509e-10
-6.42023346303	7.49920451746e-10
-6.40564202335	8.70437157803e-10
-6.39105058366	1.00978484561e-09
-6.37645914397	1.17081748084e-09
-6.36186770428	1.35680735173e-09
-6.34727626459	1.57150415668e-09
-6.3326848249	1.81920209831e-09
-6.31809338521	2.10481601777e-09
-6.30350194552	2.4339677306e-09
-6.28891050584	2.81308386491e-09
-6.27431906615	3.24950666161e-09
-6.25972762646	3.75161936758e-09
-6.24513618677	4.32898804984e-09
-6.23054474708	4.9925218707e-09
-6.21595330739	5.75465410543e-09
-6.2013618677	6.62954644559e-09
-6.18677042802	7.63331942632e-09
-6.17217898833	8.78431213699e-09
-6.15758754864	1.01033747367e-08
-6.14299610895	1.16141976852e-08
-6.12840466926	1.33436820411e-08
-6.11381322957	1.53223556557e-08
-6.09922178988	1.75848406211e-08
-6.08463035019	2.01703779116e-08
-6.07003891051	2.31234157951e-08
-6.05544747082	2.64942692926e-08
-6.04085603113	3.03398587337e-08
-6.02626459144	3.47245362904e-08
-6.01167315175	3.97210102995e-08
-5.99708171206	4.54113781816e-08
-5.98249027237	5.18882798674e-08
-5.96789883268	5.9256184832e-08
-5.953307393	6.76328271443e-08
-5.93871595331	7.71508043504e-08
-5.92412451362	8.79593575535e-08
-5.90953307393	1.00226351712e-07
-5.89494163424	1.14140476998e-07
-5.88035019455	1.29913693992e-07
-5.86575875486	1.47783947647e-07
-5.85116731517	1.68018177172e-07
-5.83657587549	1.90915651511e-07
-5.8219844358	2.16811662687e-07
-5.80739299611	2.46081612162e-07
-5.79280155642	2.79145528384e-07
-5.77821011673	3.1647305698e-07
-5.76361867704	3.58588968541e-07
-5.74902723735	4.06079232688e-07
-5.73443579766	4.59597711068e-07
-5.71984435798	5.19873526186e-07
-5.70525291829	5.87719167444e-07
-5.6906614786	6.64039400583e-07
-5.67607003891	7.4984105169e-07
-5.66147859922	8.46243742321e-07
-5.64688715953	9.54491657866e-07
-5.63229571984	1.07596643721e-06
-5.61770428016	1.21220127786e-06
-5.60311284047	1.3648963573e-06
-5.58852140078	1.5359356779e-06
-5.57392996109	1.72740544986e-06
-5.5593385214	1.941614134e-06
-5.54474708171	2.18111427338e-06
-5.53015564202	2.44872625102e-06
-5.51556420233	2.74756411829e-06
-5.50097276265	3.08106364734e-06
-5.48638132296	3.45301276847e-06
-5.47178988327	3.86758456228e-06
-5.45719844358	4.32937298452e-06
-5.44260700389	4.84343150991e-06
-5.4280155642	5.41531488976e-06
-5.41342412451	6.05112422609e-06
-5.39883268482	6.7575555732e-06
-5.38424124514	7.54195228512e-06
-5.36964980545	8.41236133466e-06
-5.35505836576	9.37759383666e-06
-5.34046692607	1.0447290014e-05
-5.32587548638	1.16319888505e-05
-5.31128404669	1.29432026793e-05
-5.296692607	1.43934969584e-05
-5.28210116731	1.59965754885e-05
-5.26750972763	1.77673713273e-05
-5.25291828794	1.97221436561e-05
-5.23832684825	2.18785808493e-05
-5.22373540856	2.42559099969e-05
-5.20914396887	2.68750131193e-05
-5.19455252918	2.97585503081e-05
-5.17996108949	3.29310900148e-05
-5.1653696498	3.64192466916e-05
-5.15077821012	4.02518259772e-05
-5.13618677043	4.44599775929e-05
-5.12159533074	4.90773560961e-05
-5.10700389105	5.41402896051e-05
-5.09241245136	5.96879565812e-05
-5.07782101167	6.5762570713e-05
-5.06322957198	7.24095739116e-05
-5.0486381323	7.96778373752e-05
-5.03404669261	8.76198706339e-05
-5.01945525292	9.62920384268e-05
-5.00486381323	0.000105754785205
-4.99027237354	0.000116072866987
-4.97568093385	0.000127315590215
-4.96108949416	0.000139557057198
-4.94649805447	0.000152876417622
-4.93190661479	0.000167358125543
-4.9173151751	0.000183092201167
-4.90272373541	0.000200174496627
-4.88813229572	0.00021870696488
-4.87354085603	0.000238797930695
-4.85894941634	0.000260562362653
-4.84435797665	0.000284122144907
-4.82976653696	0.000309606347373
-4.81517509728	0.000337151492863
-4.80058365759	0.000366901819609
-4.7859922179	0.000399009537423
-4.77140077821	0.000433635075705
-4.75680933852	0.000470947321317
-4.74221789883	0.000511123844276
-4.72762645914	0.00055435110909
-4.71303501945	0.00060082466944
-4.69844357977	0.000650749343852
-4.68385214008	0.000704339369882
-4.66926070039	0.000761818534277
-4.6546692607	0.000823420276509
-4.64007782101	0.000889387763034
-4.62548638132	0.000959973929591
-4.61089494163	0.00103544148886
-4.59630350194	0.0011160629008
-4.58171206226	0.00120212030294
-4.56712062257	0.00129390539824
-4.55252918288	0.00139171929768
-4.53793774319	0.00149587231555
-4.5233463035	0.00160668371485
-4.50875486381	0.00172448140094
-4.49416342412	0.00184960156142
-4.47957198444	0.00198238825066
-4.46498054475	0.00212319291754
-4.45038910506	0.00227237387526
-4.43579766537	0.00243029571256
-4.42120622568	0.00259732864582
-4.40661478599	0.00277384781211
-4.3920233463	0.00296023250344
-4.37743190661	0.00315686534313
-4.36284046693	0.0033641314056
-4.34824902724	0.00358241728113
-4.33365758755	0.0038121100881
-4.31906614786	0.00405359643524
-4.30447470817	0.00430726133726
-4.28988326848	0.00457348708746
-4.27529182879	0.00485265209182
-4.2607003891	0.005145129669
-4.24610894942	0.00545128682169
-4.23151750973	0.00577148298495
-4.21692607004	0.00610606875742
-4.20233463035	0.00645538462217
-4.18774319066	0.0068197596637
-4.17315175097	0.00719951028843
-4.15856031128	0.00759493895588
-4.14396887159	0.0080063329281
-4.12937743191	0.00843396304507
-4.11478599222	0.0088780825337
-4.10019455253	0.00933892585816
-4.08560311284	0.00981670761922
-4.07101167315	0.0103116215099
-4.05642023346	0.010823839335
-4.04182879377	0.0113535101008
-4.02723735408	0.0119007591826
-4.0126459144	0.0124656875746
-3.99805447471	0.0130483712299
-3.98346303502	0.013648860493
-3.96887159533	0.0142671796321
-3.95428015564	0.0149033264724
-3.93968871595	0.0155572721357
-3.92509727626	0.016228960886
-3.91050583658	0.0169183100857
-3.89591439689	0.0176252102605
-3.8813229572	0.0183495252743
-3.86673151751	0.0190910926128
-3.85214007782	0.0198497237745
-3.83754863813	0.0206252047656
-3.82295719844	0.0214172966974
-3.80836575875	0.0222257364807
-3.79377431907	0.0230502376126
-3.77918287938	0.0238904910525
-3.76459143969	0.0247461661785
-3.75	0.0256169118205
-3.73540856031	0.0265023573617
-3.72081712062	0.0274021139023
-3.70622568093	0.0283157754772
-3.69163424124	0.0292429203204
-3.67704280156	0.030183112169
-3.66245136187	0.0311359015972
-3.64785992218	0.0321008273744
-3.63326848249	0.0330774178379
-3.6186770428	0.0340651922733
-3.60408560311	0.0350636622951
-3.58949416342	0.0360723332197
-3.57490272373	0.0370907054243
-3.56031128405	0.0381182756849
-3.54571984436	0.0391545384868
-3.53112840467	0.0401989873024
-3.51653696498	0.04125111583
-3.50194552529	0.0423104191904
-3.4873540856	0.0433763950743
-3.47276264591	0.0444485448392
-3.45817120623	0.0455263745511
-3.44357976654	0.0466093959678
-3.42898832685	0.0476971274629
-3.41439688716	0.048789094887
-3.39980544747	0.0498848323664
-3.38521400778	0.0509838830365
-3.37062256809	0.0520857997117
-3.3560311284	0.0531901454902
-3.34143968872	0.0542964942942
-3.32684824903	0.0554044313478
-3.31225680934	0.0565135535912
-3.29766536965	0.0576234700357
-3.28307392996	0.058733802058
-3.26848249027	0.0598441836388
-3.25389105058	0.0609542615455
-3.23929961089	0.0620636954632
-3.22470817121	0.0631721580745
-3.21011673152	0.0642793350936
-3.19552529183	0.0653849252543
-3.18093385214	0.0664886402571
-3.16634241245	0.0675902046773
-3.15175097276	0.068689355837
-3.13715953307	0.0697858436438
-3.12256809338	0.0708794303996
-3.1079766537	0.071969890582
-3.09338521401	0.0730570106005
-3.07879377432	0.0741405885319
-3.06420233463	0.0752204338348
-3.04961089494	0.0762963670488
-3.03501945525	0.0773682194784
-3.02042801556	0.0784358328655
-3.00583657587	0.0794990590513
-2.99124513619	0.0805577596308
-2.9766536965	0.0816118056019
-2.96206225681	0.0826610770099
-2.94747081712	0.0837054625896
-2.93287937743	0.0847448594076
-2.91828793774	0.0857791725041
-2.90369649805	0.086808314538
-2.88910505837	0.0878322054343
-2.87451361868	0.0888507720363
-2.85992217899	0.0898639477636
-2.8453307393	0.0908716722752
-2.83073929961	0.091873891141
-2.81614785992	0.09287055552
-2.80155642023	0.0938616218471
-2.78696498054	0.0948470515286
-2.77237354086	0.0958268106472
-2.75778210117	0.0968008696762
-2.74319066148	0.0977692032035
-2.72859922179	0.0987317896656
-2.7140077821	0.0996886110918
-2.69941634241	0.100639652858
-2.68482490272	0.101584903454
-2.67023346303	0.102524354253
-2.65564202335	0.1034579993
-2.64105058366	0.104385835108
-2.62645914397	0.105307860461
-2.61186770428	0.106224076225
-2.59727626459	0.107134485178
-2.5826848249	0.108039091842
-2.56809338521	0.108937902322
-2.55350194552	0.10983092416
-2.53891050584	0.110718166194
-2.52431906615	0.111599638427
-2.50972762646	0.112475351904
-2.49513618677	0.113345318592
-2.48054474708	0.114209551276
-2.46595330739	0.115068063452
-2.4513618677	0.115920869239
-2.43677042801	0.116767983286
-2.42217898833	0.117609420691
-2.40758754864	0.118445196925
-2.39299610895	0.119275327764
-2.37840466926	0.12009982922
-2.36381322957	0.120918717484
-2.34922178988	0.12173200887
-2.33463035019	0.122539719766
-2.32003891051	0.123341866585
-2.30544747082	0.124138465726
-2.29085603113	0.124929533535
-2.27626459144	0.125715086267
-2.26167315175	0.126495140061
-2.24708171206	0.127269710908
-2.23249027237	0.128038814624
-2.21789883268	0.128802466833
-2.203307393	0.129560682943
-2.18871595331	0.13031347813
-2.17412451362	0.131060867325
-2.15953307393	0.131802865195
-2.14494163424	0.13253948614
-2.13035019455	0.133270744276
-2.11575875486	0.133996653432
-2.10116731517	0.134717227143
-2.08657587549	0.135432478643
-2.0719844358	0.136142420863
-2.05739299611	0.13684706643
-2.04280155642	0.137546427662
-2.02821011673	0.138240516571
-2.01361867704	0.13892934486
-1.99902723735	0.139612923928
-1.98443579766	0.140291264869
-1.96984435798	0.140964378477
-1.95525291829	0.141632275245
-1.9406614786	0.142294965373
-1.92607003891	0.142952458769
-1.91147859922	0.143604765056
-1.89688715953	0.144251893575
-1.88229571984	0.144893853389
-1.86770428015	0.145530653291
-1.85311284047	0.146162301807
-1.83852140078	0.146788807203
-1.82392996109	0.147410177492
-1.8093385214	0.148026420435
-1.79474708171	0.148637543554
-1.78015564202	0.149243554132
-1.76556420233	0.149844459222
-1.75097276265	0.150440265653
-1.73638132296	0.151030980034
-1.72178988327	0.151616608762
-1.70719844358	0.152197158028
-1.69260700389	0.152772633823
-1.6780155642	0.153343041942
-1.66342412451	0.15390838799
-1.64883268482	0.154468677391
-1.63424124514	0.15502391539
-1.61964980545	0.155574107059
-1.60505836576	0.156119257306
-1.59046692607	0.156659370875
-1.57587548638	0.157194452353
-1.56128404669	0.157724506178
-1.546692607	0.15824953664
-1.53210116731	0.158769547888
-1.51750972763	0.159284543934
-1.50291828794	0.159794528658
-1.48832684825	0.16029950581
-1.47373540856	0.160799479019
-1.45914396887	0.161294451794
-1.44455252918	0.161784427527
-1.42996108949	0.162269409501
-1.4153696498	0.162749400889
-1.40077821012	0.163224404762
-1.38618677043	0.163694424089
-1.37159533074	0.164159461743
-1.35700389105	0.164619520504
-1.34241245136	0.16507460306
-1.32782101167	0.165524712014
-1.31322957198	0.165969849883
-1.29863813229	0.166410019104
-1.28404669261	0.166845222034
-1.26945525292	0.167275460956
-1.25486381323	0.167700738079
-1.24027237354	0.168121055542
-1.22568093385	0.168536415416
-1.21108949416	0.168946819704
-1.19649805447	0.169352270348
-1.18190661479	0.169752769229
-1.1673151751	0.170148318167
-1.15272373541	0.170538918925
-1.13813229572	0.170924573212
-1.12354085603	0.171305282682
-1.10894941634	0.171681048939
-1.09435797665	0.172051873535
-1.07976653696	0.172417757977
-1.06517509728	0.172778703722
-1.05058365759	0.173134712185
-1.0359922179	0.173485784734
-1.02140077821	0.173831922699
-1.00680933852	0.174173127365
-0.992217898832	0.174509399982
-0.977626459143	0.174840741757
-0.963035019454	0.175167153864
-0.948443579766	0.17548863744
-0.933852140077	0.175805193587
-0.919260700388	0.176116823373
-0.9046692607	0.176423527834
-0.890077821011	0.176725307975
-0.875486381322	0.177022164769
-0.860894941633	0.177314099162
-0.846303501945	0.177601112069
-0.831712062256	0.177883204377
-0.817120622567	0.178160376947
-0.802529182879	0.178432630614
-0.78793774319	0.178699966186
-0.773346303501	0.178962384447
-0.758754863812	0.179219886158
-0.744163424124	0.179472472054
-0.729571984435	0.17972014285
-0.714980544746	0.179962899238
-0.700389105058	0.180200741886
-0.685797665369	0.180433671445
-0.67120622568	0.180661688543
-0.656614785991	0.180884793788
-0.642023346303	0.18110298777
-0.627431906614	0.181316271059
-0.612840466925	0.181524644206
-0.598249027237	0.181728107747
-0.583657587548	0.181926662197
-0.569066147859	0.182120308055
-0.55447470817	0.182309045803
-0.539883268482	0.182492875908
-0.525291828793	0.182671798819
-0.510700389104	0.18284581497
-0.496108949416	0.183014924781
-0.481517509727	0.183179128655
-0.466926070038	0.183338426981
-0.452334630349	0.183492820134
-0.437743190661	0.183642308474
-0.423151750972	0.183786892348
-0.408560311283	0.183926572089
-0.393968871594	0.184061348017
-0.379377431906	0.184191220437
-0.364785992217	0.184316189644
-0.350194552528	0.184436255918
-0.33560311284	0.184551419527
-0.321011673151	0.184661680727
-0.306420233462	0.184767039762
-0.291828793773	0.184867496864
-0.277237354085	0.184963052252
-0.262645914396	0.185053706136
-0.248054474707	0.185139458711
-0.233463035019	0.185220310163
-0.21887159533	0.185296260666
-0.204280155641	0.185367310383
-0.189688715952	0.185433459467
-0.175097276264	0.185494708057
-0.160505836575	0.185551056285
-0.145914396886	0.18560250427
-0.131322957198	0.18564905212
-0.116731517509	0.185690699934
-0.10214007782	0.1857274478
-0.0875486381314	0.185759295794
-0.0729571984427	0.185786243984
-0.058365758754	0.185808292426
-0.0437743190653	0.185825441167
-0.0291828793766	0.185837690242
-0.0145914396879	0.185845039677
8.5975671027e-13	0.185847489487
0.0145914396896	0.185845039677
0.0291828793783	0.185837690242
0.043774319067	0.185825441167
0.0583657587557	0.185808292426
0.0729571984444	0.185786243984
0.0875486381332	0.185759295794
0.102140077822	0.1857274478
0.116731517511	0.185690699934
0.131322957199	0.18564905212
0.145914396888	0.18560250427
0.160505836577	0.185551056285
0.175097276265	0.185494708057
0.189688715954	0.185433459467
0.204280155643	0.185367310383
0.218871595332	0.185296260666
0.23346303502	0.185220310163
0.248054474709	0.185139458711
0.262645914398	0.185053706136
0.277237354086	0.184963052252
0.291828793775	0.184867496864
0.306420233464	0.184767039762
0.321011673153	0.184661680727
0.335603112841	0.184551419527
0.35019455253	0.184436255918
0.364785992219	0.184316189644
0.379377431907	0.184191220437
0.393968871596	0.184061348017
0.408560311285	0.183926572089
0.423151750974	0.183786892348
0.437743190662	0.183642308474
0.452334630351	0.183492820134
0.46692607004	0.183338426981
0.481517509729	0.183179128655
0.496108949417	0.183014924781
0.510700389106	0.18284581497
0.525291828795	0.182671798819
0.539883268483	0.182492875908
0.554474708172	0.182309045803
0.569066147861	0.182120308055
0.58365758755	0.181926662197
0.598249027238	0.181728107747
0.612840466927	0.181524644206
0.627431906616	0.181316271059
0.642023346304	0.18110298777
0.656614785993	0.180884793788
0.671206225682	0.180661688543
0.685797665371	0.180433671445
0.700389105059	0.180200741886
0.714980544748	0.179962899238
0.729571984437	0.17972014285
0.744163424125	0.179472472054
0.758754863814	0.179219886158
0.773346303503	0.178962384447
0.787937743192	0.178699966186
0.80252918288	0.178432630614
0.817120622569	0.178160376947
0.831712062258	0.177883204377
0.846303501946	0.177601112069
0.860894941635	0.177314099162
0.875486381324	0.177022164769
0.890077821013	0.176725307975
0.904669260701	0.176423527834
0.91926070039	0.176116823373
0.933852140079	0.175805193587
0.948443579767	0.17548863744
0.963035019456	0.175167153864
0.977626459145	0.174840741757
0.992217898834	0.174509399982
1.00680933852	0.174173127365
1.02140077821	0.173831922699
1.0359922179	0.173485784734
1.05058365759	0.173134712185
1.06517509728	0.172778703722
1.07976653697	0.172417757977
1.09435797665	0.172051873535
1.10894941634	0.171681048939
1.12354085603	0.171305282682
1.13813229572	0.170924573212
1.15272373541	0.170538918925
1.1673151751	0.170148318167
1.18190661479	0.169752769229
1.19649805448	0.169352270348
1.21108949416	0.168946819704
1.22568093385	0.168536415416
1.24027237354	0.168121055542
1.25486381323	0.167700738079
1.26945525292	0.167275460956
1.28404669261	0.166845222034
1.2986381323	0.166410019104
1.31322957199	0.165969849883
1.32782101167	0.165524712014
1.34241245136	0.16507460306
1.35700389105	0.164619520504
1.37159533074	0.164159461743
1.38618677043	0.163694424089
1.40077821012	0.163224404762
1.41536964981	0.162749400889
1.4299610895	0.162269409501
1.44455252918	0.161784427527
1.45914396887	0.161294451794
1.47373540856	0.160799479019
1.48832684825	0.16029950581
1.50291828794	0.159794528658
1.51750972763	0.159284543934
1.53210116732	0.158769547888
1.546692607	0.15824953664
1.56128404669	0.157724506178
1.57587548638	0.157194452353
1.59046692607	0.156659370875
1.60505836576	0.156119257306
1.61964980545	0.15557410706
1.63424124514	0.15502391539
1.64883268483	0.154468677391
1.66342412451	0.15390838799
1.6780155642	0.153343041942
1.69260700389	0.152772633823
1.70719844358	0.152197158028
1.72178988327	0.151616608762
1.73638132296	0.151030980034
1.75097276265	0.150440265653
1.76556420234	0.149844459222
1.78015564202	0.149243554132
1.79474708171	0.148637543554
1.8093385214	0.148026420435
1.82392996109	0.147410177492
1.83852140078	0.146788807203
1.85311284047	0.146162301807
1.86770428016	0.145530653291
1.88229571985	0.144893853389
1.89688715953	0.144251893575
1.91147859922	0.143604765056
1.92607003891	0.142952458769
1.9406614786	0.142294965373
1.95525291829	0.141632275245
1.96984435798	0.140964378477
1.98443579767	0.140291264869
1.99902723736	0.139612923928
2.01361867704	0.13892934486
2.02821011673	0.138240516571
2.04280155642	0.137546427662
2.05739299611	0.13684706643
2.0719844358	0.136142420863
2.08657587549	0.135432478643
2.10116731518	0.134717227143
2.11575875486	0.133996653432
2.13035019455	0.133270744276
2.14494163424	0.13253948614
2.15953307393	0.131802865195
2.17412451362	0.131060867325
2.18871595331	0.13031347813
2.203307393	0.129560682943
2.21789883269	0.128802466833
2.23249027237	0.128038814624
2.24708171206	0.127269710908
2.26167315175	0.126495140062
2.27626459144	0.125715086267
2.29085603113	0.124929533535
2.30544747082	0.124138465726
2.32003891051	0.123341866585
2.3346303502	0.122539719766
2.34922178988	0.12173200887
2.36381322957	0.120918717484
2.37840466926	0.12009982922
2.39299610895	0.119275327764
2.40758754864	0.118445196925
2.42217898833	0.117609420691
2.43677042802	0.116767983286
2.45136186771	0.115920869239
2.46595330739	0.115068063452
2.48054474708	0.114209551276
2.49513618677	0.113345318593
2.50972762646	0.112475351904
2.52431906615	0.111599638428
2.53891050584	0.110718166194
2.55350194553	0.10983092416
2.56809338522	0.108937902322
2.5826848249	0.108039091842
2.59727626459	0.107134485179
2.61186770428	0.106224076225
2.62645914397	0.105307860461
2.64105058366	0.104385835109
2.65564202335	0.1034579993
2.67023346304	0.102524354253
2.68482490272	0.101584903454
2.69941634241	0.100639652859
2.7140077821	0.0996886110919
2.72859922179	0.0987317896657
2.74319066148	0.0977692032036
2.75778210117	0.0968008696764
2.77237354086	0.0958268106473
2.78696498055	0.0948470515287
2.80155642023	0.0938616218472
2.81614785992	0.0928705555202
2.83073929961	0.0918738911412
2.8453307393	0.0908716722754
2.85992217899	0.0898639477637
2.87451361868	0.0888507720365
2.88910505837	0.0878322054345
2.90369649806	0.0868083145382
2.91828793774	0.0857791725043
2.93287937743	0.0847448594078
2.94747081712	0.0837054625898
2.96206225681	0.0826610770101
2.9766536965	0.0816118056021
2.99124513619	0.080557759631
3.00583657588	0.0794990590515
3.02042801557	0.0784358328658
3.03501945525	0.0773682194787
3.04961089494	0.076296367049
3.06420233463	0.075220433835
3.07879377432	0.0741405885321
3.09338521401	0.0730570106008
3.1079766537	0.0719698905822
3.12256809339	0.0708794303999
3.13715953307	0.0697858436441
3.15175097276	0.0686893558373
3.16634241245	0.0675902046776
3.18093385214	0.0664886402574
3.19552529183	0.0653849252546
3.21011673152	0.0642793350939
3.22470817121	0.0631721580748
3.2392996109	0.0620636954635
3.25389105058	0.0609542615458
3.26848249027	0.0598441836391
3.28307392996	0.0587338020583
3.29766536965	0.057623470036
3.31225680934	0.0565135535915
3.32684824903	0.0554044313481
3.34143968872	0.0542964942946
3.35603112841	0.0531901454905
3.37062256809	0.052085799712
3.38521400778	0.0509838830368
3.39980544747	0.0498848323667
3.41439688716	0.0487890948874
3.42898832685	0.0476971274632
3.44357976654	0.0466093959681
3.45817120623	0.0455263745514
3.47276264592	0.0444485448396
3.4873540856	0.0433763950746
3.50194552529	0.0423104191908
3.51653696498	0.0412511158304
3.53112840467	0.0401989873027
3.54571984436	0.0391545384872
3.56031128405	0.0381182756853
3.57490272374	0.0370907054246
3.58949416343	0.03607233322
3.60408560311	0.0350636622954
3.6186770428	0.0340651922737
3.63326848249	0.0330774178383
3.64785992218	0.0321008273748
3.66245136187	0.0311359015975
3.67704280156	0.0301831121693
3.69163424125	0.0292429203208
3.70622568093	0.0283157754775
3.72081712062	0.0274021139027
3.73540856031	0.0265023573621
3.75	0.0256169118208
3.76459143969	0.0247461661788
3.77918287938	0.0238904910528
3.79377431907	0.0230502376129
3.80836575876	0.022225736481
3.82295719844	0.0214172966978
3.83754863813	0.0206252047659
3.85214007782	0.0198497237748
3.86673151751	0.0190910926131
3.8813229572	0.0183495252746
3.89591439689	0.0176252102608
3.91050583658	0.016918310086
3.92509727627	0.0162289608863
3.93968871595	0.015557272136
3.95428015564	0.0149033264727
3.96887159533	0.0142671796323
3.98346303502	0.0136488604932
3.99805447471	0.0130483712301
4.0126459144	0.0124656875749
4.02723735409	0.0119007591828
4.04182879378	0.0113535101011
4.05642023346	0.0108238393352
4.07101167315	0.0103116215101
4.08560311284	0.00981670761944
4.10019455253	0.00933892585838
4.11478599222	0.00887808253391
4.12937743191	0.00843396304528
4.1439688716	0.0080063329283
4.15856031129	0.00759493895607
4.17315175097	0.00719951028862
4.18774319066	0.00681975966388
4.20233463035	0.00645538462235
4.21692607004	0.0061060687576
4.23151750973	0.00577148298512
4.24610894942	0.00545128682186
4.26070038911	0.00514512966915
4.27529182879	0.00485265209197
4.28988326848	0.00457348708761
4.30447470817	0.0043072613374
4.31906614786	0.00405359643538
4.33365758755	0.00381211008823
4.34824902724	0.00358241728125
4.36284046693	0.00336413140572
4.37743190662	0.00315686534325
4.3920233463	0.00296023250354
4.40661478599	0.00277384781221
4.42120622568	0.00259732864592
4.43579766537	0.00243029571265
4.45038910506	0.00227237387535
4.46498054475	0.00212319291763
4.47957198444	0.00198238825075
4.49416342413	0.00184960156149
4.50875486381	0.00172448140101
4.5233463035	0.00160668371492
4.53793774319	0.00149587231562
4.55252918288	0.00139171929775
4.56712062257	0.0012939053983
4.58171206226	0.001202120303
4.59630350195	0.00111606290085
4.61089494164	0.00103544148892
4.62548638132	0.00095997392964
4.64007782101	0.00088938776308
4.6546692607	0.000823420276553
4.66926070039	0.000761818534319
4.68385214008	0.000704339369921
4.69844357977	0.000650749343889
4.71303501946	0.000600824669475
4.72762645915	0.000554351109123
4.74221789883	0.000511123844307
4.75680933852	0.000470947321346
4.77140077821	0.000433635075732
4.7859922179	0.000399009537449
4.80058365759	0.000366901819633
4.81517509728	0.000337151492886
4.82976653697	0.000309606347393
4.84435797665	0.000284122144927
4.85894941634	0.000260562362671
4.87354085603	0.000238797930712
4.88813229572	0.000218706964896
4.90272373541	0.000200174496642
4.9173151751	0.00018309220118
4.93190661479	0.000167358125556
4.94649805448	0.000152876417635
4.96108949416	0.00013955705721
4.97568093385	0.000127315590226
4.99027237354	0.000116072866997
5.00486381323	0.000105754785214
5.01945525292	9.62920384353e-05
5.03404669261	8.76198706418e-05
5.0486381323	7.96778373826e-05
5.06322957199	7.24095739184e-05
5.07782101167	6.57625707193e-05
5.09241245136	5.96879565871e-05
5.10700389105	5.41402896106e-05
5.12159533074	4.90773561011e-05
5.13618677043	4.44599775975e-05
5.15077821012	4.02518259815e-05
5.16536964981	3.64192466956e-05
5.1799610895	3.29310900184e-05
5.19455252918	2.97585503115e-05
5.20914396887	2.68750131224e-05
5.22373540856	2.42559099998e-05
5.23832684825	2.1878580852e-05
5.25291828794	1.97221436585e-05
5.26750972763	1.77673713296e-05
5.28210116732	1.59965754905e-05
5.29669260701	1.43934969603e-05
5.31128404669	1.2943202681e-05
5.32587548638	1.16319888521e-05
5.34046692607	1.04472900155e-05
5.35505836576	9.37759383799e-06
5.36964980545	8.41236133588e-06
5.38424124514	7.54195228624e-06
5.39883268483	6.75755557424e-06
5.41342412451	6.05112422704e-06
5.4280155642	5.41531489064e-06
5.44260700389	4.84343151071e-06
5.45719844358	4.32937298525e-06
5.47178988327	3.86758456295e-06
5.48638132296	3.45301276909e-06
5.50097276265	3.08106364791e-06
5.51556420234	2.74756411882e-06
5.53015564202	2.4487262515e-06
5.54474708171	2.18111427382e-06
5.5593385214	1.9416141344e-06
5.57392996109	1.72740545022e-06
5.58852140078	1.53593567823e-06
5.60311284047	1.3648963576e-06
5.61770428016	1.21220127813e-06
5.63229571985	1.07596643745e-06
5.64688715953	9.54491658089e-07
5.66147859922	8.46243742523e-07
5.67607003891	7.49841051874e-07
5.6906614786	6.64039400749e-07
5.70525291829	5.87719167593e-07
5.71984435798	5.1987352632e-07
5.73443579767	4.59597711191e-07
5.74902723736	4.06079232799e-07
5.76361867704	3.58588968642e-07
5.77821011673	3.16473057071e-07
5.79280155642	2.79145528467e-07
5.80739299611	2.46081612237e-07
5.8219844358	2.16811662754e-07
5.83657587549	1.90915651571e-07
5.85116731518	1.68018177227e-07
5.86575875487	1.47783947697e-07
5.88035019455	1.29913694038e-07
5.89494163424	1.14140477039e-07
5.90953307393	1.0022635175e-07
5.92412451362	8.79593575868e-08
5.93871595331	7.71508043801e-08
5.953307393	6.76328271704e-08
5.96789883269	5.92561848555e-08
5.98249027237	5.18882798884e-08
5.99708171206	4.54113782004e-08
6.01167315175	3.97210103162e-08
6.02626459144	3.47245363053e-08
6.04085603113	3.03398587468e-08
6.05544747082	2.64942693042e-08
6.07003891051	2.31234158052e-08
6.0846303502	2.01703779208e-08
6.09922178988	1.75848406293e-08
6.11381322957	1.5322355663e-08
6.12840466926	1.33436820475e-08
6.14299610895	1.1614197691e-08
6.15758754864	1.01033747418e-08
6.17217898833	8.78431214148e-09
6.18677042802	7.6333194302e-09
6.20136186771	6.62954644918e-09
6.21595330739	5.75465410864e-09
6.23054474708	4.9925218736e-09
6.24513618677	4.32898805243e-09
6.25972762646	3.75161936995e-09
6.27431906615	3.24950666372e-09
6.28891050584	2.81308386683e-09
6.30350194553	2.43396773227e-09
6.31809338522	2.10481601937e-09
6.3326848249	1.81920209978e-09
6.34727626459	1.57150415803e-09
6.36186770428	1.35680735294e-09
6.37645914397	1.17081748192e-09
6.39105058366	1.00978484654e-09
6.40564202335	8.70437158606e-10
6.42023346304	7.49920452383e-10
6.43482490272	6.4574708207e-10
6.44941634241	5.55749984449e-10
6.4640077821	4.78042478957e-10
6.47859922179	4.10982957289e-10
6.49319066148	3.53143888152e-10
6.50778210117	3.032846274e-10
6.52237354086	2.60327581767e-10
6.53696498055	2.23337325942e-10
6.55155642023	1.91502318952e-10
6.56614785992	1.64118906218e-10
6.58073929961	1.40577330832e-10
6.5953307393	1.20349509218e-10
6.60992217899	1.02978355511e-10
6.62451361868	8.80684642558e-11
6.63910505837	7.52779837819e-11
6.65369649806	6.43115324485e-11
6.66828793774	5.49140279019e-11
6.68287937743	4.68653148717e-11
6.69747081712	3.99754912391e-11
6.71206225681	3.40808439956e-11
6.7266536965	2.90403177873e-11
6.74124513619	2.47324480722e-11
6.75583657588	2.10526994516e-11
6.77042801557	1.79111570229e-11
6.78501945525	1.52305251965e-11
6.79961089494	1.29443940153e-11
6.81420233463	1.09957382263e-11
6.82879377432	9.33561856631e-12
6.84338521401	7.92205873744e-12
6.8579766537	6.71907487353e-12
6.87256809339	5.69583731308e-12
6.88715953308	4.8259470507e-12
6.90175097276	4.08681158792e-12
6.91634241245	3.4591067988e-12
6.93093385214	2.92631328931e-12
6.94552529183	2.47431713482e-12
6.96011673152	2.09106628268e-12
6.97470817121	1.76627501888e-12
6.9892996109	1.4911699399e-12
7.00389105058	1.25827171432e-12
7.01848249027	1.06120772008e-12
7.03307392996	8.94551258709e-13
7.04766536965	7.53683685482e-13
7.06225680934	6.34676237261e-13
7.07684824903	5.34188813161e-13
7.09143968872	4.49383321787e-13
7.10603112841	3.77849546571e-13
7.12062256809	3.17541750796e-13
7.13521400778	2.66724506924e-13
7.14980544747	2.23926422293e-13
7.16439688716	1.87900646122e-13
7.17898832685	1.57591174861e-13
7.19357976654	1.32104124e-13
7.20817120623	1.10683247258e-13
7.22276264592	9.26890893656e-14
7.2373540856	7.75812395527e-14
7.25194552529	6.49032373964e-14
7.26653696498	5.42697372812e-14
7.28112840467	4.53556045283e-14
7.29571984436	3.78866534851e-14
7.31031128405	3.16317881701e-14
7.32490272374	2.63963339813e-14
7.33949416343	2.20163855562e-14
7.35408560311	1.83540167433e-14
7.3686770428	1.52932253519e-14
7.38326848249	1.27364992312e-14
7.39785992218	1.0601913115e-14
7.41245136187	8.82067347099e-15
7.42704280156	7.33504444496e-15
7.44163424125	6.0965958688e-15
7.45622568094	5.06472519276e-15
7.47081712062	4.20540989728e-15
7.48540856031	3.49015675346e-15
7.5	2.89511467015e-15
7.51459143969	2.40032853014e-15
7.52918287938	1.98911572864e-15
7.54377431907	1.64753289036e-15
7.55836575876	1.36393264537e-15
7.57295719844	1.12859131508e-15
7.58754863813	9.3339518271e-16
7.60214007782	7.71577674101e-16
7.61673151751	6.37498425189e-16
7.6313229572	5.2645845014e-16
7.64591439689	4.34544978544e-16
7.66050583658	3.58501659126e-16
7.67509727627	2.95619800926e-16
7.68968871595	2.43647484469e-16
7.70428015564	2.00713460124e-16
7.71887159533	1.65263682829e-16
7.73346303502	1.36008114086e-16
7.74805447471	1.11876488232e-16
7.7626459144	9.19813072624e-17
7.77723735409	7.55870132256e-17
7.79182879378	6.20842943979e-17
7.80642023346	5.09686882521e-17
7.82101167315	4.18227258941e-17
7.83560311284	3.4301148338e-17
7.85019455253	2.81185240281e-17
7.86478599222	2.30390254646e-17
7.87937743191	1.88678964664e-17
7.8939688716	1.54443918911e-17
7.90856031129	1.26358987247e-17
7.92315175097	1.0333076175e-17
7.93774319066	8.44581082997e-18
7.95233463035	6.89988119712e-18
7.96692607004	5.63417594918e-18
7.98151750973	4.59841298075e-18
7.99610894942	3.75123579718e-18
8.01070038911	3.05865017663e-18
8.0252918288	2.49272434087e-18
8.03988326848	2.03052294262e-18
8.05447470817	1.65321953994e-18
8.06906614786	1.34537391678e-18
8.08365758755	1.09432190808e-18
8.09824902724	8.89687016466e-19
8.11284046693	7.22968731258e-19
8.12743190662	5.87208140862e-19
8.1420233463	4.76710164786e-19
8.15661478599	3.86818349979e-19
8.17120622568	3.13725204281e-19
8.18579766537	2.54321622848e-19
8.20038910506	2.06067055315e-19
8.21498054475	1.66888190455e-19
8.22957198444	1.3509339182e-19
8.24416342413	1.09303726129e-19
8.25875486381	8.83949274112e-20
8.2733463035	7.14516310448e-20
8.28793774319	5.7728234704e-20
8.30252918288	4.66185463158e-20
8.31712062257	3.76289160384e-20
8.33171206226	3.03584187421e-20
8.34630350195	2.44810661675e-20
8.36089494164	1.97322543318e-20
8.37548638132	1.58970448614e-20
8.39007782101	1.28012141306e-20
8.4046692607	1.03033068716e-20
8.41926070039	8.28899935853e-21
8.43385214008	6.66537985553e-21
8.44844357977	5.35732121436e-21
8.46303501946	4.30397337432e-21
8.47762645915	3.45615073811e-21
8.49221789883	2.77403454855e-21
8.50680933852	2.22554287007e-21
8.52140077821	1.78466084543e-21
8.5359922179	1.43049528105e-21
8.55058365759	1.14610094626e-21
8.56517509728	9.1784831647e-22
8.57976653697	7.34721083194e-22
8.59435797666	5.87875338815e-22
8.60894941634	4.70161764874e-22
8.62354085603	3.75852267084e-22
8.63813229572	3.00317445048e-22
8.65272373541	2.39872863149e-22
8.6673151751	1.91510800161e-22
8.68190661479	1.5284380221e-22
8.69649805448	1.21936054645e-22
8.71108949416	9.72425433725e-23
8.72568093385	7.75171318289e-23
8.74027237354	6.17710825433e-23
8.75486381323	4.92014992969e-23
8.76945525292	3.91799411036e-23
8.78404669261	3.11888291913e-23
8.7986381323	2.48220688546e-23
8.81322957199	1.97490169663e-23
8.82782101167	1.57089953892e-23
8.84241245136	1.24901135942e-23
8.85700389105	9.92893853867e-24
8.87159533074	7.88855827611e-24
8.88618677043	6.2678488187e-24
8.90077821012	4.9793172183e-24
8.91536964981	3.95648004455e-24
8.9299610895	3.14336061756e-24
8.94455252918	2.49756692047e-24
8.95914396887	1.98387722379e-24
8.97373540856	1.57633731263e-24
8.98832684825	1.25165028046e-24
9.00291828794	9.94698575899e-25
9.01750972763	7.90691889209e-25
9.03210116732	6.29139546642e-25
9.04669260701	5.005323499e-25
9.06128404669	3.98536183754e-25
9.07587548638	3.17155818587e-25
9.09046692607	2.52532460876e-25
9.10505836576	2.00710313743e-25
9.11964980545	1.59965137629e-25
9.13424124514	1.27596223977e-25
9.14883268483	1.02068848352e-25
9.16342412452	8.16793044215e-26
9.1780155642	6.55141346119e-26
9.19260700389	5.25304615457e-26
9.20719844358	4.21954383932e-26
9.22178988327	3.37947368788e-26
9.23638132296	2.72186672735e-26
9.25097276265	2.19563381192e-26
9.26556420234	1.78320334107e-26
9.28015564202	1.45018982314e-26
9.29474708171	1.18570723212e-26
9.3093385214	9.69315775032e-27
9.32392996109	7.95971181616e-27
9.33852140078	6.48327086018e-27
9.35311284047	5.37065399608e-27
9.36770428016	4.46035716692e-27
9.38229571985	3.76123184682e-27
9.39688715953	3.16928026267e-27
9.41147859922	2.6899131004e-27
9.42607003891	2.2724992278e-27
9.4406614786	1.9406324964e-27
9.45525291829	1.63238870539e-27
9.46984435798	1.40449355771e-27
9.48443579767	1.22077768821e-27
9.49902723736	1.0834491659e-27
9.51361867704	9.57687037408e-28
9.52821011673	8.59631693788e-28
9.54280155642	7.6778621367e-28
9.55739299611	6.9788704698e-28
9.5719844358	6.17784446408e-28
9.58657587549	5.62665931325e-28
9.60116731518	5.12920491111e-28
9.61575875487	4.82572365269e-28
9.63035019455	4.5313046594e-28
9.64494163424	4.27255094494e-28
9.65953307393	3.97735783781e-28
9.67412451362	3.75130148517e-28
9.68871595331	3.43477252732e-28
9.703307393	3.25623882029e-28
9.71789883269	3.08946659467e-28
9.73249027237	2.96168168914e-28
9.74708171206	2.84054407159e-28
9.76167315175	2.70410773105e-28
9.77626459144	2.50883184998e-28
9.79085603113	2.38553682945e-28
9.80544747082	2.25489470594e-28
9.82003891051	2.18271214141e-28
9.8346303502	2.10758287919e-28
9.84922178988	2.08995628296e-28
9.86381322957	2.07677066733e-28
9.87840466926	2.08425469792e-28
9.89299610895	2.08375082534e-28
9.90758754864	2.10634726901e-28
9.92217898833	2.19088311807e-28
9.93677042802	2.23860974494e-28
9.95136186771	2.23309878201e-28
9.96595330739	2.23525663233e-28
9.98054474708	2.23212346596e-28
9.99513618677	2.20918322915e-28
10.0097276265	2.20733293988e-28
10.0243190661	2.25788128419e-28
10.0389105058	2.39199848408e-28
10.0535019455	2.44661023112e-28
10.0680933852	2.4568557836e-28
10.0826848249	2.44240046844e-28
10.0972762646	2.46983032784e-28
10.1118677043	2.44044766195e-28
10.126459144	2.44478402906e-28
10.1410505837	2.52362429197e-28
10.1556420233	2.71630807652e-28
10.170233463	2.77875509497e-28
10.1848249027	2.82799154444e-28
10.1994163424	2.80761613688e-28
10.2140077821	2.80846727081e-28
10.2285992218	2.81608644089e-28
10.2431906615	2.89845555372e-28
10.2577821012	3.0126066391e-28
10.2723735409	3.25120786558e-28
10.2869649805	3.32481416646e-28
10.3015564202	3.36912900413e-28
10.3161478599	3.33940205748e-28
10.3307392996	3.33831089045e-28
10.3453307393	3.2781626378e-28
10.359922179	3.29128742941e-28
10.3745136187	3.35108199452e-28
10.3891050584	3.56815923707e-28
10.4036964981	3.60754406517e-28
10.4182879377	3.63170521579e-28
10.4328793774	3.58813273942e-28
10.4474708171	3.58930178575e-28
10.4620622568	3.52457030298e-28
10.4766536965	3.53630233529e-28
10.4912451362	3.59693937727e-28
10.5058365759	3.87995661138e-28
10.5204280156	3.93827873394e-28
10.5350194553	3.93873419826e-28
10.5496108949	3.84421546758e-28
10.5642023346	3.81385267474e-28
10.5787937743	3.73296329532e-28
10.593385214	3.73501133288e-28
10.6079766537	3.75812754584e-28
10.6225680934	3.98496737273e-28
10.6371595331	3.97045288893e-28
10.6517509728	3.916949817e-28
10.6663424125	3.80013883709e-28
10.6809338521	3.73965666925e-28
10.6955252918	3.64535761232e-28
10.7101167315	3.64471743663e-28
10.7247081712	3.65665453084e-28
10.7392996109	3.83367084647e-28
10.7538910506	3.84285981728e-28
10.7684824903	3.84740288675e-28
10.78307393	3.82003667718e-28
10.7976653697	3.8803389841e-28
10.8122568093	3.83197023568e-28
10.826848249	3.83873724117e-28
10.8414396887	3.90148485993e-28
10.8560311284	4.14530428702e-28
10.8706225681	4.17806381478e-28
10.8852140078	4.17714922418e-28
10.8998054475	4.10208330642e-28
10.9143968872	4.15295044252e-28
10.9289883268	4.13539774017e-28
10.9435797665	4.16844897741e-28
10.9581712062	4.21280951977e-28
10.9727626459	4.50702671481e-28
10.9873540856	4.59466958318e-28
11.0019455253	4.62985097218e-28
11.016536965	4.71409814776e-28
11.0311284047	4.9244206558e-28
11.0457198444	5.24152953624e-28
11.060311284	5.77112250137e-28
11.0749027237	6.43739513621e-28
11.0894941634	7.49641802717e-28
11.1040856031	8.76082872956e-28
11.1186770428	1.04926066494e-27
11.1332684825	1.27918228737e-27
11.1478599222	1.59896381718e-27
11.1624513619	2.02987822585e-27
11.1770428016	2.62760091825e-27
11.1916342412	3.44237527111e-27
11.2062256809	4.56224320073e-27
11.2208171206	5.99963176968e-27
11.2354085603	8.06170129552e-27
11.25	9.97841495625e-27
11.2645914397	8.12442249312e-27
11.2791828794	6.09591384524e-27
11.2937743191	4.68759098131e-27
11.3083657588	3.5906657911e-27
11.3229571984	2.76715378667e-27
11.3375486381	2.15671268623e-27
11.3521400778	1.70615728217e-27
11.3667315175	1.36928493677e-27
11.3813229572	1.11244649248e-27
11.3959143969	9.34075051442e-28
11.4105058366	8.07678452496e-28
11.4250972763	7.19885503411e-28
11.439688716	6.4963515133e-28
11.4542801556	6.01856030842e-28
11.4688715953	5.67269539609e-28
11.483463035	5.46396159164e-28
11.4980544747	5.26295729759e-28
11.5126459144	5.21613208189e-28
11.5272373541	5.10068573505e-28
11.5418287938	5.01904764486e-28
11.5564202335	4.92471695609e-28
11.5710116732	4.89698105212e-28
11.5856031128	4.82542032712e-28
11.6001945525	4.82537277394e-28
11.6147859922	4.79297202989e-28
11.6293774319	4.80136144233e-28
11.6439688716	4.74070247831e-28
11.6585603113	4.66390883636e-28
11.673151751	4.39805790185e-28
11.6877431907	4.33707952764e-28
11.7023346304	4.27625026604e-28
11.71692607	4.29185258397e-28
11.7315175097	4.27430133906e-28
11.7461089494	4.35153743709e-28
11.7607003891	4.46725176839e-28
11.7752918288	4.67663309694e-28
11.7898832685	4.82901665377e-28
11.8044747082	5.05241422666e-28
11.8190661479	5.26184021973e-28
11.8336575876	5.50639885905e-28
11.8482490272	5.69611993423e-28
11.8628404669	6.0479302723e-28
11.8774319066	6.38165729727e-28
11.8920233463	6.67099987139e-28
11.906614786	6.89283662489e-28
11.9212062257	7.10654521005e-28
11.9357976654	7.24289471634e-28
11.9503891051	7.39398094968e-28
11.9649805447	7.38048555983e-28
11.9795719844	7.36261795778e-28
11.9941634241	7.30629660952e-28
12.0087548638	7.18491743394e-28
12.0233463035	6.96262037339e-28
12.0379377432	6.92361258648e-28
12.0525291829	6.85014014198e-28
12.0671206226	6.76146744656e-28
12.0817120623	6.65627531143e-28
12.0963035019	6.67127851125e-28
12.1108949416	6.7172006495e-28
12.1254863813	6.85948643089e-28
12.140077821	7.03429345526e-28
12.1546692607	7.18732681919e-28
12.1692607004	7.24541404978e-28
12.1838521401	7.31893272965e-28
12.1984435798	7.29958845374e-28
12.2130350195	7.32127611067e-28
12.2276264591	7.40257781457e-28
12.2422178988	7.50015223163e-28
12.2568093385	7.63594433339e-28
12.2714007782	7.82434595271e-28
12.2859922179	7.92658120769e-28
12.3005836576	8.07372339995e-28
12.3151750973	8.18520892173e-28
12.329766537	8.28288218451e-28
12.3443579767	8.39670485484e-28
12.3589494163	8.46752620153e-28
12.373540856	8.56971023234e-28
12.3881322957	8.75615275687e-28
12.4027237354	8.88534720748e-28
12.4173151751	8.93332355401e-28
12.4319066148	8.91511382582e-28
12.4464980545	8.97842364905e-28
12.4610894942	9.10831729982e-28
12.4756809339	9.35660494442e-28
12.4902723735	9.70450554974e-28
12.5048638132	9.97414966822e-28
12.5194552529	1.01516045943e-27
12.5340466926	1.02393398981e-27
12.5486381323	1.02328150194e-27
12.563229572	1.02431901214e-27
12.5778210117	1.02457364056e-27
12.5924124514	1.02005899837e-27
12.6070038911	1.01708555244e-27
12.6215953307	1.01039617787e-27
12.6361867704	1.0020807031e-27
12.6507782101	9.85657563026e-28
12.6653696498	9.72337821069e-28
12.6799610895	9.72480969725e-28
12.6945525292	9.83146094602e-28
12.7091439689	1.00250759034e-27
12.7237354086	1.04106556849e-27
12.7383268483	1.06964466518e-27
12.7529182879	1.0791943679e-27
12.7675097276	1.07591588033e-27
12.7821011673	1.07724734271e-27
12.796692607	1.07287986235e-27
12.8112840467	1.08400125028e-27
12.8258754864	1.10596740963e-27
12.8404669261	1.13989943416e-27
12.8550583658	1.15440452831e-27
12.8696498054	1.16139015616e-27
12.8842412451	1.15033881993e-27
12.8988326848	1.13587484722e-27
12.9134241245	1.13058691425e-27
12.9280155642	1.13545216603e-27
12.9426070039	1.13514803701e-27
12.9571984436	1.14166304944e-27
12.9717898833	1.13561016025e-27
12.986381323	1.1257231675e-27
13.0009727626	1.10332538207e-27
13.0155642023	1.08207600844e-27
13.030155642	1.06538916995e-27
13.0447470817	1.05913873488e-27
13.0593385214	1.05997772736e-27
13.0739299611	1.08621760932e-27
13.0885214008	1.09111710115e-27
13.1031128405	1.08048754035e-27
13.1177042802	1.06276604123e-27
13.1322957198	1.04707336836e-27
13.1468871595	1.03230465567e-27
13.1614785992	1.0323428224e-27
13.1760700389	1.04757420323e-27
13.1906614786	1.07853293332e-27
13.2052529183	1.08206527488e-27
13.219844358	1.08437714655e-27
13.2344357977	1.06666316853e-27
13.2490272374	1.04659774982e-27
13.263618677	1.03757582161e-27
13.2782101167	1.03600017499e-27
13.2928015564	1.02702640949e-27
13.3073929961	1.04785017712e-27
13.3219844358	1.05496609774e-27
13.3365758755	1.05366189065e-27
13.3511673152	1.02884356374e-27
13.3657587549	1.01154767196e-27
13.3803501946	9.95220812176e-28
13.3949416342	9.91214459157e-28
13.4095330739	9.97822425711e-28
13.4241245136	1.03039787267e-27
13.4387159533	1.03398500008e-27
13.453307393	1.03868168603e-27
13.4678988327	1.03374680927e-27
13.4824902724	1.03036308576e-27
13.4970817121	1.01232669823e-27
13.5116731518	1.01507502884e-27
13.5262645914	1.0248870605e-27
13.5408560311	1.06094945667e-27
13.5554474708	1.07748519306e-27
13.5700389105	1.09019256508e-27
13.5846303502	1.0785329214e-27
13.5992217899	1.06553682813e-27
13.6138132296	1.05772223937e-27
13.6284046693	1.06656284529e-27
13.642996109	1.07199409909e-27
13.6575875486	1.1192193983e-27
13.6721789883	1.13646645813e-27
13.686770428	1.14167231027e-27
13.7013618677	1.13700120831e-27
13.7159533074	1.14276840486e-27
13.7305447471	1.13882505189e-27
13.7451361868	1.14236051911e-27
13.7597276265	1.15086150104e-27
13.7743190661	1.1915567722e-27
13.7889105058	1.19276180098e-27
13.8035019455	1.19651228712e-27
13.8180933852	1.17849041853e-27
13.8326848249	1.16267075997e-27
13.8472762646	1.15299964198e-27
13.8618677043	1.16246063819e-27
13.876459144	1.16804951996e-27
13.8910505837	1.20059934938e-27
13.9056420233	1.20608060023e-27
13.920233463	1.2093048511e-27
13.9348249027	1.18715980238e-27
13.9494163424	1.18203662869e-27
13.9640077821	1.17841664969e-27
13.9785992218	1.1882147578e-27
13.9931906615	1.19073383817e-27
14.0077821012	1.23461545064e-27
14.0223735409	1.24145370884e-27
14.0369649805	1.23523414459e-27
14.0515564202	1.2163581318e-27
14.0661478599	1.20954915947e-27
14.0807392996	1.18964351091e-27
14.0953307393	1.19568037803e-27
14.109922179	1.20744114068e-27
14.1245136187	1.25259280086e-27
14.1391050584	1.25212020258e-27
14.1536964981	1.25172072177e-27
14.1682879377	1.23056760592e-27
14.1828793774	1.21483425952e-27
14.1974708171	1.19683092783e-27
14.2120622568	1.19485008709e-27
14.2266536965	1.18999541267e-27
14.2412451362	1.23077181349e-27
14.2558365759	1.240990165e-27
14.2704280156	1.2450893359e-27
14.2850194553	1.2207351142e-27
14.2996108949	1.21195701385e-27
14.3142023346	1.19756972246e-27
14.3287937743	1.19488172167e-27
14.343385214	1.19839629672e-27
14.3579766537	1.24476113992e-27
14.3725680934	1.24615543822e-27
14.3871595331	1.23366196588e-27
14.4017509728	1.20610105088e-27
14.4163424125	1.1930136788e-27
14.4309338521	1.16408829858e-27
14.4455252918	1.15817353135e-27
14.4601167315	1.15603997385e-27
14.4747081712	1.1851884872e-27
14.4892996109	1.18488990453e-27
14.5038910506	1.19153314668e-27
14.5184824903	1.17467623907e-27
14.53307393	1.16603454745e-27
14.5476653697	1.1537838034e-27
14.5622568093	1.15145528642e-27
14.576848249	1.14255302605e-27
14.5914396887	1.17990621615e-27
14.6060311284	1.18216055144e-27
14.6206225681	1.18254426208e-27
14.6352140078	1.15297157717e-27
14.6498054475	1.1352317337e-27
14.6643968872	1.11254632761e-27
14.6789883268	1.09700494943e-27
14.6935797665	1.08149564865e-27
14.7081712062	1.09871524134e-27
14.7227626459	1.08122572552e-27
14.7373540856	1.06825531726e-27
14.7519455253	1.03567886169e-27
14.766536965	1.01712704333e-27
14.7811284047	9.77324451772e-28
14.7957198444	9.54491619961e-28
14.810311284	9.26101689706e-28
14.8249027237	9.13637328582e-28
14.8394941634	8.7098064669e-28
14.8540856031	8.25716573277e-28
14.8686770428	7.66278279067e-28
14.8832684825	7.27871057831e-28
14.8978599222	6.99052770185e-28
14.9124513619	6.99301782314e-28
14.9270428016	7.33686257982e-28
14.9416342412	8.61632192036e-28
14.9562256809	1.08300236497e-27
14.9708171206	1.45221517966e-27
14.9854085603	2.16497637783e-27
15.0	2.93672111827e-27
