-14.9854085603	2.13200457357e-27
-14.9708171206	1.26804658326e-27
-14.9562256809	7.74746234226e-28
-14.9416342412	4.50056580412e-28
-14.9270428016	2.65384784367e-28
-14.9124513619	1.62124214438e-28
-14.8978599222	1.09900731483e-28
-14.8832684825	8.47895818707e-29
-14.8686770428	8.05229057678e-29
-14.8540856031	8.33514566837e-29
-14.8394941634	9.21469758452e-29
-14.8249027237	9.27963628975e-29
-14.810311284	1.04043438768e-28
-14.7957198444	1.12719338668e-28
-14.7811284047	1.26378493448e-28
-14.766536965	1.35582493091e-28
-14.7519455253	1.46512923431e-28
-14.7373540856	1.52217871515e-28
-14.7227626459	1.55933397888e-28
-14.7081712062	1.44904901928e-28
-14.6935797665	1.4757945833e-28
-14.6789883268	1.50549899947e-28
-14.6643968872	1.58738939109e-28
-14.6498054475	1.62160431484e-28
-14.6352140078	1.72647538986e-28
-14.6206225681	1.73849113126e-28
-14.6060311284	1.73873514484e-28
-14.5914396887	1.61390586215e-28
-14.576848249	1.61141356448e-28
-14.5622568093	1.61887896006e-28
-14.5476653696	1.70055677454e-28
-14.53307393	1.71905398712e-28
-14.5184824903	1.79350092309e-28
-14.5038910506	1.81262675721e-28
-14.4892996109	1.82277071742e-28
-14.4747081712	1.67987531107e-28
-14.4601167315	1.67336397339e-28
-14.4455252918	1.66482729376e-28
-14.4309338521	1.73115721899e-28
-14.4163424125	1.74363988318e-28
-14.4017509728	1.80549381446e-28
-14.3871595331	1.80134627727e-28
-14.3725680934	1.80434642649e-28
-14.3579766537	1.6443771975e-28
-14.343385214	1.61991846487e-28
-14.3287937743	1.60573527987e-28
-14.3142023346	1.66717387323e-28
-14.2996108949	1.6904664656e-28
-14.2850194553	1.76413274207e-28
-14.2704280156	1.76528605772e-28
-14.2558365759	1.7598010793e-28
-14.2412451362	1.61077970197e-28
-14.2266536965	1.59699262651e-28
-14.2120622568	1.58125364917e-28
-14.1974708171	1.64590564805e-28
-14.1828793774	1.66078260929e-28
-14.1682879377	1.72095247242e-28
-14.1536964981	1.72160353561e-28
-14.1391050584	1.71344228441e-28
-14.1245136187	1.56648043317e-28
-14.109922179	1.56253249882e-28
-14.0953307393	1.55804576261e-28
-14.0807392996	1.62114184894e-28
-14.0661478599	1.63918451359e-28
-14.0515564202	1.68237097446e-28
-14.0369649805	1.67112271343e-28
-14.0223735409	1.65718818917e-28
-14.0077821012	1.48637119878e-28
-13.9931906615	1.46469133464e-28
-13.9785992218	1.44591566452e-28
-13.9640077821	1.49277183911e-28
-13.9494163424	1.49728747495e-28
-13.9348249027	1.54430994977e-28
-13.920233463	1.53171115874e-28
-13.9056420233	1.52728088558e-28
-13.8910505837	1.41131802804e-28
-13.876459144	1.42070092319e-28
-13.8618677043	1.4450046176e-28
-13.8472762646	1.52488662252e-28
-13.8326848249	1.56339973952e-28
-13.8180933852	1.62019284182e-28
-13.8035019455	1.66197924341e-28
-13.7889105058	1.69447571377e-28
-13.7743190661	1.62051030072e-28
-13.7597276265	1.64600372729e-28
-13.7451361868	1.68881223599e-28
-13.7305447471	1.76191203745e-28
-13.7159533074	1.81195528755e-28
-13.7013618677	1.84188068569e-28
-13.686770428	1.86071947479e-28
-13.6721789883	1.81808002816e-28
-13.6575875486	1.66280490271e-28
-13.6429961089	1.60286657217e-28
-13.6284046693	1.54115573904e-28
-13.6138132296	1.51134031732e-28
-13.5992217899	1.50114601589e-28
-13.5846303502	1.48139454606e-28
-13.5700389105	1.4441902977e-28
-13.5554474708	1.39477783479e-28
-13.5408560311	1.25755664928e-28
-13.5262645914	1.2180310612e-28
-13.5116731518	1.19831694552e-28
-13.4970817121	1.20812378972e-28
-13.4824902724	1.20723185783e-28
-13.4678988327	1.2386654879e-28
-13.453307393	1.26114830813e-28
-13.4387159533	1.27407359997e-28
-13.4241245136	1.22856179161e-28
-13.4095330739	1.23027974911e-28
-13.3949416342	1.26026883085e-28
-13.3803501946	1.30088712494e-28
-13.3657587549	1.32594814391e-28
-13.3511673152	1.3579015848e-28
-13.3365758755	1.4110396455e-28
-13.3219844358	1.44676650653e-28
-13.3073929961	1.42784258476e-28
-13.2928015564	1.44511589353e-28
-13.2782101167	1.48469681886e-28
-13.263618677	1.53909017429e-28
-13.2490272374	1.59990794553e-28
-13.2344357977	1.66090563481e-28
-13.219844358	1.72290471973e-28
-13.2052529183	1.78287322554e-28
-13.1906614786	1.85115691695e-28
-13.1760700389	1.95472884651e-28
-13.1614785992	2.04408144502e-28
-13.1468871595	2.11876115151e-28
-13.1322957198	2.19294569694e-28
-13.1177042802	2.22652966424e-28
-13.1031128405	2.29647247243e-28
-13.0885214008	2.30389171747e-28
-13.0739299611	2.29745936958e-28
-13.0593385214	2.31952558565e-28
-13.0447470817	2.37633993253e-28
-13.030155642	2.41514221809e-28
-13.0155642023	2.47140736123e-28
-13.0009727626	2.50637353917e-28
-12.986381323	2.58639766198e-28
-12.9717898833	2.66281626939e-28
-12.9571984436	2.77141899016e-28
-12.9426070039	2.84970393507e-28
-12.9280155642	2.92653901869e-28
-12.9134241245	2.95971418864e-28
-12.8988326848	3.01196190775e-28
-12.8842412451	3.03882973863e-28
-12.8696498054	3.11593210743e-28
-12.8550583658	3.20854079474e-28
-12.8404669261	3.38334407299e-28
-12.8258754864	3.51052223219e-28
-12.8112840467	3.63100528387e-28
-12.796692607	3.67997103224e-28
-12.7821011673	3.71648212754e-28
-12.7675097276	3.68709088024e-28
-12.7529182879	3.7277495597e-28
-12.7383268482	3.70769389404e-28
-12.7237354086	3.71457698018e-28
-12.7091439689	3.67365782903e-28
-12.6945525292	3.65933902265e-28
-12.6799610895	3.60388777943e-28
-12.6653696498	3.59027931617e-28
-12.6507782101	3.54793809634e-28
-12.6361867704	3.56169468343e-28
-12.6215953307	3.56912081636e-28
-12.6070038911	3.64144606547e-28
-12.5924124514	3.65165422126e-28
-12.5778210117	3.69099171106e-28
-12.563229572	3.63536287911e-28
-12.5486381323	3.64309786851e-28
-12.5340466926	3.64600654111e-28
-12.5194552529	3.75064708624e-28
-12.5048638132	3.86902267907e-28
-12.4902723735	4.13326116171e-28
-12.4756809339	4.28347504987e-28
-12.4610894942	4.41555621276e-28
-12.4464980545	4.4254920891e-28
-12.4319066148	4.47561047037e-28
-12.4173151751	4.43967255728e-28
-12.4027237354	4.46799784281e-28
-12.3881322957	4.41735760493e-28
-12.373540856	4.47502271972e-28
-12.3589494163	4.47660364156e-28
-12.3443579767	4.49577461038e-28
-12.329766537	4.40095564938e-28
-12.3151750973	4.39017540434e-28
-12.3005836576	4.31357205472e-28
-12.2859922179	4.37207647662e-28
-12.2714007782	4.45168281234e-28
-12.2568093385	4.68871187343e-28
-12.2422178988	4.79195769924e-28
-12.2276264591	4.92314501074e-28
-12.2130350195	4.8744083927e-28
-12.1984435798	4.93341128546e-28
-12.1838521401	4.89257207158e-28
-12.1692607004	4.93922226054e-28
-12.1546692607	4.98144573731e-28
-12.140077821	5.20832645029e-28
-12.1254863813	5.2412357856e-28
-12.1108949416	5.24668162764e-28
-12.0963035019	5.1304426123e-28
-12.0817120623	5.09351164007e-28
-12.0671206226	5.02290681902e-28
-12.0525291829	5.1043439384e-28
-12.0379377432	5.14062300602e-28
-12.0233463035	5.39601985699e-28
-12.0087548638	5.48274843635e-28
-11.9941634241	5.56647040598e-28
-11.9795719844	5.5498013528e-28
-11.9649805447	5.6180784127e-28
-11.9503891051	5.59898753187e-28
-11.9357976654	5.73747227118e-28
-11.9212062257	5.95087924887e-28
-11.906614786	6.42625269115e-28
-11.8920233463	6.62009763569e-28
-11.8774319066	6.75992243149e-28
-11.8628404669	6.61385395548e-28
-11.8482490272	6.54862847681e-28
-11.8336575875	6.424341088e-28
-11.8190661479	6.44144719067e-28
-11.8044747082	6.42638795791e-28
-11.7898832685	6.63474528282e-28
-11.7752918288	6.59097523327e-28
-11.7607003891	6.49890026485e-28
-11.7461089494	6.29379970648e-28
-11.7315175097	6.24359544079e-28
-11.71692607	6.13499508184e-28
-11.7023346304	6.17104360344e-28
-11.6877431907	6.14140034615e-28
-11.673151751	6.37237176046e-28
-11.6585603113	6.41165422818e-28
-11.6439688716	6.4055516691e-28
-11.6293774319	6.24714780977e-28
-11.6147859922	6.19687306738e-28
-11.6001945525	6.08341648677e-28
-11.5856031128	6.20469164824e-28
-11.5710116732	6.36568777832e-28
-11.5564202335	6.79506654297e-28
-11.5418287938	6.83422075929e-28
-11.5272373541	6.89684303788e-28
-11.5126459144	6.79168167465e-28
-11.4980544747	6.73659554573e-28
-11.483463035	6.70328785115e-28
-11.4688715953	6.7963234678e-28
-11.4542801556	6.94768478228e-28
-11.439688716	7.43856279853e-28
-11.4250972763	7.66132153162e-28
-11.4105058366	8.02870241129e-28
-11.3959143969	8.50851689843e-28
-11.3813229572	9.4345415641e-28
-11.3667315175	1.07609867705e-27
-11.3521400778	1.29496655608e-27
-11.3375486381	1.58654042685e-27
-11.3229571984	2.01396808592e-27
-11.3083657588	2.59128344475e-27
-11.2937743191	3.42560145534e-27
-11.2791828794	4.54261890681e-27
-11.2645914397	6.24656849249e-27
-11.25	7.83558288126e-27
-11.2354085603	6.13901225142e-27
-11.2208171206	4.36551729266e-27
-11.2062256809	3.18320447151e-27
-11.1916342412	2.27814439069e-27
-11.1770428016	1.63370050459e-27
-11.1624513619	1.16424711155e-27
-11.1478599222	8.30194610104e-28
-11.1332684825	5.86336166204e-28
-11.1186770428	4.15433701507e-28
-11.1040856031	2.96548087237e-28
-11.0894941634	2.10885430553e-28
-11.0749027237	1.63259536688e-28
-11.060311284	1.37053606648e-28
-11.0457198444	1.29811589227e-28
-11.0311284047	1.28758428142e-28
-11.016536965	1.37823996069e-28
-11.0019455253	1.42673945222e-28
-10.9873540856	1.5281387468e-28
-10.9727626459	1.47679934515e-28
-10.9581712062	1.57274921447e-28
-10.9435797665	1.70775924941e-28
-10.9289883268	1.93631676111e-28
-10.9143968872	2.08985027906e-28
-10.8998054475	2.27568454558e-28
-10.8852140078	2.38957743538e-28
-10.8706225681	2.470272727e-28
-10.8560311284	2.32147574796e-28
-10.8414396887	2.3716740111e-28
-10.826848249	2.4331864043e-28
-10.8122568093	2.60862882414e-28
-10.7976653696	2.71262192458e-28
-10.78307393	2.8388227178e-28
-10.7684824903	2.87770869588e-28
-10.7538910506	2.91858000352e-28
-10.7392996109	2.76676095855e-28
-10.7247081712	2.80661079805e-28
-10.7101167315	2.85334876286e-28
-10.6955252918	3.02079847331e-28
-10.6809338521	3.12430165956e-28
-10.6663424125	3.25779806625e-28
-10.6517509728	3.26853228477e-28
-10.6371595331	3.27499084037e-28
-10.6225680934	3.07283458487e-28
-10.6079766537	3.06219435537e-28
-10.593385214	3.06879925097e-28
-10.5787937743	3.23233905626e-28
-10.5642023346	3.32688322464e-28
-10.5496108949	3.48261423267e-28
-10.5350194553	3.54143718833e-28
-10.5204280156	3.59698424527e-28
-10.5058365759	3.43178552756e-28
-10.4912451362	3.48432346098e-28
-10.4766536965	3.52008474913e-28
-10.4620622568	3.67472628584e-28
-10.4474708171	3.73877925262e-28
-10.4328793774	3.83047744055e-28
-10.4182879377	3.78915274221e-28
-10.4036964981	3.72900051228e-28
-10.3891050584	3.42038138548e-28
-10.3745136187	3.34732550292e-28
-10.359922179	3.31387641307e-28
-10.3453307393	3.39772653737e-28
-10.3307392996	3.40573403711e-28
-10.3161478599	3.48142978085e-28
-10.3015564202	3.43487611921e-28
-10.2869649805	3.37626710498e-28
-10.2723735409	3.12417985433e-28
-10.2577821012	3.05054651118e-28
-10.2431906615	2.99523203034e-28
-10.2285992218	3.05907352955e-28
-10.2140077821	3.05291544232e-28
-10.1994163424	3.08403834067e-28
-10.1848249027	3.02760936248e-28
-10.170233463	2.94429334723e-28
-10.1556420233	2.69925888681e-28
-10.1410505837	2.63798362852e-28
-10.126459144	2.58581209374e-28
-10.1118677043	2.66011089879e-28
-10.0972762646	2.6642714201e-28
-10.0826848249	2.67663831245e-28
-10.0680933852	2.62025365466e-28
-10.0535019455	2.56790405613e-28
-10.0389105058	2.32519137751e-28
-10.0243190661	2.23418520518e-28
-10.0097276265	2.16287868589e-28
-9.99513618677	2.17901945946e-28
-9.98054474708	2.157071049e-28
-9.96595330739	2.16465824056e-28
-9.9513618677	2.09084804821e-28
-9.93677042802	2.0245304855e-28
-9.92217898833	1.84022769599e-28
-9.90758754864	1.76119604243e-28
-9.89299610895	1.70850403655e-28
-9.87840466926	1.71558263246e-28
-9.86381322957	1.68554915462e-28
-9.84922178988	1.68598518307e-28
-9.83463035019	1.66322678144e-28
-9.82003891051	1.63851692576e-28
-9.80544747082	1.55629270301e-28
-9.79085603113	1.57778136824e-28
-9.77626459144	1.6221707904e-28
-9.76167315175	1.75826926518e-28
-9.74708171206	1.87889995919e-28
-9.73249027237	2.01578566806e-28
-9.71789883268	2.20019112813e-28
-9.703307393	2.43616605819e-28
-9.68871595331	2.730862945e-28
-9.67412451362	3.11915084314e-28
-9.65953307393	3.56418621293e-28
-9.64494163424	4.12573370643e-28
-9.63035019455	4.81166538353e-28
-9.61575875486	5.59165848624e-28
-9.60116731517	6.63783905823e-28
-9.58657587549	7.9935069797e-28
-9.5719844358	9.83873845824e-28
-9.55739299611	1.1918259435e-27
-9.54280155642	1.44381205138e-27
-9.52821011673	1.7469501329e-27
-9.51361867704	2.12782706221e-27
-9.49902723735	2.60302492986e-27
-9.48443579767	3.21330898093e-27
-9.46984435798	3.97709925557e-27
-9.45525291829	4.98609615822e-27
-9.4406614786	6.20711183343e-27
-9.42607003891	7.74906625844e-27
-9.41147859922	9.68967870425e-27
-9.39688715953	1.21514819233e-26
-9.38229571984	1.52490892063e-26
-9.36770428016	1.92461616399e-26
-9.35311284047	2.43256009952e-26
-9.33852140078	3.08754750395e-26
-9.32392996109	3.90411551974e-26
-9.3093385214	4.93046109552e-26
-9.29474708171	6.22247366759e-26
-9.28015564202	7.869652897e-26
-9.26556420233	9.94852637913e-26
-9.25097276265	1.25951717487e-25
-9.23638132296	1.59580096916e-25
-9.22178988327	2.02404176889e-25
-9.20719844358	2.56226360592e-25
-9.19260700389	3.2415079839e-25
-9.1780155642	4.10015169014e-25
-9.16342412451	5.18921351706e-25
-9.14883268482	6.56449143774e-25
-9.13424124514	8.30812397558e-25
-9.11964980545	1.05147168393e-24
-9.10505836576	1.33133565797e-24
-9.09046692607	1.68422037612e-24
-9.07587548638	2.12984965705e-24
-9.06128404669	2.69219525205e-24
-9.046692607	3.4022910144e-24
-9.03210116731	4.29755583578e-24
-9.01750972763	5.42850527254e-24
-9.00291828794	6.85455317623e-24
-8.98832684825	8.65454512599e-24
-8.97373540856	1.09187586191e-23
-8.95914396887	1.37690804137e-23
-8.94455252918	1.73557513646e-23
-8.92996108949	2.18692285719e-23
-8.91536964981	2.75447638531e-23
-8.90077821012	3.46833000244e-23
-8.88618677043	4.36536844432e-23
-8.87159533074	5.49254712827e-23
-8.85700389105	6.90700358812e-23
-8.84241245136	8.68180468638e-23
-8.82782101167	1.09077680823e-22
-8.81322957198	1.36986740832e-22
-8.7986381323	1.71960441356e-22
-8.78404669261	2.15781059329e-22
-8.76945525292	2.70643865201e-22
-8.75486381323	3.39316579482e-22
-8.74027237354	4.25197263823e-22
-8.72568093385	5.32571055877e-22
-8.71108949416	6.66749371925e-22
-8.69649805447	8.34360342911e-22
-8.68190661479	1.04361398608e-21
-8.6673151751	1.30477428274e-21
-8.65272373541	1.63052384774e-21
-8.63813229572	2.03667591313e-21
-8.62354085603	2.54274982526e-21
-8.60894941634	3.17310261869e-21
-8.59435797665	3.95784225601e-21
-8.57976653696	4.9343523043e-21
-8.56517509728	6.14888095793e-21
-8.55058365759	7.65877509594e-21
-8.5359922179	9.5348833128e-21
-8.52140077821	1.18650057486e-20
-8.50680933852	1.47573326898e-20
-8.49221789883	1.83458705074e-20
-8.47762645914	2.27960300227e-20
-8.46303501945	2.83121078868e-20
-8.44844357977	3.51459915682e-20
-8.43385214008	4.36085130253e-20
-8.41926070039	5.40825090788e-20
-8.4046692607	6.70399314009e-20
-8.39007782101	8.30613661783e-20
-8.37548638132	1.02861997535e-19
-8.36089494163	1.27321015532e-19
-8.34630350195	1.57519897538e-19
-8.33171206226	1.94787000328e-19
-8.31712062257	2.4075458982e-19
-8.30252918288	2.97425429146e-19
-8.28793774319	3.67257543339e-19
-8.2733463035	4.53263760314e-19
-8.25875486381	5.59138901513e-19
-8.24416342412	6.89408176431e-19
-8.22957198444	8.4961350427e-19
-8.21498054475	1.04653614781e-18
-8.20038910506	1.28847244908e-18
-8.18579766537	1.5855635522e-18
-8.17120622568	1.95020358435e-18
-8.15661478599	2.39752579621e-18
-8.1420233463	2.94600744067e-18
-8.12743190661	3.61819052921e-18
-8.11284046693	4.44156499167e-18
-8.09824902724	5.44963516317e-18
-8.08365758755	6.68321951276e-18
-8.06906614786	8.19201172067e-18
-8.05447470817	1.00364913859e-17
-8.03988326848	1.22902106304e-17
-8.02529182879	1.50425968588e-17
-8.0107003891	1.84023040122e-17
-7.99610894942	2.25012937335e-17
-7.98151750973	2.74997342169e-17
-7.96692607004	3.35919447797e-17
-7.95233463035	4.10135380329e-17
-7.93774319066	5.00500636205e-17
-7.92315175097	6.10473887145e-17
-7.90856031128	7.44242671602e-17
-7.89396887159	9.06873879193e-17
-7.87937743191	1.10449557136e-16
-7.86478599222	1.34451503171e-16
-7.85019455253	1.63588150558e-16
-7.83560311284	1.98940112502e-16
-7.82101167315	2.41811570709e-16
-7.80642023346	2.93775654328e-16
-7.79182879377	3.56729000505e-16
-7.77723735409	4.3295701676e-16
-7.7626459144	5.2521214722e-16
-7.74805447471	6.36807533142e-16
-7.73346303502	7.71729243715e-16
-7.71887159533	9.34770257142e-16
-7.70428015564	1.13169093352e-15
-7.68968871595	1.36941042339e-15
-7.67509727626	1.65623561764e-15
-7.66050583658	2.00213407484e-15
-7.64591439689	2.41905976311e-15
-7.6313229572	2.92134119894e-15
-7.61673151751	3.52614414653e-15
-7.60214007782	4.25402238947e-15
-7.58754863813	5.12957347709e-15
-7.57295719844	6.1822183997e-15
-7.55836575875	7.44712903956e-15
-7.54377431907	8.96632960295e-15
-7.52918287938	1.0790004882e-14
-7.51459143969	1.2978053082e-14
-7.5	1.56019261683e-14
-7.48540856031	1.87468106674e-14
-7.47081712062	2.25142265893e-14
-7.45622568093	2.70250797635e-14
-7.44163424124	3.2423289202e-14
-7.42704280156	3.88800767806e-14
-7.41245136187	4.65990367143e-14
-7.39785992218	5.5822125359e-14
-7.38326848249	6.68367343016e-14
-7.3686770428	7.99840370103e-14
-7.35408560311	9.56688345919e-14
-7.33949416342	1.14371159952e-13
-7.32490272373	1.36659952369e-13
-7.31031128405	1.63209154874e-13
-7.29571984436	1.9481666011e-13
-7.28112840467	2.32426589346e-13
-7.26653696498	2.77155483189e-13
-7.25194552529	3.30323064961e-13
-7.2373540856	3.93488361354e-13
-7.22276264591	4.68492081537e-13
-7.20817120623	5.57506321292e-13
-7.19357976654	6.63092808584e-13
-7.17898832685	7.88271133147e-13
-7.16439688716	9.36598613487e-13
-7.14980544747	1.11226374148e-12
-7.13521400778	1.32019543722e-12
-7.12062256809	1.56619072737e-12
-7.1060311284	1.85706384749e-12
-7.09143968872	2.20082028484e-12
-7.07684824903	2.60685978636e-12
-7.06225680934	3.08621303154e-12
-7.04766536965	3.65181737301e-12
-7.03307392996	4.31883792292e-12
-7.01848249027	5.1050411873e-12
-7.00389105058	6.03122962408e-12
-6.98929961089	7.12174671205e-12
-6.97470817121	8.40506367596e-12
-6.96011673152	9.91446058824e-12
-6.94552529183	1.16888166084e-11
-6.93093385214	1.3773526244e-11
-6.91634241245	1.62215611306e-11
-6.90175097276	1.90946996383e-11
-6.88715953307	2.24649500153e-11
-6.87256809338	2.64161964482e-11
-6.8579766537	3.10461018967e-11
-6.84338521401	3.64683062632e-11
-6.82879377432	4.281496427e-11
-6.81420233463	5.02396736613e-11
-6.79961089494	5.89208517223e-11
-6.78501945525	6.90656262339e-11
-6.77042801556	8.09143165473e-11
-6.75583657588	9.47455909072e-11
-6.74124513619	1.10882398524e-10
-6.7266536965	1.29698788247e-10
-6.71206225681	1.51627741587e-10
-6.69747081712	1.77170165094e-10
-6.68287937743	2.06905207307e-10
-6.66828793774	2.41502087574e-10
-6.65369649805	2.81733649851e-10
-6.63910505837	3.2849188275e-10
-6.62451361868	3.82805680022e-10
-6.60992217899	4.45861151215e-10
-6.5953307393	5.1902483404e-10
-6.58073929961	6.03870205344e-10
-6.56614785992	7.02207939975e-10
-6.55155642023	8.16120424299e-10
-6.53696498054	9.48001097066e-10
-6.52237354086	1.10059926267e-09
-6.50778210117	1.27707110482e-09
-6.49319066148	1.48103771897e-09
-6.47859922179	1.71665108562e-09
-6.4640077821	1.98866902032e-09
-6.44941634241	2.30254026488e-09
-6.43482490272	2.66450102555e-09
-6.42023346303	3.08168442493e-09
-6.40564202335	3.56224450872e-09
-6.39105058366	4.11549664837e-09
-6.37645914397	4.75207639585e-09
-6.36186770428	5.48411909308e-09
-6.34727626459	6.32546280479e-09
-6.3326848249	7.29187744538e-09
-6.31809338521	8.40132329741e-09
-6.30350194552	9.67424248801e-09
-6.28891050584	1.11338873906e-08
-6.27431906615	1.28066903691e-08
-6.25972762646	1.47226797681e-08
-6.24513618677	1.69159475998e-08
-6.23054474708	1.94251749702e-08
-6.21595330739	2.22942219463e-08
-6.2013618677	2.55727892816e-08
-6.18677042802	2.93171602117e-08
-6.17217898833	3.35910313908e-08
-6.15758754864	3.84664429957e-08
-6.14299610895	4.40248190482e-08
-6.12840466926	5.03581301481e-08
-6.11381322957	5.75701920349e-08
-6.09922178988	6.57781147451e-08
-6.08463035019	7.51139185899e-08
-6.07003891051	8.57263347721e-08
-6.05544747082	9.77828101786e-08
-6.04085603113	1.11471737767e-07
-6.02626459144	1.27004935971e-07
-6.01167315175	1.44620402759e-07
-5.99708171206	1.64585372316e-07
-5.98249027237	1.87199704899e-07
-5.96789883268	2.12799643126e-07
-5.953307393	2.41761970918e-07
-5.93871595331	2.74508614484e-07
-5.92412451362	3.11511728114e-07
-5.90953307393	3.53299311164e-07
-5.89494163424	4.0046140651e-07
-5.88035019455	4.53656934841e-07
-5.86575875486	5.13621223582e-07
-5.85116731517	5.81174293852e-07
-5.83657587549	6.5722997387e-07
-5.8219844358	7.42805912345e-07
-5.80739299611	8.39034571024e-07
-5.79280155642	9.47175281234e-07
-5.77821011673	1.06862745547e-06
-5.76361867704	1.20494505139e-06
-5.74902723735	1.35785239225e-06
-5.73443579766	1.52926145486e-06
-5.71984435798	1.72129074321e-06
-5.70525291829	1.93628587344e-06
-5.6906614786	2.17684200371e-06
-5.67607003891	2.44582825007e-06
-5.66147859922	2.74641423802e-06
-5.64688715953	3.08209894722e-06
-5.63229571984	3.45674201559e-06
-5.61770428016	3.87459767722e-06
-5.60311284047	4.34035151714e-06
-5.58852140078	4.85916023415e-06
-5.57392996109	5.43669461158e-06
-5.5593385214	6.07918590358e-06
-5.54474708171	6.79347585256e-06
-5.53015564202	7.58707056073e-06
-5.51556420233	8.46819844582e-06
-5.50097276265	9.44587251706e-06
-5.48638132296	1.05299572136e-05
-5.47178988327	1.17312400517e-05
-5.45719844358	1.30615083314e-05
-5.44260700389	1.45336311556e-05
-5.4280155642	1.61616470151e-05
-5.41342412451	1.79608571939e-05
-5.39883268482	1.99479252467e-05
-5.38424124514	2.21409827945e-05
-5.36964980545	2.45597418821e-05
-5.35505836576	2.72256141278e-05
-5.34046692607	3.01618368881e-05
-5.32587548638	3.33936066444e-05
-5.31128404669	3.69482198005e-05
-5.296692607	4.08552210619e-05
-5.28210116731	4.51465595402e-05
-5.26750972763	4.98567526999e-05
-5.25291828794	5.50230582312e-05
-5.23832684825	6.06856538971e-05
-5.22373540856	6.6887825359e-05
-5.20914396887	7.36761619423e-05
-5.19455252918	8.11007602482e-05
-5.17996108949	8.92154354641e-05
-5.1653696498	9.80779401625e-05
-5.15077821012	0.000107750190308
-5.13618677043	0.000118298498124
-5.12159533074	0.000129793811385
-5.10700389105	0.000142311958628
-5.09241245136	0.000155933899662
-5.07782101167	0.000170745980697
-5.06322957198	0.000186840193275
-5.0486381323	0.000204314436107
-5.03404669261	0.000223272778793
-5.01945525292	0.000243825726303
-5.00486381323	0.000266090482965
-4.99027237354	0.000290191214604
-4.97568093385	0.000316259307326
-4.96108949416	0.000344433621355
-4.94649805447	0.000374860738177
-4.93190661479	0.000407695199129
-4.9173151751	0.000443099733483
-4.90272373541	0.000481245473894
-4.88813229572	0.000522312157052
-4.87354085603	0.000566488307204
-4.85894941634	0.000613971400154
-4.84435797665	0.000664968005265
-4.82976653696	0.000719693902902
-4.81517509728	0.000778374174689
-4.80058365759	0.000841243263951
-4.7859922179	0.000908545003639
-4.77140077821	0.00098053260906
-4.75680933852	0.00105746863276
-4.74221789883	0.00113962487893
-4.72762645914	0.00122728227478
-4.71303501945	0.0013207306964
-4.69844357977	0.00142026874689
-4.68385214008	0.00152620348439
-4.66926070039	0.0016388500982
-4.6546692607	0.00175853153115
-4.64007782101	0.00188557804665
-4.62548638132	0.00202032673926
-4.61089494163	0.00216312098786
-4.59630350194	0.00231430985078
-4.58171206226	0.00247424740275
-4.56712062257	0.00264329201387
-4.55252918288	0.0028218055712
-4.53793774319	0.00301015264412
-4.5233463035	0.00320869959504
-4.50875486381	0.0034178136374
-4.49416342412	0.00363786184371
-4.47957198444	0.0038692101065
-4.46498054475	0.00411222205595
-4.45038910506	0.00436725793816
-4.43579766537	0.00463467345871
-4.42120622568	0.00491481859657
-4.40661478599	0.00520803639387
-4.3920233463	0.00551466172757
-4.37743190661	0.00583502006931
-4.36284046693	0.00616942624014
-4.34824902724	0.00651818316735
-4.33365758755	0.0068815806504
-4.31906614786	0.00725989414364
-4.30447470817	0.00765338356342
-4.28988326848	0.00806229212717
-4.27529182879	0.00848684523221
-4.2607003891	0.00892724938195
-4.24610894942	0.00938369116686
-4.23151750973	0.00985633630742
-4.21692607004	0.0103453287661
-4.20233463035	0.0108507899351
-4.18774319066	0.0113728179051
-4.17315175097	0.0119114868224
-4.15856031128	0.0124668463371
-4.14396887159	0.0130389211492
-4.12937743191	0.0136277106548
-4.11478599222	0.0142331886952
-4.10019455253	0.0148553034131
-4.08560311284	0.0154939772147
-4.07101167315	0.0161491068409
-4.05642023346	0.0168205635453
-4.04182879377	0.01750819338
-4.02723735408	0.0182118175858
-4.0126459144	0.0189312330853
-3.99805447471	0.0196662130751
-3.98346303502	0.0204165077137
-3.96887159533	0.0211818448994
-3.95428015564	0.0219619311341
-3.93968871595	0.0227564524658
-3.92509727626	0.023565075505
-3.91050583658	0.0243874485068
-3.89591439689	0.0252232025119
-3.8813229572	0.0260719525398
-3.86673151751	0.0269332988256
-3.85214007782	0.0278068280929
-3.83754863813	0.0286921148546
-3.82295719844	0.0295887227348
-3.80836575875	0.030496205803
-3.79377431907	0.0314141099125
-3.77918287938	0.0323419740371
-3.76459143969	0.0332793315979
-3.75	0.0342257117731
-3.73540856031	0.0351806407856
-3.72081712062	0.0361436431602
-3.70622568093	0.0371142429476
-3.69163424124	0.0380919649068
-3.67704280156	0.0390763356445
-3.66245136187	0.0400668847045
-3.64785992218	0.0410631456054
-3.63326848249	0.0420646568227
-3.6186770428	0.0430709627128
-3.60408560311	0.0440816143767
-3.58949416342	0.0450961704622
-3.57490272373	0.0461141979034
-3.56031128405	0.0471352725964
-3.54571984436	0.0481589800119
-3.53112840467	0.0491849157443
-3.51653696498	0.050212685998
-3.50194552529	0.0512419080123
-3.4873540856	0.0522722104258
-3.47276264591	0.053303233582
-3.45817120623	0.0543346297786
-3.44357976654	0.0553660634613
-3.42898832685	0.0563972113659
-3.41439688716	0.0574277626102
-3.39980544747	0.0584574187388
-3.38521400778	0.0594858937229
-3.37062256809	0.0605129139189
-3.3560311284	0.0615382179881
-3.34143968872	0.0625615567795
-3.32684824903	0.063582693181
-3.31225680934	0.0646014019387
-3.29766536965	0.0656174694497
-3.28307392996	0.0666306935302
-3.26848249027	0.0676408831616
-3.25389105058	0.0686478582166
-3.23929961089	0.0696514491695
-3.22470817121	0.0706514967914
-3.21011673152	0.0716478518337
-3.19552529183	0.0726403747016
-3.18093385214	0.0736289351199
-3.16634241245	0.0746134117929
-3.15175097276	0.0755936920602
-3.13715953307	0.0765696715505
-3.12256809338	0.0775412538348
-3.1079766537	0.0785083500795
-3.09338521401	0.0794708787028
-3.07879377432	0.0804287650331
-3.06420233463	0.0813819409732
-3.04961089494	0.0823303446681
-3.03501945525	0.0832739201809
-3.02042801556	0.084212617174
-3.00583657587	0.0851463905989
-2.99124513619	0.0860752003942
-2.9766536965	0.0869990111919
-2.96206225681	0.0879177920327
-2.94747081712	0.0888315160915
-2.93287937743	0.0897401604113
-2.91828793774	0.0906437056485
-2.90369649805	0.0915421358267
-2.88910505837	0.0924354381012
-2.87451361868	0.0933236025339
-2.85992217899	0.0942066218774
-2.8453307393	0.0950844913697
-2.83073929961	0.0959572085382
-2.81614785992	0.096824773014
-2.80155642023	0.0976871863549
-2.78696498054	0.0985444518787
-2.77237354086	0.0993965745046
-2.75778210117	0.100243560604
-2.74319066148	0.101085417861
-2.72859922179	0.101922155136
-2.7140077821	0.102753782348
-2.69941634241	0.103580310352
-2.68482490272	0.104401750832
-2.67023346303	0.1052181162
-2.65564202335	0.106029419501
-2.64105058366	0.106835674322
-2.62645914397	0.107636894712
-2.61186770428	0.108433095108
-2.59727626459	0.109224290257
-2.5826848249	0.110010495161
-2.56809338521	0.110791725008
-2.55350194552	0.111567995122
-2.53891050584	0.112339320914
-2.52431906615	0.113105717829
-2.50972762646	0.113867201311
-2.49513618677	0.114623786763
-2.48054474708	0.115375489509
-2.46595330739	0.116122324767
-2.4513618677	0.11686430762
-2.43677042801	0.117601452989
-2.42217898833	0.118333775613
-2.40758754864	0.11906129003
-2.39299610895	0.119784010556
-2.37840466926	0.120501951274
-2.36381322957	0.121215126019
-2.34922178988	0.121923548367
-2.33463035019	0.122627231627
-2.32003891051	0.123326188831
-2.30544747082	0.124020432732
-2.29085603113	0.124709975793
-2.27626459144	0.12539483019
-2.26167315175	0.126075007804
-2.24708171206	0.126750520223
-2.23249027237	0.127421378743
-2.21789883268	0.128087594364
-2.203307393	0.128749177792
-2.18871595331	0.129406139446
-2.17412451362	0.130058489454
-2.15953307393	0.13070623766
-2.14494163424	0.131349393627
-2.13035019455	0.131987966638
-2.11575875486	0.132621965705
-2.10116731517	0.133251399572
-2.08657587549	0.133876276716
-2.0719844358	0.13449660536
-2.05739299611	0.13511239347
-2.04280155642	0.135723648766
-2.02821011673	0.136330378727
-2.01361867704	0.136932590594
-1.99902723735	0.137530291379
-1.98443579766	0.13812348787
-1.96984435798	0.138712186635
-1.95525291829	0.139296394029
-1.9406614786	0.139876116204
-1.92607003891	0.140451359105
-1.91147859922	0.141022128488
-1.89688715953	0.141588429915
-1.88229571984	0.142150268767
-1.86770428015	0.142707650247
-1.85311284047	0.143260579382
-1.83852140078	0.143809061036
-1.82392996109	0.144353099909
-1.8093385214	0.144892700545
-1.79474708171	0.145427867336
-1.78015564202	0.145958604527
-1.76556420233	0.146484916223
-1.75097276265	0.14700680639
-1.73638132296	0.147524278862
-1.72178988327	0.148037337347
-1.70719844358	0.148545985426
-1.69260700389	0.149050226564
-1.6780155642	0.14955006411
-1.66342412451	0.150045501299
-1.64883268482	0.150536541264
-1.63424124514	0.151023187028
-1.61964980545	0.15150544152
-1.60505836576	0.15198330757
-1.59046692607	0.152456787913
-1.57587548638	0.152925885199
-1.56128404669	0.153390601986
-1.546692607	0.153850940754
-1.53210116731	0.154306903897
-1.51750972763	0.154758493737
-1.50291828794	0.155205712516
-1.48832684825	0.155648562407
-1.47373540856	0.156087045512
-1.45914396887	0.156521163866
-1.44455252918	0.15695091944
-1.42996108949	0.157376314141
-1.4153696498	0.157797349817
-1.40077821012	0.158214028257
-1.38618677043	0.158626351195
-1.37159533074	0.159034320308
-1.35700389105	0.159437937225
-1.34241245136	0.15983720352
-1.32782101167	0.160232120723
-1.31322957198	0.160622690313
-1.29863813229	0.161008913725
-1.28404669261	0.161390792352
-1.26945525292	0.161768327541
-1.25486381323	0.162141520602
-1.24027237354	0.162510372803
-1.22568093385	0.162874885374
-1.21108949416	0.16323505951
-1.19649805447	0.163590896368
-1.18190661479	0.163942397072
-1.1673151751	0.164289562713
-1.15272373541	0.164632394348
-1.13813229572	0.164970893004
-1.12354085603	0.165305059678
-1.10894941634	0.165634895338
-1.09435797665	0.165960400924
-1.07976653696	0.166281577346
-1.06517509728	0.166598425491
-1.05058365759	0.166910946219
-1.0359922179	0.167219140364
-1.02140077821	0.167523008737
-1.00680933852	0.167822552126
-0.992217898832	0.168117771296
-0.977626459143	0.16840866699
-0.963035019454	0.168695239929
-0.948443579766	0.168977490815
-0.933852140077	0.169255420327
-0.919260700388	0.169529029127
-0.9046692607	0.169798317859
-0.890077821011	0.170063287145
-0.875486381322	0.170323937592
-0.860894941633	0.170580269788
-0.846303501945	0.170832284305
-0.831712062256	0.171079981699
-0.817120622567	0.171323362509
-0.802529182879	0.171562427258
-0.78793774319	0.171797176456
-0.773346303501	0.172027610595
-0.758754863812	0.172253730155
-0.744163424124	0.172475535602
-0.729571984435	0.172693027387
-0.714980544746	0.172906205948
-0.700389105058	0.173115071711
-0.685797665369	0.173319625088
-0.67120622568	0.173519866479
-0.656614785991	0.173715796272
-0.642023346303	0.173907414843
-0.627431906614	0.174094722557
-0.612840466925	0.174277719766
-0.598249027237	0.174456406814
-0.583657587548	0.17463078403
-0.569066147859	0.174800851736
-0.55447470817	0.174966610242
-0.539883268482	0.175128059848
-0.525291828793	0.175285200843
-0.510700389104	0.175438033509
-0.496108949416	0.175586558115
-0.481517509727	0.175730774923
-0.466926070038	0.175870684184
-0.452334630349	0.176006286141
-0.437743190661	0.176137581028
-0.423151750972	0.17626456907
-0.408560311283	0.176387250484
-0.393968871594	0.176505625476
-0.379377431906	0.176619694247
-0.364785992217	0.176729456988
-0.350194552528	0.176834913881
-0.33560311284	0.176936065102
-0.321011673151	0.177032910817
-0.306420233462	0.177125451185
-0.291828793773	0.177213686359
-0.277237354085	0.177297616482
-0.262645914396	0.17737724169
-0.248054474707	0.177452562113
-0.233463035019	0.17752357787
-0.21887159533	0.177590289078
-0.204280155641	0.177652695841
-0.189688715952	0.177710798261
-0.175097276264	0.17776459643
-0.160505836575	0.177814090432
-0.145914396886	0.177859280347
-0.131322957198	0.177900166247
-0.116731517509	0.177936748194
-0.10214007782	0.177969026249
-0.0875486381314	0.17799700046
-0.0729571984427	0.178020670872
-0.058365758754	0.178040037522
-0.0437743190653	0.178055100441
-0.0291828793766	0.178065859652
-0.0145914396879	0.178072315171
8.5975671027e-13	0.17807446701
0.0145914396896	0.178072315171
0.0291828793783	0.178065859652
0.043774319067	0.178055100441
0.0583657587557	0.178040037522
0.0729571984444	0.178020670872
0.0875486381332	0.17799700046
0.102140077822	0.177969026249
0.116731517511	0.177936748194
0.131322957199	0.177900166247
0.145914396888	0.177859280347
0.160505836577	0.177814090432
0.175097276265	0.17776459643
0.189688715954	0.177710798261
0.204280155643	0.177652695841
0.218871595332	0.177590289078
0.23346303502	0.17752357787
0.248054474709	0.177452562113
0.262645914398	0.17737724169
0.277237354086	0.177297616482
0.291828793775	0.177213686359
0.306420233464	0.177125451185
0.321011673153	0.177032910817
0.335603112841	0.176936065102
0.35019455253	0.176834913881
0.364785992219	0.176729456988
0.379377431907	0.176619694247
0.393968871596	0.176505625476
0.408560311285	0.176387250484
0.423151750974	0.17626456907
0.437743190662	0.176137581028
0.452334630351	0.176006286141
0.46692607004	0.175870684184
0.481517509729	0.175730774923
0.496108949417	0.175586558115
0.510700389106	0.175438033509
0.525291828795	0.175285200843
0.539883268483	0.175128059848
0.554474708172	0.174966610242
0.569066147861	0.174800851736
0.58365758755	0.17463078403
0.598249027238	0.174456406814
0.612840466927	0.174277719766
0.627431906616	0.174094722557
0.642023346304	0.173907414843
0.656614785993	0.173715796272
0.671206225682	0.173519866479
0.685797665371	0.173319625088
0.700389105059	0.173115071711
0.714980544748	0.172906205948
0.729571984437	0.172693027387
0.744163424125	0.172475535602
0.758754863814	0.172253730155
0.773346303503	0.172027610595
0.787937743192	0.171797176456
0.80252918288	0.171562427258
0.817120622569	0.171323362509
0.831712062258	0.171079981699
0.846303501946	0.170832284305
0.860894941635	0.170580269788
0.875486381324	0.170323937592
0.890077821013	0.170063287145
0.904669260701	0.169798317859
0.91926070039	0.169529029127
0.933852140079	0.169255420327
0.948443579767	0.168977490815
0.963035019456	0.168695239929
0.977626459145	0.16840866699
0.992217898834	0.168117771296
1.00680933852	0.167822552126
1.02140077821	0.167523008737
1.0359922179	0.167219140364
1.05058365759	0.166910946219
1.06517509728	0.166598425491
1.07976653697	0.166281577346
1.09435797665	0.165960400924
1.10894941634	0.165634895338
1.12354085603	0.165305059678
1.13813229572	0.164970893004
1.15272373541	0.164632394348
1.1673151751	0.164289562713
1.18190661479	0.163942397072
1.19649805448	0.163590896368
1.21108949416	0.16323505951
1.22568093385	0.162874885374
1.24027237354	0.162510372803
1.25486381323	0.162141520602
1.26945525292	0.161768327541
1.28404669261	0.161390792352
1.2986381323	0.161008913725
1.31322957199	0.160622690313
1.32782101167	0.160232120723
1.34241245136	0.15983720352
1.35700389105	0.159437937225
1.37159533074	0.159034320308
1.38618677043	0.158626351195
1.40077821012	0.158214028257
1.41536964981	0.157797349817
1.4299610895	0.157376314141
1.44455252918	0.15695091944
1.45914396887	0.156521163866
1.47373540856	0.156087045512
1.48832684825	0.155648562407
1.50291828794	0.155205712516
1.51750972763	0.154758493737
1.53210116732	0.154306903897
1.546692607	0.153850940754
1.56128404669	0.153390601986
1.57587548638	0.152925885199
1.59046692607	0.152456787913
1.60505836576	0.15198330757
1.61964980545	0.15150544152
1.63424124514	0.151023187028
1.64883268483	0.150536541264
1.66342412451	0.1500455013
1.6780155642	0.14955006411
1.69260700389	0.149050226564
1.70719844358	0.148545985426
1.72178988327	0.148037337347
1.73638132296	0.147524278862
1.75097276265	0.14700680639
1.76556420234	0.146484916223
1.78015564202	0.145958604527
1.79474708171	0.145427867336
1.8093385214	0.144892700545
1.82392996109	0.144353099909
1.83852140078	0.143809061036
1.85311284047	0.143260579382
1.86770428016	0.142707650247
1.88229571985	0.142150268767
1.89688715953	0.141588429915
1.91147859922	0.141022128488
1.92607003891	0.140451359105
1.9406614786	0.139876116204
1.95525291829	0.139296394029
1.96984435798	0.138712186635
1.98443579767	0.13812348787
1.99902723736	0.137530291379
2.01361867704	0.136932590594
2.02821011673	0.136330378727
2.04280155642	0.135723648766
2.05739299611	0.13511239347
2.0719844358	0.13449660536
2.08657587549	0.133876276716
2.10116731518	0.133251399572
2.11575875486	0.132621965705
2.13035019455	0.131987966638
2.14494163424	0.131349393627
2.15953307393	0.13070623766
2.17412451362	0.130058489454
2.18871595331	0.129406139446
2.203307393	0.128749177792
2.21789883269	0.128087594364
2.23249027237	0.127421378743
2.24708171206	0.126750520223
2.26167315175	0.126075007804
2.27626459144	0.12539483019
2.29085603113	0.124709975793
2.30544747082	0.124020432732
2.32003891051	0.123326188831
2.3346303502	0.122627231627
2.34922178988	0.121923548367
2.36381322957	0.121215126019
2.37840466926	0.120501951274
2.39299610895	0.119784010556
2.40758754864	0.11906129003
2.42217898833	0.118333775613
2.43677042802	0.117601452989
2.45136186771	0.11686430762
2.46595330739	0.116122324767
2.48054474708	0.115375489509
2.49513618677	0.114623786763
2.50972762646	0.113867201311
2.52431906615	0.113105717829
2.53891050584	0.112339320914
2.55350194553	0.111567995122
2.56809338522	0.110791725008
2.5826848249	0.110010495161
2.59727626459	0.109224290257
2.61186770428	0.108433095108
2.62645914397	0.107636894712
2.64105058366	0.106835674322
2.65564202335	0.106029419501
2.67023346304	0.1052181162
2.68482490272	0.104401750832
2.69941634241	0.103580310352
2.7140077821	0.102753782348
2.72859922179	0.101922155136
2.74319066148	0.101085417861
2.75778210117	0.100243560604
2.77237354086	0.0993965745047
2.78696498055	0.0985444518788
2.80155642023	0.097687186355
2.81614785992	0.0968247730141
2.83073929961	0.0959572085383
2.8453307393	0.0950844913698
2.85992217899	0.0942066218776
2.87451361868	0.093323602534
2.88910505837	0.0924354381013
2.90369649806	0.0915421358268
2.91828793774	0.0906437056487
2.93287937743	0.0897401604115
2.94747081712	0.0888315160916
2.96206225681	0.0879177920329
2.9766536965	0.086999011192
2.99124513619	0.0860752003944
3.00583657588	0.085146390599
3.02042801557	0.0842126171741
3.03501945525	0.0832739201811
3.04961089494	0.0823303446683
3.06420233463	0.0813819409733
3.07879377432	0.0804287650333
3.09338521401	0.0794708787029
3.1079766537	0.0785083500797
3.12256809339	0.077541253835
3.13715953307	0.0765696715507
3.15175097276	0.0755936920604
3.16634241245	0.0746134117931
3.18093385214	0.0736289351201
3.19552529183	0.0726403747018
3.21011673152	0.0716478518339
3.22470817121	0.0706514967916
3.2392996109	0.0696514491697
3.25389105058	0.0686478582168
3.26848249027	0.0676408831618
3.28307392996	0.0666306935304
3.29766536965	0.0656174694499
3.31225680934	0.0646014019389
3.32684824903	0.0635826931813
3.34143968872	0.0625615567798
3.35603112841	0.0615382179883
3.37062256809	0.0605129139192
3.38521400778	0.0594858937231
3.39980544747	0.058457418739
3.41439688716	0.0574277626105
3.42898832685	0.0563972113661
3.44357976654	0.0553660634615
3.45817120623	0.0543346297789
3.47276264592	0.0533032335823
3.4873540856	0.052272210426
3.50194552529	0.0512419080126
3.51653696498	0.0502126859983
3.53112840467	0.0491849157446
3.54571984436	0.0481589800122
3.56031128405	0.0471352725966
3.57490272374	0.0461141979036
3.58949416343	0.0450961704625
3.60408560311	0.044081614377
3.6186770428	0.0430709627131
3.63326848249	0.042064656823
3.64785992218	0.0410631456057
3.66245136187	0.0400668847048
3.67704280156	0.0390763356448
3.69163424125	0.0380919649071
3.70622568093	0.0371142429479
3.72081712062	0.0361436431605
3.73540856031	0.0351806407859
3.75	0.0342257117734
3.76459143969	0.0332793315982
3.77918287938	0.0323419740374
3.79377431907	0.0314141099128
3.80836575876	0.0304962058033
3.82295719844	0.0295887227351
3.83754863813	0.0286921148548
3.85214007782	0.0278068280932
3.86673151751	0.0269332988259
3.8813229572	0.0260719525401
3.89591439689	0.0252232025122
3.91050583658	0.0243874485071
3.92509727627	0.0235650755053
3.93968871595	0.0227564524661
3.95428015564	0.0219619311344
3.96887159533	0.0211818448997
3.98346303502	0.020416507714
3.99805447471	0.0196662130753
4.0126459144	0.0189312330855
4.02723735409	0.0182118175861
4.04182879378	0.0175081933803
4.05642023346	0.0168205635455
4.07101167315	0.0161491068411
4.08560311284	0.0154939772149
4.10019455253	0.0148553034133
4.11478599222	0.0142331886954
4.12937743191	0.013627710655
4.1439688716	0.0130389211495
4.15856031129	0.0124668463373
4.17315175097	0.0119114868226
4.18774319066	0.0113728179054
4.20233463035	0.0108507899353
4.21692607004	0.0103453287664
4.23151750973	0.00985633630762
4.24610894942	0.00938369116706
4.26070038911	0.00892724938215
4.27529182879	0.0084868452324
4.28988326848	0.00806229212735
4.30447470817	0.00765338356361
4.31906614786	0.00725989414382
4.33365758755	0.00688158065057
4.34824902724	0.00651818316752
4.36284046693	0.0061694262403
4.37743190662	0.00583502006946
4.3920233463	0.00551466172773
4.40661478599	0.00520803639402
4.42120622568	0.00491481859671
4.43579766537	0.00463467345885
4.45038910506	0.00436725793829
4.46498054475	0.00411222205608
4.47957198444	0.00386921010662
4.49416342413	0.00363786184383
4.50875486381	0.00341781363752
4.5233463035	0.00320869959515
4.53793774319	0.00301015264422
4.55252918288	0.0028218055713
4.56712062257	0.00264329201397
4.58171206226	0.00247424740284
4.59630350195	0.00231430985087
4.61089494164	0.00216312098794
4.62548638132	0.00202032673934
4.64007782101	0.00188557804672
4.6546692607	0.00175853153123
4.66926070039	0.00163885009827
4.68385214008	0.00152620348445
4.69844357977	0.00142026874695
4.71303501946	0.00132073069646
4.72762645915	0.00122728227483
4.74221789883	0.00113962487899
4.75680933852	0.00105746863281
4.77140077821	0.000980532609108
4.7859922179	0.000908545003684
4.80058365759	0.000841243263994
4.81517509728	0.000778374174729
4.82976653697	0.00071969390294
4.84435797665	0.000664968005301
4.85894941634	0.000613971400187
4.87354085603	0.000566488307236
4.88813229572	0.000522312157082
4.90272373541	0.000481245473922
4.9173151751	0.000443099733509
4.93190661479	0.000407695199154
4.94649805448	0.0003748607382
4.96108949416	0.000344433621377
4.97568093385	0.000316259307346
4.99027237354	0.000290191214623
5.00486381323	0.000266090482983
5.01945525292	0.00024382572632
5.03404669261	0.000223272778809
5.0486381323	0.000204314436122
5.06322957199	0.000186840193289
5.07782101167	0.00017074598071
5.09241245136	0.000155933899674
5.10700389105	0.000142311958639
5.12159533074	0.000129793811396
5.13618677043	0.000118298498133
5.15077821012	0.000107750190317
5.16536964981	9.80779401709e-05
5.1799610895	8.92154354719e-05
5.19455252918	8.11007602554e-05
5.20914396887	7.3676161949e-05
5.22373540856	6.68878253652e-05
5.23832684825	6.06856539029e-05
5.25291828794	5.50230582366e-05
5.26750972763	4.98567527048e-05
5.28210116732	4.51465595448e-05
5.29669260701	4.08552210661e-05
5.31128404669	3.69482198044e-05
5.32587548638	3.3393606648e-05
5.34046692607	3.01618368915e-05
5.35505836576	2.72256141308e-05
5.36964980545	2.45597418849e-05
5.38424124514	2.21409827971e-05
5.39883268483	1.99479252491e-05
5.41342412451	1.79608571962e-05
5.4280155642	1.61616470171e-05
5.44260700389	1.45336311575e-05
5.45719844358	1.30615083332e-05
5.47178988327	1.17312400533e-05
5.48638132296	1.05299572151e-05
5.50097276265	9.44587251844e-06
5.51556420234	8.46819844709e-06
5.53015564202	7.5870705619e-06
5.54474708171	6.79347585363e-06
5.5593385214	6.07918590457e-06
5.57392996109	5.43669461249e-06
5.58852140078	4.85916023498e-06
5.60311284047	4.34035151789e-06
5.61770428016	3.87459767791e-06
5.63229571985	3.45674201621e-06
5.64688715953	3.08209894779e-06
5.66147859922	2.74641423854e-06
5.67607003891	2.44582825055e-06
5.6906614786	2.17684200414e-06
5.70525291829	1.93628587384e-06
5.71984435798	1.72129074357e-06
5.73443579767	1.52926145519e-06
5.74902723736	1.35785239254e-06
5.76361867704	1.20494505166e-06
5.77821011673	1.06862745572e-06
5.79280155642	9.47175281459e-07
5.80739299611	8.39034571229e-07
5.8219844358	7.42805912532e-07
5.83657587549	6.57229974039e-07
5.85116731518	5.81174294008e-07
5.86575875487	5.13621223723e-07
5.88035019455	4.53656934971e-07
5.89494163424	4.00461406627e-07
5.90953307393	3.53299311271e-07
5.92412451362	3.1151172821e-07
5.93871595331	2.74508614571e-07
5.953307393	2.41761970995e-07
5.96789883269	2.12799643196e-07
5.98249027237	1.87199704962e-07
5.99708171206	1.64585372372e-07
6.01167315175	1.4462040281e-07
6.02626459144	1.27004936017e-07
6.04085603113	1.11471737808e-07
6.05544747082	9.77828102153e-08
6.07003891051	8.57263348046e-08
6.0846303502	7.51139186195e-08
6.09922178988	6.57781147717e-08
6.11381322957	5.75701920589e-08
6.12840466926	5.03581301696e-08
6.14299610895	4.40248190676e-08
6.15758754864	3.8466443013e-08
6.17217898833	3.35910314064e-08
6.18677042802	2.93171602254e-08
6.20136186771	2.55727892941e-08
6.21595330739	2.22942219576e-08
6.23054474708	1.94251749805e-08
6.24513618677	1.69159476091e-08
6.25972762646	1.47226797765e-08
6.27431906615	1.28066903767e-08
6.28891050584	1.11338873975e-08
6.30350194553	9.67424249416e-09
6.31809338522	8.40132330318e-09
6.3326848249	7.29187745067e-09
6.34727626459	6.32546280963e-09
6.36186770428	5.48411909742e-09
6.37645914397	4.75207639976e-09
6.39105058366	4.1154966518e-09
6.40564202335	3.56224451173e-09
6.42023346304	3.08168442745e-09
6.43482490272	2.66450102779e-09
6.44941634241	2.30254026681e-09
6.4640077821	1.98866902201e-09
6.47859922179	1.71665108705e-09
6.49319066148	1.4810377202e-09
6.50778210117	1.27707110584e-09
6.52237354086	1.10059926351e-09
6.53696498055	9.48001097704e-10
6.55155642023	8.16120424846e-10
6.56614785992	7.0220794042e-10
6.58073929961	6.03870205724e-10
6.5953307393	5.19024834354e-10
6.60992217899	4.45861151493e-10
6.62451361868	3.82805680254e-10
6.63910505837	3.28491882956e-10
6.65369649806	2.81733650023e-10
6.66828793774	2.41502087759e-10
6.68287937743	2.06905207482e-10
6.69747081712	1.77170165269e-10
6.71206225681	1.51627741749e-10
6.7266536965	1.29698788404e-10
6.74124513619	1.10882398667e-10
6.75583657588	9.47455910409e-11
6.77042801557	8.09143166623e-11
6.78501945525	6.90656263548e-11
6.79961089494	5.89208518393e-11
6.81420233463	5.02396737748e-11
6.82879377432	4.28149643751e-11
6.84338521401	3.64683063646e-11
6.8579766537	3.10461019885e-11
6.87256809339	2.64161965316e-11
6.88715953308	2.24649500849e-11
6.90175097276	1.90946997079e-11
6.91634241245	1.62215611952e-11
6.93093385214	1.37735263053e-11
6.94552529183	1.16888166629e-11
6.96011673152	9.91446063762e-12
6.97470817121	8.40506371831e-12
6.9892996109	7.12174674873e-12
7.00389105058	6.03122965273e-12
7.01848249027	5.10504121428e-12
7.03307392996	4.3188379452e-12
7.04766536965	3.65181739152e-12
7.06225680934	3.08621304571e-12
7.07684824903	2.60685979805e-12
7.09143968872	2.2008202932e-12
7.10603112841	1.85706385336e-12
7.12062256809	1.56619072965e-12
7.13521400778	1.32019543895e-12
7.14980544747	1.11226374193e-12
7.16439688716	9.36598613533e-13
7.17898832685	7.88271132722e-13
7.19357976654	6.63092808597e-13
7.20817120623	5.57506321474e-13
7.22276264592	4.68492082399e-13
7.2373540856	3.93488362478e-13
7.25194552529	3.30323067561e-13
7.26653696498	2.77155486285e-13
7.28112840467	2.3242659277e-13
7.29571984436	1.94816663169e-13
7.31031128405	1.63209157837e-13
7.32490272374	1.36659954879e-13
7.33949416343	1.14371162133e-13
7.35408560311	9.56688360797e-14
7.3686770428	7.99840385868e-14
7.38326848249	6.6836735787e-14
7.39785992218	5.58221268643e-14
7.41245136187	4.65990380912e-14
7.42704280156	3.88800781369e-14
7.44163424125	3.24232904633e-14
7.45622568094	2.70250810977e-14
7.47081712062	2.25142278946e-14
7.48540856031	1.87468122668e-14
7.5	1.56019278481e-14
7.51459143969	1.29780546987e-14
7.52918287938	1.07900063107e-14
7.54377431907	8.96633091062e-15
7.55836575876	7.44713015853e-15
7.57295719844	6.18221939026e-15
7.58754863813	5.12957429765e-15
7.60214007782	4.25402319324e-15
7.61673151751	3.5261448668e-15
7.6313229572	2.92134187219e-15
7.64591439689	2.41906036604e-15
7.66050583658	2.00213462852e-15
7.67509727627	1.65623609925e-15
7.68968871595	1.3694108651e-15
7.70428015564	1.1316913202e-15
7.71887159533	9.34770660846e-16
7.73346303502	7.71729630654e-16
7.74805447471	6.36807904485e-16
7.7626459144	5.25212478873e-16
7.77723735409	4.32957319242e-16
7.79182879378	3.56729258718e-16
7.80642023346	2.93775879798e-16
7.82101167315	2.4181175387e-16
7.83560311284	1.9894028989e-16
7.85019455253	1.63588317218e-16
7.86478599222	1.34451665975e-16
7.87937743191	1.10449709563e-16
7.8939688716	9.06875359348e-17
7.90856031129	7.4424405069e-17
7.92315175097	6.10475219842e-17
7.93774319066	5.00501878726e-17
7.95233463035	4.10136679448e-17
7.96692607004	3.35920737226e-17
7.98151750973	2.74998612491e-17
7.99610894942	2.25014134974e-17
8.01070038911	1.8402417278e-17
8.0252918288	1.50426998631e-17
8.03988326848	1.22903054747e-17
8.05447470817	1.00365759151e-17
8.06906614786	8.19209299126e-18
8.08365758755	6.68329465367e-18
8.09824902724	5.44970521726e-18
8.11284046693	4.44162821597e-18
8.12743190662	3.61824778828e-18
8.1420233463	2.94605756786e-18
8.15661478599	2.39756947695e-18
8.17120622568	1.95024015417e-18
8.18579766537	1.58559655415e-18
8.20038910506	1.28850177162e-18
8.21498054475	1.0465630194e-18
8.22957198444	8.49637460531e-19
8.24416342413	6.8943005713e-19
8.25875486381	5.59158527672e-19
8.2733463035	4.5328159781e-19
8.28793774319	3.67273324673e-19
8.30252918288	2.974403541e-19
8.31712062257	2.40768275609e-19
8.33171206226	1.9479968508e-19
8.34630350195	1.57531237299e-19
8.36089494164	1.27331209575e-19
8.37548638132	1.02870935817e-19
8.39007782101	8.30692430902e-20
8.4046692607	6.70465320932e-20
8.41926070039	5.40884218283e-20
8.43385214008	4.36137601928e-20
8.44844357977	3.51507817138e-20
8.46303501946	2.83164112347e-20
8.47762645915	2.27999560633e-20
8.49221789883	1.83493579939e-20
8.50680933852	1.47604969484e-20
8.52140077821	1.18678452796e-20
8.5359922179	9.53759716708e-21
8.55058365759	7.66126361681e-21
8.56517509728	6.15118453712e-21
8.57976653697	4.93641828962e-21
8.59435797666	3.95969446826e-21
8.60894941634	3.17471702222e-21
8.62354085603	2.54415105398e-21
8.63813229572	2.03784659994e-21
8.65272373541	1.63157248297e-21
8.6673151751	1.30569226193e-21
8.68190661479	1.04443994931e-21
8.69649805448	8.3508213244e-22
8.71108949416	6.67387520974e-22
8.72568093385	5.33124968928e-22
8.74027237354	4.25681335691e-22
8.75486381323	3.39729970573e-22
8.76945525292	2.71027050216e-22
8.78404669261	2.16125308556e-22
8.7986381323	1.72276649406e-22
8.81322957199	1.37268275777e-22
8.82782101167	1.09330136099e-22
8.84241245136	8.70391269623e-23
8.85700389105	6.92655176115e-23
8.87159533074	5.50929088579e-23
8.88618677043	4.38081529587e-23
8.90077821012	3.48225185974e-23
8.91536964981	2.76728012888e-23
8.9299610895	2.19836404301e-23
8.94455252918	1.74591105887e-23
8.95914396887	1.38605717713e-23
8.97373540856	1.10002887187e-23
8.98832684825	8.72623412622e-24
9.00291828794	6.92207394899e-24
9.01750972763	5.48966925698e-24
9.03210116732	4.35402767097e-24
9.04669260701	3.45241642185e-24
9.06128404669	2.73711474037e-24
9.07587548638	2.16906124035e-24
9.09046692607	1.71865510315e-24
9.10505836576	1.3604762314e-24
9.11964980545	1.0778021178e-24
9.13424124514	8.53931435337e-25
9.14883268483	6.77109024208e-25
9.16342412452	5.36933106424e-25
9.1780155642	4.25880088535e-25
9.19260700389	3.37711053186e-25
9.20719844358	2.67919244582e-25
9.22178988327	2.12237380088e-25
9.23638132296	1.68405772137e-25
9.25097276265	1.33663536108e-25
9.26556420234	1.06390874839e-25
9.28015564202	8.47260215981e-26
9.29474708171	6.75575237583e-26
9.3093385214	5.39087803998e-26
9.32392996109	4.30721731449e-26
9.33852140078	3.42834605957e-26
9.35311284047	2.74569685864e-26
9.36770428016	2.20495407664e-26
9.38229571985	1.78131294187e-26
9.39688715953	1.44022625892e-26
9.41147859922	1.16879782381e-26
9.42607003891	9.47863806118e-27
9.4406614786	7.71946597157e-27
9.45525291829	6.23637489803e-27
9.46984435798	5.10317066609e-27
9.48443579767	4.21173551323e-27
9.49902723736	3.51809013085e-27
9.51361867704	2.93764625042e-27
9.52821011673	2.47728921276e-27
9.54280155642	2.08935927255e-27
9.55739299611	1.77390728049e-27
9.5719844358	1.48600149192e-27
9.58657587549	1.26909491427e-27
9.60116731518	1.08968204925e-27
9.61575875487	9.62971731092e-28
9.63035019455	8.52085716232e-28
9.64494163424	7.54558274052e-28
9.65953307393	6.67167343459e-28
9.67412451362	5.96222693186e-28
9.68871595331	5.19661708156e-28
9.703307393	4.68072224755e-28
9.71789883269	4.24293286377e-28
9.73249027237	3.94105998733e-28
9.74708171206	3.65564059051e-28
9.76167315175	3.37317627216e-28
9.77626459144	3.05073111463e-28
9.79085603113	2.80501509417e-28
9.80544747082	2.55119233564e-28
9.82003891051	2.39308421789e-28
9.8346303502	2.279255548e-28
9.84922178988	2.2552041604e-28
9.86381322957	2.21072926185e-28
9.87840466926	2.20098039365e-28
9.89299610895	2.19301180268e-28
9.90758754864	2.1966848494e-28
9.92217898833	2.25798952914e-28
9.93677042802	2.2855046537e-28
9.95136186771	2.26399152972e-28
9.96595330739	2.29127026345e-28
9.98054474708	2.27789697389e-28
9.99513618677	2.23703899473e-28
10.0097276265	2.23934271984e-28
10.0243190661	2.28961718311e-28
10.0389105058	2.39364030525e-28
10.0535019455	2.44560357452e-28
10.0680933852	2.46923570832e-28
10.0826848249	2.50181355919e-28
10.0972762646	2.52583977006e-28
10.1118677043	2.52292055678e-28
10.126459144	2.54132605317e-28
10.1410505837	2.62529637497e-28
10.1556420233	2.81978063792e-28
10.170233463	2.91906723607e-28
10.1848249027	3.01464752588e-28
10.1994163424	3.04643142253e-28
10.2140077821	3.04677972674e-28
10.2285992218	3.06900641376e-28
10.2431906615	3.1659793398e-28
10.2577821012	3.29211934146e-28
10.2723735409	3.54590892178e-28
10.2869649805	3.65320462415e-28
10.3015564202	3.72575617231e-28
10.3161478599	3.75221093039e-28
10.3307392996	3.74476971488e-28
10.3453307393	3.68650725878e-28
10.359922179	3.7112587997e-28
10.3745136187	3.80755446887e-28
10.3891050584	4.05975762467e-28
10.4036964981	4.15384274451e-28
10.4182879377	4.21365881695e-28
10.4328793774	4.23424282521e-28
10.4474708171	4.23503872505e-28
10.4620622568	4.17666686659e-28
10.4766536965	4.20183844541e-28
10.4912451362	4.31427816595e-28
10.5058365759	4.62947859354e-28
10.5204280156	4.72346336759e-28
10.5350194553	4.74111543357e-28
10.5496108949	4.69479391778e-28
10.5642023346	4.65623459025e-28
10.5787937743	4.57315277611e-28
10.593385214	4.56139541387e-28
10.6079766537	4.61848339995e-28
10.6225680934	4.87595479766e-28
10.6371595331	4.89199008298e-28
10.6517509728	4.85408990327e-28
10.6663424125	4.77871963806e-28
10.6809338521	4.69957708925e-28
10.6955252918	4.60357740879e-28
10.7101167315	4.60728681713e-28
10.7247081712	4.65595760887e-28
10.7392996109	4.87951080639e-28
10.7538910506	4.89926490622e-28
10.7684824903	4.93088326989e-28
10.78307393	4.93578293299e-28
10.7976653697	4.98449861249e-28
10.8122568093	4.94279703596e-28
10.826848249	4.93168852038e-28
10.8414396887	4.9979515639e-28
10.8560311284	5.26031945166e-28
10.8706225681	5.29581750803e-28
10.8852140078	5.26510424635e-28
10.8998054475	5.18657211505e-28
10.9143968872	5.18104538215e-28
10.9289883268	5.13003225633e-28
10.9435797665	5.13015353289e-28
10.9581712062	5.17444839159e-28
10.9727626459	5.47013721227e-28
10.9873540856	5.5615075413e-28
11.0019455253	5.56225691945e-28
11.016536965	5.65716294322e-28
11.0311284047	5.81829049138e-28
11.0457198444	6.08893791936e-28
11.060311284	6.56517147119e-28
11.0749027237	7.18767723998e-28
11.0894941634	8.20668574722e-28
11.1040856031	9.40539548267e-28
11.1186770428	1.10769882351e-27
11.1332684825	1.33494460008e-27
11.1478599222	1.65340781054e-27
11.1624513619	2.07659976341e-27
11.1770428016	2.67290643327e-27
11.1916342412	3.48192358921e-27
11.2062256809	4.59763487314e-27
11.2208171206	6.03053774527e-27
11.2354085603	8.09633682373e-27
11.25	1.00388138268e-26
11.2645914397	8.18389663659e-27
11.2791828794	6.14268536731e-27
11.2937743191	4.72029265467e-27
11.3083657588	3.60745373664e-27
11.3229571984	2.77495368319e-27
11.3375486381	2.16029136426e-27
11.3521400778	1.70578274644e-27
11.3667315175	1.36650906304e-27
11.3813229572	1.11480312336e-27
11.3959143969	9.32986293087e-28
11.4105058366	8.04639798823e-28
11.4250972763	7.11562499229e-28
11.439688716	6.38133805582e-28
11.4542801556	5.86748144422e-28
11.4688715953	5.49492848568e-28
11.483463035	5.27839681692e-28
11.4980544747	5.08324349196e-28
11.5126459144	5.01576065085e-28
11.5272373541	4.92865480325e-28
11.5418287938	4.85048547261e-28
11.5564202335	4.76813097453e-28
11.5710116732	4.73733415948e-28
11.5856031128	4.67560878062e-28
11.6001945525	4.70263796186e-28
11.6147859922	4.68636325044e-28
11.6293774319	4.6814350666e-28
11.6439688716	4.65495169402e-28
11.6585603113	4.57895620104e-28
11.673151751	4.32533243294e-28
11.6877431907	4.2893006438e-28
11.7023346304	4.25906101365e-28
11.71692607	4.29828576008e-28
11.7315175097	4.30752739931e-28
11.7461089494	4.39699257911e-28
11.7607003891	4.56436612074e-28
11.7752918288	4.7919478348e-28
11.7898832685	4.92815775927e-28
11.8044747082	5.13550613496e-28
11.8190661479	5.3348447561e-28
11.8336575876	5.56759831784e-28
11.8482490272	5.79603619237e-28
11.8628404669	6.14086591729e-28
11.8774319066	6.5280606137e-28
11.8920233463	6.82104373503e-28
11.906614786	7.01143732198e-28
11.9212062257	7.21087018226e-28
11.9357976654	7.31818233041e-28
11.9503891051	7.44341245223e-28
11.9649805447	7.47967651037e-28
11.9795719844	7.44199608451e-28
11.9941634241	7.38619300071e-28
12.0087548638	7.27223817852e-28
12.0233463035	7.05402069266e-28
12.0379377432	7.03121074816e-28
12.0525291829	6.9333286517e-28
12.0671206226	6.85490955083e-28
12.0817120623	6.791702829e-28
12.0963035019	6.76940419668e-28
12.1108949416	6.79009468992e-28
12.1254863813	6.93640263857e-28
12.140077821	7.07290530214e-28
12.1546692607	7.21864656386e-28
12.1692607004	7.27651175743e-28
12.1838521401	7.35651943545e-28
12.1984435798	7.34405517815e-28
12.2130350195	7.33064101256e-28
12.2276264591	7.39498991647e-28
12.2422178988	7.46241921443e-28
12.2568093385	7.56083008937e-28
12.2714007782	7.72248520924e-28
12.2859922179	7.82709739924e-28
12.3005836576	7.9497342046e-28
12.3151750973	8.00861718493e-28
12.329766537	8.03326225128e-28
12.3443579767	8.14079524462e-28
12.3589494163	8.19432592964e-28
12.373540856	8.27833578434e-28
12.3881322957	8.47036036779e-28
12.4027237354	8.59484500092e-28
12.4173151751	8.66302917167e-28
12.4319066148	8.67858327251e-28
12.4464980545	8.69595755304e-28
12.4610894942	8.81019485457e-28
12.4756809339	9.02835361081e-28
12.4902723735	9.30413978914e-28
12.5048638132	9.51575569747e-28
12.5194552529	9.66663214277e-28
12.5340466926	9.77153358099e-28
12.5486381323	9.74607007477e-28
12.563229572	9.74927100754e-28
12.5778210117	9.73231521149e-28
12.5924124514	9.64590478625e-28
12.6070038911	9.62193895926e-28
12.6215953307	9.53498991242e-28
12.6361867704	9.42275760954e-28
12.6507782101	9.29813961686e-28
12.6653696498	9.17143007175e-28
12.6799610895	9.12496097552e-28
12.6945525292	9.23084015231e-28
12.7091439689	9.42229438258e-28
12.7237354086	9.7601084427e-28
12.7383268483	9.99561689352e-28
12.7529182879	1.00375874772e-27
12.7675097276	1.00023792045e-27
12.7821011673	9.98751323407e-28
12.796692607	9.91203960377e-28
12.8112840467	9.97160021539e-28
12.8258754864	1.01728789532e-27
12.8404669261	1.04708560147e-27
12.8550583658	1.05651505138e-27
12.8696498054	1.06032668145e-27
12.8842412451	1.05270739948e-27
12.8988326848	1.03647155622e-27
12.9134241245	1.02755868837e-27
12.9280155642	1.02977705465e-27
12.9426070039	1.03238186825e-27
12.9571984436	1.03843010236e-27
12.9717898833	1.03343660905e-27
12.986381323	1.02452876506e-27
13.0009727626	1.01060892057e-27
13.0155642023	9.91571517139e-28
13.030155642	9.6905803577e-28
13.0447470817	9.60845656657e-28
13.0593385214	9.65257940975e-28
13.0739299611	9.90594973064e-28
13.0885214008	9.97948270156e-28
13.1031128405	9.89898100464e-28
13.1177042802	9.79354928754e-28
13.1322957198	9.68537493135e-28
13.1468871595	9.52433264555e-28
13.1614785992	9.54623035652e-28
13.1760700389	9.72467485247e-28
13.1906614786	1.00797218438e-27
13.2052529183	1.01257583464e-27
13.219844358	1.01517375909e-27
13.2344357977	1.00314503096e-27
13.2490272374	9.84828950429e-28
13.263618677	9.72552168345e-28
13.2782101167	9.72153430944e-28
13.2928015564	9.69717478553e-28
13.3073929961	9.89046244101e-28
13.3219844358	9.94190833542e-28
13.3365758755	9.93890829216e-28
13.3511673152	9.75477109377e-28
13.3657587549	9.58896336754e-28
13.3803501946	9.37038090963e-28
13.3949416342	9.28622147978e-28
13.4095330739	9.36822885024e-28
13.4241245136	9.70565565044e-28
13.4387159533	9.76165580466e-28
13.453307393	9.80109261875e-28
13.4678988327	9.7538107923e-28
13.4824902724	9.70861827358e-28
13.4970817121	9.53714399402e-28
13.5116731518	9.58473364646e-28
13.5262645914	9.73262137822e-28
13.5408560311	1.00833001618e-27
13.5554474708	1.02318427953e-27
13.5700389105	1.03358576843e-27
13.5846303502	1.0277301252e-27
13.5992217899	1.01768650947e-27
13.6138132296	1.0075784664e-27
13.6284046693	1.01374431577e-27
13.642996109	1.02122042294e-27
13.6575875486	1.06330502169e-27
13.6721789883	1.07902501142e-27
13.686770428	1.08274747679e-27
13.7013618677	1.08098797065e-27
13.7159533074	1.088807967e-27
13.7305447471	1.08277098424e-27
13.7451361868	1.086455392e-27
13.7597276265	1.0987133567e-27
13.7743190661	1.13537665106e-27
13.7889105058	1.13719055176e-27
13.8035019455	1.13791407853e-27
13.8180933852	1.12030534e-27
13.8326848249	1.10742797629e-27
13.8472762646	1.09720715597e-27
13.8618677043	1.10702373756e-27
13.876459144	1.11223738942e-27
13.8910505837	1.14048733155e-27
13.9056420233	1.14505989266e-27
13.920233463	1.14858537534e-27
13.9348249027	1.13398624774e-27
13.9494163424	1.13061176943e-27
13.9640077821	1.12583573311e-27
13.9785992218	1.13354597984e-27
13.9931906615	1.13942312203e-27
14.0077821012	1.18096689002e-27
14.0223735409	1.18695339855e-27
14.0369649805	1.17941872097e-27
14.0515564202	1.1635355489e-27
14.0661478599	1.15628272179e-27
14.0807392996	1.13768282516e-27
14.0953307393	1.14267448331e-27
14.109922179	1.15701444781e-27
14.1245136187	1.20222186787e-27
14.1391050584	1.20529921357e-27
14.1536964981	1.20563968736e-27
14.1682879377	1.18820366112e-27
14.1828793774	1.17446098168e-27
14.1974708171	1.15635100752e-27
14.2120622568	1.15460114259e-27
14.2266536965	1.15305817391e-27
14.2412451362	1.19506763818e-27
14.2558365759	1.2066048549e-27
14.2704280156	1.21079206041e-27
14.2850194553	1.18912144538e-27
14.2996108949	1.18162519919e-27
14.3142023346	1.16670202618e-27
14.3287937743	1.16454811588e-27
14.343385214	1.17048944734e-27
14.3579766537	1.21756362671e-27
14.3725680934	1.22050004065e-27
14.3871595331	1.20774520781e-27
14.4017509728	1.1852325924e-27
14.4163424125	1.17448666436e-27
14.4309338521	1.14999300126e-27
14.4455252918	1.14860154447e-27
14.4601167315	1.14849970983e-27
14.4747081712	1.18096776571e-27
14.4892996109	1.18327518554e-27
14.5038910506	1.18846074576e-27
14.5184824903	1.1752706641e-27
14.53307393	1.16779174192e-27
14.5476653697	1.16035198147e-27
14.5622568093	1.16119298816e-27
14.576848249	1.15468732236e-27
14.5914396887	1.19284071056e-27
14.6060311284	1.19701167011e-27
14.6206225681	1.19599904687e-27
14.6352140078	1.16782778313e-27
14.6498054475	1.14998215703e-27
14.6643968872	1.12735830383e-27
14.6789883268	1.11275873641e-27
14.6935797665	1.09785695038e-27
14.7081712062	1.11629678056e-27
14.7227626459	1.09987440905e-27
14.7373540856	1.08671513645e-27
14.7519455253	1.05425458055e-27
14.766536965	1.03609485376e-27
14.7811284047	9.96980113088e-28
14.7957198444	9.75987508016e-28
14.810311284	9.508798782e-28
14.8249027237	9.38814112437e-28
14.8394941634	8.96268506809e-28
14.8540856031	8.51206333445e-28
14.8686770428	7.92534862408e-28
14.8832684825	7.54778727426e-28
14.8978599222	7.26328266976e-28
14.9124513619	7.29101025612e-28
14.9270428016	7.6944637748e-28
14.9416342412	9.04696406082e-28
14.9562256809	1.1361621352e-27
14.9708171206	1.52683620967e-27
14.9854085603	2.26508185789e-27
15.0	3.07322017764e-27
