-14.9854085603	2.4815713392e-27
-14.9708171206	1.49585460071e-27
-14.9562256809	9.24792639667e-28
-14.9416342412	5.54615358978e-28
-14.9270428016	3.35631651764e-28
-14.9124513619	2.07647117302e-28
-14.8978599222	1.46082254483e-28
-14.8832684825	1.15461696749e-28
-14.8686770428	1.114595041e-28
-14.8540856031	1.15477699971e-28
-14.8394941634	1.2699150759e-28
-14.8249027237	1.28985552848e-28
-14.810311284	1.45210489179e-28
-14.7957198444	1.58855293925e-28
-14.7811284047	1.79219427406e-28
-14.766536965	1.93841670646e-28
-14.7519455253	2.09177652128e-28
-14.7373540856	2.18165090274e-28
-14.7227626459	2.22592976359e-28
-14.7081712062	2.08235150685e-28
-14.6935797665	2.12680150293e-28
-14.6789883268	2.17815665777e-28
-14.6643968872	2.28100022374e-28
-14.6498054475	2.33306053184e-28
-14.6352140078	2.45482690732e-28
-14.6206225681	2.46780369418e-28
-14.6060311284	2.45850224533e-28
-14.5914396887	2.28582713942e-28
-14.576848249	2.28226202441e-28
-14.5622568093	2.29218488759e-28
-14.5476653696	2.39022337951e-28
-14.53307393	2.41803094329e-28
-14.5184824903	2.49105310809e-28
-14.5038910506	2.49645174828e-28
-14.4892996109	2.50933468333e-28
-14.4747081712	2.33720325655e-28
-14.4601167315	2.34185902148e-28
-14.4455252918	2.34296409088e-28
-14.4309338521	2.43752602001e-28
-14.4163424125	2.47824988803e-28
-14.4017509728	2.55359810526e-28
-14.3871595331	2.54181221783e-28
-14.3725680934	2.5336741127e-28
-14.3579766537	2.32012298197e-28
-14.343385214	2.2780967892e-28
-14.3287937743	2.26248090487e-28
-14.3142023346	2.32624946737e-28
-14.2996108949	2.35471547537e-28
-14.2850194553	2.43428035377e-28
-14.2704280156	2.42751119351e-28
-14.2558365759	2.4011162842e-28
-14.2412451362	2.19150669342e-28
-14.2266536965	2.15853806614e-28
-14.2120622568	2.12836380971e-28
-14.1974708171	2.18773015984e-28
-14.1828793774	2.19337540867e-28
-14.1682879377	2.24922535921e-28
-14.1536964981	2.22622449616e-28
-14.1391050584	2.1814760167e-28
-14.1245136187	1.9592703358e-28
-14.109922179	1.91208430718e-28
-14.0953307393	1.87778180003e-28
-14.0807392996	1.92434075653e-28
-14.0661478599	1.94006260095e-28
-14.0515564202	1.99250512137e-28
-14.0369649805	1.96549405409e-28
-14.0223735409	1.92579943228e-28
-14.0077821012	1.71100562401e-28
-13.9931906615	1.65343170416e-28
-13.9785992218	1.61169180023e-28
-13.9640077821	1.64886520727e-28
-13.9494163424	1.64262167067e-28
-13.9348249027	1.68187374074e-28
-13.920233463	1.65520657099e-28
-13.9056420233	1.60986414884e-28
-13.8910505837	1.41728249788e-28
-13.876459144	1.36984038176e-28
-13.8618677043	1.34469206625e-28
-13.8472762646	1.38330412832e-28
-13.8326848249	1.38296935968e-28
-13.8180933852	1.42772894401e-28
-13.8035019455	1.42158871464e-28
-13.7889105058	1.37747297251e-28
-13.7743190661	1.20809791713e-28
-13.7597276265	1.17497128949e-28
-13.7451361868	1.16488543113e-28
-13.7305447471	1.20124680906e-28
-13.7159533074	1.20605730477e-28
-13.7013618677	1.24605207326e-28
-13.686770428	1.2309879186e-28
-13.6721789883	1.19416301269e-28
-13.6575875486	1.04019388265e-28
-13.6429961089	9.9092781828e-29
-13.6284046693	9.62311928725e-29
-13.6138132296	9.73980766376e-29
-13.5992217899	9.68280220441e-29
-13.5846303502	1.0032227677e-28
-13.5700389105	9.91729493638e-29
-13.5554474708	9.60244841213e-29
-13.5408560311	8.36756981368e-29
-13.5262645914	8.04209178063e-29
-13.5116731518	7.96056338403e-29
-13.4970817121	8.20382924367e-29
-13.4824902724	8.28492592983e-29
-13.4678988327	8.59347374563e-29
-13.453307393	8.60541981842e-29
-13.4387159533	8.31904800423e-29
-13.4241245136	7.18791637662e-29
-13.4095330739	6.85447298952e-29
-13.3949416342	6.65115326322e-29
-13.3803501946	6.86474569493e-29
-13.3657587549	6.95561643848e-29
-13.3511673152	7.40384235211e-29
-13.3365758755	7.59586816993e-29
-13.3219844358	7.63743299298e-29
-13.3073929961	7.13245459812e-29
-13.2928015564	7.05246137804e-29
-13.2782101167	7.22059495472e-29
-13.263618677	7.50040004402e-29
-13.2490272374	7.65372235879e-29
-13.2344357977	7.97020771803e-29
-13.219844358	8.03222616263e-29
-13.2052529183	7.84410748236e-29
-13.1906614786	7.45841998069e-29
-13.1760700389	7.4427471812e-29
-13.1614785992	7.43352287019e-29
-13.1468871595	7.51177372093e-29
-13.1322957198	7.38616221951e-29
-13.1177042802	7.41834007409e-29
-13.1031128405	7.3119833916e-29
-13.0885214008	6.89884535772e-29
-13.0739299611	6.29877028438e-29
-13.0593385214	6.02125013585e-29
-13.0447470817	5.83936723695e-29
-13.030155642	5.75365821321e-29
-13.0155642023	5.67990228023e-29
-13.0009727626	5.76851958857e-29
-12.986381323	5.7909565898e-29
-12.9717898833	5.73781960516e-29
-12.9571984436	5.69899108954e-29
-12.9426070039	5.70150975458e-29
-12.9280155642	5.75027298399e-29
-12.9134241245	5.80173267861e-29
-12.8988326848	5.8528130324e-29
-12.8842412451	5.98673130848e-29
-12.8696498054	6.30303534137e-29
-12.8550583658	6.70172545415e-29
-12.8404669261	7.73071300319e-29
-12.8258754864	8.42396502753e-29
-12.8112840467	9.12966098876e-29
-12.796692607	9.50464825428e-29
-12.7821011673	9.78376260258e-29
-12.7675097276	9.93768090046e-29
-12.7529182879	1.03929782623e-28
-12.7383268482	1.0715348027e-28
-12.7237354086	1.13403801377e-28
-12.7091439689	1.15907221029e-28
-12.6945525292	1.18789007143e-28
-12.6799610895	1.18508837403e-28
-12.6653696498	1.20430497493e-28
-12.6507782101	1.2127645261e-28
-12.6361867704	1.26388302821e-28
-12.6215953307	1.33828818037e-28
-12.6070038911	1.49047122458e-28
-12.5924124514	1.5677219409e-28
-12.5778210117	1.63738066808e-28
-12.563229572	1.63504776832e-28
-12.5486381323	1.6467545006e-28
-12.5340466926	1.67662908101e-28
-12.5194552529	1.74230262979e-28
-12.5048638132	1.83778819834e-28
-12.4902723735	2.10655174716e-28
-12.4756809339	2.27132223194e-28
-12.4610894942	2.40950427396e-28
-12.4464980545	2.47099218738e-28
-12.4319066148	2.53789514867e-28
-12.4173151751	2.59646640268e-28
-12.4027237354	2.73450976026e-28
-12.3881322957	2.85818917199e-28
-12.373540856	3.16206182466e-28
-12.3589494163	3.33063699565e-28
-12.3443579767	3.47466191836e-28
-12.329766537	3.51990400028e-28
-12.3151750973	3.61427632511e-28
-12.3005836576	3.66522648782e-28
-12.2859922179	3.81233403224e-28
-12.2714007782	4.00451199895e-28
-12.2568093385	4.39810383305e-28
-12.2422178988	4.58538543281e-28
-12.2276264591	4.76384836481e-28
-12.2130350195	4.81309657285e-28
-12.1984435798	4.89632336046e-28
-12.1838521401	4.92554546709e-28
-12.1692607004	5.00401761155e-28
-12.1546692607	5.13263034469e-28
-12.140077821	5.52314811429e-28
-12.1254863813	5.65289246164e-28
-12.1108949416	5.70356882084e-28
-12.0963035019	5.60614727122e-28
-12.0817120623	5.57990019567e-28
-12.0671206226	5.58263059006e-28
-12.0525291829	5.68470895198e-28
-12.0379377432	5.81385177671e-28
-12.0233463035	6.22351435624e-28
-12.0087548638	6.38000960495e-28
-11.9941634241	6.49391979641e-28
-11.9795719844	6.47832402698e-28
-11.9649805447	6.52373955883e-28
-11.9503891051	6.54303654176e-28
-11.9357976654	6.66976428027e-28
-11.9212062257	6.86814878275e-28
-11.906614786	7.35722741766e-28
-11.8920233463	7.55083406909e-28
-11.8774319066	7.63466213395e-28
-11.8628404669	7.50023815022e-28
-11.8482490272	7.41779627895e-28
-11.8336575875	7.30969194609e-28
-11.8190661479	7.32639916722e-28
-11.8044747082	7.39217978759e-28
-11.7898832685	7.82782332351e-28
-11.7752918288	7.89366352935e-28
-11.7607003891	7.8422268749e-28
-11.7461089494	7.67964304893e-28
-11.7315175097	7.63991623052e-28
-11.71692607	7.59909440303e-28
-11.7023346304	7.70818630579e-28
-11.6877431907	7.75653740796e-28
-11.673151751	8.08850676328e-28
-11.6585603113	8.1642054644e-28
-11.6439688716	8.0946781166e-28
-11.6293774319	7.87661810616e-28
-11.6147859922	7.70724687088e-28
-11.6001945525	7.50260396779e-28
-11.5856031128	7.51132605785e-28
-11.5710116732	7.55635352634e-28
-11.5564202335	7.87247727423e-28
-11.5418287938	7.7785359549e-28
-11.5272373541	7.63906928933e-28
-11.5126459144	7.32152250031e-28
-11.4980544747	6.9948135643e-28
-11.483463035	6.74346328447e-28
-11.4688715953	6.59088824732e-28
-11.4542801556	6.59036945588e-28
-11.439688716	6.91179256984e-28
-11.4250972763	6.90668626805e-28
-11.4105058366	6.95497976464e-28
-11.3959143969	7.11586856253e-28
-11.3813229572	7.74577844845e-28
-11.3667315175	8.92386641105e-28
-11.3521400778	1.09376554029e-27
-11.3375486381	1.39084268436e-27
-11.3229571984	1.84409384919e-27
-11.3083657588	2.46547790903e-27
-11.2937743191	3.35456765205e-27
-11.2791828794	4.55369279692e-27
-11.2645914397	6.372840094e-27
-11.25	8.07441718982e-27
-11.2354085603	6.22794525635e-27
-11.2208171206	4.29771940395e-27
-11.2062256809	3.00978277534e-27
-11.1916342412	2.05358523252e-27
-11.1770428016	1.38244426475e-27
-11.1624513619	9.07538139744e-28
-11.1478599222	5.89122089009e-28
-11.1332684825	3.74578289127e-28
-11.1186770428	2.37092963719e-28
-11.1040856031	1.54600889605e-28
-11.0894941634	1.05639062261e-28
-11.0749027237	9.62744454195e-29
-11.060311284	1.08680835399e-28
-11.0457198444	1.37587085865e-28
-11.0311284047	1.71354304546e-28
-11.016536965	2.11256497797e-28
-11.0019455253	2.45888357863e-28
-10.9873540856	2.80060246099e-28
-10.9727626459	2.97570911161e-28
-10.9581712062	3.28631775357e-28
-10.9435797665	3.63594880882e-28
-10.9289883268	4.07021310879e-28
-10.9143968872	4.40745631065e-28
-10.8998054475	4.71223981412e-28
-10.8852140078	4.8999749886e-28
-10.8706225681	4.97121234803e-28
-10.8560311284	4.77799336295e-28
-10.8414396887	4.8424877942e-28
-10.826848249	4.9361042173e-28
-10.8122568093	5.11339560519e-28
-10.7976653696	5.24006257755e-28
-10.78307393	5.35774098961e-28
-10.7684824903	5.38435576373e-28
-10.7538910506	5.33976898699e-28
-10.7392996109	5.04726515104e-28
-10.7247081712	4.96751164123e-28
-10.7101167315	4.9241382612e-28
-10.6955252918	4.94745312202e-28
-10.6809338521	4.90475008063e-28
-10.6663424125	4.85797917365e-28
-10.6517509728	4.70774688082e-28
-10.6371595331	4.45891228171e-28
-10.6225680934	3.95621586588e-28
-10.6079766537	3.68118133515e-28
-10.593385214	3.45412801266e-28
-10.5787937743	3.34663174803e-28
-10.5642023346	3.18063458827e-28
-10.5496108949	3.03923297497e-28
-10.5350194553	2.83849631945e-28
-10.5204280156	2.58310685402e-28
-10.5058365759	2.15080436751e-28
-10.4912451362	1.92601079583e-28
-10.4766536965	1.78711090068e-28
-10.4620622568	1.79414376906e-28
-10.4474708171	1.89662843833e-28
-10.4328793774	2.17040337873e-28
-10.4182879377	2.68512046533e-28
-10.4036964981	3.60861813411e-28
-10.3891050584	5.0917151268e-28
-10.3745136187	7.45733688713e-28
-10.359922179	1.08244883324e-27
-10.3453307393	1.54473882975e-27
-10.3307392996	2.16400405088e-27
-10.3161478599	2.99023956673e-27
-10.3015564202	4.08672443393e-27
-10.2869649805	5.55624652485e-27
-10.2723735409	7.53992552037e-27
-10.2577821012	1.00958628486e-26
-10.2431906615	1.34453141172e-26
-10.2285992218	1.78087109021e-26
-10.2140077821	2.34881991732e-26
-10.1994163424	3.0886539109e-26
-10.1848249027	4.04690074681e-26
-10.170233463	5.29092248321e-26
-10.1556420233	6.92014593474e-26
-10.1410505837	9.0022101937e-26
-10.126459144	1.16748252932e-25
-10.1118677043	1.51211287507e-25
-10.0972762646	1.95559363268e-25
-10.0826848249	2.52277087807e-25
-10.0680933852	3.25191926233e-25
-10.0535019455	4.18921206055e-25
-10.0389105058	5.39795124455e-25
-10.0243190661	6.94420486253e-25
-10.0097276265	8.92126905564e-25
-9.99513618677	1.14535759538e-24
-9.98054474708	1.469571386e-24
-9.96595330739	1.88381548113e-24
-9.9513618677	2.41329015284e-24
-9.93677042802	3.09051129552e-24
-9.92217898833	3.95566472567e-24
-9.90758754864	5.05699057982e-24
-9.89299610895	6.46006678078e-24
-9.87840466926	8.24567715914e-24
-9.86381322957	1.05188596865e-23
-9.84922178988	1.34109395859e-23
-9.83463035019	1.70892790822e-23
-9.82003891051	2.17671474133e-23
-9.80544747082	2.77144027058e-23
-9.79085603113	3.52635287358e-23
-9.77626459144	4.48424938413e-23
-9.76167315175	5.69923764346e-23
-9.74708171206	7.23918697343e-23
-9.73249027237	9.19002747182e-23
-9.71789883268	1.16610254053e-22
-9.703307393	1.47890701999e-22
-9.68871595331	1.87471720346e-22
-9.67412451362	2.37511217199e-22
-9.65953307393	3.00739598744e-22
-9.64494163424	3.80596023861e-22
-9.63035019455	4.81411448627e-22
-9.61575875486	6.08609369885e-22
-9.60116731517	7.69029890062e-22
-9.58657587549	9.71247425121e-22
-9.5719844358	1.22602949512e-21
-9.55739299611	1.54680432207e-21
-9.54280155642	1.9504796499e-21
-9.52821011673	2.45822014202e-21
-9.51361867704	3.09654726134e-21
-9.49902723735	3.89863268137e-21
-9.48443579767	4.90596080087e-21
-9.46984435798	6.17039838225e-21
-9.45525291829	7.75680496409e-21
-9.4406614786	9.74595792851e-21
-9.42607003891	1.22388920461e-20
-9.41147859922	1.53615783554e-20
-9.39688715953	1.9271084345e-20
-9.38229571984	2.41630703163e-20
-9.36770428016	3.02813593903e-20
-9.35311284047	3.79293635695e-20
-9.33852140078	4.74846082151e-20
-9.32392996109	5.9416132698e-20
-9.3093385214	7.43071679948e-20
-9.29474708171	9.2882050314e-20
-9.28015564202	1.16040315483e-19
-9.26556420233	1.44897536474e-19
-9.25097276265	1.8083748534e-19
-9.23638132296	2.25575189085e-19
-9.22178988327	2.81235024126e-19
-9.20719844358	3.50446133339e-19
-9.19260700389	4.36463002464e-19
-9.1780155642	5.43310024019e-19
-9.16342412451	6.75962041639e-19
-9.14883268482	8.40563992494e-19
-9.13424124514	1.04470406023e-18
-9.11964980545	1.29774560393e-18
-9.10505836576	1.61123762206e-18
-9.09046692607	1.99941385512e-18
-9.07587548638	2.47981253812e-18
-9.06128404669	3.07402820861e-18
-9.046692607	3.80863811218e-18
-9.03210116731	4.71632920516e-18
-9.01750972763	5.83728689802e-18
-9.00291828794	7.22088168218e-18
-8.98832684825	8.9277410145e-18
-8.97373540856	1.10322640454e-17
-8.95914396887	1.36257173223e-17
-8.94455252918	1.68199821272e-17
-8.92996108949	2.07521458673e-17
-8.91536964981	2.55900774125e-17
-8.90077821012	3.15392346521e-17
-8.88618677043	3.88509319331e-17
-8.87159533074	4.78324143828e-17
-8.85700389105	5.88590735319e-17
-8.84241245136	7.23893465685e-17
-8.82782101167	8.89827445585e-17
-8.81322957198	1.09321771576e-16
-8.7986381323	1.34238482343e-16
-8.78404669261	1.64746706179e-16
-8.76945525292	2.02081032906e-16
-8.75486381323	2.4774407507e-16
-8.74027237354	3.03563572254e-16
-8.72568093385	3.71761576488e-16
-8.71108949416	4.55037923827e-16
-8.69649805447	5.56671173624e-16
-8.68190661479	6.80640349587e-16
-8.6673151751	8.31771938806e-16
-8.65272373541	1.01591699665e-15
-8.63813229572	1.24016467735e-15
-8.62354085603	1.51309924473e-15
-8.60894941634	1.84510967083e-15
-8.59435797665	2.24876170845e-15
-8.57976653696	2.73924546412e-15
-8.56517509728	3.33491287501e-15
-8.55058365759	4.05792327547e-15
-8.5359922179	4.93501789641e-15
-8.52140077821	5.99844887054e-15
-8.50680933852	7.2870922782e-15
-8.49221789883	8.84778214918e-15
-8.47762645914	1.07369065599e-14
-8.46303501945	1.30223177136e-14
-8.44844357977	1.5785615297e-14
-8.43385214008	1.9124875248e-14
-8.41926070039	2.31579080153e-14
-8.4046692607	2.80261476634e-14
-8.39007782101	3.3899289605e-14
-8.37548638132	4.098082008e-14
-8.36089494163	4.95146017691e-14
-8.34630350195	5.97927153266e-14
-8.33171206226	7.21647877936e-14
-8.31712062257	8.70490860923e-14
-8.30252918288	1.04945697886e-13
-8.28793774319	1.26452186364e-13
-8.2733463035	1.52282168073e-13
-8.25875486381	1.83287350832e-13
-8.24416342412	2.20483652764e-13
-8.22957198444	2.65082146036e-13
-8.21498054475	3.18525687366e-13
-8.20038910506	3.82532258393e-13
-8.18579766537	4.5914620748e-13
-8.17120622568	5.50798800239e-13
-8.15661478599	6.60379717106e-13
-8.1420233463	7.91321436565e-13
-8.12743190661	9.47698744352e-13
-8.11284046693	1.13434602163e-12
-8.09824902724	1.35699538872e-12
-8.08365758755	1.62243931576e-12
-8.06906614786	1.93872190193e-12
-8.05447470817	2.31536374388e-12
-8.03988326848	2.76362610218e-12
-8.02529182879	3.29682106068e-12
-8.0107003891	3.93067541119e-12
-7.99610894942	4.6837573262e-12
-7.98151750973	5.57797629335e-12
-7.96692607004	6.639168536e-12
-7.95233463035	7.89778205994e-12
-7.93774319066	9.38967776985e-12
-7.92315175097	1.11570656769e-11
-7.90856031128	1.32495982929e-11
-7.89396887159	1.57256466759e-11
-7.87937743191	1.86537887248e-11
-7.86478599222	2.21145437868e-11
-7.85019455253	2.62023930411e-11
-7.83560311284	3.10281310946e-11
-7.82101167315	3.67216012724e-11
-7.80642023346	4.34348749958e-11
-7.79182879377	5.13459449162e-11
-7.77723735409	6.06630117312e-11
-7.7626459144	7.16294568298e-11
-7.74805447471	8.45296064195e-11
-7.73346303502	9.96954085815e-11
-7.71887159533	1.17514162297e-10
-7.70428015564	1.38437458157e-10
-7.68968871595	1.62991513216e-10
-7.67509727626	1.91789109286e-10
-7.66050583658	2.25543373377e-10
-7.64591439689	2.65083673493e-10
-7.6313229572	3.11373941297e-10
-7.61673151751	3.65533777242e-10
-7.60214007782	4.28862743082e-10
-7.58754863813	5.02868303155e-10
-7.57295719844	5.89297939021e-10
-7.55836575875	6.9017603437e-10
-7.54377431907	8.07846207313e-10
-7.52918287938	9.45019859354e-10
-7.51459143969	1.1048318129e-09
-7.5	1.29090402458e-09
-7.48540856031	1.50741849277e-09
-7.47081712062	1.75920062788e-09
-7.45622568093	2.05181450418e-09
-7.44163424124	2.39167161603e-09
-7.42704280156	2.78615495431e-09
-7.41245136187	3.24376045306e-09
-7.39785992218	3.7742581154e-09
-7.38326848249	4.38887541525e-09
-7.3686770428	5.10050589282e-09
-7.35408560311	5.9239462208e-09
-7.33949416342	6.87616541521e-09
-7.32490272373	7.97661031109e-09
-7.31031128405	9.24755191148e-09
-7.29571984436	1.07144777683e-08
-7.28112840467	1.24065361553e-08
-7.26653696498	1.43570384671e-08
-7.25194552529	1.66040270128e-08
-7.2373540856	1.91909161972e-08
-7.22276264591	2.21672159769e-08
-7.20817120623	2.55893474783e-08
-7.19357976654	2.95215617485e-08
-7.17898832685	3.40369738183e-08
-7.16439688716	3.92187255648e-08
-7.14980544747	4.51612923087e-08
-7.13521400778	5.19719496547e-08
-7.12062256809	5.97724188102e-08
-7.1060311284	6.87007104924e-08
-7.09143968872	7.89131895919e-08
-7.07684824903	9.05868849738e-08
-7.06225680934	1.03922071231e-07
-7.04766536965	1.19145151815e-07
-7.03307392996	1.36511875822e-07
-7.01848249027	1.56310923763e-07
-7.00389105058	1.78867900967e-07
-6.98929961089	2.04549780833e-07
-6.97470817121	2.33769843962e-07
-6.96011673152	2.66993163313e-07
-6.94552529183	3.04742689935e-07
-6.93093385214	3.47605998499e-07
-6.91634241245	3.96242756874e-07
-6.90175097276	4.51392989319e-07
-6.88715953307	5.1388620848e-07
-6.87256809338	5.84651497383e-07
-6.8579766537	6.64728628905e-07
-6.84338521401	7.55280316806e-07
-6.82879377432	8.57605699419e-07
-6.81420233463	9.73155164306e-07
-6.79961089494	1.10354662979e-06
-6.78501945525	1.25058340718e-06
-6.77042801556	1.41627377547e-06
-6.75583657588	1.60285240897e-06
-6.74124513619	1.81280380656e-06
-6.7266536965	2.04888788012e-06
-6.71206225681	2.31416786876e-06
-6.69747081712	2.61204075381e-06
-6.68287937743	2.94627035912e-06
-6.66828793774	3.32102332936e-06
-6.65369649805	3.74090818787e-06
-6.63910505837	4.21101768411e-06
-6.62451361868	4.73697464823e-06
-6.60992217899	5.32498157785e-06
-6.5953307393	5.98187418898e-06
-6.58073929961	6.71517916852e-06
-6.56614785992	7.53317637086e-06
-6.55155642023	8.44496570466e-06
-6.53696498054	9.4605389582e-06
-6.52237354086	1.05908568121e-05
-6.50778210117	1.18479312874e-05
-6.49319066148	1.32449138731e-05
-6.47859922179	1.47961895723e-05
-6.4640077821	1.65174770971e-05
-6.44941634241	1.84259354307e-05
-6.43482490272	2.05402769629e-05
-6.42023346303	2.2880887384e-05
-6.40564202335	2.54699525023e-05
-6.39105058366	2.83315921239e-05
-6.37645914397	3.14920011025e-05
-6.36186770428	3.49795976314e-05
-6.34727626459	3.88251788102e-05
-6.3326848249	4.3062083472e-05
-6.31809338521	4.77263622046e-05
-6.30350194552	5.28569544446e-05
-6.28891050584	5.84958724545e-05
-6.27431906615	6.46883919292e-05
-6.25972762646	7.14832488953e-05
-6.24513618677	7.89328424898e-05
-6.23054474708	8.70934431112e-05
-6.21595330739	9.60254053414e-05
-6.2013618677	0.000105793384937
-6.18677042802	0.000116466559074
-6.17217898833	0.000128118848935
-6.15758754864	0.000140829143571
-6.14299610895	0.000154681523899
-6.12840466926	0.000169765485533
-6.11381322957	0.000186176159014
-6.09922178988	0.00020401452591
-6.08463035019	0.000223387629088
-6.07003891051	0.000244408775347
-6.05544747082	0.000267197728475
-6.04085603113	0.00029188089066
-6.02626459144	0.00031859147008
-6.01167315175	0.00034746963237
-5.99708171206	0.000378662633591
-5.98249027237	0.000412324932211
-5.96789883268	0.00044861827756
-5.953307393	0.000487711772149
-5.93871595331	0.000529781905225
-5.92412451362	0.000575012554908
-5.90953307393	0.000623594956275
-5.89494163424	0.000675727632804
-5.88035019455	0.000731616288647
-5.86575875486	0.000791473659302
-5.85116731517	0.000855519318413
-5.83657587549	0.000923979438565
-5.8219844358	0.000997086504166
-5.80739299611	0.00107507897475
-5.79280155642	0.00115820089733
-5.77821011673	0.00124670146669
-5.76361867704	0.00134083453293
-5.74902723735	0.00144085805601
-5.73443579766	0.00154703350724
-5.71984435798	0.00165962521847
-5.70525291829	0.00177889967983
-5.6906614786	0.00190512478772
-5.67607003891	0.00203856904513
-5.66147859922	0.00217950071671
-5.64688715953	0.00232818694202
-5.63229571984	0.00248489281052
-5.61770428016	0.00264988040252
-5.60311284047	0.00282340780101
-5.58852140078	0.00300572807945
-5.57392996109	0.00319708827153
-5.5593385214	0.00339772832886
-5.54474708171	0.00360788007328
-5.53015564202	0.00382776615072
-5.51556420233	0.00405759899382
-5.50097276265	0.00429757980059
-5.48638132296	0.00454789753685
-5.47178988327	0.00480872796987
-5.45719844358	0.00508023274091
-5.44260700389	0.005362558484
-5.4280155642	0.00565583599839
-5.41342412451	0.00596017948143
-5.39883268482	0.00627568582872
-5.38424124514	0.00660243400752
-5.36964980545	0.00694048450906
-5.35505836576	0.00728987888491
-5.34046692607	0.00765063937157
-5.32587548638	0.00802276860696
-5.31128404669	0.00840624944176
-5.296692607	0.00880104484739
-5.28210116731	0.00920709792202
-5.26750972763	0.00962433199477
-5.25291828794	0.0100526508276
-5.23832684825	0.0104919389133
-5.22373540856	0.0109420618677
-5.20914396887	0.0114028669128
-5.19455252918	0.0118741834459
-5.17996108949	0.0123558236929
-5.1653696498	0.0128475834371
-5.15077821012	0.0133492428198
-5.13618677043	0.0138605672066
-5.12159533074	0.01438130811
-5.10700389105	0.0149112041645
-5.09241245136	0.0154499821442
-5.07782101167	0.0159973580163
-5.06322957198	0.0165530380223
-5.0486381323	0.01711671978
-5.03404669261	0.0176880933971
-5.01945525292	0.0182668425901
-5.00486381323	0.0188526458012
-4.99027237354	0.0194451773045
-4.97568093385	0.0200441082974
-4.96108949416	0.0206491079681
-4.94649805447	0.0212598445358
-4.93190661479	0.0218759862566
-4.9173151751	0.0224972023908
-4.90272373541	0.0231231641277
-4.88813229572	0.0237535454632
-4.87354085603	0.0243880240283
-4.85894941634	0.0250262818641
-4.84435797665	0.0256680061435
-4.82976653696	0.0263128898357
-4.81517509728	0.0269606323145
-4.80058365759	0.0276109399084
-4.7859922179	0.0282635263933
-4.77140077821	0.028918113428
-4.75680933852	0.0295744309332
-4.74221789883	0.030232217415
-4.72762645914	0.0308912202351
-4.71303501945	0.0315511958285
-4.69844357977	0.0322119098713
-4.68385214008	0.0328731374012
-4.66926070039	0.0335346628926
-4.6546692607	0.0341962802887
-4.64007782101	0.0348577929939
-4.62548638132	0.0355190138294
-4.61089494163	0.0361797649536
-4.59630350194	0.0368398777518
-4.58171206226	0.0374991926969
-4.56712062257	0.0381575591841
-4.55252918288	0.0388148353427
-4.53793774319	0.0394708878273
-4.5233463035	0.0401255915919
-4.50875486381	0.0407788296472
-4.49416342412	0.0414304928068
-4.47957198444	0.0420804794212
-4.46498054475	0.0427286951046
-4.45038910506	0.0433750524542
-4.43579766537	0.0440194707657
-4.42120622568	0.0446618757453
-4.40661478599	0.0453021992214
-4.3920233463	0.0459403788556
-4.37743190661	0.0465763578559
-4.36284046693	0.0472100846929
-4.34824902724	0.0478415128191
-4.33365758755	0.0484706003942
-4.31906614786	0.0490973100151
-4.30447470817	0.0497216084532
-4.28988326848	0.0503434663984
-4.27529182879	0.0509628582107
-4.2607003891	0.0515797616803
-4.24610894942	0.0521941577954
-4.23151750973	0.0528060305198
-4.21692607004	0.0534153665784
-4.20233463035	0.0540221552522
-4.18774319066	0.0546263881825
-4.17315175097	0.0552280591842
-4.15856031128	0.0558271640678
-4.14396887159	0.0564237004712
-4.12937743191	0.0570176676997
-4.11478599222	0.0576090665749
-4.10019455253	0.0581978992925
-4.08560311284	0.0587841692884
-4.07101167315	0.0593678811123
-4.05642023346	0.0599490403101
-4.04182879377	0.0605276533131
-4.02723735408	0.0611037273354
-4.0126459144	0.0616772702773
-3.99805447471	0.0622482906364
-3.98346303502	0.0628167974249
-3.96887159533	0.0633828000925
-3.95428015564	0.0639463084562
-3.93968871595	0.064507332635
-3.92509727626	0.0650658829898
-3.91050583658	0.065621970069
-3.89591439689	0.066175604558
-3.8813229572	0.0667267972339
-3.86673151751	0.0672755589239
-3.85214007782	0.0678219004679
-3.83754863813	0.0683658326846
-3.82295719844	0.0689073663411
-3.80836575875	0.0694465121259
-3.79377431907	0.0699832806248
-3.77918287938	0.0705176822994
-3.76459143969	0.0710497274682
-3.75	0.0715794262907
-3.73540856031	0.0721067887527
-3.72081712062	0.0726318246544
-3.70622568093	0.0731545436003
-3.69163424124	0.0736749549903
-3.67704280156	0.0741930680129
-3.66245136187	0.0747088916397
-3.64785992218	0.0752224346211
-3.63326848249	0.0757337054832
-3.6186770428	0.0762427125259
-3.60408560311	0.0767494638218
-3.58949416342	0.0772539672161
-3.57490272373	0.0777562303273
-3.56031128405	0.0782562605483
-3.54571984436	0.0787540650484
-3.53112840467	0.079249650776
-3.51653696498	0.0797430244612
-3.50194552529	0.0802341926194
-3.4873540856	0.080723161555
-3.47276264591	0.0812099373652
-3.45817120623	0.0816945259445
-3.44357976654	0.0821769329891
-3.42898832685	0.0826571640014
-3.41439688716	0.0831352242951
-3.39980544747	0.083611119
-3.38521400778	0.0840848530666
-3.37062256809	0.0845564312717
-3.3560311284	0.0850258582232
-3.34143968872	0.0854931383649
-3.32684824903	0.0859582759818
-3.31225680934	0.0864212752051
-3.29766536965	0.0868821400172
-3.28307392996	0.0873408742564
-3.26848249027	0.0877974816218
-3.25389105058	0.0882519656781
-3.23929961089	0.0887043298603
-3.22470817121	0.0891545774779
-3.21011673152	0.0896027117201
-3.19552529183	0.0900487356593
-3.18093385214	0.0904926522561
-3.16634241245	0.0909344643626
-3.15175097276	0.0913741747274
-3.13715953307	0.0918117859987
-3.12256809338	0.0922473007284
-3.1079766537	0.0926807213759
-3.09338521401	0.0931120503112
-3.07879377432	0.0935412898189
-3.06420233463	0.0939684421012
-3.04961089494	0.0943935092811
-3.03501945525	0.0948164934053
-3.02042801556	0.0952373964479
-3.00583657587	0.0956562203124
-2.99124513619	0.0960729668349
-2.9766536965	0.096487637787
-2.96206225681	0.0969002348777
-2.94747081712	0.0973107597564
-2.93287937743	0.0977192140153
-2.91828793774	0.0981255991911
-2.90369649805	0.0985299167678
-2.88910505837	0.0989321681785
-2.87451361868	0.0993323548075
-2.85992217899	0.0997304779923
-2.8453307393	0.100126539025
-2.83073929961	0.100520539155
-2.81614785992	0.100912479589
-2.80155642023	0.101302361496
-2.78696498054	0.101690186004
-2.77237354086	0.102075954206
-2.75778210117	0.102459667158
-2.74319066148	0.102841325883
-2.72859922179	0.103220931372
-2.7140077821	0.103598484583
-2.69941634241	0.103973986444
-2.68482490272	0.104347437854
-2.67023346303	0.104718839685
-2.65564202335	0.10508819278
-2.64105058366	0.105455497959
-2.62645914397	0.105820756013
-2.61186770428	0.106183967714
-2.59727626459	0.106545133805
-2.5826848249	0.106904255012
-2.56809338521	0.107261332037
-2.55350194552	0.10761636556
-2.53891050584	0.107969356245
-2.52431906615	0.108320304733
-2.50972762646	0.108669211649
-2.49513618677	0.109016077598
-2.48054474708	0.10936090317
-2.46595330739	0.109703688936
-2.4513618677	0.110044435453
-2.43677042801	0.110383143261
-2.42217898833	0.110719812886
-2.40758754864	0.11105444484
-2.39299610895	0.111387039619
-2.37840466926	0.111717597707
-2.36381322957	0.112046119576
-2.34922178988	0.112372605684
-2.33463035019	0.112697056476
-2.32003891051	0.113019472387
-2.30544747082	0.113339853839
-2.29085603113	0.113658201245
-2.27626459144	0.113974515006
-2.26167315175	0.114288795512
-2.24708171206	0.114601043144
-2.23249027237	0.114911258274
-2.21789883268	0.115219441263
-2.203307393	0.115525592464
-2.18871595331	0.115829712221
-2.17412451362	0.11613180087
-2.15953307393	0.116431858736
-2.14494163424	0.116729886141
-2.13035019455	0.117025883393
-2.11575875486	0.117319850798
-2.10116731517	0.117611788652
-2.08657587549	0.117901697244
-2.0719844358	0.118189576856
-2.05739299611	0.118475427764
-2.04280155642	0.118759250237
-2.02821011673	0.119041044538
-2.01361867704	0.119320810923
-1.99902723735	0.119598549644
-1.98443579766	0.119874260945
-1.96984435798	0.120147945065
-1.95525291829	0.120419602239
-1.9406614786	0.120689232694
-1.92607003891	0.120956836653
-1.91147859922	0.121222414336
-1.89688715953	0.121485965954
-1.88229571984	0.121747491717
-1.86770428015	0.122006991828
-1.85311284047	0.122264466487
-1.83852140078	0.122519915888
-1.82392996109	0.122773340222
-1.8093385214	0.123024739675
-1.79474708171	0.123274114429
-1.78015564202	0.123521464663
-1.76556420233	0.123766790552
-1.75097276265	0.124010092265
-1.73638132296	0.124251369969
-1.72178988327	0.124490623829
-1.70719844358	0.124727854003
-1.69260700389	0.124963060648
-1.6780155642	0.125196243918
-1.66342412451	0.125427403961
-1.64883268482	0.125656540926
-1.63424124514	0.125883654954
-1.61964980545	0.126108746187
-1.60505836576	0.126331814762
-1.59046692607	0.126552860813
-1.57587548638	0.126771884473
-1.56128404669	0.126988885871
-1.546692607	0.127203865133
-1.53210116731	0.127416822383
-1.51750972763	0.127627757741
-1.50291828794	0.127836671327
-1.48832684825	0.128043563257
-1.47373540856	0.128248433645
-1.45914396887	0.128451282601
-1.44455252918	0.128652110235
-1.42996108949	0.128850916655
-1.4153696498	0.129047701964
-1.40077821012	0.129242466265
-1.38618677043	0.129435209659
-1.37159533074	0.129625932244
-1.35700389105	0.129814634117
-1.34241245136	0.130001315371
-1.32782101167	0.1301859761
-1.31322957198	0.130368616393
-1.29863813229	0.13054923634
-1.28404669261	0.130727836027
-1.26945525292	0.13090441554
-1.25486381323	0.131078974962
-1.24027237354	0.131251514373
-1.22568093385	0.131422033856
-1.21108949416	0.131590533487
-1.19649805447	0.131757013343
-1.18190661479	0.131921473501
-1.1673151751	0.132083914032
-1.15272373541	0.132244335009
-1.13813229572	0.132402736503
-1.12354085603	0.132559118583
-1.10894941634	0.132713481316
-1.09435797665	0.132865824769
-1.07976653696	0.133016149007
-1.06517509728	0.133164454093
-1.05058365759	0.133310740088
-1.0359922179	0.133455007055
-1.02140077821	0.133597255053
-1.00680933852	0.133737484139
-0.992217898832	0.133875694371
-0.977626459143	0.134011885805
-0.963035019454	0.134146058495
-0.948443579766	0.134278212495
-0.933852140077	0.134408347857
-0.919260700388	0.134536464632
-0.9046692607	0.13466256287
-0.890077821011	0.13478664262
-0.875486381322	0.13490870393
-0.860894941633	0.135028746847
-0.846303501945	0.135146771415
-0.831712062256	0.13526277768
-0.817120622567	0.135376765686
-0.802529182879	0.135488735474
-0.78793774319	0.135598687087
-0.773346303501	0.135706620565
-0.758754863812	0.135812535948
-0.744163424124	0.135916433274
-0.729571984435	0.136018312581
-0.714980544746	0.136118173907
-0.700389105058	0.136216017286
-0.685797665369	0.136311842754
-0.67120622568	0.136405650345
-0.656614785991	0.136497440092
-0.642023346303	0.136587212027
-0.627431906614	0.136674966183
-0.612840466925	0.136760702589
-0.598249027237	0.136844421276
-0.583657587548	0.136926122272
-0.569066147859	0.137005805606
-0.55447470817	0.137083471305
-0.539883268482	0.137159119395
-0.525291828793	0.137232749903
-0.510700389104	0.137304362853
-0.496108949416	0.137373958269
-0.481517509727	0.137441536176
-0.466926070038	0.137507096595
-0.452334630349	0.137570639549
-0.437743190661	0.137632165058
-0.423151750972	0.137691673144
-0.408560311283	0.137749163826
-0.393968871594	0.137804637123
-0.379377431906	0.137858093053
-0.364785992217	0.137909531634
-0.350194552528	0.137958952882
-0.33560311284	0.138006356815
-0.321011673151	0.138051743446
-0.306420233462	0.138095112792
-0.291828793773	0.138136464866
-0.277237354085	0.138175799681
-0.262645914396	0.13821311725
-0.248054474707	0.138248417586
-0.233463035019	0.1382817007
-0.21887159533	0.138312966601
-0.204280155641	0.138342215302
-0.189688715952	0.13836944681
-0.175097276264	0.138394661134
-0.160505836575	0.138417858283
-0.145914396886	0.138439038263
-0.131322957198	0.138458201083
-0.116731517509	0.138475346747
-0.10214007782	0.138490475261
-0.0875486381314	0.138503586631
-0.0729571984427	0.13851468086
-0.058365758754	0.138523757951
-0.0437743190653	0.138530817908
-0.0291828793766	0.138535860733
-0.0145914396879	0.138538886427
8.5975671027e-13	0.138539894992
0.0145914396896	0.138538886427
0.0291828793783	0.138535860733
0.043774319067	0.138530817908
0.0583657587557	0.138523757951
0.0729571984444	0.13851468086
0.0875486381332	0.138503586631
0.102140077822	0.138490475261
0.116731517511	0.138475346747
0.131322957199	0.138458201083
0.145914396888	0.138439038263
0.160505836577	0.138417858283
0.175097276265	0.138394661134
0.189688715954	0.13836944681
0.204280155643	0.138342215302
0.218871595332	0.138312966601
0.23346303502	0.1382817007
0.248054474709	0.138248417586
0.262645914398	0.13821311725
0.277237354086	0.138175799681
0.291828793775	0.138136464866
0.306420233464	0.138095112792
0.321011673153	0.138051743446
0.335603112841	0.138006356815
0.35019455253	0.137958952882
0.364785992219	0.137909531634
0.379377431907	0.137858093053
0.393968871596	0.137804637123
0.408560311285	0.137749163826
0.423151750974	0.137691673144
0.437743190662	0.137632165058
0.452334630351	0.137570639549
0.46692607004	0.137507096595
0.481517509729	0.137441536176
0.496108949417	0.137373958269
0.510700389106	0.137304362853
0.525291828795	0.137232749903
0.539883268483	0.137159119395
0.554474708172	0.137083471305
0.569066147861	0.137005805606
0.58365758755	0.136926122272
0.598249027238	0.136844421276
0.612840466927	0.136760702589
0.627431906616	0.136674966183
0.642023346304	0.136587212027
0.656614785993	0.136497440092
0.671206225682	0.136405650345
0.685797665371	0.136311842754
0.700389105059	0.136216017286
0.714980544748	0.136118173907
0.729571984437	0.136018312581
0.744163424125	0.135916433274
0.758754863814	0.135812535948
0.773346303503	0.135706620565
0.787937743192	0.135598687087
0.80252918288	0.135488735474
0.817120622569	0.135376765686
0.831712062258	0.13526277768
0.846303501946	0.135146771415
0.860894941635	0.135028746847
0.875486381324	0.13490870393
0.890077821013	0.13478664262
0.904669260701	0.13466256287
0.91926070039	0.134536464632
0.933852140079	0.134408347857
0.948443579767	0.134278212495
0.963035019456	0.134146058495
0.977626459145	0.134011885805
0.992217898834	0.133875694371
1.00680933852	0.133737484139
1.02140077821	0.133597255053
1.0359922179	0.133455007055
1.05058365759	0.133310740088
1.06517509728	0.133164454093
1.07976653697	0.133016149007
1.09435797665	0.132865824769
1.10894941634	0.132713481316
1.12354085603	0.132559118583
1.13813229572	0.132402736503
1.15272373541	0.132244335009
1.1673151751	0.132083914032
1.18190661479	0.131921473501
1.19649805448	0.131757013343
1.21108949416	0.131590533487
1.22568093385	0.131422033856
1.24027237354	0.131251514373
1.25486381323	0.131078974962
1.26945525292	0.13090441554
1.28404669261	0.130727836027
1.2986381323	0.13054923634
1.31322957199	0.130368616393
1.32782101167	0.1301859761
1.34241245136	0.130001315371
1.35700389105	0.129814634117
1.37159533074	0.129625932244
1.38618677043	0.129435209659
1.40077821012	0.129242466265
1.41536964981	0.129047701964
1.4299610895	0.128850916655
1.44455252918	0.128652110235
1.45914396887	0.128451282601
1.47373540856	0.128248433645
1.48832684825	0.128043563257
1.50291828794	0.127836671327
1.51750972763	0.127627757741
1.53210116732	0.127416822383
1.546692607	0.127203865133
1.56128404669	0.126988885871
1.57587548638	0.126771884473
1.59046692607	0.126552860813
1.60505836576	0.126331814762
1.61964980545	0.126108746187
1.63424124514	0.125883654954
1.64883268483	0.125656540926
1.66342412451	0.125427403961
1.6780155642	0.125196243918
1.69260700389	0.124963060648
1.70719844358	0.124727854003
1.72178988327	0.124490623829
1.73638132296	0.124251369969
1.75097276265	0.124010092265
1.76556420234	0.123766790552
1.78015564202	0.123521464663
1.79474708171	0.123274114429
1.8093385214	0.123024739675
1.82392996109	0.122773340222
1.83852140078	0.122519915888
1.85311284047	0.122264466487
1.86770428016	0.122006991828
1.88229571985	0.121747491717
1.89688715953	0.121485965954
1.91147859922	0.121222414336
1.92607003891	0.120956836653
1.9406614786	0.120689232694
1.95525291829	0.120419602239
1.96984435798	0.120147945065
1.98443579767	0.119874260945
1.99902723736	0.119598549644
2.01361867704	0.119320810923
2.02821011673	0.119041044538
2.04280155642	0.118759250237
2.05739299611	0.118475427764
2.0719844358	0.118189576856
2.08657587549	0.117901697244
2.10116731518	0.117611788652
2.11575875486	0.117319850798
2.13035019455	0.117025883393
2.14494163424	0.116729886141
2.15953307393	0.116431858736
2.17412451362	0.11613180087
2.18871595331	0.115829712221
2.203307393	0.115525592464
2.21789883269	0.115219441263
2.23249027237	0.114911258274
2.24708171206	0.114601043144
2.26167315175	0.114288795512
2.27626459144	0.113974515006
2.29085603113	0.113658201245
2.30544747082	0.113339853839
2.32003891051	0.113019472387
2.3346303502	0.112697056476
2.34922178988	0.112372605684
2.36381322957	0.112046119576
2.37840466926	0.111717597707
2.39299610895	0.111387039619
2.40758754864	0.111054444839
2.42217898833	0.110719812886
2.43677042802	0.110383143261
2.45136186771	0.110044435453
2.46595330739	0.109703688936
2.48054474708	0.10936090317
2.49513618677	0.109016077598
2.50972762646	0.108669211649
2.52431906615	0.108320304733
2.53891050584	0.107969356245
2.55350194553	0.10761636556
2.56809338522	0.107261332037
2.5826848249	0.106904255012
2.59727626459	0.106545133805
2.61186770428	0.106183967713
2.62645914397	0.105820756013
2.64105058366	0.105455497959
2.65564202335	0.10508819278
2.67023346304	0.104718839685
2.68482490272	0.104347437854
2.69941634241	0.103973986444
2.7140077821	0.103598484583
2.72859922179	0.103220931372
2.74319066148	0.102841325883
2.75778210117	0.102459667158
2.77237354086	0.102075954206
2.78696498055	0.101690186004
2.80155642023	0.101302361496
2.81614785992	0.100912479589
2.83073929961	0.100520539155
2.8453307393	0.100126539025
2.85992217899	0.0997304779922
2.87451361868	0.0993323548075
2.88910505837	0.0989321681785
2.90369649806	0.0985299167677
2.91828793774	0.098125599191
2.93287937743	0.0977192140153
2.94747081712	0.0973107597564
2.96206225681	0.0969002348777
2.9766536965	0.096487637787
2.99124513619	0.0960729668349
3.00583657588	0.0956562203124
3.02042801557	0.0952373964479
3.03501945525	0.0948164934053
3.04961089494	0.094393509281
3.06420233463	0.0939684421012
3.07879377432	0.0935412898189
3.09338521401	0.0931120503112
3.1079766537	0.0926807213759
3.12256809339	0.0922473007284
3.13715953307	0.0918117859987
3.15175097276	0.0913741747274
3.16634241245	0.0909344643626
3.18093385214	0.0904926522561
3.19552529183	0.0900487356593
3.21011673152	0.0896027117201
3.22470817121	0.0891545774779
3.2392996109	0.0887043298603
3.25389105058	0.0882519656781
3.26848249027	0.0877974816218
3.28307392996	0.0873408742564
3.29766536965	0.0868821400173
3.31225680934	0.0864212752051
3.32684824903	0.0859582759818
3.34143968872	0.0854931383649
3.35603112841	0.0850258582232
3.37062256809	0.0845564312718
3.38521400778	0.0840848530666
3.39980544747	0.083611119
3.41439688716	0.0831352242951
3.42898832685	0.0826571640014
3.44357976654	0.0821769329891
3.45817120623	0.0816945259445
3.47276264592	0.0812099373653
3.4873540856	0.080723161555
3.50194552529	0.0802341926194
3.51653696498	0.0797430244612
3.53112840467	0.079249650776
3.54571984436	0.0787540650484
3.56031128405	0.0782562605483
3.57490272374	0.0777562303273
3.58949416343	0.0772539672162
3.60408560311	0.0767494638218
3.6186770428	0.0762427125259
3.63326848249	0.0757337054832
3.64785992218	0.0752224346211
3.66245136187	0.0747088916397
3.67704280156	0.0741930680129
3.69163424125	0.0736749549903
3.70622568093	0.0731545436003
3.72081712062	0.0726318246544
3.73540856031	0.0721067887527
3.75	0.0715794262908
3.76459143969	0.0710497274683
3.77918287938	0.0705176822994
3.79377431907	0.0699832806248
3.80836575876	0.0694465121259
3.82295719844	0.0689073663411
3.83754863813	0.0683658326846
3.85214007782	0.0678219004679
3.86673151751	0.0672755589239
3.8813229572	0.0667267972339
3.89591439689	0.066175604558
3.91050583658	0.065621970069
3.92509727627	0.0650658829898
3.93968871595	0.064507332635
3.95428015564	0.0639463084563
3.96887159533	0.0633828000925
3.98346303502	0.0628167974249
3.99805447471	0.0622482906365
4.0126459144	0.0616772702773
4.02723735409	0.0611037273354
4.04182879378	0.0605276533132
4.05642023346	0.0599490403101
4.07101167315	0.0593678811123
4.08560311284	0.0587841692884
4.10019455253	0.0581978992926
4.11478599222	0.0576090665749
4.12937743191	0.0570176676997
4.1439688716	0.0564237004713
4.15856031129	0.0558271640679
4.17315175097	0.0552280591842
4.18774319066	0.0546263881825
4.20233463035	0.0540221552522
4.21692607004	0.0534153665784
4.23151750973	0.0528060305199
4.24610894942	0.0521941577955
4.26070038911	0.0515797616803
4.27529182879	0.0509628582108
4.28988326848	0.0503434663985
4.30447470817	0.0497216084533
4.31906614786	0.0490973100152
4.33365758755	0.0484706003943
4.34824902724	0.0478415128192
4.36284046693	0.0472100846929
4.37743190662	0.046576357856
4.3920233463	0.0459403788556
4.40661478599	0.0453021992215
4.42120622568	0.0446618757454
4.43579766537	0.0440194707658
4.45038910506	0.0433750524543
4.46498054475	0.0427286951047
4.47957198444	0.0420804794213
4.49416342413	0.0414304928068
4.50875486381	0.0407788296473
4.5233463035	0.040125591592
4.53793774319	0.0394708878274
4.55252918288	0.0388148353428
4.56712062257	0.0381575591842
4.58171206226	0.037499192697
4.59630350195	0.0368398777519
4.61089494164	0.0361797649537
4.62548638132	0.0355190138295
4.64007782101	0.034857792994
4.6546692607	0.0341962802888
4.66926070039	0.0335346628927
4.68385214008	0.0328731374013
4.69844357977	0.0322119098714
4.71303501946	0.0315511958286
4.72762645915	0.0308912202353
4.74221789883	0.0302322174151
4.75680933852	0.0295744309333
4.77140077821	0.0289181134281
4.7859922179	0.0282635263934
4.80058365759	0.0276109399085
4.81517509728	0.0269606323146
4.82976653697	0.0263128898358
4.84435797665	0.0256680061436
4.85894941634	0.0250262818643
4.87354085603	0.0243880240284
4.88813229572	0.0237535454634
4.90272373541	0.0231231641278
4.9173151751	0.0224972023909
4.93190661479	0.0218759862567
4.94649805448	0.0212598445359
4.96108949416	0.0206491079682
4.97568093385	0.0200441082975
4.99027237354	0.0194451773046
5.00486381323	0.0188526458013
5.01945525292	0.0182668425903
5.03404669261	0.0176880933972
5.0486381323	0.0171167197802
5.06322957199	0.0165530380225
5.07782101167	0.0159973580164
5.09241245136	0.0154499821443
5.10700389105	0.0149112041646
5.12159533074	0.0143813081101
5.13618677043	0.0138605672067
5.15077821012	0.01334924282
5.16536964981	0.0128475834372
5.1799610895	0.0123558236931
5.19455252918	0.0118741834461
5.20914396887	0.0114028669129
5.22373540856	0.0109420618679
5.23832684825	0.0104919389134
5.25291828794	0.0100526508277
5.26750972763	0.0096243319949
5.28210116732	0.00920709792215
5.29669260701	0.00880104484752
5.31128404669	0.00840624944189
5.32587548638	0.00802276860709
5.34046692607	0.00765063937169
5.35505836576	0.00728987888503
5.36964980545	0.00694048450918
5.38424124514	0.00660243400763
5.39883268483	0.00627568582884
5.41342412451	0.00596017948154
5.4280155642	0.0056558359985
5.44260700389	0.00536255848411
5.45719844358	0.00508023274101
5.47178988327	0.00480872796997
5.48638132296	0.00454789753695
5.50097276265	0.00429757980069
5.51556420234	0.00405759899391
5.53015564202	0.00382776615081
5.54474708171	0.00360788007337
5.5593385214	0.00339772832895
5.57392996109	0.00319708827161
5.58852140078	0.00300572807953
5.60311284047	0.00282340780108
5.61770428016	0.0026498804026
5.63229571985	0.00248489281059
5.64688715953	0.00232818694209
5.66147859922	0.00217950071677
5.67607003891	0.00203856904519
5.6906614786	0.00190512478778
5.70525291829	0.00177889967988
5.71984435798	0.00165962521853
5.73443579767	0.00154703350729
5.74902723736	0.00144085805606
5.76361867704	0.00134083453297
5.77821011673	0.00124670146673
5.79280155642	0.00115820089738
5.80739299611	0.00107507897479
5.8219844358	0.000997086504205
5.83657587549	0.000923979438602
5.85116731518	0.000855519318449
5.86575875487	0.000791473659336
5.88035019455	0.000731616288679
5.89494163424	0.000675727632835
5.90953307393	0.000623594956303
5.92412451362	0.000575012554935
5.93871595331	0.000529781905251
5.953307393	0.000487711772173
5.96789883269	0.000448618277582
5.98249027237	0.000412324932232
5.99708171206	0.000378662633611
6.01167315175	0.000347469632389
6.02626459144	0.000318591470098
6.04085603113	0.000291880890677
6.05544747082	0.00026719772849
6.07003891051	0.000244408775361
6.0846303502	0.000223387629101
6.09922178988	0.000204014525923
6.11381322957	0.000186176159026
6.12840466926	0.000169765485544
6.14299610895	0.00015468152391
6.15758754864	0.00014082914358
6.17217898833	0.000128118848944
6.18677042802	0.000116466559083
6.20136186771	0.000105793384944
6.21595330739	9.60254053486e-05
6.23054474708	8.7093443118e-05
6.24513618677	7.89328424961e-05
6.25972762646	7.14832489011e-05
6.27431906615	6.46883919346e-05
6.28891050584	5.84958724596e-05
6.30350194553	5.28569544492e-05
6.31809338522	4.77263622089e-05
6.3326848249	4.3062083476e-05
6.34727626459	3.8825178814e-05
6.36186770428	3.49795976349e-05
6.37645914397	3.14920011057e-05
6.39105058366	2.83315921269e-05
6.40564202335	2.5469952505e-05
6.42023346304	2.28808873865e-05
6.43482490272	2.05402769652e-05
6.44941634241	1.84259354328e-05
6.4640077821	1.6517477099e-05
6.47859922179	1.47961895741e-05
6.49319066148	1.32449138747e-05
6.50778210117	1.18479312888e-05
6.52237354086	1.05908568134e-05
6.53696498055	9.46053895943e-06
6.55155642023	8.44496570579e-06
6.56614785992	7.53317637189e-06
6.58073929961	6.71517916947e-06
6.5953307393	5.98187418985e-06
6.60992217899	5.32498157864e-06
6.62451361868	4.73697464896e-06
6.63910505837	4.21101768478e-06
6.65369649806	3.74090818847e-06
6.66828793774	3.32102332991e-06
6.68287937743	2.94627035964e-06
6.69747081712	2.61204075428e-06
6.71206225681	2.31416786919e-06
6.7266536965	2.04888788052e-06
6.74124513619	1.81280380692e-06
6.75583657588	1.60285240931e-06
6.77042801557	1.41627377577e-06
6.78501945525	1.25058340746e-06
6.79961089494	1.10354663005e-06
6.81420233463	9.7315516454e-07
6.82879377432	8.57605699633e-07
6.84338521401	7.55280317001e-07
6.8579766537	6.64728629082e-07
6.87256809339	5.84651497545e-07
6.88715953308	5.13886208625e-07
6.90175097276	4.51392989452e-07
6.91634241245	3.96242756995e-07
6.93093385214	3.47605998609e-07
6.94552529183	3.04742690034e-07
6.96011673152	2.66993163402e-07
6.97470817121	2.33769844042e-07
6.9892996109	2.04549780906e-07
7.00389105058	1.78867901032e-07
7.01848249027	1.56310923822e-07
7.03307392996	1.36511875875e-07
7.04766536965	1.19145151862e-07
7.06225680934	1.03922071273e-07
7.07684824903	9.05868850124e-08
7.09143968872	7.89131896266e-08
7.10603112841	6.87007105236e-08
7.12062256809	5.97724188379e-08
7.13521400778	5.197194968e-08
7.14980544747	4.51612923315e-08
7.16439688716	3.92187255854e-08
7.17898832685	3.40369738369e-08
7.19357976654	2.95215617654e-08
7.20817120623	2.55893474936e-08
7.22276264592	2.21672159909e-08
7.2373540856	1.91909162098e-08
7.25194552529	1.66040270246e-08
7.26653696498	1.43570384779e-08
7.28112840467	1.24065361652e-08
7.29571984436	1.07144777772e-08
7.31031128405	9.24755191952e-09
7.32490272374	7.97661031826e-09
7.33949416343	6.87616542163e-09
7.35408560311	5.92394622643e-09
7.3686770428	5.10050589798e-09
7.38326848249	4.38887541988e-09
7.39785992218	3.77425811959e-09
7.41245136187	3.24376045679e-09
7.42704280156	2.78615495766e-09
7.44163424125	2.39167161901e-09
7.45622568094	2.05181450688e-09
7.47081712062	1.75920063029e-09
7.48540856031	1.50741849503e-09
7.5	1.29090402665e-09
7.51459143969	1.10483181476e-09
7.52918287938	9.45019860995e-10
7.54377431907	8.07846208784e-10
7.55836575876	6.90176035664e-10
7.57295719844	5.89297940178e-10
7.58754863813	5.02868304168e-10
7.60214007782	4.28862744022e-10
7.61673151751	3.65533778083e-10
7.6313229572	3.11373942052e-10
7.64591439689	2.65083674155e-10
7.66050583658	2.25543373962e-10
7.67509727627	1.91789109786e-10
7.68968871595	1.62991513646e-10
7.70428015564	1.38437458513e-10
7.71887159533	1.17514162621e-10
7.73346303502	9.96954088635e-11
7.74805447471	8.45296066669e-11
7.7626459144	7.16294570392e-11
7.77723735409	6.06630119117e-11
7.79182879378	5.13459450642e-11
7.80642023346	4.34348751202e-11
7.82101167315	3.67216013704e-11
7.83560311284	3.10281311854e-11
7.85019455253	2.62023931217e-11
7.86478599222	2.21145438598e-11
7.87937743191	1.86537887881e-11
7.8939688716	1.57256467329e-11
7.90856031129	1.32495983413e-11
7.92315175097	1.11570657202e-11
7.93774319066	9.38967780607e-12
7.95233463035	7.89778209746e-12
7.96692607004	6.63916857211e-12
7.98151750973	5.57797632861e-12
7.99610894942	4.68375735872e-12
8.01070038911	3.93067544179e-12
8.0252918288	3.29682108754e-12
8.03988326848	2.76362612697e-12
8.05447470817	2.31536376506e-12
8.06906614786	1.93872192359e-12
8.08365758755	1.62243933607e-12
8.09824902724	1.35699540773e-12
8.11284046693	1.13434603857e-12
8.12743190662	9.47698759796e-13
8.1420233463	7.91321449502e-13
8.15661478599	6.60379728e-13
8.17120622568	5.50798808348e-13
8.18579766537	4.59146214887e-13
8.20038910506	3.82532264797e-13
8.21498054475	3.1852569311e-13
8.22957198444	2.65082150903e-13
8.24416342413	2.20483657193e-13
8.25875486381	1.83287354524e-13
8.2733463035	1.5228217133e-13
8.28793774319	1.2645218887e-13
8.30252918288	1.04945700506e-13
8.31712062257	8.70490885113e-14
8.33171206226	7.21647901222e-14
8.34630350195	5.97927173558e-14
8.36089494164	4.95146036336e-14
8.37548638132	4.09808216369e-14
8.39007782101	3.38992909964e-14
8.4046692607	2.80261487085e-14
8.41926070039	2.31579090865e-14
8.43385214008	1.91248762422e-14
8.44844357977	1.57856162816e-14
8.46303501946	1.30223186176e-14
8.47762645915	1.07369074451e-14
8.49221789883	8.84778293502e-15
8.50680933852	7.28709303515e-15
8.52140077821	5.99844953526e-15
8.5359922179	4.93501862881e-15
8.55058365759	4.05792398946e-15
8.56517509728	3.33491357432e-15
8.57976653697	2.73924610269e-15
8.59435797666	2.2487622991e-15
8.60894941634	1.8451101741e-15
8.62354085603	1.51309968544e-15
8.63813229572	1.24016502473e-15
8.65272373541	1.01591733626e-15
8.6673151751	8.31772243918e-16
8.68190661479	6.80640634721e-16
8.69649805448	5.56671428081e-16
8.71108949416	4.5503816209e-16
8.72568093385	3.71761783057e-16
8.74027237354	3.03563760682e-16
8.75486381323	2.47744233021e-16
8.76945525292	2.02081194255e-16
8.78404669261	1.64746858238e-16
8.7986381323	1.34238629241e-16
8.81322957199	1.09321905507e-16
8.82782101167	8.89828706827e-17
8.84241245136	7.23894577986e-17
8.85700389105	5.8859174642e-17
8.87159533074	4.78324992477e-17
8.88618677043	3.88510152724e-17
8.90077821012	3.15393121268e-17
8.91536964981	2.55901513638e-17
8.9299610895	2.07522137591e-17
8.94455252918	1.68200464115e-17
8.95914396887	1.36257756812e-17
8.97373540856	1.10323190767e-17
8.98832684825	8.92779038181e-18
9.00291828794	7.22093093986e-18
9.01750972763	5.83733360044e-18
9.03210116732	4.71637384367e-18
9.04669260701	3.80867908741e-18
9.06128404669	3.0740662281e-18
9.07587548638	2.4798462453e-18
9.09046692607	1.99944436689e-18
9.10505836576	1.61126397934e-18
9.11964980545	1.29777046398e-18
9.13424124514	1.04472654159e-18
9.14883268483	8.40584567809e-19
9.16342412452	6.75980374878e-19
9.1780155642	5.43326767334e-19
9.19260700389	4.36477756807e-19
9.20719844358	3.50459390179e-19
9.22178988327	2.81246524957e-19
9.23638132296	2.25585980276e-19
9.25097276265	1.80847288135e-19
9.26556420234	1.44906518449e-19
9.28015564202	1.16048341273e-19
9.29474708171	9.28893413604e-20
9.3093385214	7.43135938239e-20
9.32392996109	5.94219280544e-20
9.33852140078	4.74896439095e-20
9.35311284047	3.79341192146e-20
9.36770428016	3.02856720403e-20
9.38229571985	2.41670057668e-20
9.39688715953	1.92745807536e-20
9.41147859922	1.53647194428e-20
9.42607003891	1.22416374226e-20
9.4406614786	9.7483977126e-21
9.45525291829	7.75887852914e-21
9.46984435798	6.17229874641e-21
9.48443579767	4.90765696737e-21
9.49902723736	3.90017226757e-21
9.51361867704	3.09790947738e-21
9.52821011673	2.45943522634e-21
9.54280155642	1.95153927136e-21
9.55739299611	1.54775043619e-21
9.5719844358	1.22684566956e-21
9.58657587549	9.72004689743e-22
9.60116731518	7.6970580323e-22
9.61575875487	6.09223435389e-22
9.63035019455	4.81952214348e-22
9.64494163424	3.81078286178e-22
9.65953307393	3.01158450266e-22
9.67412451362	2.37881341246e-22
9.68871595331	1.8778846249e-22
9.703307393	1.48181019015e-22
9.71789883269	1.16867795578e-22
9.73249027237	9.21305069843e-23
9.74708171206	7.25928419477e-23
9.76167315175	5.71701588808e-23
9.77626459144	4.49961858276e-23
9.79085603113	3.53980236737e-23
9.80544747082	2.78282869057e-23
9.82003891051	2.18704106112e-23
9.8346303502	1.71805898475e-23
9.84922178988	1.34925602719e-23
9.86381322957	1.05895774231e-23
9.87840466926	8.30853374212e-24
9.89299610895	6.514787599e-24
9.90758754864	5.10571382478e-24
9.92217898833	3.99777872184e-24
9.93677042802	3.12975001427e-24
9.95136186771	2.44850105075e-24
9.96595330739	1.91548950012e-24
9.98054474708	1.49729451772e-24
9.99513618677	1.16988134937e-24
10.0097276265	9.13195668244e-25
10.0243190661	7.127412772e-25
10.0389105058	5.55055105883e-25
10.0535019455	4.32508664533e-25
10.0680933852	3.36946127665e-25
10.0826848249	2.62759015697e-25
10.0972762646	2.04767862992e-25
10.1118677043	1.59506940929e-25
10.126459144	1.24053397683e-25
10.1410505837	9.66227213482e-26
10.1556420233	7.50485814127e-26
10.170233463	5.8388590991e-26
10.1848249027	4.54558429904e-26
10.1994163424	3.54625460401e-26
10.2140077821	2.76547317427e-26
10.2285992218	2.16393404362e-26
10.2431906615	1.69172679722e-26
10.2577821012	1.32819013986e-26
10.2723735409	1.04355661488e-26
10.2869649805	8.26013258464e-27
10.3015564202	6.60436136717e-27
10.3161478599	5.34847822732e-27
10.3307392996	4.36585415446e-27
10.3453307393	3.59617128513e-27
10.359922179	2.999537445e-27
10.3745136187	2.5612627723e-27
10.3891050584	2.24463745965e-27
10.4036964981	2.01170145952e-27
10.4182879377	1.83828365715e-27
10.4328793774	1.70539438554e-27
10.4474708171	1.61498904443e-27
10.4620622568	1.53304313595e-27
10.4766536965	1.48513622064e-27
10.4912451362	1.46627374366e-27
10.5058365759	1.50524815698e-27
10.5204280156	1.50946527788e-27
10.5350194553	1.51659293732e-27
10.5496108949	1.50586851484e-27
10.5642023346	1.50576558957e-27
10.5787937743	1.49268938578e-27
10.593385214	1.50054986733e-27
10.6079766537	1.51752928251e-27
10.6225680934	1.58080796702e-27
10.6371595331	1.58290181654e-27
10.6517509728	1.58606142386e-27
10.6663424125	1.56712631761e-27
10.6809338521	1.55821998286e-27
10.6955252918	1.53705465361e-27
10.7101167315	1.54383246976e-27
10.7247081712	1.54791928048e-27
10.7392996109	1.59407526252e-27
10.7538910506	1.58852204435e-27
10.7684824903	1.59091579645e-27
10.78307393	1.57578087022e-27
10.7976653697	1.58427999765e-27
10.8122568093	1.55915557403e-27
10.826848249	1.55021406517e-27
10.8414396887	1.55278959626e-27
10.8560311284	1.6024434201e-27
10.8706225681	1.59914144184e-27
10.8852140078	1.58980778003e-27
10.8998054475	1.5565795748e-27
10.9143968872	1.54954051336e-27
10.9289883268	1.51772291987e-27
10.9435797665	1.49908586829e-27
10.9581712062	1.4777273357e-27
10.9727626459	1.51389026677e-27
10.9873540856	1.50098450264e-27
11.0019455253	1.48457287382e-27
11.016536965	1.46272909621e-27
11.0311284047	1.45548823729e-27
11.0457198444	1.45124780193e-27
11.060311284	1.48422219138e-27
11.0749027237	1.51858388019e-27
11.0894941634	1.62611803467e-27
11.1040856031	1.73339906289e-27
11.1186770428	1.89936305683e-27
11.1332684825	2.11336344539e-27
11.1478599222	2.43560141203e-27
11.1624513619	2.87251175181e-27
11.1770428016	3.50928033684e-27
11.1916342412	4.39500324637e-27
11.2062256809	5.64494552728e-27
11.2208171206	7.23114176584e-27
11.2354085603	9.5408260832e-27
11.25	1.16752860591e-26
11.2645914397	9.49729976743e-27
11.2791828794	7.10516337618e-27
11.2937743191	5.42868728355e-27
11.3083657588	4.13264186053e-27
11.3229571984	3.16267706471e-27
11.3375486381	2.41965951973e-27
11.3521400778	1.87009063391e-27
11.3667315175	1.44712512799e-27
11.3813229572	1.1271659533e-27
11.3959143969	8.92773511605e-28
11.4105058366	7.17173877795e-28
11.4250972763	5.8904868398e-28
11.439688716	4.93000183998e-28
11.4542801556	4.18469824883e-28
11.4688715953	3.65578016589e-28
11.483463035	3.27335319662e-28
11.4980544747	2.95797091396e-28
11.5126459144	2.77813224014e-28
11.5272373541	2.58670153408e-28
11.5418287938	2.45171011614e-28
11.5564202335	2.35939802896e-28
11.5710116732	2.30884746724e-28
11.5856031128	2.25619315975e-28
11.6001945525	2.27491309992e-28
11.6147859922	2.282210117e-28
11.6293774319	2.33452650606e-28
11.6439688716	2.3506867561e-28
11.6585603113	2.35551234996e-28
11.673151751	2.27337561906e-28
11.6877431907	2.30826515318e-28
11.7023346304	2.33784143004e-28
11.71692607	2.3824189419e-28
11.7315175097	2.41016330202e-28
11.7461089494	2.51000066464e-28
11.7607003891	2.64844378345e-28
11.7752918288	2.83241409224e-28
11.7898832685	2.9662139274e-28
11.8044747082	3.14309055978e-28
11.8190661479	3.3282573973e-28
11.8336575876	3.50967129146e-28
11.8482490272	3.64442159412e-28
11.8628404669	3.86165814321e-28
11.8774319066	4.07129224128e-28
11.8920233463	4.22223987955e-28
11.906614786	4.27908594913e-28
11.9212062257	4.35073013035e-28
11.9357976654	4.37924760064e-28
11.9503891051	4.46519546183e-28
11.9649805447	4.44398776851e-28
11.9795719844	4.42441123169e-28
11.9941634241	4.38809115586e-28
12.0087548638	4.33424909003e-28
12.0233463035	4.24614987973e-28
12.0379377432	4.25222072457e-28
12.0525291829	4.226900255e-28
12.0671206226	4.16243637212e-28
12.0817120623	4.09295055748e-28
12.0963035019	4.07643524051e-28
12.1108949416	4.0592271602e-28
12.1254863813	4.13452109562e-28
12.140077821	4.24378053705e-28
12.1546692607	4.32180060407e-28
12.1692607004	4.36140227835e-28
12.1838521401	4.36169488247e-28
12.1984435798	4.31341457055e-28
12.2130350195	4.28014466621e-28
12.2276264591	4.28133917474e-28
12.2422178988	4.31443862856e-28
12.2568093385	4.40646919509e-28
12.2714007782	4.50858378846e-28
12.2859922179	4.58228617779e-28
12.3005836576	4.67013569068e-28
12.3151750973	4.66461506728e-28
12.329766537	4.63698437302e-28
12.3443579767	4.65088102495e-28
12.3589494163	4.64774182893e-28
12.373540856	4.72305125485e-28
12.3881322957	4.80807701978e-28
12.4027237354	4.86919688272e-28
12.4173151751	4.82448026603e-28
12.4319066148	4.74476077398e-28
12.4464980545	4.67546759819e-28
12.4610894942	4.68522853032e-28
12.4756809339	4.75372520399e-28
12.4902723735	4.89926558589e-28
12.5048638132	4.9979975197e-28
12.5194552529	5.10174874522e-28
12.5340466926	5.11590159875e-28
12.5486381323	5.07809536493e-28
12.563229572	5.0531127035e-28
12.5778210117	5.07920689836e-28
12.5924124514	5.09901929995e-28
12.6070038911	5.27102927369e-28
12.6215953307	5.29811541148e-28
12.6361867704	5.31157922358e-28
12.6507782101	5.20798741917e-28
12.6653696498	5.1067095952e-28
12.6799610895	5.09051346287e-28
12.6945525292	5.18780920291e-28
12.7091439689	5.32547183501e-28
12.7237354086	5.68458187623e-28
12.7383268483	5.89677212386e-28
12.7529182879	5.9658426316e-28
12.7675097276	5.87982727412e-28
12.7821011673	5.86179645276e-28
12.796692607	5.79278398561e-28
12.8112840467	5.86332846745e-28
12.8258754864	6.03916064819e-28
12.8404669261	6.37608399752e-28
12.8550583658	6.45145277333e-28
12.8696498054	6.5237874376e-28
12.8842412451	6.42969874251e-28
12.8988326848	6.34088013883e-28
12.9134241245	6.29247824588e-28
12.9280155642	6.37380198827e-28
12.9426070039	6.45335414851e-28
12.9571984436	6.68505574254e-28
12.9717898833	6.73953760307e-28
12.986381323	6.78709666955e-28
13.0009727626	6.71458016697e-28
13.0155642023	6.65245447122e-28
13.030155642	6.55995308927e-28
13.0447470817	6.59869138729e-28
13.0593385214	6.69540292167e-28
13.0739299611	7.08207559485e-28
13.0885214008	7.24154199763e-28
13.1031128405	7.28027620525e-28
13.1177042802	7.20285563482e-28
13.1322957198	7.1531099643e-28
13.1468871595	7.07400261283e-28
13.1614785992	7.17279434774e-28
13.1760700389	7.38330587478e-28
13.1906614786	7.8086318392e-28
13.2052529183	7.89967290782e-28
13.219844358	8.03386799525e-28
13.2344357977	7.95410333842e-28
13.2490272374	7.86590620884e-28
13.263618677	7.85504283377e-28
13.2782101167	7.94189449685e-28
13.2928015564	7.98279106495e-28
13.3073929961	8.3452216781e-28
13.3219844358	8.49953114063e-28
13.3365758755	8.6101542152e-28
13.3511673152	8.46535151821e-28
13.3657587549	8.3489173672e-28
13.3803501946	8.17672207637e-28
13.3949416342	8.14842939913e-28
13.4095330739	8.2357732715e-28
13.4241245136	8.62209657594e-28
13.4387159533	8.69747430955e-28
13.453307393	8.77876594845e-28
13.4678988327	8.72321016535e-28
13.4824902724	8.70240266605e-28
13.4970817121	8.54502432663e-28
13.5116731518	8.62450207587e-28
13.5262645914	8.78152425754e-28
13.5408560311	9.22814974262e-28
13.5554474708	9.40272065991e-28
13.5700389105	9.55098137529e-28
13.5846303502	9.47810537905e-28
13.5992217899	9.40123239245e-28
13.6138132296	9.32664195495e-28
13.6284046693	9.42791625768e-28
13.642996109	9.49279285124e-28
13.6575875486	9.98087840809e-28
13.6721789883	1.01452514946e-27
13.686770428	1.02010109657e-27
13.7013618677	1.01339948706e-27
13.7159533074	1.01798062178e-27
13.7305447471	1.0129246836e-27
13.7451361868	1.01784337526e-27
13.7597276265	1.02716172542e-27
13.7743190661	1.06990658065e-27
13.7889105058	1.07419460556e-27
13.8035019455	1.08098214487e-27
13.8180933852	1.06370818481e-27
13.8326848249	1.05271275963e-27
13.8472762646	1.04465423326e-27
13.8618677043	1.05910783504e-27
13.876459144	1.07149833992e-27
13.8910505837	1.11430878989e-27
13.9056420233	1.12480022261e-27
13.920233463	1.13379220828e-27
13.9348249027	1.11828393894e-27
13.9494163424	1.11838080357e-27
13.9640077821	1.11568536818e-27
13.9785992218	1.12882198117e-27
13.9931906615	1.13894368452e-27
14.0077821012	1.18991649063e-27
14.0223735409	1.19939837811e-27
14.0369649805	1.19806467875e-27
14.0515564202	1.18300294041e-27
14.0661478599	1.17781506703e-27
14.0807392996	1.15848912964e-27
14.0953307393	1.16630853921e-27
14.109922179	1.18142058307e-27
14.1245136187	1.23394799087e-27
14.1391050584	1.23658909662e-27
14.1536964981	1.23770022182e-27
14.1682879377	1.21666656765e-27
14.1828793774	1.20351705854e-27
14.1974708171	1.18624543811e-27
14.2120622568	1.18795874985e-27
14.2266536965	1.18853112008e-27
14.2412451362	1.23823368183e-27
14.2558365759	1.25245680387e-27
14.2704280156	1.25855920622e-27
14.2850194553	1.23636565615e-27
14.2996108949	1.22932733455e-27
14.3142023346	1.21295217699e-27
14.3287937743	1.21376022403e-27
14.343385214	1.22028893272e-27
14.3579766537	1.27251439312e-27
14.3725680934	1.27627972595e-27
14.3871595331	1.26465047639e-27
14.4017509728	1.23715848735e-27
14.4163424125	1.22449813277e-27
14.4309338521	1.19603366889e-27
14.4455252918	1.1922483471e-27
14.4601167315	1.1931181071e-27
14.4747081712	1.22841334153e-27
14.4892996109	1.22786293382e-27
14.5038910506	1.22995501404e-27
14.5184824903	1.21214553184e-27
14.53307393	1.20585787676e-27
14.5476653697	1.19761255885e-27
14.5622568093	1.19816829936e-27
14.576848249	1.19259730584e-27
14.5914396887	1.23501447121e-27
14.6060311284	1.23580481418e-27
14.6206225681	1.23259625794e-27
14.6352140078	1.1998547934e-27
14.6498054475	1.1823122927e-27
14.6643968872	1.16212082044e-27
14.6789883268	1.14984212918e-27
14.6935797665	1.13495643412e-27
14.7081712062	1.15506954263e-27
14.7227626459	1.13592031911e-27
14.7373540856	1.1174230746e-27
14.7519455253	1.07652604419e-27
14.766536965	1.05289042252e-27
14.7811284047	1.00987416601e-27
14.7957198444	9.86671932124e-28
14.810311284	9.58891949279e-28
14.8249027237	9.46923869271e-28
14.8394941634	8.99052477514e-28
14.8540856031	8.49453945565e-28
14.8686770428	7.88054267466e-28
14.8832684825	7.50375502292e-28
14.8978599222	7.2798689603e-28
14.9124513619	7.43486522955e-28
14.9270428016	8.05771299429e-28
14.9416342412	9.80380654178e-28
14.9562256809	1.26894604375e-27
14.9708171206	1.74462094409e-27
14.9854085603	2.61899400784e-27
15.0	3.53730625292e-27
