-14.9854085603	2.61351200257e-27
-14.9708171206	1.54993357183e-27
-14.9562256809	9.36768304073e-28
-14.9416342412	5.43997330396e-28
-14.9270428016	3.21613286357e-28
-14.9124513619	1.97703043026e-28
-14.8978599222	1.4071133002e-28
-14.8832684825	1.17454196149e-28
-14.8686770428	1.22936491764e-28
-14.8540856031	1.35902181453e-28
-14.8394941634	1.56097438816e-28
-14.8249027237	1.63535761612e-28
-14.810311284	1.85687702557e-28
-14.7957198444	2.03648592408e-28
-14.7811284047	2.29786276609e-28
-14.766536965	2.49733436174e-28
-14.7519455253	2.67798417106e-28
-14.7373540856	2.78554907671e-28
-14.7227626459	2.84820311633e-28
-14.7081712062	2.67682783161e-28
-14.6935797665	2.72182097689e-28
-14.6789883268	2.77981206123e-28
-14.6643968872	2.90117764881e-28
-14.6498054475	2.97339503253e-28
-14.6352140078	3.11122283262e-28
-14.6206225681	3.11873553642e-28
-14.6060311284	3.10030281645e-28
-14.5914396887	2.892321369e-28
-14.576848249	2.88004438761e-28
-14.5622568093	2.88628917096e-28
-14.5476653696	3.00704001236e-28
-14.53307393	3.0558633048e-28
-14.5184824903	3.14945625966e-28
-14.5038910506	3.16843635465e-28
-14.4892996109	3.17888529205e-28
-14.4747081712	2.97995493634e-28
-14.4601167315	2.97086015299e-28
-14.4455252918	2.96367362255e-28
-14.4309338521	3.06453004276e-28
-14.4163424125	3.0876839937e-28
-14.4017509728	3.15746785021e-28
-14.3871595331	3.14301375657e-28
-14.3725680934	3.1211395045e-28
-14.3579766537	2.86290575308e-28
-14.343385214	2.80074277118e-28
-14.3287937743	2.77039502935e-28
-14.3142023346	2.84301960289e-28
-14.2996108949	2.87746801549e-28
-14.2850194553	2.96985697762e-28
-14.2704280156	2.95577447223e-28
-14.2558365759	2.93596856942e-28
-14.2412451362	2.69682546363e-28
-14.2266536965	2.66596690055e-28
-14.2120622568	2.6306676004e-28
-14.1974708171	2.68832328328e-28
-14.1828793774	2.69969311359e-28
-14.1682879377	2.75356930308e-28
-14.1536964981	2.7093886604e-28
-14.1391050584	2.649034489e-28
-14.1245136187	2.37274327811e-28
-14.109922179	2.3014407974e-28
-14.0953307393	2.23686101663e-28
-14.0807392996	2.2757251572e-28
-14.0661478599	2.28858544391e-28
-14.0515564202	2.3442801698e-28
-14.0369649805	2.2991050782e-28
-14.0223735409	2.25043818233e-28
-14.0077821012	2.00518484423e-28
-13.9931906615	1.93660350284e-28
-13.9785992218	1.87438115813e-28
-13.9640077821	1.90688519703e-28
-13.9494163424	1.88452815593e-28
-13.9348249027	1.91941500604e-28
-13.920233463	1.86654375667e-28
-13.9056420233	1.80319234451e-28
-13.8910505837	1.57623971276e-28
-13.876459144	1.52105955335e-28
-13.8618677043	1.46718233234e-28
-13.8472762646	1.49898630495e-28
-13.8326848249	1.50089179762e-28
-13.8180933852	1.54460635112e-28
-13.8035019455	1.50791344507e-28
-13.7889105058	1.44322629108e-28
-13.7743190661	1.23374529427e-28
-13.7597276265	1.18615181898e-28
-13.7451361868	1.1434126588e-28
-13.7305447471	1.16947847456e-28
-13.7159533074	1.16369975564e-28
-13.7013618677	1.19617289411e-28
-13.686770428	1.14289479366e-28
-13.6721789883	1.09094484539e-28
-13.6575875486	9.1532184093e-29
-13.6429961089	8.67725120871e-29
-13.6284046693	8.33491849444e-29
-13.6138132296	8.47445129998e-29
-13.5992217899	8.4405295201e-29
-13.5846303502	8.89460515759e-29
-13.5700389105	8.63850184269e-29
-13.5554474708	8.28045138001e-29
-13.5408560311	6.84766572862e-29
-13.5262645914	6.55473445469e-29
-13.5116731518	6.31513862093e-29
-13.4970817121	6.57605204617e-29
-13.4824902724	6.69677978687e-29
-13.4678988327	7.02402613954e-29
-13.453307393	6.79608902179e-29
-13.4387159533	6.46446462038e-29
-13.4241245136	5.28267783571e-29
-13.4095330739	4.95535322019e-29
-13.3949416342	4.70848992056e-29
-13.3803501946	4.94866138071e-29
-13.3657587549	5.03265830267e-29
-13.3511673152	5.38957624214e-29
-13.3365758755	5.3464492737e-29
-13.3219844358	5.31785769874e-29
-13.3073929961	4.67111221603e-29
-13.2928015564	4.66655260577e-29
-13.2782101167	4.70929996882e-29
-13.263618677	4.900407647e-29
-13.2490272374	4.8315781957e-29
-13.2344357977	5.03040705659e-29
-13.219844358	4.87481263027e-29
-13.2052529183	4.67592753835e-29
-13.1906614786	4.16569713241e-29
-13.1760700389	4.01549092359e-29
-13.1614785992	3.88664088273e-29
-13.1468871595	3.9042603119e-29
-13.1322957198	3.73777958567e-29
-13.1177042802	3.7835667115e-29
-13.1031128405	3.64254539689e-29
-13.0885214008	3.44054943988e-29
-13.0739299611	2.96388283124e-29
-13.0593385214	2.87411399247e-29
-13.0447470817	2.77093403657e-29
-13.030155642	2.63577348459e-29
-13.0155642023	2.54028534782e-29
-13.0009727626	2.56120885539e-29
-12.986381323	2.4542589837e-29
-12.9717898833	2.43341627993e-29
-12.9571984436	2.43948233101e-29
-12.9426070039	2.45887244125e-29
-12.9280155642	2.60642340011e-29
-12.9134241245	2.60008792366e-29
-12.8988326848	2.58301612886e-29
-12.8842412451	2.66701928408e-29
-12.8696498054	2.91039138092e-29
-12.8550583658	3.22984116949e-29
-12.8404669261	3.95374707297e-29
-12.8258754864	4.52013246565e-29
-12.8112840467	5.0352672737e-29
-12.796692607	5.29454147817e-29
-12.7821011673	5.47828824781e-29
-12.7675097276	5.58884134715e-29
-12.7529182879	5.80175234369e-29
-12.7383268482	6.08287003929e-29
-12.7237354086	6.89193443583e-29
-12.7091439689	7.19986945217e-29
-12.6945525292	7.55893645783e-29
-12.6799610895	7.52455649417e-29
-12.6653696498	7.59618865611e-29
-12.6507782101	7.58195424942e-29
-12.6361867704	8.01413596709e-29
-12.6215953307	8.56729099997e-29
-12.6070038911	9.92077855135e-29
-12.5924124514	1.05036437907e-28
-12.5778210117	1.11182152594e-28
-12.563229572	1.09451973671e-28
-12.5486381323	1.09812819114e-28
-12.5340466926	1.09955703375e-28
-12.5194552529	1.17369304103e-28
-12.5048638132	1.25496619174e-28
-12.4902723735	1.48139671825e-28
-12.4756809339	1.58997139011e-28
-12.4610894942	1.70325601099e-28
-12.4464980545	1.7281848538e-28
-12.4319066148	1.75372267315e-28
-12.4173151751	1.76361349387e-28
-12.4027237354	1.84749979275e-28
-12.3881322957	1.95049164179e-28
-12.373540856	2.24962450177e-28
-12.3589494163	2.4032913855e-28
-12.3443579767	2.54500151829e-28
-12.329766537	2.5835925561e-28
-12.3151750973	2.67364291957e-28
-12.3005836576	2.70562601455e-28
-12.2859922179	2.83900115543e-28
-12.2714007782	3.00837770937e-28
-12.2568093385	3.39945924052e-28
-12.2422178988	3.58091861454e-28
-12.2276264591	3.76596169662e-28
-12.2130350195	3.7782985123e-28
-12.1984435798	3.8351774089e-28
-12.1838521401	3.84666553835e-28
-12.1692607004	3.96206465509e-28
-12.1546692607	4.09475464537e-28
-12.140077821	4.46548677206e-28
-12.1254863813	4.60573050074e-28
-12.1108949416	4.7022644274e-28
-12.0963035019	4.61879700287e-28
-12.0817120623	4.59261662094e-28
-12.0671206226	4.58075754898e-28
-12.0525291829	4.72129719688e-28
-12.0379377432	4.83827158719e-28
-12.0233463035	5.24125272197e-28
-12.0087548638	5.39387602504e-28
-11.9941634241	5.57078505955e-28
-11.9795719844	5.55964601425e-28
-11.9649805447	5.59862825292e-28
-11.9503891051	5.60278086382e-28
-11.9357976654	5.77221379327e-28
-11.9212062257	5.97777327606e-28
-11.906614786	6.47911613533e-28
-11.8920233463	6.67596510844e-28
-11.8774319066	6.82954787882e-28
-11.8628404669	6.74493646205e-28
-11.8482490272	6.73177264813e-28
-11.8336575875	6.67303720824e-28
-11.8190661479	6.77606658564e-28
-11.8044747082	6.92899618473e-28
-11.7898832685	7.4168759565e-28
-11.7752918288	7.50262638203e-28
-11.7607003891	7.53864449493e-28
-11.7461089494	7.4115007454e-28
-11.7315175097	7.38066861506e-28
-11.71692607	7.33795029162e-28
-11.7023346304	7.52468708019e-28
-11.6877431907	7.61932465861e-28
-11.673151751	8.03999239415e-28
-11.6585603113	8.11679987728e-28
-11.6439688716	8.1095245396e-28
-11.6293774319	7.92282044842e-28
-11.6147859922	7.78060061596e-28
-11.6001945525	7.54147061531e-28
-11.5856031128	7.56920266403e-28
-11.5710116732	7.5734323604e-28
-11.5564202335	7.80942871104e-28
-11.5418287938	7.60859275482e-28
-11.5272373541	7.41870236358e-28
-11.5126459144	6.98408449064e-28
-11.4980544747	6.56426719215e-28
-11.483463035	6.20880833293e-28
-11.4688715953	5.99229079061e-28
-11.4542801556	5.84511285387e-28
-11.439688716	6.01235949968e-28
-11.4250972763	5.83248560211e-28
-11.4105058366	5.75969219067e-28
-11.3959143969	5.78279265733e-28
-11.3813229572	6.33425737836e-28
-11.3667315175	7.46549174619e-28
-11.3521400778	9.55519090619e-28
-11.3375486381	1.27319040496e-27
-11.3229571984	1.75782951555e-27
-11.3083657588	2.43466324763e-27
-11.2937743191	3.4129223468e-27
-11.2791828794	4.74418866998e-27
-11.2645914397	6.76696488316e-27
-11.25	8.65631101972e-27
-11.2354085603	6.6152065086e-27
-11.2208171206	4.50808721245e-27
-11.2062256809	3.09925438519e-27
-11.1916342412	2.06657281475e-27
-11.1770428016	1.35763516383e-27
-11.1624513619	8.74619417674e-28
-11.1478599222	5.58909815869e-28
-11.1332684825	3.59089824561e-28
-11.1186770428	2.39377414788e-28
-11.1040856031	1.80176702643e-28
-11.0894941634	1.5034069263e-28
-11.0749027237	1.64514463917e-28
-11.060311284	1.98272309587e-28
-11.0457198444	2.46452541494e-28
-11.0311284047	2.96976785886e-28
-11.016536965	3.50336356608e-28
-11.0019455253	3.88194204571e-28
-10.9873540856	4.23337943561e-28
-10.9727626459	4.31547139328e-28
-10.9581712062	4.5147797667e-28
-10.9435797665	4.71873116418e-28
-10.9289883268	5.00264361971e-28
-10.9143968872	5.1436444566e-28
-10.8998054475	5.17637435293e-28
-10.8852140078	5.04981278907e-28
-10.8706225681	4.73391631445e-28
-10.8560311284	4.11326391026e-28
-10.8414396887	3.71420597327e-28
-10.826848249	3.31184761337e-28
-10.8122568093	3.00280382956e-28
-10.7976653696	2.64447019673e-28
-10.78307393	2.28870093474e-28
-10.7684824903	1.89454750224e-28
-10.7538910506	1.64441808625e-28
-10.7392996109	1.51381507364e-28
-10.7247081712	1.92843206337e-28
-10.7101167315	2.85993636047e-28
-10.6955252918	4.58725544758e-28
-10.6809338521	7.32454240747e-28
-10.6663424125	1.14429881604e-27
-10.6517509728	1.74063167886e-27
-10.6371595331	2.61700819155e-27
-10.6225680934	3.86635824938e-27
-10.6079766537	5.54267340813e-27
-10.593385214	7.8050347305e-27
-10.5787937743	1.0797306978e-26
-10.5642023346	1.47867029659e-26
-10.5496108949	2.01265927779e-26
-10.5350194553	2.71732659268e-26
-10.5204280156	3.64931591539e-26
-10.5058365759	4.88525274135e-26
-10.4912451362	6.49645236732e-26
-10.4766536965	8.59599549119e-26
-10.4620622568	1.13324050256e-25
-10.4474708171	1.48949382549e-25
-10.4328793774	1.95185994386e-25
-10.4182879377	2.55262501809e-25
-10.4036964981	3.33364569006e-25
-10.3891050584	4.34875984106e-25
-10.3745136187	5.65461200322e-25
-10.359922179	7.33658432484e-25
-10.3453307393	9.49780916148e-25
-10.3307392996	1.22769813413e-24
-10.3161478599	1.58457043744e-24
-10.3015564202	2.0426542243e-24
-10.2869649805	2.63074011463e-24
-10.2723735409	3.38579007555e-24
-10.2577821012	4.35160680431e-24
-10.2431906615	5.5880099335e-24
-10.2285992218	7.16926195764e-24
-10.2140077821	9.19102784173e-24
-10.1994163424	1.1774732255e-23
-10.1848249027	1.50737651009e-23
-10.170233463	1.9284367818e-23
-10.1556420233	2.4658365397e-23
-10.1410505837	3.15026340066e-23
-10.126459144	4.02190343804e-23
-10.1118677043	5.13162444397e-23
-10.0972762646	6.54365644105e-23
-10.0826848249	8.33880378161e-23
-10.0680933852	1.06206591159e-22
-10.0535019455	1.35196755384e-22
-10.0389105058	1.72012491685e-22
-10.0243190661	2.18722016767e-22
-10.0097276265	2.77958946118e-22
-9.99513618677	3.53042809223e-22
-9.98054474708	4.4816588153e-22
-9.96595330739	5.6860820721e-22
-9.9513618677	7.21035477299e-22
-9.93677042802	9.13849358611e-22
-9.92217898833	1.15761227122e-21
-9.90758754864	1.46557275875e-21
-9.89299610895	1.85446492987e-21
-9.87840466926	2.34527122585e-21
-9.86381322957	2.96440318082e-21
-9.84922178988	3.74500086434e-21
-9.83463035019	4.72866456141e-21
-9.82003891051	5.96758997875e-21
-9.80544747082	7.52720347972e-21
-9.79085603113	9.4893443757e-21
-9.77626459144	1.19566326349e-20
-9.76167315175	1.50574436755e-20
-9.74708171206	1.89523689894e-20
-9.73249027237	2.38421492426e-20
-9.71789883268	2.99777579007e-20
-9.703307393	3.76724469244e-20
-9.68871595331	4.7317347071e-20
-9.67412451362	5.93999149943e-20
-9.65953307393	7.45281955019e-20
-9.64494163424	9.34598769623e-20
-9.63035019455	1.17138599644e-19
-9.61575875486	1.46738638632e-19
-9.60116731517	1.83721139895e-19
-9.58657587549	2.29902518771e-19
-9.5719844358	2.87540036254e-19
-9.55739299611	3.59435901629e-19
-9.54280155642	4.49069421278e-19
-9.52821011673	5.60756290404e-19
-9.51361867704	6.99848054153e-19
-9.49902723735	8.72975453512e-19
-9.48443579767	1.08835059299e-18
-9.46984435798	1.35613809504e-18
-9.45525291829	1.68891334217e-18
-9.4406614786	2.10222090267e-18
-9.42607003891	2.61527278456e-18
-9.41147859922	3.25179464923e-18
-9.39688715953	4.04107171968e-18
-9.38229571984	5.01922976906e-18
-9.36770428016	6.23081129904e-18
-9.35311284047	7.73070126231e-18
-9.33852140078	9.58649360982e-18
-9.32392996109	1.18813784361e-17
-9.3093385214	1.47176985352e-17
-9.29474708171	1.82212761487e-17
-9.28015564202	2.25467195626e-17
-9.26556420233	2.78838903723e-17
-9.25097276265	3.44658207994e-17
-9.23638132296	4.25783586219e-17
-9.22178988327	5.25719439436e-17
-9.20719844358	6.48759379192e-17
-9.19260700389	8.00161388104e-17
-9.1780155642	9.86360413204e-17
-9.16342412451	1.21522745924e-16
-9.14883268482	1.49638439118e-16
-9.13424124514	1.84158686514e-16
-9.11964980545	2.26518902999e-16
-9.10505836576	2.78470807207e-16
-9.09046692607	3.42150832533e-16
-9.07587548638	4.20163195286e-16
-9.06128404669	5.15680427771e-16
-9.046692607	6.32565200176e-16
-9.03210116731	7.755176745e-16
-9.01750972763	9.5025381981e-16
-9.00291828794	1.16372084208e-15
-8.98832684825	1.42435755605e-15
-8.97373540856	1.74240850575e-15
-8.95914396887	2.13030332996e-15
-8.94455252918	2.6031138129e-15
-8.92996108949	3.17910491723e-15
-8.91536964981	3.88039821619e-15
-8.90077821012	4.73377057505e-15
-8.88618677043	5.7716145786e-15
-8.87159533074	7.03309332929e-15
-8.85700389105	8.56552728227e-15
-8.84241245136	1.0426060078e-14
-8.82782101167	1.26836563715e-14
-8.81322957198	1.54214979932e-14
-8.7986381323	1.87398550715e-14
-8.78404669261	2.27595247552e-14
-8.76945525292	2.76259461745e-14
-8.75486381323	3.35141231474e-14
-8.74027237354	4.06345071774e-14
-8.72568093385	4.92400270072e-14
-8.71108949416	5.96344784064e-14
-8.69649805447	7.21825353723e-14
-8.68190661479	8.73216848495e-14
-8.6673151751	1.05576449059e-13
-8.65272373541	1.27575318818e-13
-8.63813229572	1.54070906468e-13
-8.62354085603	1.85963909665e-13
-8.60894941634	2.2433159588e-13
-8.59435797665	2.70461628307e-13
-8.57976653696	3.25892219291e-13
-8.56517509728	3.92459755241e-13
-8.55058365759	4.72355252793e-13
-8.5359922179	5.68191235583e-13
-8.52140077821	6.8308090797e-13
-8.50680933852	8.20731815938e-13
-8.49221789883	9.85556590585e-13
-8.47762645914	1.18280378067e-12
-8.46303501945	1.41871233582e-12
-8.44844357977	1.70069388055e-12
-8.43385214008	2.03754764638e-12
-8.41926070039	2.43971373209e-12
-8.4046692607	2.91957134406e-12
-8.39007782101	3.49178974339e-12
-8.37548638132	4.17374097495e-12
-8.36089494163	4.98598487933e-12
-8.34630350195	5.95283870373e-12
-8.33171206226	7.10304557803e-12
-8.31712062257	8.47055851242e-12
-8.30252918288	1.00954592162e-11
-8.28793774319	1.20250342231e-11
-8.2733463035	1.431503434e-11
-8.25875486381	1.70311476937e-11
-8.24416342412	2.02507213211e-11
-8.22957198444	2.40647719261e-11
-8.21498054475	2.85803326618e-11
-8.20038910506	3.39231902333e-11
-8.18579766537	4.02410749358e-11
-8.17120622568	4.77073760237e-11
-8.15661478599	5.65254657561e-11
-8.1420233463	6.69337284273e-11
-8.12743190661	7.92114049301e-11
-8.11284046693	9.36853804306e-11
-8.09824902724	1.10738061544e-10
-8.08365758755	1.30816511378e-10
-8.06906614786	1.54443035528e-10
-8.05447470817	1.8222744072e-10
-8.03988326848	2.14881219777e-10
-8.02529182879	2.53233953913e-10
-8.0107003891	2.98252264583e-10
-7.99610894942	3.51061695339e-10
-7.98151750973	4.12971957622e-10
-7.96692607004	4.85506036163e-10
-7.95233463035	5.70433718628e-10
-7.93774319066	6.69810193234e-10
-7.92315175097	7.8602044639e-10
-7.90856031128	9.21830293607e-10
-7.89396887159	1.08044498922e-09
-7.87937743191	1.2655764896e-09
-7.86478599222	1.48152058728e-09
-7.85019455253	1.73324529657e-09
-7.83560311284	2.02649205257e-09
-7.82101167315	2.36789149065e-09
-7.80642023346	2.76509580268e-09
-7.79182879377	3.22692992413e-09
-7.77723735409	3.76356409278e-09
-7.7626459144	4.38671064338e-09
-7.74805447471	5.10984826101e-09
-7.73346303502	5.94847731832e-09
-7.71887159533	6.92041036708e-09
-7.70428015564	8.04610235534e-09
-7.68968871595	9.34902569101e-09
-7.67509727626	1.08560958919e-08
-7.66050583658	1.25981542395e-08
-7.64591439689	1.46105146115e-08
-7.6313229572	1.69335825042e-08
-7.61673151751	1.96135551772e-08
-7.60214007782	2.27032128724e-08
-7.58754863813	2.62628121846e-08
-7.57295719844	3.03610938922e-08
-7.55836575875	3.50764189205e-08
-7.54377431907	4.04980475954e-08
-7.52918287938	4.6727578984e-08
-7.51459143969	5.38805689028e-08
-7.5	6.2088347128e-08
-7.48540856031	7.15000564745e-08
-7.47081712062	8.22849387651e-08
-7.45622568093	9.4634895125e-08
-7.44163424124	1.08767350932e-07
-7.42704280156	1.24928458614e-07
-7.41245136187	1.43396674735e-07
-7.39785992218	1.64486751271e-07
-7.38326848249	1.88554184726e-07
-7.3686770428	2.16000170743e-07
-7.35408560311	2.47277116202e-07
-7.33949416342	2.82894765397e-07
-7.32490272373	3.23427001833e-07
-7.31031128405	3.69519392447e-07
-7.29571984436	4.2189754666e-07
-7.28112840467	4.8137636858e-07
-7.26653696498	5.48870287005e-07
-7.25194552529	6.25404554429e-07
-7.2373540856	7.12127713294e-07
-7.22276264591	8.10325334947e-07
-7.20817120623	9.21435144453e-07
-7.19357976654	1.04706365229e-06
-7.17898832685	1.18900442214e-06
-7.16439688716	1.34925811261e-06
-7.14980544747	1.53005443902e-06
-7.13521400778	1.7338762109e-06
-7.12062256809	1.96348560901e-06
-7.1060311284	2.22195287547e-06
-7.09143968872	2.51268759926e-06
-7.07684824903	2.83947278829e-06
-7.06225680934	3.20650192808e-06
-7.04766536965	3.6184192357e-06
-7.03307392996	4.08036332528e-06
-7.01848249027	4.59801450938e-06
-7.00389105058	5.17764596674e-06
-6.98929961089	5.82617901347e-06
-6.97470817121	6.55124271894e-06
-6.96011673152	7.36123811177e-06
-6.94552529183	8.26540722299e-06
-6.93093385214	9.27390721407e-06
-6.91634241245	1.0397889836e-05
-6.90175097276	1.16495864613e-05
-6.88715953307	1.30423989251e-05
-6.87256809338	1.45909964024e-05
-6.8579766537	1.63114185339e-05
-6.84338521401	1.82211850022e-05
-6.82879377432	2.03394117339e-05
-6.81420233463	2.26869338854e-05
-6.79961089494	2.52864357374e-05
-6.78501945525	2.81625875931e-05
-6.77042801556	3.13421897362e-05
-6.75583657588	3.48543234588e-05
-6.74124513619	3.87305091235e-05
-6.7266536965	4.30048711659e-05
-6.71206225681	4.77143098824e-05
-6.69747081712	5.28986797802e-05
-6.68287937743	5.86009741908e-05
-6.66828793774	6.48675157679e-05
-6.65369649805	7.17481523989e-05
-6.63910505837	7.92964579683e-05
-6.62451361868	8.75699373052e-05
-6.60992217899	9.66302345418e-05
-6.5953307393	0.000106543343994
-6.58073929961	0.000117379822559
-6.56614785992	0.000129215002488
-6.55155642023	0.000142129203293
-6.53696498054	0.000156207941372
-6.52237354086	0.000171542135847
-6.50778210117	0.00018822830894
-6.49319066148	0.000206368779111
-6.47859922179	0.000226071845015
-6.4640077821	0.000247451958249
-6.44941634241	0.0002706298827
-6.43482490272	0.000295732838225
-6.42023346303	0.000322894626271
-6.40564202335	0.000352255734977
-6.39105058366	0.000383963421196
-6.37645914397	0.000418171766855
-6.36186770428	0.000455041707015
-6.34727626459	0.000494741027001
-6.3326848249	0.000537444325966
-6.31809338521	0.000583332944326
-6.30350194552	0.000632594852563
-6.28891050584	0.000685424499007
-6.27431906615	0.000742022614365
-6.25972762646	0.000802595970933
-6.24513618677	0.00086735709466
-6.23054474708	0.000936523928498
-6.21595330739	0.00101031944576
-6.2013618677	0.00108897121258
-6.18677042802	0.00117271089884
-6.17217898833	0.00126177373762
-6.15758754864	0.0013563979332
-6.14299610895	0.00145682401872
-6.12840466926	0.00156329416452
-6.11381322957	0.00167605143919
-6.09922178988	0.00179533902564
-6.08463035019	0.00192139939507
-6.07003891051	0.00205447344239
-6.05544747082	0.00219479958717
-6.04085603113	0.00234261284462
-6.02626459144	0.00249814387181
-6.01167315175	0.00266161799467
-5.99708171206	0.00283325422193
-5.98249027237	0.0030132642523
-5.96789883268	0.00320185148203
-5.953307393	0.00339921001964
-5.93871595331	0.00360552371545
-5.92412451362	0.00382096521325
-5.90953307393	0.00404569503179
-5.89494163424	0.00427986068356
-5.88035019455	0.00452359583834
-5.86575875486	0.00477701953884
-5.85116731517	0.0050402354752
-5.83657587549	0.00531333132512
-5.8219844358	0.00559637816564
-5.80739299611	0.00588942996212
-5.79280155642	0.00619252313933
-5.77821011673	0.00650567623898
-5.76361867704	0.0068288896671
-5.74902723735	0.00716214553386
-5.73443579766	0.00750540758794
-5.71984435798	0.007858621246
-5.70525291829	0.0082217137177
-5.6906614786	0.00859459422525
-5.67607003891	0.00897715431577
-5.66147859922	0.00936926826403
-5.64688715953	0.00977079356213
-5.63229571984	0.0101815714919
-5.61770428016	0.0106014277753
-5.60311284047	0.0110301732971
-5.58852140078	0.0114676048938
-5.57392996109	0.0119135062028
-5.5593385214	0.012367648563
-5.54474708171	0.0128297919621
-5.53015564202	0.0132996860208
-5.51556420233	0.0137770710073
-5.50097276265	0.0142616788741
-5.48638132296	0.0147532343093
-5.47178988327	0.0152514557948
-5.45719844358	0.0157560566645
-5.44260700389	0.0162667461545
-5.4280155642	0.016783230439
-5.41342412451	0.017305213646
-5.39883268482	0.0178323988457
-5.38424124514	0.0183644890077
-5.36964980545	0.0189011879205
-5.35505836576	0.01944220107
-5.34046692607	0.0199872364736
-5.32587548638	0.0205360054646
-5.31128404669	0.0210882234272
-5.296692607	0.0216436104776
-5.28210116731	0.0222018920907
-5.26750972763	0.0227627996718
-5.25291828794	0.0233260710719
-5.23832684825	0.0238914510471
-5.22373540856	0.0244586916626
-5.20914396887	0.025027552642
-5.19455252918	0.0255978016633
-5.17996108949	0.0261692146025
-5.1653696498	0.0267415757279
-5.15077821012	0.0273146778461
-5.13618677043	0.0278883224022
-5.12159533074	0.0284623195369
-5.10700389105	0.0290364881039
-5.09241245136	0.029610655648
-5.07782101167	0.0301846583496
-5.06322957198	0.0307583409365
-5.0486381323	0.0313315565658
-5.03404669261	0.0319041666804
-5.01945525292	0.0324760408409
-5.00486381323	0.0330470565365
-4.99027237354	0.0336170989784
-4.97568093385	0.034186060876
-4.96108949416	0.0347538422008
-4.94649805447	0.0353203499388
-4.93190661479	0.0358854978335
-4.9173151751	0.0364492061233
-4.90272373541	0.0370114012724
-4.88813229572	0.0375720156999
-4.87354085603	0.0381309875065
-4.85894941634	0.0386882602018
-4.84435797665	0.0392437824326
-4.82976653696	0.0397975077137
-4.81517509728	0.040349394163
-4.80058365759	0.0408994042405
-4.7859922179	0.0414475044933
-4.77140077821	0.0419936653071
-4.75680933852	0.0425378606638
-4.74221789883	0.0430800679074
-4.72762645914	0.0436202675174
-4.71303501945	0.0441584428903
-4.69844357977	0.0446945801298
-4.68385214008	0.0452286678456
-4.66926070039	0.0457606969612
-4.6546692607	0.0462906605304
-4.64007782101	0.0468185535625
-4.62548638132	0.0473443728567
-4.61089494163	0.0478681168451
-4.59630350194	0.0483897854442
-4.58171206226	0.0489093799151
-4.56712062257	0.0494269027316
-4.55252918288	0.0499423574567
-4.53793774319	0.0504557486267
-4.5233463035	0.0509670816431
-4.50875486381	0.0514763626712
-4.49416342412	0.0519835985464
-4.47957198444	0.052488796687
-4.46498054475	0.052991965013
-4.45038910506	0.0534931118716
-4.43579766537	0.0539922459682
-4.42120622568	0.0544893763033
-4.40661478599	0.0549845121139
-4.3920233463	0.0554776628208
-4.37743190661	0.0559688379798
-4.36284046693	0.0564580472381
-4.34824902724	0.0569453002938
-4.33365758755	0.0574306068602
-4.31906614786	0.0579139766334
-4.30447470817	0.058395419263
-4.28988326848	0.0588749443268
-4.27529182879	0.0593525613069
-4.2607003891	0.0598282795706
-4.24610894942	0.0603021083519
-4.23151750973	0.0607740567362
-4.21692607004	0.0612441336476
-4.20233463035	0.0617123478369
-4.18774319066	0.0621787078727
-4.17315175097	0.0626432221334
-4.15856031128	0.0631058988006
-4.14396887159	0.0635667458547
-4.12937743191	0.064025771071
-4.11478599222	0.0644829820168
-4.10019455253	0.0649383860502
-4.08560311284	0.0653919903196
-4.07101167315	0.0658438017634
-4.05642023346	0.0662938271111
-4.04182879377	0.0667420728852
-4.02723735408	0.0671885454026
-4.0126459144	0.0676332507777
-3.99805447471	0.0680761949254
-3.98346303502	0.0685173835642
-3.96887159533	0.0689568222203
-3.95428015564	0.0693945162312
-3.93968871595	0.0698304707501
-3.92509727626	0.0702646907505
-3.91050583658	0.0706971810302
-3.89591439689	0.0711279462164
-3.8813229572	0.0715569907701
-3.86673151751	0.0719843189914
-3.85214007782	0.0724099350233
-3.83754863813	0.0728338428578
-3.82295719844	0.0732560463394
-3.80836575875	0.073676549171
-3.79377431907	0.0740953549176
-3.77918287938	0.0745124670118
-3.76459143969	0.0749278887579
-3.75	0.0753416233366
-3.73540856031	0.0757536738091
-3.72081712062	0.0761640431221
-3.70622568093	0.0765727341113
-3.69163424124	0.0769797495059
-3.67704280156	0.0773850919328
-3.66245136187	0.0777887639198
-3.64785992218	0.0781907679002
-3.63326848249	0.078591106216
-3.6186770428	0.0789897811216
-3.60408560311	0.0793867947871
-3.58949416342	0.0797821493019
-3.57490272373	0.0801758466778
-3.56031128405	0.0805678888519
-3.54571984436	0.08095827769
-3.53112840467	0.081347014989
-3.51653696498	0.0817341024801
-3.50194552529	0.0821195418313
-3.4873540856	0.0825033346499
-3.47276264591	0.0828854824851
-3.45817120623	0.0832659868302
-3.44357976654	0.0836448491251
-3.42898832685	0.0840220707584
-3.41439688716	0.0843976530693
-3.39980544747	0.08477159735
-3.38521400778	0.0851439048472
-3.37062256809	0.0855145767643
-3.3560311284	0.0858836142629
-3.34143968872	0.0862510184648
-3.32684824903	0.086616790453
-3.31225680934	0.0869809312743
-3.29766536965	0.0873434419397
-3.28307392996	0.0877043234264
-3.26848249027	0.0880635766791
-3.25389105058	0.0884212026113
-3.23929961089	0.0887772021064
-3.22470817121	0.089131576019
-3.21011673152	0.0894843251761
-3.19552529183	0.0898354503779
-3.18093385214	0.0901849523992
-3.16634241245	0.0905328319904
-3.15175097276	0.090879089878
-3.13715953307	0.0912237267659
-3.12256809338	0.0915667433364
-3.1079766537	0.0919081402504
-3.09338521401	0.092247918149
-3.07879377432	0.0925860776536
-3.06420233463	0.0929226193671
-3.04961089494	0.0932575438741
-3.03501945525	0.0935908517423
-3.02042801556	0.0939225435222
-3.00583657587	0.0942526197487
-2.99124513619	0.0945810809407
-2.9766536965	0.0949079276026
-2.96206225681	0.0952331602241
-2.94747081712	0.0955567792812
-2.93287937743	0.0958787852362
-2.91828793774	0.0961991785389
-2.90369649805	0.0965179596261
-2.88910505837	0.0968351289231
-2.87451361868	0.0971506868431
-2.85992217899	0.0974646337883
-2.8453307393	0.09777697015
-2.83073929961	0.0980876963091
-2.81614785992	0.0983968126361
-2.80155642023	0.098704319492
-2.78696498054	0.099010217228
-2.77237354086	0.0993145061866
-2.75778210117	0.0996171867008
-2.74319066148	0.0999182590956
-2.72859922179	0.100217723687
-2.7140077821	0.100515580785
-2.69941634241	0.100811830688
-2.68482490272	0.10110647369
-2.67023346303	0.101399510077
-2.65564202335	0.101690940127
-2.64105058366	0.101980764113
-2.62645914397	0.102268982299
-2.61186770428	0.102555594944
-2.59727626459	0.102840602301
-2.5826848249	0.103124004616
-2.56809338521	0.103405802129
-2.55350194552	0.103685995075
-2.53891050584	0.103964583683
-2.52431906615	0.104241568177
-2.50972762646	0.104516948776
-2.49513618677	0.104790725693
-2.48054474708	0.105062899136
-2.46595330739	0.10533346931
-2.4513618677	0.105602436413
-2.43677042801	0.10586980064
-2.42217898833	0.106135562181
-2.40758754864	0.106399721221
-2.39299610895	0.106662277944
-2.37840466926	0.106923232525
-2.36381322957	0.107182585138
-2.34922178988	0.107440335955
-2.33463035019	0.107696485139
-2.32003891051	0.107951032855
-2.30544747082	0.108203979261
-2.29085603113	0.108455324512
-2.27626459144	0.10870506876
-2.26167315175	0.108953212154
-2.24708171206	0.10919975484
-2.23249027237	0.109444696961
-2.21789883268	0.109688038655
-2.203307393	0.109929780059
-2.18871595331	0.110169921308
-2.17412451362	0.110408462531
-2.15953307393	0.110645403857
-2.14494163424	0.110880745411
-2.13035019455	0.111114487316
-2.11575875486	0.111346629693
-2.10116731517	0.111577172659
-2.08657587549	0.11180611633
-2.0719844358	0.112033460819
-2.05739299611	0.112259206236
-2.04280155642	0.112483352689
-2.02821011673	0.112705900287
-2.01361867704	0.112926849131
-1.99902723735	0.113146199325
-1.98443579766	0.113363950969
-1.96984435798	0.11358010416
-1.95525291829	0.113794658994
-1.9406614786	0.114007615566
-1.92607003891	0.114218973969
-1.91147859922	0.114428734292
-1.89688715953	0.114636896624
-1.88229571984	0.114843461052
-1.86770428015	0.115048427662
-1.85311284047	0.115251796537
-1.83852140078	0.115453567759
-1.82392996109	0.115653741408
-1.8093385214	0.115852317564
-1.79474708171	0.116049296303
-1.78015564202	0.116244677701
-1.76556420233	0.116438461833
-1.75097276265	0.116630648772
-1.73638132296	0.116821238588
-1.72178988327	0.117010231353
-1.70719844358	0.117197627135
-1.69260700389	0.117383426002
-1.6780155642	0.11756762802
-1.66342412451	0.117750233253
-1.64883268482	0.117931241765
-1.63424124514	0.11811065362
-1.61964980545	0.118288468878
-1.60505836576	0.1184646876
-1.59046692607	0.118639309844
-1.57587548638	0.118812335669
-1.56128404669	0.118983765131
-1.546692607	0.119153598286
-1.53210116731	0.119321835189
-1.51750972763	0.119488475893
-1.50291828794	0.119653520452
-1.48832684825	0.119816968916
-1.47373540856	0.119978821338
-1.45914396887	0.120139077765
-1.44455252918	0.120297738248
-1.42996108949	0.120454802834
-1.4153696498	0.12061027157
-1.40077821012	0.120764144503
-1.38618677043	0.120916421677
-1.37159533074	0.121067103137
-1.35700389105	0.121216188927
-1.34241245136	0.121363679089
-1.32782101167	0.121509573666
-1.31322957198	0.121653872698
-1.29863813229	0.121796576226
-1.28404669261	0.121937684289
-1.26945525292	0.122077196927
-1.25486381323	0.122215114177
-1.24027237354	0.122351436077
-1.22568093385	0.122486162664
-1.21108949416	0.122619293974
-1.19649805447	0.122750830042
-1.18190661479	0.122880770902
-1.1673151751	0.123009116589
-1.15272373541	0.123135867135
-1.13813229572	0.123261022575
-1.12354085603	0.123384582939
-1.10894941634	0.123506548258
-1.09435797665	0.123626918565
-1.07976653696	0.123745693889
-1.06517509728	0.123862874259
-1.05058365759	0.123978459705
-1.0359922179	0.124092450255
-1.02140077821	0.124204845936
-1.00680933852	0.124315646777
-0.992217898832	0.124424852804
-0.977626459143	0.124532464043
-0.963035019454	0.12463848052
-0.948443579766	0.12474290226
-0.933852140077	0.124845729288
-0.919260700388	0.124946961627
-0.9046692607	0.125046599301
-0.890077821011	0.125144642334
-0.875486381322	0.125241090748
-0.860894941633	0.125335944565
-0.846303501945	0.125429203807
-0.831712062256	0.125520868495
-0.817120622567	0.12561093865
-0.802529182879	0.125699414292
-0.78793774319	0.12578629544
-0.773346303501	0.125871582115
-0.758754863812	0.125955274334
-0.744163424124	0.126037372117
-0.729571984435	0.126117875482
-0.714980544746	0.126196784445
-0.700389105058	0.126274099025
-0.685797665369	0.126349819238
-0.67120622568	0.1264239451
-0.656614785991	0.126496476628
-0.642023346303	0.126567413836
-0.627431906614	0.12663675674
-0.612840466925	0.126704505355
-0.598249027237	0.126770659696
-0.583657587548	0.126835219775
-0.569066147859	0.126898185606
-0.55447470817	0.126959557204
-0.539883268482	0.12701933458
-0.525291828793	0.127077517747
-0.510700389104	0.127134106717
-0.496108949416	0.127189101502
-0.481517509727	0.127242502113
-0.466926070038	0.127294308562
-0.452334630349	0.127344520858
-0.437743190661	0.127393139012
-0.423151750972	0.127440163033
-0.408560311283	0.127485592933
-0.393968871594	0.127529428719
-0.379377431906	0.1275716704
-0.364785992217	0.127612317986
-0.350194552528	0.127651371484
-0.33560311284	0.127688830902
-0.321011673151	0.127724696247
-0.306420233462	0.127758967527
-0.291828793773	0.127791644749
-0.277237354085	0.12782272792
-0.262645914396	0.127852217044
-0.248054474707	0.127880112129
-0.233463035019	0.127906413179
-0.21887159533	0.127931120201
-0.204280155641	0.127954233198
-0.189688715952	0.127975752176
-0.175097276264	0.127995677138
-0.160505836575	0.128014008089
-0.145914396886	0.128030745033
-0.131322957198	0.128045887971
-0.116731517509	0.128059436908
-0.10214007782	0.128071391847
-0.0875486381314	0.128081752789
-0.0729571984427	0.128090519736
-0.058365758754	0.12809769269
-0.0437743190653	0.128103271654
-0.0291828793766	0.128107256627
-0.0145914396879	0.12810964761
8.5975671027e-13	0.128110444605
0.0145914396896	0.12810964761
0.0291828793783	0.128107256627
0.043774319067	0.128103271654
0.0583657587557	0.12809769269
0.0729571984444	0.128090519736
0.0875486381332	0.128081752789
0.102140077822	0.128071391847
0.116731517511	0.128059436908
0.131322957199	0.128045887971
0.145914396888	0.128030745033
0.160505836577	0.128014008089
0.175097276265	0.127995677138
0.189688715954	0.127975752176
0.204280155643	0.127954233198
0.218871595332	0.127931120201
0.23346303502	0.127906413179
0.248054474709	0.127880112129
0.262645914398	0.127852217044
0.277237354086	0.12782272792
0.291828793775	0.127791644749
0.306420233464	0.127758967527
0.321011673153	0.127724696247
0.335603112841	0.127688830902
0.35019455253	0.127651371484
0.364785992219	0.127612317986
0.379377431907	0.1275716704
0.393968871596	0.127529428719
0.408560311285	0.127485592933
0.423151750974	0.127440163033
0.437743190662	0.127393139012
0.452334630351	0.127344520858
0.46692607004	0.127294308562
0.481517509729	0.127242502113
0.496108949417	0.127189101502
0.510700389106	0.127134106717
0.525291828795	0.127077517747
0.539883268483	0.12701933458
0.554474708172	0.126959557204
0.569066147861	0.126898185606
0.58365758755	0.126835219775
0.598249027238	0.126770659696
0.612840466927	0.126704505355
0.627431906616	0.12663675674
0.642023346304	0.126567413836
0.656614785993	0.126496476628
0.671206225682	0.1264239451
0.685797665371	0.126349819238
0.700389105059	0.126274099025
0.714980544748	0.126196784445
0.729571984437	0.126117875482
0.744163424125	0.126037372117
0.758754863814	0.125955274334
0.773346303503	0.125871582115
0.787937743192	0.12578629544
0.80252918288	0.125699414292
0.817120622569	0.12561093865
0.831712062258	0.125520868495
0.846303501946	0.125429203807
0.860894941635	0.125335944565
0.875486381324	0.125241090748
0.890077821013	0.125144642334
0.904669260701	0.125046599301
0.91926070039	0.124946961627
0.933852140079	0.124845729288
0.948443579767	0.12474290226
0.963035019456	0.12463848052
0.977626459145	0.124532464043
0.992217898834	0.124424852804
1.00680933852	0.124315646777
1.02140077821	0.124204845936
1.0359922179	0.124092450255
1.05058365759	0.123978459705
1.06517509728	0.123862874259
1.07976653697	0.123745693889
1.09435797665	0.123626918565
1.10894941634	0.123506548258
1.12354085603	0.123384582938
1.13813229572	0.123261022575
1.15272373541	0.123135867135
1.1673151751	0.123009116589
1.18190661479	0.122880770902
1.19649805448	0.122750830042
1.21108949416	0.122619293974
1.22568093385	0.122486162664
1.24027237354	0.122351436077
1.25486381323	0.122215114177
1.26945525292	0.122077196927
1.28404669261	0.121937684289
1.2986381323	0.121796576226
1.31322957199	0.121653872698
1.32782101167	0.121509573666
1.34241245136	0.121363679089
1.35700389105	0.121216188927
1.37159533074	0.121067103137
1.38618677043	0.120916421677
1.40077821012	0.120764144503
1.41536964981	0.12061027157
1.4299610895	0.120454802834
1.44455252918	0.120297738248
1.45914396887	0.120139077765
1.47373540856	0.119978821338
1.48832684825	0.119816968916
1.50291828794	0.119653520452
1.51750972763	0.119488475893
1.53210116732	0.119321835189
1.546692607	0.119153598286
1.56128404669	0.118983765131
1.57587548638	0.118812335669
1.59046692607	0.118639309844
1.60505836576	0.1184646876
1.61964980545	0.118288468878
1.63424124514	0.11811065362
1.64883268483	0.117931241765
1.66342412451	0.117750233253
1.6780155642	0.11756762802
1.69260700389	0.117383426002
1.70719844358	0.117197627135
1.72178988327	0.117010231353
1.73638132296	0.116821238588
1.75097276265	0.116630648772
1.76556420234	0.116438461833
1.78015564202	0.116244677701
1.79474708171	0.116049296303
1.8093385214	0.115852317564
1.82392996109	0.115653741408
1.83852140078	0.115453567759
1.85311284047	0.115251796537
1.86770428016	0.115048427662
1.88229571985	0.114843461052
1.89688715953	0.114636896624
1.91147859922	0.114428734292
1.92607003891	0.114218973969
1.9406614786	0.114007615566
1.95525291829	0.113794658994
1.96984435798	0.11358010416
1.98443579767	0.113363950969
1.99902723736	0.113146199325
2.01361867704	0.112926849131
2.02821011673	0.112705900287
2.04280155642	0.112483352689
2.05739299611	0.112259206236
2.0719844358	0.112033460819
2.08657587549	0.11180611633
2.10116731518	0.111577172659
2.11575875486	0.111346629693
2.13035019455	0.111114487316
2.14494163424	0.110880745411
2.15953307393	0.110645403857
2.17412451362	0.110408462531
2.18871595331	0.110169921308
2.203307393	0.109929780059
2.21789883269	0.109688038655
2.23249027237	0.109444696961
2.24708171206	0.10919975484
2.26167315175	0.108953212154
2.27626459144	0.10870506876
2.29085603113	0.108455324512
2.30544747082	0.108203979261
2.32003891051	0.107951032855
2.3346303502	0.107696485139
2.34922178988	0.107440335955
2.36381322957	0.107182585138
2.37840466926	0.106923232525
2.39299610895	0.106662277944
2.40758754864	0.106399721221
2.42217898833	0.106135562181
2.43677042802	0.10586980064
2.45136186771	0.105602436413
2.46595330739	0.10533346931
2.48054474708	0.105062899136
2.49513618677	0.104790725693
2.50972762646	0.104516948776
2.52431906615	0.104241568177
2.53891050584	0.103964583683
2.55350194553	0.103685995075
2.56809338522	0.103405802129
2.5826848249	0.103124004616
2.59727626459	0.102840602301
2.61186770428	0.102555594944
2.62645914397	0.102268982299
2.64105058366	0.101980764113
2.65564202335	0.101690940127
2.67023346304	0.101399510077
2.68482490272	0.10110647369
2.69941634241	0.100811830688
2.7140077821	0.100515580785
2.72859922179	0.100217723687
2.74319066148	0.0999182590956
2.75778210117	0.0996171867008
2.77237354086	0.0993145061865
2.78696498055	0.099010217228
2.80155642023	0.098704319492
2.81614785992	0.0983968126361
2.83073929961	0.0980876963091
2.8453307393	0.09777697015
2.85992217899	0.0974646337883
2.87451361868	0.0971506868431
2.88910505837	0.0968351289231
2.90369649806	0.0965179596261
2.91828793774	0.0961991785388
2.93287937743	0.0958787852362
2.94747081712	0.0955567792812
2.96206225681	0.0952331602241
2.9766536965	0.0949079276026
2.99124513619	0.0945810809407
3.00583657588	0.0942526197486
3.02042801557	0.0939225435222
3.03501945525	0.0935908517423
3.04961089494	0.0932575438741
3.06420233463	0.092922619367
3.07879377432	0.0925860776536
3.09338521401	0.092247918149
3.1079766537	0.0919081402504
3.12256809339	0.0915667433364
3.13715953307	0.0912237267659
3.15175097276	0.090879089878
3.16634241245	0.0905328319904
3.18093385214	0.0901849523992
3.19552529183	0.0898354503779
3.21011673152	0.0894843251761
3.22470817121	0.089131576019
3.2392996109	0.0887772021064
3.25389105058	0.0884212026113
3.26848249027	0.0880635766791
3.28307392996	0.0877043234264
3.29766536965	0.0873434419397
3.31225680934	0.0869809312743
3.32684824903	0.086616790453
3.34143968872	0.0862510184647
3.35603112841	0.0858836142629
3.37062256809	0.0855145767643
3.38521400778	0.0851439048472
3.39980544747	0.08477159735
3.41439688716	0.0843976530693
3.42898832685	0.0840220707584
3.44357976654	0.0836448491251
3.45817120623	0.0832659868302
3.47276264592	0.0828854824851
3.4873540856	0.0825033346499
3.50194552529	0.0821195418313
3.51653696498	0.0817341024801
3.53112840467	0.081347014989
3.54571984436	0.08095827769
3.56031128405	0.0805678888519
3.57490272374	0.0801758466778
3.58949416343	0.0797821493019
3.60408560311	0.0793867947871
3.6186770428	0.0789897811216
3.63326848249	0.078591106216
3.64785992218	0.0781907679002
3.66245136187	0.0777887639198
3.67704280156	0.0773850919328
3.69163424125	0.0769797495059
3.70622568093	0.0765727341113
3.72081712062	0.0761640431221
3.73540856031	0.0757536738091
3.75	0.0753416233366
3.76459143969	0.0749278887579
3.77918287938	0.0745124670118
3.79377431907	0.0740953549176
3.80836575876	0.073676549171
3.82295719844	0.0732560463394
3.83754863813	0.0728338428578
3.85214007782	0.0724099350233
3.86673151751	0.0719843189914
3.8813229572	0.0715569907702
3.89591439689	0.0711279462164
3.91050583658	0.0706971810302
3.92509727627	0.0702646907505
3.93968871595	0.0698304707501
3.95428015564	0.0693945162312
3.96887159533	0.0689568222203
3.98346303502	0.0685173835642
3.99805447471	0.0680761949254
4.0126459144	0.0676332507777
4.02723735409	0.0671885454026
4.04182879378	0.0667420728852
4.05642023346	0.0662938271111
4.07101167315	0.0658438017634
4.08560311284	0.0653919903196
4.10019455253	0.0649383860502
4.11478599222	0.0644829820168
4.12937743191	0.064025771071
4.1439688716	0.0635667458548
4.15856031129	0.0631058988006
4.17315175097	0.0626432221334
4.18774319066	0.0621787078727
4.20233463035	0.0617123478369
4.21692607004	0.0612441336476
4.23151750973	0.0607740567363
4.24610894942	0.0603021083519
4.26070038911	0.0598282795707
4.27529182879	0.059352561307
4.28988326848	0.0588749443268
4.30447470817	0.0583954192631
4.31906614786	0.0579139766334
4.33365758755	0.0574306068602
4.34824902724	0.0569453002938
4.36284046693	0.0564580472381
4.37743190662	0.0559688379799
4.3920233463	0.0554776628208
4.40661478599	0.0549845121139
4.42120622568	0.0544893763033
4.43579766537	0.0539922459683
4.45038910506	0.0534931118716
4.46498054475	0.052991965013
4.47957198444	0.052488796687
4.49416342413	0.0519835985465
4.50875486381	0.0514763626712
4.5233463035	0.0509670816431
4.53793774319	0.0504557486268
4.55252918288	0.0499423574567
4.56712062257	0.0494269027316
4.58171206226	0.0489093799151
4.59630350195	0.0483897854442
4.61089494164	0.0478681168451
4.62548638132	0.0473443728567
4.64007782101	0.0468185535625
4.6546692607	0.0462906605304
4.66926070039	0.0457606969613
4.68385214008	0.0452286678456
4.69844357977	0.0446945801298
4.71303501946	0.0441584428904
4.72762645915	0.0436202675175
4.74221789883	0.0430800679075
4.75680933852	0.0425378606638
4.77140077821	0.0419936653071
4.7859922179	0.0414475044933
4.80058365759	0.0408994042405
4.81517509728	0.0403493941631
4.82976653697	0.0397975077138
4.84435797665	0.0392437824326
4.85894941634	0.0386882602019
4.87354085603	0.0381309875065
4.88813229572	0.0375720156999
4.90272373541	0.0370114012725
4.9173151751	0.0364492061234
4.93190661479	0.0358854978336
4.94649805448	0.0353203499389
4.96108949416	0.0347538422009
4.97568093385	0.0341860608761
4.99027237354	0.0336170989785
5.00486381323	0.0330470565366
5.01945525292	0.0324760408409
5.03404669261	0.0319041666805
5.0486381323	0.0313315565659
5.06322957199	0.0307583409366
5.07782101167	0.0301846583497
5.09241245136	0.0296106556481
5.10700389105	0.029036488104
5.12159533074	0.028462319537
5.13618677043	0.0278883224023
5.15077821012	0.0273146778462
5.16536964981	0.026741575728
5.1799610895	0.0261692146026
5.19455252918	0.0255978016634
5.20914396887	0.0250275526421
5.22373540856	0.0244586916627
5.23832684825	0.0238914510472
5.25291828794	0.023326071072
5.26750972763	0.0227627996719
5.28210116732	0.0222018920908
5.29669260701	0.0216436104777
5.31128404669	0.0210882234273
5.32587548638	0.0205360054647
5.34046692607	0.0199872364737
5.35505836576	0.0194422010701
5.36964980545	0.0189011879206
5.38424124514	0.0183644890078
5.39883268483	0.0178323988459
5.41342412451	0.0173052136461
5.4280155642	0.0167832304392
5.44260700389	0.0162667461546
5.45719844358	0.0157560566646
5.47178988327	0.0152514557949
5.48638132296	0.0147532343094
5.50097276265	0.0142616788742
5.51556420234	0.0137770710074
5.53015564202	0.0132996860209
5.54474708171	0.0128297919622
5.5593385214	0.0123676485631
5.57392996109	0.0119135062029
5.58852140078	0.0114676048939
5.60311284047	0.0110301732972
5.61770428016	0.0106014277754
5.63229571985	0.010181571492
5.64688715953	0.00977079356224
5.66147859922	0.00936926826414
5.67607003891	0.00897715431588
5.6906614786	0.00859459422536
5.70525291829	0.00822171371781
5.71984435798	0.0078586212461
5.73443579767	0.00750540758804
5.74902723736	0.00716214553397
5.76361867704	0.0068288896672
5.77821011673	0.00650567623908
5.79280155642	0.00619252313943
5.80739299611	0.00588942996222
5.8219844358	0.00559637816574
5.83657587549	0.00531333132521
5.85116731518	0.00504023547529
5.86575875487	0.00477701953893
5.88035019455	0.00452359583843
5.89494163424	0.00427986068364
5.90953307393	0.00404569503187
5.92412451362	0.00382096521333
5.93871595331	0.00360552371553
5.953307393	0.00339921001972
5.96789883269	0.0032018514821
5.98249027237	0.00301326425237
5.99708171206	0.00283325422199
6.01167315175	0.00266161799474
6.02626459144	0.00249814387187
6.04085603113	0.00234261284468
6.05544747082	0.00219479958723
6.07003891051	0.00205447344245
6.0846303502	0.00192139939513
6.09922178988	0.0017953390257
6.11381322957	0.00167605143924
6.12840466926	0.00156329416456
6.14299610895	0.00145682401877
6.15758754864	0.00135639793325
6.17217898833	0.00126177373766
6.18677042802	0.00117271089888
6.20136186771	0.00108897121261
6.21595330739	0.0010103194458
6.23054474708	0.000936523928532
6.24513618677	0.000867357094692
6.25972762646	0.000802595970964
6.27431906615	0.000742022614394
6.28891050584	0.000685424499035
6.30350194553	0.000632594852589
6.31809338522	0.000583332944351
6.3326848249	0.000537444325989
6.34727626459	0.000494741027023
6.36186770428	0.000455041707036
6.37645914397	0.000418171766874
6.39105058366	0.000383963421215
6.40564202335	0.000352255734995
6.42023346304	0.000322894626287
6.43482490272	0.00029573283824
6.44941634241	0.000270629882715
6.4640077821	0.000247451958263
6.47859922179	0.000226071845028
6.49319066148	0.000206368779123
6.50778210117	0.000188228308951
6.52237354086	0.000171542135857
6.53696498055	0.000156207941382
6.55155642023	0.000142129203302
6.56614785992	0.000129215002496
6.58073929961	0.000117379822566
6.5953307393	0.000106543344002
6.60992217899	9.66302345485e-05
6.62451361868	8.75699373114e-05
6.63910505837	7.92964579741e-05
6.65369649806	7.17481524043e-05
6.66828793774	6.48675157729e-05
6.68287937743	5.86009741955e-05
6.69747081712	5.28986797845e-05
6.71206225681	4.77143098864e-05
6.7266536965	4.30048711696e-05
6.74124513619	3.87305091269e-05
6.75583657588	3.4854323462e-05
6.77042801557	3.13421897392e-05
6.78501945525	2.81625875959e-05
6.79961089494	2.52864357399e-05
6.81420233463	2.26869338878e-05
6.82879377432	2.03394117361e-05
6.84338521401	1.82211850042e-05
6.8579766537	1.63114185357e-05
6.87256809339	1.45909964041e-05
6.88715953308	1.30423989267e-05
6.90175097276	1.16495864627e-05
6.91634241245	1.03978898373e-05
6.93093385214	9.27390721529e-06
6.94552529183	8.2654072241e-06
6.96011673152	7.3612381128e-06
6.97470817121	6.55124271987e-06
6.9892996109	5.82617901432e-06
7.00389105058	5.17764596752e-06
7.01848249027	4.59801451009e-06
7.03307392996	4.08036332594e-06
7.04766536965	3.61841923629e-06
7.06225680934	3.20650192862e-06
7.07684824903	2.83947278878e-06
7.09143968872	2.51268759971e-06
7.10603112841	2.22195287588e-06
7.12062256809	1.96348560938e-06
7.13521400778	1.73387621124e-06
7.14980544747	1.53005443934e-06
7.16439688716	1.34925811289e-06
7.17898832685	1.1890044224e-06
7.19357976654	1.04706365252e-06
7.20817120623	9.2143514467e-07
7.22276264592	8.10325335146e-07
7.2373540856	7.12127713475e-07
7.25194552529	6.25404554596e-07
7.26653696498	5.48870287158e-07
7.28112840467	4.8137636872e-07
7.29571984436	4.21897546787e-07
7.31031128405	3.69519392563e-07
7.32490272374	3.23427001938e-07
7.33949416343	2.82894765492e-07
7.35408560311	2.47277116288e-07
7.3686770428	2.16000170821e-07
7.38326848249	1.88554184797e-07
7.39785992218	1.64486751336e-07
7.41245136187	1.43396674793e-07
7.42704280156	1.24928458667e-07
7.44163424125	1.0876735098e-07
7.45622568094	9.46348951685e-08
7.47081712062	8.22849388043e-08
7.48540856031	7.15000565106e-08
7.5	6.20883471609e-08
7.51459143969	5.38805689326e-08
7.52918287938	4.67275790107e-08
7.54377431907	4.04980476196e-08
7.55836575876	3.50764189422e-08
7.57295719844	3.03610939118e-08
7.58754863813	2.62628122022e-08
7.60214007782	2.27032128885e-08
7.61673151751	1.96135551918e-08
7.6313229572	1.69335825174e-08
7.64591439689	1.46105146233e-08
7.66050583658	1.259815425e-08
7.67509727627	1.08560959013e-08
7.68968871595	9.34902569929e-09
7.70428015564	8.04610236255e-09
7.71887159533	6.9204103736e-09
7.73346303502	5.9484773241e-09
7.74805447471	5.10984826617e-09
7.7626459144	4.38671064791e-09
7.77723735409	3.7635640968e-09
7.79182879378	3.22692992764e-09
7.80642023346	2.76509580577e-09
7.82101167315	2.36789149331e-09
7.83560311284	2.02649205498e-09
7.85019455253	1.73324529874e-09
7.86478599222	1.48152058924e-09
7.87937743191	1.26557649134e-09
7.8939688716	1.08044499079e-09
7.90856031129	9.21830294987e-10
7.92315175097	7.8602044762e-10
7.93774319066	6.69810194303e-10
7.95233463035	5.70433719625e-10
7.96692607004	4.85506037074e-10
7.98151750973	4.12971958464e-10
7.99610894942	3.51061696095e-10
8.01070038911	2.98252265271e-10
8.0252918288	2.53233954526e-10
8.03988326848	2.1488122033e-10
8.05447470817	1.82227441205e-10
8.06906614786	1.54443035987e-10
8.08365758755	1.30816511795e-10
8.09824902724	1.10738061926e-10
8.11284046693	9.36853807695e-11
8.12743190662	7.92114052346e-11
8.1420233463	6.69337286913e-11
8.15661478599	5.65254659857e-11
8.17120622568	4.77073762121e-11
8.18579766537	4.0241075106e-11
8.20038910506	3.39231903829e-11
8.21498054475	2.85803327953e-11
8.22957198444	2.40647720413e-11
8.24416342413	2.02507214234e-11
8.25875486381	1.70311477818e-11
8.2733463035	1.43150344166e-11
8.28793774319	1.20250342853e-11
8.30252918288	1.00954592739e-11
8.31712062257	8.47055856351e-12
8.33171206226	7.10304562462e-12
8.34630350195	5.95283874392e-12
8.36089494164	4.98598491512e-12
8.37548638132	4.17374100549e-12
8.39007782101	3.49178977033e-12
8.4046692607	2.91957136554e-12
8.41926070039	2.43971375275e-12
8.43385214008	2.0375476649e-12
8.44844357977	1.70069389794e-12
8.46303501946	1.41871235122e-12
8.47762645915	1.18280379491e-12
8.49221789883	9.85556603008e-13
8.50680933852	8.20731827276e-13
8.52140077821	6.83080917519e-13
8.5359922179	5.68191245279e-13
8.55058365759	4.72355261845e-13
8.56517509728	3.92459763925e-13
8.57976653697	3.25892227003e-13
8.59435797666	2.70461635285e-13
8.60894941634	2.24331601842e-13
8.62354085603	1.85963914809e-13
8.63813229572	1.54070910429e-13
8.65272373541	1.27575322626e-13
8.6673151751	1.05576452409e-13
8.68190661479	8.73216879343e-14
8.69649805448	7.21825380052e-14
8.71108949416	5.96344808121e-14
8.72568093385	4.92400290532e-14
8.74027237354	4.06345089882e-14
8.75486381323	3.35141245714e-14
8.76945525292	2.76259476459e-14
8.78404669261	2.275952612e-14
8.7986381323	1.87398563811e-14
8.81322957199	1.54214991355e-14
8.82782101167	1.26836574109e-14
8.84241245136	1.04260609675e-14
8.85700389105	8.56552806582e-15
8.87159533074	7.03309392309e-15
8.88618677043	5.77161517485e-15
8.90077821012	4.7337711207e-15
8.91536964981	3.88039874947e-15
8.9299610895	3.1791053867e-15
8.94455252918	2.60311425534e-15
8.95914396887	2.13030372789e-15
8.97373540856	1.74240888648e-15
8.98832684825	1.42435788334e-15
9.00291828794	1.16372119258e-15
9.01750972763	9.50254161877e-16
9.03210116732	7.75518015739e-16
9.04669260701	6.32565512897e-16
9.06128404669	5.15680722867e-16
9.07587548638	4.20163459177e-16
9.09046692607	3.42151073213e-16
9.10505836576	2.7847100898e-16
9.11964980545	2.26519101814e-16
9.13424124514	1.84158868411e-16
9.14883268483	1.49638610266e-16
9.16342412452	1.21522899725e-16
9.1780155642	9.86361838483e-17
9.19260700389	8.00162651983e-17
9.20719844358	6.48760526784e-17
9.22178988327	5.25720424961e-17
9.23638132296	4.25784556168e-17
9.25097276265	3.44659105675e-17
9.26556420234	2.78839748473e-17
9.28015564202	2.25467952757e-17
9.29474708171	1.82213462743e-17
9.3093385214	1.47177611414e-17
9.32392996109	1.18814353314e-17
9.33852140078	9.58654218967e-18
9.35311284047	7.73074886062e-18
9.36770428016	6.23085542638e-18
9.38229571985	5.0192709122e-18
9.39688715953	4.04110832027e-18
9.41147859922	3.25182786609e-18
9.42607003891	2.61530201897e-18
9.4406614786	2.10224709775e-18
9.45525291829	1.68893538483e-18
9.46984435798	1.3561587021e-18
9.48443579767	1.08836923364e-18
9.49902723736	8.72992674872e-19
9.51361867704	6.99863326409e-19
9.52821011673	5.60770117069e-19
9.54280155642	4.49081544834e-19
9.55739299611	3.594469202e-19
9.5719844358	2.87549597639e-19
9.58657587549	2.29911566143e-19
9.60116731518	1.83729325152e-19
9.61575875487	1.46746192496e-19
9.63035019455	1.17145325627e-19
9.64494163424	9.34659823196e-20
9.65953307393	7.45335458675e-20
9.67412451362	5.94046801128e-20
9.68871595331	4.73214224479e-20
9.703307393	3.76762519614e-20
9.71789883269	2.99811766934e-20
9.73249027237	2.3845269216e-20
9.74708171206	1.89551350717e-20
9.76167315175	1.50599324955e-20
9.77626459144	1.1958792637e-20
9.79085603113	9.49127053777e-21
9.80544747082	7.52883932702e-21
9.82003891051	5.96910057268e-21
9.8346303502	4.73002323795e-21
9.84922178988	3.74623706889e-21
9.86381322957	2.96549298184e-21
9.87840466926	2.34624809858e-21
9.89299610895	1.85532475104e-21
9.90758754864	1.46634856467e-21
9.92217898833	1.15828169841e-21
9.93677042802	9.14475678781e-22
9.95136186771	7.21600298992e-22
9.96595330739	5.6912364318e-22
9.98054474708	4.48620573269e-22
9.99513618677	3.53449158254e-22
10.0097276265	2.78311442058e-22
10.0243190661	2.19035608165e-22
10.0389105058	1.72276051477e-22
10.0535019455	1.35434876026e-22
10.0680933852	1.06417934746e-22
10.0826848249	8.35793715278e-23
10.0972762646	6.56043715412e-23
10.1118677043	5.14673067767e-23
10.126459144	4.03514375656e-23
10.1410505837	3.16217180399e-23
10.1556420233	2.47620384387e-23
10.170233463	1.93814765979e-23
10.1848249027	1.51616517669e-23
10.1994163424	1.18543344047e-23
10.2140077821	9.26177494326e-24
10.2285992218	7.23289454414e-24
10.2431906615	5.6439583471e-24
10.2577821012	4.40125232973e-24
10.2723735409	3.42828468539e-24
10.2869649805	2.6694713698e-24
10.3015564202	2.07711536384e-24
10.3161478599	1.61569929495e-24
10.3307392996	1.25543115081e-24
10.3453307393	9.74779207927e-25
10.359922179	7.55682366765e-25
10.3745136187	5.85309163872e-25
10.3891050584	4.5229794968e-25
10.4036964981	3.49621094967e-25
10.4182879377	2.69908613101e-25
10.4328793774	2.08344012349e-25
10.4474708171	1.60561551764e-25
10.4620622568	1.23601833952e-25
10.4766536965	9.48187446008e-26
10.4912451362	7.2702902204e-26
10.5058365759	5.54655090459e-26
10.5204280156	4.237707005e-26
10.5350194553	3.23654092498e-26
10.5496108949	2.4778245299e-26
10.5642023346	1.89372771203e-26
10.5787937743	1.45655894628e-26
10.593385214	1.12146779872e-26
10.6079766537	8.69624380054e-27
10.6225680934	6.80605739531e-27
10.6371595331	5.37342538556e-27
10.6517509728	4.30846568035e-27
10.6663424125	3.54060214383e-27
10.6809338521	2.96913347319e-27
10.6955252918	2.54661665257e-27
10.7101167315	2.25242669648e-27
10.7247081712	2.05460774166e-27
10.7392996109	1.94311598212e-27
10.7538910506	1.85099534461e-27
10.7684824903	1.8017199914e-27
10.78307393	1.76699426662e-27
10.7976653697	1.76447499888e-27
10.8122568093	1.74256702007e-27
10.826848249	1.73029267232e-27
10.8414396887	1.74540689666e-27
10.8560311284	1.81228674982e-27
10.8706225681	1.82454656428e-27
10.8852140078	1.82366521414e-27
10.8998054475	1.79863316676e-27
10.9143968872	1.79996457859e-27
10.9289883268	1.77557437882e-27
10.9435797665	1.75898639368e-27
10.9581712062	1.7433446714e-27
10.9727626459	1.78768230206e-27
10.9873540856	1.77720856135e-27
11.0019455253	1.75394451329e-27
11.016536965	1.72555552812e-27
11.0311284047	1.71234862975e-27
11.0457198444	1.70506724824e-27
11.060311284	1.72806822069e-27
11.0749027237	1.75722927625e-27
11.0894941634	1.86268939426e-27
11.1040856031	1.96445889093e-27
11.1186770428	2.12714536212e-27
11.1332684825	2.34442681643e-27
11.1478599222	2.68622482676e-27
11.1624513619	3.15822819754e-27
11.1770428016	3.83584187969e-27
11.1916342412	4.80327881962e-27
11.2062256809	6.17085234371e-27
11.2208171206	7.9140257344e-27
11.2354085603	1.04769424188e-26
11.25	1.28245926092e-26
11.2645914397	1.03775588554e-26
11.2791828794	7.70511058665e-27
11.2937743191	5.8243258582e-27
11.3083657588	4.37778359829e-27
11.3229571984	3.31486558222e-27
11.3375486381	2.50471831183e-27
11.3521400778	1.89914996658e-27
11.3667315175	1.43441711567e-27
11.3813229572	1.08526580061e-27
11.3959143969	8.32694072145e-28
11.4105058366	6.42679582245e-28
11.4250972763	5.06655971109e-28
11.439688716	4.04442514631e-28
11.4542801556	3.28989827283e-28
11.4688715953	2.74008186624e-28
11.483463035	2.32816017702e-28
11.4980544747	2.01202358527e-28
11.5126459144	1.82612636538e-28
11.5272373541	1.62986496115e-28
11.5418287938	1.51845551333e-28
11.5564202335	1.42417865335e-28
11.5710116732	1.36809882004e-28
11.5856031128	1.31731300137e-28
11.6001945525	1.3214701611e-28
11.6147859922	1.31131949203e-28
11.6293774319	1.34929486572e-28
11.6439688716	1.35708836925e-28
11.6585603113	1.377431419e-28
11.673151751	1.30689724366e-28
11.6877431907	1.31996783185e-28
11.7023346304	1.33389290325e-28
11.71692607	1.36693025099e-28
11.7315175097	1.38911393861e-28
11.7461089494	1.45573026151e-28
11.7607003891	1.53834644077e-28
11.7752918288	1.67808394137e-28
11.7898832685	1.76412943717e-28
11.8044747082	1.90033231339e-28
11.8190661479	2.02150759034e-28
11.8336575876	2.14935890132e-28
11.8482490272	2.24630046238e-28
11.8628404669	2.41032381545e-28
11.8774319066	2.55283456428e-28
11.8920233463	2.63636113328e-28
11.906614786	2.66926047391e-28
11.9212062257	2.7209526717e-28
11.9357976654	2.73453748809e-28
11.9503891051	2.78711651099e-28
11.9649805447	2.73700149892e-28
11.9795719844	2.72783217456e-28
11.9941634241	2.68347669947e-28
12.0087548638	2.66616090668e-28
12.0233463035	2.62296699846e-28
12.0379377432	2.63970613347e-28
12.0525291829	2.64124172997e-28
12.0671206226	2.56661268065e-28
12.0817120623	2.50264269249e-28
12.0963035019	2.48966619411e-28
12.1108949416	2.47623626456e-28
12.1254863813	2.54618317074e-28
12.140077821	2.66458200582e-28
12.1546692607	2.76631369418e-28
12.1692607004	2.82242660422e-28
12.1838521401	2.84343749997e-28
12.1984435798	2.82095693195e-28
12.2130350195	2.80146736737e-28
12.2276264591	2.80806090792e-28
12.2422178988	2.85679851496e-28
12.2568093385	2.99600706818e-28
12.2714007782	3.11321213708e-28
12.2859922179	3.21375431088e-28
12.3005836576	3.29738076024e-28
12.3151750973	3.32164841085e-28
12.329766537	3.31893067956e-28
12.3443579767	3.34746534388e-28
12.3589494163	3.37131872668e-28
12.373540856	3.48767701682e-28
12.3881322957	3.5945987796e-28
12.4027237354	3.65465354035e-28
12.4173151751	3.63110127174e-28
12.4319066148	3.60092153452e-28
12.4464980545	3.57327549066e-28
12.4610894942	3.59253711324e-28
12.4756809339	3.69576085651e-28
12.4902723735	3.91175322918e-28
12.5048638132	4.03932211817e-28
12.5194552529	4.16173293657e-28
12.5340466926	4.20289475375e-28
12.5486381323	4.2088250217e-28
12.563229572	4.22841559667e-28
12.5778210117	4.2719694446e-28
12.5924124514	4.36899685759e-28
12.6070038911	4.64275187961e-28
12.6215953307	4.72962458059e-28
12.6361867704	4.7641040824e-28
12.6507782101	4.6809894625e-28
12.6653696498	4.63872652487e-28
12.6799610895	4.6498440793e-28
12.6945525292	4.7445422186e-28
12.7091439689	4.91857620009e-28
12.7237354086	5.31534281375e-28
12.7383268483	5.54029640921e-28
12.7529182879	5.62225734709e-28
12.7675097276	5.57269896612e-28
12.7821011673	5.5636094018e-28
12.796692607	5.49489708635e-28
12.8112840467	5.55694305007e-28
12.8258754864	5.75874020182e-28
12.8404669261	6.11150350497e-28
12.8550583658	6.23486327512e-28
12.8696498054	6.30752696466e-28
12.8842412451	6.23568303493e-28
12.8988326848	6.15507052484e-28
12.9134241245	6.12542848267e-28
12.9280155642	6.19939009746e-28
12.9426070039	6.31732922763e-28
12.9571984436	6.61251170534e-28
12.9717898833	6.68977658943e-28
12.986381323	6.76189475335e-28
13.0009727626	6.70085648713e-28
13.0155642023	6.6521647507e-28
13.030155642	6.57799181461e-28
13.0447470817	6.61216959273e-28
13.0593385214	6.73696434485e-28
13.0739299611	7.16342300367e-28
13.0885214008	7.3518061375e-28
13.1031128405	7.38183950636e-28
13.1177042802	7.27987612265e-28
13.1322957198	7.22855956539e-28
13.1468871595	7.15871258993e-28
13.1614785992	7.25141926686e-28
13.1760700389	7.47100521312e-28
13.1906614786	7.92275729696e-28
13.2052529183	8.02746810077e-28
13.219844358	8.14352197898e-28
13.2344357977	8.08065344882e-28
13.2490272374	8.00152335937e-28
13.263618677	7.97662084249e-28
13.2782101167	8.04139105562e-28
13.2928015564	8.1247948907e-28
13.3073929961	8.52828954539e-28
13.3219844358	8.71769532053e-28
13.3365758755	8.80842760129e-28
13.3511673152	8.66683229052e-28
13.3657587549	8.54834555466e-28
13.3803501946	8.38209617145e-28
13.3949416342	8.32036636308e-28
13.4095330739	8.42763477686e-28
13.4241245136	8.82892031133e-28
13.4387159533	8.91476697323e-28
13.453307393	8.98091683103e-28
13.4678988327	8.92020573267e-28
13.4824902724	8.88957243747e-28
13.4970817121	8.73646198232e-28
13.5116731518	8.79408621804e-28
13.5262645914	8.9747595433e-28
13.5408560311	9.43887696162e-28
13.5554474708	9.64145071575e-28
13.5700389105	9.77760738612e-28
13.5846303502	9.6781475769e-28
13.5992217899	9.56938792723e-28
13.6138132296	9.4847578905e-28
13.6284046693	9.5474047205e-28
13.642996109	9.60417288527e-28
13.6575875486	1.01014652549e-27
13.6721789883	1.02768955945e-27
13.686770428	1.03133605937e-27
13.7013618677	1.02467817755e-27
13.7159533074	1.02886350176e-27
13.7305447471	1.02340371403e-27
13.7451361868	1.02610743182e-27
13.7597276265	1.03855097011e-27
13.7743190661	1.08385292595e-27
13.7889105058	1.0913362751e-27
13.8035019455	1.09732705013e-27
13.8180933852	1.07879620756e-27
13.8326848249	1.06711120546e-27
13.8472762646	1.05843189361e-27
13.8618677043	1.07172645461e-27
13.876459144	1.08720489204e-27
13.8910505837	1.13412707957e-27
13.9056420233	1.14823812311e-27
13.920233463	1.15699444468e-27
13.9348249027	1.14337938503e-27
13.9494163424	1.14396557339e-27
13.9640077821	1.14182456342e-27
13.9785992218	1.15284134986e-27
13.9931906615	1.16588544494e-27
14.0077821012	1.22256284332e-27
14.0223735409	1.23418195169e-27
14.0369649805	1.23034350991e-27
14.0515564202	1.2145858208e-27
14.0661478599	1.20929761583e-27
14.0807392996	1.1901969739e-27
14.0953307393	1.19659023714e-27
14.109922179	1.21351342219e-27
14.1245136187	1.26854669242e-27
14.1391050584	1.2740049679e-27
14.1536964981	1.27389819463e-27
14.1682879377	1.25368057205e-27
14.1828793774	1.24173261849e-27
14.1974708171	1.22436743043e-27
14.2120622568	1.22328825455e-27
14.2266536965	1.22488778989e-27
14.2412451362	1.27743805653e-27
14.2558365759	1.29298452366e-27
14.2704280156	1.2970589993e-27
14.2850194553	1.27299612599e-27
14.2996108949	1.26479411447e-27
14.3142023346	1.24853521552e-27
14.3287937743	1.24862126017e-27
14.343385214	1.25615189556e-27
14.3579766537	1.31136371316e-27
14.3725680934	1.31773494051e-27
14.3871595331	1.30652579345e-27
14.4017509728	1.28068389965e-27
14.4163424125	1.26912485026e-27
14.4309338521	1.2416022731e-27
14.4455252918	1.23736156453e-27
14.4601167315	1.23949986101e-27
14.4747081712	1.27761975274e-27
14.4892996109	1.2768474433e-27
14.5038910506	1.27559261093e-27
14.5184824903	1.25500660371e-27
14.53307393	1.24629036817e-27
14.5476653697	1.23785587342e-27
14.5622568093	1.23731247417e-27
14.576848249	1.23147715735e-27
14.5914396887	1.27614361051e-27
14.6060311284	1.27804038849e-27
14.6206225681	1.2733249869e-27
14.6352140078	1.23943232355e-27
14.6498054475	1.21780576884e-27
14.6643968872	1.19377659785e-27
14.6789883268	1.17884086827e-27
14.6935797665	1.16347982827e-27
14.7081712062	1.18458306281e-27
14.7227626459	1.16541992297e-27
14.7373540856	1.14258976446e-27
14.7519455253	1.09725277479e-27
14.766536965	1.0708745139e-27
14.7811284047	1.02377583697e-27
14.7957198444	9.96333907829e-28
14.810311284	9.66127992931e-28
14.8249027237	9.50921279287e-28
14.8394941634	8.95424191698e-28
14.8540856031	8.36856477842e-28
14.8686770428	7.6639991884e-28
14.8832684825	7.19841762408e-28
14.8978599222	6.91319789533e-28
14.9124513619	7.03069711099e-28
14.9270428016	7.66978004711e-28
14.9416342412	9.52644250799e-28
14.9562256809	1.26469175778e-27
14.9708171206	1.78305911437e-27
14.9854085603	2.73995675862e-27
15.0	3.75417484091e-27
