-14.9854085603	1.71604462634e-27
-14.9708171206	1.0138834931e-27
-14.9562256809	6.12987842687e-28
-14.9416342412	3.62485011791e-28
-14.9270428016	2.16691971036e-28
-14.9124513619	1.31242715452e-28
-14.8978599222	8.68318384258e-29
-14.8832684825	6.40626422998e-29
-14.8686770428	5.78115255918e-29
-14.8540856031	5.78495408357e-29
-14.8394941634	6.22744969939e-29
-14.8249027237	6.1226663204e-29
-14.810311284	6.73920648784e-29
-14.7957198444	7.1761557139e-29
-14.7811284047	8.01550812759e-29
-14.766536965	8.58022965436e-29
-14.7519455253	9.2477989309e-29
-14.7373540856	9.66665139892e-29
-14.7227626459	9.90947774683e-29
-14.7081712062	9.03998362466e-29
-14.6935797665	9.20895821966e-29
-14.6789883268	9.39929478657e-29
-14.6643968872	9.94635031372e-29
-14.6498054475	1.02542946782e-28
-14.6352140078	1.10372213815e-28
-14.6206225681	1.12450703297e-28
-14.6060311284	1.13456553435e-28
-14.5914396887	1.05003213088e-28
-14.576848249	1.04536883036e-28
-14.5622568093	1.05129544517e-28
-14.5476653696	1.10896939365e-28
-14.53307393	1.12780184023e-28
-14.5184824903	1.1785236306e-28
-14.5038910506	1.19320341353e-28
-14.4892996109	1.20560890481e-28
-14.4747081712	1.11305785163e-28
-14.4601167315	1.11095532687e-28
-14.4455252918	1.11156902768e-28
-14.4309338521	1.17308905848e-28
-14.4163424125	1.20424662549e-28
-14.4017509728	1.26689891716e-28
-14.3871595331	1.30578014787e-28
-14.3725680934	1.34276397272e-28
-14.3579766537	1.2674741107e-28
-14.343385214	1.27898108607e-28
-14.3287937743	1.3051831917e-28
-14.3142023346	1.35806891414e-28
-14.2996108949	1.41141788479e-28
-14.2850194553	1.49109663742e-28
-14.2704280156	1.52524669183e-28
-14.2558365759	1.546711088e-28
-14.2412451362	1.49143951549e-28
-14.2266536965	1.52589905667e-28
-14.2120622568	1.57536676669e-28
-14.1974708171	1.6452261189e-28
-14.1828793774	1.6800106227e-28
-14.1682879377	1.73122246831e-28
-14.1536964981	1.75588802913e-28
-14.1391050584	1.76190688676e-28
-14.1245136187	1.69733671108e-28
-14.109922179	1.70212532638e-28
-14.0953307393	1.73278642917e-28
-14.0807392996	1.79700259856e-28
-14.0661478599	1.84495164492e-28
-14.0515564202	1.90076690439e-28
-14.0369649805	1.95573340196e-28
-14.0223735409	2.00485418578e-28
-14.0077821012	1.9880377401e-28
-13.9931906615	2.03976072102e-28
-13.9785992218	2.09713211984e-28
-13.9640077821	2.18481355539e-28
-13.9494163424	2.29618441515e-28
-13.9348249027	2.3913020531e-28
-13.920233463	2.44195073737e-28
-13.9056420233	2.50852950247e-28
-13.8910505837	2.53333562763e-28
-13.876459144	2.60498637535e-28
-13.8618677043	2.74499858953e-28
-13.8472762646	2.88649213445e-28
-13.8326848249	3.0045618509e-28
-13.8180933852	3.14569350752e-28
-13.8035019455	3.32609918054e-28
-13.7889105058	3.50693781183e-28
-13.7743190661	3.7280374201e-28
-13.7597276265	3.92761962324e-28
-13.7451361868	4.1466038144e-28
-13.7305447471	4.30619014293e-28
-13.7159533074	4.45976186769e-28
-13.7013618677	4.52789562769e-28
-13.686770428	4.575807141e-28
-13.6721789883	4.5340774594e-28
-13.6575875486	4.42380955843e-28
-13.6429961089	4.36821867905e-28
-13.6284046693	4.33250643323e-28
-13.6138132296	4.29079004057e-28
-13.5992217899	4.25174511809e-28
-13.5846303502	4.1824408802e-28
-13.5700389105	4.18879043603e-28
-13.5554474708	4.16982234384e-28
-13.5408560311	4.1445966226e-28
-13.5262645914	4.15591007165e-28
-13.5116731518	4.2634331162e-28
-13.4970817121	4.35386745674e-28
-13.4824902724	4.3934445395e-28
-13.4678988327	4.46383389282e-28
-13.453307393	4.59242938775e-28
-13.4387159533	4.76004418415e-28
-13.4241245136	5.05019903042e-28
-13.4095330739	5.22628515992e-28
-13.3949416342	5.42397593002e-28
-13.3803501946	5.52890253616e-28
-13.3657587549	5.61996497668e-28
-13.3511673152	5.67166529197e-28
-13.3365758755	5.71090330882e-28
-13.3219844358	5.7058705819e-28
-13.3073929961	5.6668685771e-28
-13.2928015564	5.66124837317e-28
-13.2782101167	5.68886351662e-28
-13.263618677	5.71493354591e-28
-13.2490272374	5.80234508827e-28
-13.2344357977	5.85032006515e-28
-13.219844358	5.94918966867e-28
-13.2052529183	6.10536299086e-28
-13.1906614786	6.39025510589e-28
-13.1760700389	6.63654386835e-28
-13.1614785992	6.85369542102e-28
-13.1468871595	6.99708146535e-28
-13.1322957198	7.09707725051e-28
-13.1177042802	7.17061660276e-28
-13.1031128405	7.29302787551e-28
-13.0885214008	7.37610075006e-28
-13.0739299611	7.57327896807e-28
-13.0593385214	7.69397296082e-28
-13.0447470817	7.82567552713e-28
-13.030155642	7.8900662843e-28
-13.0155642023	7.94179554611e-28
-13.0009727626	7.96110660813e-28
-12.986381323	8.00954317909e-28
-12.9717898833	8.04455278402e-28
-12.9571984436	8.16938365033e-28
-12.9426070039	8.23662267874e-28
-12.9280155642	8.30773108951e-28
-12.9134241245	8.28631896603e-28
-12.8988326848	8.26848724855e-28
-12.8842412451	8.22260388071e-28
-12.8696498054	8.23067408188e-28
-12.8550583658	8.21155018465e-28
-12.8404669261	8.33809890528e-28
-12.8258754864	8.38573370716e-28
-12.8112840467	8.41922669953e-28
-12.796692607	8.42295808998e-28
-12.7821011673	8.40354007191e-28
-12.7675097276	8.32276532545e-28
-12.7529182879	8.31998702971e-28
-12.7383268482	8.2701719837e-28
-12.7237354086	8.30802897879e-28
-12.7091439689	8.27926633521e-28
-12.6945525292	8.25469381268e-28
-12.6799610895	8.1600180294e-28
-12.6653696498	8.12178023021e-28
-12.6507782101	8.066859005e-28
-12.6361867704	8.06373184782e-28
-12.6215953307	8.05375242125e-28
-12.6070038911	8.13519629476e-28
-12.5924124514	8.1201622823e-28
-12.5778210117	8.14684673069e-28
-12.563229572	8.06388467641e-28
-12.5486381323	8.01340995245e-28
-12.5340466926	8.00468469226e-28
-12.5194552529	8.10067895257e-28
-12.5048638132	8.25052351621e-28
-12.4902723735	8.60809351725e-28
-12.4756809339	8.82804524167e-28
-12.4610894942	9.00270812368e-28
-12.4464980545	9.03207954312e-28
-12.4319066148	8.99761478738e-28
-12.4173151751	8.87941000048e-28
-12.4027237354	8.75800665112e-28
-12.3881322957	8.50867801234e-28
-12.373540856	8.35221564252e-28
-12.3589494163	8.15221258651e-28
-12.3443579767	7.99546321562e-28
-12.329766537	7.76166973065e-28
-12.3151750973	7.59761893625e-28
-12.3005836576	7.4068728576e-28
-12.2859922179	7.31114888585e-28
-12.2714007782	7.25194024008e-28
-12.2568093385	7.37434840913e-28
-12.2422178988	7.3798375968e-28
-12.2276264591	7.42143397794e-28
-12.2130350195	7.32363499011e-28
-12.1984435798	7.25953293191e-28
-12.1838521401	7.16159259475e-28
-12.1692607004	7.09506950335e-28
-12.1546692607	7.04726307279e-28
-12.140077821	7.18808674658e-28
-12.1254863813	7.12005064324e-28
-12.1108949416	7.03052166418e-28
-12.0963035019	6.89065976666e-28
-12.0817120623	6.77161542843e-28
-12.0671206226	6.64399357479e-28
-12.0525291829	6.64491521153e-28
-12.0379377432	6.60083731801e-28
-12.0233463035	6.72429659997e-28
-12.0087548638	6.71238822076e-28
-11.9941634241	6.7271695131e-28
-11.9795719844	6.71003689571e-28
-11.9649805447	6.76713073335e-28
-11.9503891051	6.78761492305e-28
-11.9357976654	6.95295767417e-28
-11.9212062257	7.22174689748e-28
-11.906614786	7.79300155303e-28
-11.8920233463	8.08646156653e-28
-11.8774319066	8.25396719306e-28
-11.8628404669	8.16694398093e-28
-11.8482490272	8.06810581326e-28
-11.8336575875	7.91982673129e-28
-11.8190661479	7.81710085181e-28
-11.8044747082	7.65393176266e-28
-11.7898832685	7.60499439257e-28
-11.7752918288	7.37249303985e-28
-11.7607003891	7.13730606154e-28
-11.7461089494	6.86124596997e-28
-11.7315175097	6.6755171203e-28
-11.71692607	6.49235006606e-28
-11.7023346304	6.39310656747e-28
-11.6877431907	6.25591497328e-28
-11.673151751	6.31117007964e-28
-11.6585603113	6.27111858739e-28
-11.6439688716	6.21228761976e-28
-11.6293774319	6.07379475798e-28
-11.6147859922	5.96524711969e-28
-11.6001945525	5.88369755457e-28
-11.5856031128	6.00992585897e-28
-11.5710116732	6.21298247697e-28
-11.5564202335	6.65604914381e-28
-11.5418287938	6.83227129771e-28
-11.5272373541	7.02556126845e-28
-11.5126459144	7.15035583226e-28
-11.4980544747	7.24311016387e-28
-11.483463035	7.40145151298e-28
-11.4688715953	7.63578882797e-28
-11.4542801556	7.9161116352e-28
-11.439688716	8.48460840639e-28
-11.4250972763	8.96845924568e-28
-11.4105058366	9.64472097757e-28
-11.3959143969	1.05586720007e-27
-11.3813229572	1.19060233467e-27
-11.3667315175	1.37489123553e-27
-11.3521400778	1.63920921966e-27
-11.3375486381	1.97279468281e-27
-11.3229571984	2.43933820933e-27
-11.3083657588	3.04879003724e-27
-11.2937743191	3.90502720466e-27
-11.2791828794	5.03247147285e-27
-11.2645914397	6.703811147e-27
-11.25	8.27274401681e-27
-11.2354085603	6.76904818698e-27
-11.2208171206	5.12459310365e-27
-11.2062256809	4.02697789061e-27
-11.1916342412	3.14626310688e-27
-11.1770428016	2.49475644171e-27
-11.1624513619	1.98867549274e-27
-11.1478599222	1.59745707471e-27
-11.1332684825	1.28621037368e-27
-11.1186770428	1.04538149347e-27
-11.1040856031	8.52801951096e-28
-11.0894941634	7.04053489578e-28
-11.0749027237	5.89384506878e-28
-11.060311284	5.05203225064e-28
-11.0457198444	4.40262864304e-28
-11.0311284047	3.91987408558e-28
-11.016536965	3.5692811489e-28
-11.0019455253	3.27709369657e-28
-10.9873540856	3.0472838027e-28
-10.9727626459	2.7762395348e-28
-10.9581712062	2.5828533214e-28
-10.9435797665	2.49632583809e-28
-10.9289883268	2.45453728417e-28
-10.9143968872	2.42316240652e-28
-10.8998054475	2.45640503323e-28
-10.8852140078	2.48475851854e-28
-10.8706225681	2.50516302426e-28
-10.8560311284	2.46025878056e-28
-10.8414396887	2.4612773024e-28
-10.826848249	2.47540441038e-28
-10.8122568093	2.55142436575e-28
-10.7976653696	2.60466923558e-28
-10.78307393	2.64489886536e-28
-10.7684824903	2.63635856464e-28
-10.7538910506	2.62804093889e-28
-10.7392996109	2.58215772622e-28
-10.7247081712	2.60982427305e-28
-10.7101167315	2.66671997301e-28
-10.6955252918	2.77069105147e-28
-10.6809338521	2.87968809049e-28
-10.6663424125	2.98555742189e-28
-10.6517509728	3.04401543503e-28
-10.6371595331	3.11827238674e-28
-10.6225680934	3.13587682627e-28
-10.6079766537	3.15783954252e-28
-10.593385214	3.19793794815e-28
-10.5787937743	3.26026022322e-28
-10.5642023346	3.29975845865e-28
-10.5496108949	3.37572884002e-28
-10.5350194553	3.36328758218e-28
-10.5204280156	3.31237288263e-28
-10.5058365759	3.1739918403e-28
-10.4912451362	3.09819409928e-28
-10.4766536965	3.07359992686e-28
-10.4620622568	3.09999616847e-28
-10.4474708171	3.1109417992e-28
-10.4328793774	3.12309020751e-28
-10.4182879377	3.06842987421e-28
-10.4036964981	3.00675038243e-28
-10.3891050584	2.84593714971e-28
-10.3745136187	2.78404922593e-28
-10.359922179	2.76990064042e-28
-10.3453307393	2.81123675587e-28
-10.3307392996	2.85459727535e-28
-10.3161478599	2.92526365617e-28
-10.3015564202	2.92186371447e-28
-10.2869649805	2.89945281718e-28
-10.2723735409	2.82927499875e-28
-10.2577821012	2.78205992067e-28
-10.2431906615	2.76870206548e-28
-10.2285992218	2.80910425894e-28
-10.2140077821	2.80725771153e-28
-10.1994163424	2.82753486132e-28
-10.1848249027	2.79713395899e-28
-10.170233463	2.69198223404e-28
-10.1556420233	2.54554635524e-28
-10.1410505837	2.45386126076e-28
-10.126459144	2.38408067595e-28
-10.1118677043	2.39136039995e-28
-10.0972762646	2.37074875055e-28
-10.0826848249	2.33472092834e-28
-10.0680933852	2.27000949295e-28
-10.0535019455	2.19639442374e-28
-10.0389105058	2.08312977053e-28
-10.0243190661	2.0312129057e-28
-10.0097276265	1.99967402772e-28
-9.99513618677	2.03170416668e-28
-9.98054474708	2.06932109969e-28
-9.96595330739	2.1153504946e-28
-9.9513618677	2.14552104176e-28
-9.93677042802	2.19199521039e-28
-9.92217898833	2.23269338814e-28
-9.90758754864	2.26296540482e-28
-9.89299610895	2.3330054101e-28
-9.87840466926	2.37492251668e-28
-9.86381322957	2.41402886704e-28
-9.84922178988	2.48924711711e-28
-9.83463035019	2.57520329898e-28
-9.82003891051	2.66336272836e-28
-9.80544747082	2.81013297857e-28
-9.79085603113	2.96784989715e-28
-9.77626459144	3.1417629431e-28
-9.76167315175	3.32450237422e-28
-9.74708171206	3.49808294319e-28
-9.73249027237	3.65705005255e-28
-9.71789883268	3.88841553682e-28
-9.703307393	4.13050552988e-28
-9.68871595331	4.50669587268e-28
-9.67412451362	4.82907733305e-28
-9.65953307393	5.08057668601e-28
-9.64494163424	5.26536480212e-28
-9.63035019455	5.44378491272e-28
-9.61575875486	5.57381042607e-28
-9.60116731517	5.75367912382e-28
-9.58657587549	5.95506518187e-28
-9.5719844358	6.29466111939e-28
-9.55739299611	6.48231232885e-28
-9.54280155642	6.61330117928e-28
-9.52821011673	6.68521242136e-28
-9.51361867704	6.73760726383e-28
-9.49902723735	6.81427757776e-28
-9.48443579767	6.91917413046e-28
-9.46984435798	7.01581059052e-28
-9.45525291829	7.29853750181e-28
-9.4406614786	7.41178169237e-28
-9.42607003891	7.53098905026e-28
-9.41147859922	7.61144867788e-28
-9.39688715953	7.66660738969e-28
-9.38229571984	7.75177493885e-28
-9.36770428016	7.97253333297e-28
-9.35311284047	8.25884965172e-28
-9.33852140078	8.79977045813e-28
-9.32392996109	9.13473641997e-28
-9.3093385214	9.34935197024e-28
-9.29474708171	9.48752996048e-28
-9.28015564202	9.69449376873e-28
-9.26556420233	9.86201142761e-28
-9.25097276265	1.01249845942e-27
-9.23638132296	1.04775612026e-27
-9.22178988327	1.1020775226e-27
-9.20719844358	1.13576075405e-27
-9.19260700389	1.1703726496e-27
-9.1780155642	1.19690503316e-27
-9.16342412451	1.22989543788e-27
-9.14883268482	1.27140086319e-27
-9.13424124514	1.32963810707e-27
-9.11964980545	1.39740286795e-27
-9.10505836576	1.51070473247e-27
-9.09046692607	1.60051702107e-27
-9.07587548638	1.67843836909e-27
-9.06128404669	1.74646562093e-27
-9.046692607	1.82366220759e-27
-9.03210116731	1.89912574498e-27
-9.01750972763	1.9983671308e-27
-9.00291828794	2.10128636985e-27
-8.98832684825	2.24816757009e-27
-8.97373540856	2.35973054347e-27
-8.95914396887	2.46274795321e-27
-8.94455252918	2.53894861048e-27
-8.92996108949	2.62608722017e-27
-8.91536964981	2.70977744086e-27
-8.90077821012	2.82821660901e-27
-8.88618677043	2.95920577129e-27
-8.87159533074	3.14355984138e-27
-8.85700389105	3.29273916405e-27
-8.84241245136	3.46072704119e-27
-8.82782101167	3.6340164467e-27
-8.81322957198	3.83329994182e-27
-8.7986381323	4.05951494972e-27
-8.78404669261	4.34482902279e-27
-8.76945525292	4.6801752183e-27
-8.75486381323	5.12425131406e-27
-8.74027237354	5.5414521671e-27
-8.72568093385	5.99721209909e-27
-8.71108949416	6.47084596168e-27
-8.69649805447	7.02277884139e-27
-8.68190661479	7.6416515543e-27
-8.6673151751	8.39978818575e-27
-8.65272373541	9.28298613624e-27
-8.63813229572	1.03869665789e-26
-8.62354085603	1.15895545163e-26
-8.60894941634	1.30374453794e-26
-8.59435797665	1.4728764368e-26
-8.57976653696	1.68275063293e-26
-8.56517509728	1.93696375282e-26
-8.55058365759	2.24946530375e-26
-8.5359922179	2.62983622749e-26
-8.52140077821	3.11159251525e-26
-8.50680933852	3.67465802972e-26
-8.49221789883	4.35186083184e-26
-8.47762645914	5.16156878575e-26
-8.46303501945	6.15317109594e-26
-8.44844357977	7.36743881148e-26
-8.43385214008	8.86810168444e-26
-8.41926070039	1.07080467956e-25
-8.4046692607	1.29992692496e-25
-8.39007782101	1.58072481477e-25
-8.37548638132	1.9288189995e-25
-8.36089494163	2.35923316806e-25
-8.34630350195	2.89589722984e-25
-8.33171206226	3.56341641989e-25
-8.31712062257	4.39897225204e-25
-8.30252918288	5.44008370753e-25
-8.28793774319	6.74299113732e-25
-8.2733463035	8.3554179292e-25
-8.25875486381	1.03644403555e-24
-8.24416342412	1.28615719166e-24
-8.22957198444	1.5975146362e-24
-8.21498054475	1.98558808839e-24
-8.20038910506	2.47004424454e-24
-8.18579766537	3.07393784799e-24
-8.17120622568	3.8283658766e-24
-8.15661478599	4.76722519978e-24
-8.1420233463	5.93783249161e-24
-8.12743190661	7.39617026012e-24
-8.11284046693	9.21381674361e-24
-8.09824902724	1.14791946842e-23
-8.08365758755	1.43037508498e-23
-8.06906614786	1.78219405936e-23
-8.05447470817	2.2206346644e-23
-8.03988326848	2.76561689669e-23
-8.02529182879	3.44327395204e-23
-8.0107003891	4.28541540105e-23
-7.99610894942	5.33222170358e-23
-7.98151750973	6.63286435415e-23
-7.96692607004	8.24881429455e-23
-7.95233463035	1.02551231687e-22
-7.93774319066	1.27454487772e-22
-7.92315175097	1.58324128104e-22
-7.90856031128	1.96593545479e-22
-7.89396887159	2.44007270504e-22
-7.87937743191	3.02743127011e-22
-7.86478599222	3.75468097317e-22
-7.85019455253	4.65490169098e-22
-7.83560311284	5.7686713716e-22
-7.82101167315	7.14620660818e-22
-7.80642023346	8.84867986631e-22
-7.79182879377	1.09521772035e-21
-7.77723735409	1.35500211973e-21
-7.7626459144	1.67570803862e-21
-7.74805447471	2.07143036261e-21
-7.73346303502	2.55955810638e-21
-7.71887159533	3.16134977915e-21
-7.70428015564	3.9030046009e-21
-7.68968871595	4.81643187877e-21
-7.67509727626	5.94093964499e-21
-7.66050583658	7.32468936583e-21
-7.64591439689	9.02677342734e-21
-7.6313229572	1.11194469084e-20
-7.61673151751	1.36912194394e-20
-7.60214007782	1.68502621293e-20
-7.58754863813	2.07289995323e-20
-7.57295719844	2.54890207869e-20
-7.55836575875	3.13279861964e-20
-7.54377431907	3.84871373968e-20
-7.52918287938	4.72609298993e-20
-7.51459143969	5.80089672018e-20
-7.5	7.11674069536e-20
-7.48540856031	8.72608952879e-20
-7.47081712062	1.06946245235e-19
-7.45622568093	1.31016417085e-19
-7.44163424124	1.60434216695e-19
-7.42704280156	1.96371215519e-19
-7.41245136187	2.40251854741e-19
-7.39785992218	2.93807436105e-19
-7.38326848249	3.59141142051e-19
-7.3686770428	4.38805846167e-19
-7.35408560311	5.35900900432e-19
-7.33949416342	6.54183872606e-19
-7.32490272373	7.982124937e-19
-7.31031128405	9.73508646217e-19
-7.29571984436	1.18676253063e-18
-7.28112840467	1.4460720929e-18
-7.26653696498	1.76123852767e-18
-7.25194552529	2.14411514605e-18
-7.2373540856	2.60903385673e-18
-7.22276264591	3.17330783013e-18
-7.20817120623	3.85785380302e-18
-7.19357976654	4.68791984514e-18
-7.17898832685	5.69397471702e-18
-7.16439688716	6.91276328866e-18
-7.14980544747	8.38858425941e-18
-7.13521400778	1.0174809094e-17
-7.12062256809	1.23357216147e-17
-7.1060311284	1.49486936181e-17
-7.09143968872	1.81068262911e-17
-7.07684824903	2.1922079222e-17
-7.06225680934	2.65290358837e-17
-7.04766536965	3.20893834482e-17
-7.03307392996	3.87972972267e-17
-7.01848249027	4.68858326068e-17
-7.00389105058	5.66345991552e-17
-6.98929961089	6.8378861944e-17
-6.97470817121	8.25204783681e-17
-6.96011673152	9.95408500474e-17
-6.94552529183	1.20016420139e-16
-6.93093385214	1.44637070606e-16
-6.91634241245	1.74228079193e-16
-6.90175097276	2.09776181005e-16
-6.88715953307	2.52460625103e-16
-6.87256809338	3.03689961399e-16
-6.8579766537	3.6514595494e-16
-6.84338521401	4.38835489343e-16
-6.82879377432	5.27152328548e-16
-6.81420233463	6.32950244212e-16
-6.79961089494	7.5962984231e-16
-6.78501945525	9.11241265313e-16
-6.77042801556	1.09260603055e-15
-6.75583657588	1.30946097742e-15
-6.74124513619	1.56862891913e-15
-6.7266536965	1.8782201008e-15
-6.71206225681	2.24787052619e-15
-6.69747081712	2.68902326214e-15
-6.68287937743	3.21526084958e-15
-6.66828793774	3.84269722593e-15
-6.65369649805	4.59044036711e-15
-6.63910505837	5.48113708534e-15
-6.62451361868	6.54161585622e-15
-6.60992217899	7.80364284347e-15
-6.5953307393	9.30481252832e-15
-6.58073929961	1.10895948753e-14
-6.56614785992	1.32105671741e-14
-6.55155642023	1.57298611821e-14
-6.53696498054	1.87208635601e-14
-6.52237354086	2.22702112485e-14
-6.50778210117	2.64801342504e-14
-6.49319066148	3.14712017536e-14
-6.47859922179	3.7385542298e-14
-6.4640077821	4.43906152668e-14
-6.44941634241	5.26836286237e-14
-6.43482490272	6.24967074896e-14
-6.42023346303	7.41029420652e-14
-6.40564202335	8.78234559499e-14
-6.39105058366	1.04035668924e-13
-6.37645914397	1.23182944238e-13
-6.36186770428	1.45785852237e-13
-6.34727626459	1.72455308761e-13
-6.3326848249	2.03907899002e-13
-6.31809338521	2.40983734012e-13
-6.30350194552	2.84667253566e-13
-6.28891050584	3.36111441303e-13
-6.27431906615	3.96666009172e-13
-6.25972762646	4.67910168992e-13
-6.24513618677	5.51690732072e-13
-6.23054474708	6.50166366108e-13
-6.21595330739	7.65858992091e-13
-6.2013618677	9.01713425405e-13
-6.18677042802	1.06116656267e-12
-6.17217898833	1.24822757881e-12
-6.15758754864	1.46757086934e-12
-6.14299610895	1.72464366532e-12
-6.12840466926	2.02579060485e-12
-6.11381322957	2.37839783241e-12
-6.09922178988	2.79105961627e-12
-6.08463035019	3.27377087917e-12
-6.07003891051	3.83814957581e-12
-6.05544747082	4.4976933734e-12
-6.04085603113	5.26807581483e-12
-6.02626459144	6.1674877933e-12
-6.01167315175	7.21703111179e-12
-5.99708171206	8.44117177842e-12
-5.98249027237	9.86826186654e-12
-5.96789883268	1.15311399365e-11
-5.953307393	1.3467821508e-11
-5.93871595331	1.57222926116e-11
-5.92412451362	1.83454213785e-11
-5.90953307393	2.13960045506e-11
-5.89494163424	2.49419683208e-11
-5.88035019455	2.90617454046e-11
-5.86575875486	3.38458534339e-11
-5.85116731517	3.93987030087e-11
-5.83657587549	4.58406677543e-11
-5.8219844358	5.3310452932e-11
-5.80739299611	6.1967804321e-11
-5.79280155642	7.19966043104e-11
-5.77821011673	8.36084087557e-11
-5.76361867704	9.70464849367e-11
-5.74902723735	1.12590419159e-10
-5.73443579766	1.30561371247e-10
-5.71984435798	1.51328063563e-10
-5.70525291829	1.75313603084e-10
-5.6906614786	2.03003248413e-10
-5.67607003891	2.34953247135e-10
-5.66147859922	2.71800885657e-10
-5.64688715953	3.14275911048e-10
-5.63229571984	3.63213505128e-10
-5.61770428016	4.19569012869e-10
-5.60311284047	4.84434653112e-10
-5.58852140078	5.59058467047e-10
-5.57392996109	6.44865792308e-10
-5.5593385214	7.43483584448e-10
-5.54474708171	8.56767948033e-10
-5.53015564202	9.86835282204e-10
-5.51556420233	1.13609749516e-09
-5.50097276265	1.30730179535e-09
-5.48638132296	1.50357562822e-09
-5.47178988327	1.72847739337e-09
-5.45719844358	1.98605365301e-09
-5.44260700389	2.28090362283e-09
-5.4280155642	2.61825183046e-09
-5.41342412451	3.00402992592e-09
-5.39883268482	3.44496874308e-09
-5.38424124514	3.94870183316e-09
-5.36964980545	4.52388183094e-09
-5.35505836576	5.18031116416e-09
-5.34046692607	5.92908878684e-09
-5.32587548638	6.78277479873e-09
-5.31128404669	7.75557502057e-09
-5.296692607	8.86354781606e-09
-5.28210116731	1.01248357013e-08
-5.26750972763	1.15599245511e-08
-5.25291828794	1.31919335128e-08
-5.23832684825	1.50469390623e-08
-5.22373540856	1.71543370007e-08
-5.20914396887	1.95472465769e-08
-5.19455252918	2.22629613589e-08
-5.17996108949	2.5343451943e-08
-5.1653696498	2.88359261075e-08
-5.15077821012	3.2793452577e-08
-5.13618677043	3.72756551814e-08
-5.12159533074	4.23494848545e-08
-5.10700389105	4.8090077656e-08
-5.09241245136	5.45817077788e-08
-5.07782101167	6.19188453762e-08
-5.06322957198	7.02073299685e-08
-5.0486381323	7.95656712108e-08
-5.03404669261	9.01264898919e-08
-5.01945525292	1.02038113232e-07
-5.00486381323	1.15466339824e-07
-4.99027237354	1.30596390962e-07
-4.97568093385	1.47635066587e-07
-4.96108949416	1.66813125704e-07
-4.94649805447	1.88387912856e-07
-4.93190661479	2.12646254124e-07
-4.9173151751	2.39907648118e-07
-4.90272373541	2.70527779576e-07
-4.88813229572	3.04902385524e-07
-4.87354085603	3.43471506395e-07
-4.85894941634	3.86724157165e-07
-4.84435797665	4.35203456382e-07
-4.82976653696	4.89512253973e-07
-4.81517509728	5.50319301927e-07
-4.80058365759	6.18366015349e-07
-4.7859922179	6.94473875008e-07
-4.77140077821	7.79552526335e-07
-4.75680933852	8.74608633896e-07
-4.74221789883	9.80755554635e-07
-4.72762645914	1.09922389775e-06
-4.71303501945	1.2313730438e-06
-4.69844357977	1.3787037007e-06
-4.68385214008	1.54287157942e-06
-4.66926070039	1.72570227801e-06
-4.6546692607	1.92920746779e-06
-4.64007782101	2.15560248233e-06
-4.62548638132	2.40732541536e-06
-4.61089494163	2.68705784067e-06
-4.59630350194	2.99774727388e-06
-4.58171206226	3.34263150251e-06
-4.56712062257	3.72526491839e-06
-4.55252918288	4.14954699361e-06
-4.53793774319	4.61975304868e-06
-4.5233463035	5.14056746959e-06
-4.50875486381	5.71711953788e-06
-4.49416342412	6.35502204611e-06
-4.47957198444	7.06041287886e-06
-4.46498054475	7.83999974767e-06
-4.45038910506	8.70110827589e-06
-4.43579766537	9.65173363792e-06
-4.42120622568	1.07005959644e-05
-4.40661478599	1.18571997333e-05
-4.3920233463	1.31318973733e-05
-4.37743190661	1.45359573137e-05
-4.36284046693	1.60816367206e-05
-4.34824902724	1.7782259167e-05
-4.33365758755	1.96522974873e-05
-4.31906614786	2.17074620734e-05
-4.30447470817	2.39647948733e-05
-4.28988326848	2.6442769355e-05
-4.27529182879	2.91613967009e-05
-4.2607003891	3.21423384998e-05
-4.24610894942	3.54090261999e-05
-4.23151750973	3.89867875876e-05
-4.21692607004	4.290298055e-05
-4.20233463035	4.71871343749e-05
-4.18774319066	5.18710988343e-05
-4.17315175097	5.69892012867e-05
-4.15856031128	6.25784120218e-05
-4.14396887159	6.86785180564e-05
-4.12937743191	7.53323055722e-05
-4.11478599222	8.25857511666e-05
-4.10019455253	9.04882220631e-05
-4.08560311284	9.90926854014e-05
-4.07101167315	0.000108455926697
-4.05642023346	0.000118638777523
-4.04182879377	0.000129706352442
-4.02723735408	0.000141728295143
-4.0126459144	0.00015477903374
-3.99805447471	0.000168938045084
-3.98346303502	0.000184290127935
-3.96887159533	0.000200925684744
-3.95428015564	0.00021894101175
-3.93968871595	0.000238438597033
-3.92509727626	0.000259527426065
-3.91050583658	0.000282323294253
-3.89591439689	0.000306949125869
-3.8813229572	0.000333535298684
-3.86673151751	0.00036221997351
-3.85214007782	0.000393149427797
-3.83754863813	0.000426478392298
-3.82295719844	0.000462370389729
-3.80836575875	0.000500998074239
-3.79377431907	0.000542543570407
-3.77918287938	0.000587198810355
-3.76459143969	0.000635165867471
-3.75	0.000686657285111
-3.73540856031	0.000741896398537
-3.72081712062	0.000801117648254
-3.70622568093	0.000864566882757
-3.69163424124	0.000932501648628
-3.67704280156	0.00100519146581
-3.66245136187	0.00108291808579
-3.64785992218	0.00116597573022
-3.63326848249	0.00125467130773
-3.6186770428	0.00134932460612
-3.60408560311	0.00145026845755
-3.58949416342	0.00155784887387
-3.57490272373	0.00167242514956
-3.56031128405	0.00179436992938
-3.54571984436	0.00192406923802
-3.53112840467	0.00206192246898
-3.51653696498	0.00220834232997
-3.50194552529	0.00236375474201
-3.4873540856	0.00252859868971
-3.47276264591	0.00270332602006
-3.45817120623	0.00288840118731
-3.44357976654	0.00308430094155
-3.42898832685	0.00329151395886
-3.41439688716	0.00351054041097
-3.39980544747	0.00374189147264
-3.38521400778	0.00398608876521
-3.37062256809	0.00424366373488
-3.3560311284	0.0045151569649
-3.34143968872	0.00480111742071
-3.32684824903	0.00510210162776
-3.31225680934	0.00541867278197
-3.29766536965	0.00575139979311
-3.28307392996	0.00610085626188
-3.26848249027	0.00646761939187
-3.25389105058	0.00685226883788
-3.23929961089	0.00725538549279
-3.22470817121	0.00767755021536
-3.21011673152	0.00811934250196
-3.19552529183	0.00858133910564
-3.18093385214	0.00906411260645
-3.16634241245	0.00956822993734
-3.15175097276	0.0100942508705
-3.13715953307	0.0106427264692
-3.12256809338	0.0112141975112
-3.1079766537	0.0118091928892
-3.09338521401	0.0124282279953
-3.07879377432	0.0130718030962
-3.06420233463	0.0137404017053
-3.04961089494	0.014434488961
-3.03501945525	0.0151545100164
-3.02042801556	0.0159008884499
-3.00583657587	0.0166740247037
-2.99124513619	0.0174742945585
-2.9766536965	0.0183020476522
-2.96206225681	0.01915760605
-2.94747081712	0.0200412628746
-2.93287937743	0.0209532810034
-2.91828793774	0.0218938918403
-2.90369649805	0.022863294169
-2.88910505837	0.023861653095
-2.87451361868	0.0248890990818
-2.85992217899	0.0259457270881
-2.8453307393	0.0270315958109
-2.83073929961	0.0281467270389
-2.81614785992	0.0292911051212
-2.80155642023	0.0304646765543
-2.78696498054	0.0316673496906
-2.77237354086	0.0328989945703
-2.75778210117	0.0341594428784
-2.74319066148	0.0354484880274
-2.72859922179	0.036765885366
-2.7140077821	0.0381113525125
-2.69941634241	0.0394845698119
-2.68482490272	0.0408851809147
-2.67023346303	0.0423127934733
-2.65564202335	0.0437669799545
-2.64105058366	0.0452472785616
-2.62645914397	0.0467531942627
-2.61186770428	0.0482841999197
-2.59727626459	0.0498397375113
-2.5826848249	0.0514192194443
-2.56809338521	0.0530220299458
-2.55350194552	0.0546475265303
-2.53891050584	0.0562950415322
-2.52431906615	0.0579638836978
-2.50972762646	0.0596533398276
-2.49513618677	0.0613626764622
-2.48054474708	0.0630911416017
-2.46595330739	0.0648379664527
-2.4513618677	0.0666023671926
-2.43677042801	0.0683835467454
-2.42217898833	0.0701806965593
-2.40758754864	0.0719929983796
-2.39299610895	0.0738196260092
-2.37840466926	0.0756597470499
-2.36381322957	0.0775125246167
-2.34922178988	0.0793771190207
-2.33463035019	0.081252689413
-2.32003891051	0.0831383953841
-2.30544747082	0.0850333985149
-2.29085603113	0.086936863874
-2.27626459144	0.0888479614561
-2.26167315175	0.0907658675599
-2.24708171206	0.0926897661007
-2.23249027237	0.0946188498552
-2.21789883268	0.0965523216369
-2.203307393	0.0984893953993
-2.18871595331	0.100429297267
-2.17412451362	0.102371266492
-2.15953307393	0.104314556335
-2.14494163424	0.106258434877
-2.13035019455	0.108202185746
-2.11575875486	0.110145108785
-2.10116731517	0.112086520632
-2.08657587549	0.11402575524
-2.0719844358	0.115962164325
-2.05739299611	0.117895117739
-2.04280155642	0.119824003787
-2.02821011673	0.121748229472
-2.01361867704	0.123667220688
-1.99902723735	0.125580422341
-1.98443579766	0.127487298429
-1.96984435798	0.129387332057
-1.95525291829	0.131280025406
-1.9406614786	0.13316489966
-1.92607003891	0.135041494875
-1.91147859922	0.136909369821
-1.89688715953	0.138768101778
-1.88229571984	0.140617286296
-1.86770428015	0.142456536924
-1.85311284047	0.144285484911
-1.83852140078	0.146103778877
-1.82392996109	0.14791108446
-1.8093385214	0.149707083945
-1.79474708171	0.15149147587
-1.78015564202	0.153263974615
-1.76556420233	0.155024309983
-1.75097276265	0.156772226762
-1.73638132296	0.158507484283
-1.72178988327	0.160229855963
-1.70719844358	0.161939128851
-1.69260700389	0.163635103168
-1.6780155642	0.165317591836
-1.66342412451	0.16698642002
-1.64883268482	0.168641424662
-1.63424124514	0.170282454019
-1.61964980545	0.171909367207
-1.60505836576	0.173522033745
-1.59046692607	0.175120333109
-1.57587548638	0.176704154294
-1.56128404669	0.178273395374
-1.546692607	0.179827963085
-1.53210116731	0.181367772402
-1.51750972763	0.182892746138
-1.50291828794	0.184402814543
-1.48832684825	0.18589791492
-1.47373540856	0.18737799125
-1.45914396887	0.188842993828
-1.44455252918	0.190292878908
-1.42996108949	0.191727608365
-1.4153696498	0.193147149361
-1.40077821012	0.194551474031
-1.38618677043	0.195940559173
-1.37159533074	0.197314385959
-1.35700389105	0.198672939643
-1.34241245136	0.200016209297
-1.32782101167	0.201344187548
-1.31322957198	0.202656870329
-1.29863813229	0.203954256639
-1.28404669261	0.20523634832
-1.26945525292	0.206503149837
-1.25486381323	0.207754668073
-1.24027237354	0.208990912135
-1.22568093385	0.210211893163
-1.21108949416	0.211417624157
-1.19649805447	0.212608119809
-1.18190661479	0.213783396346
-1.1673151751	0.214943471375
-1.15272373541	0.216088363749
-1.13813229572	0.217218093428
-1.12354085603	0.218332681358
-1.10894941634	0.21943214935
-1.09435797665	0.220516519969
-1.07976653696	0.221585816436
-1.06517509728	0.222640062522
-1.05058365759	0.223679282465
-1.0359922179	0.224703500882
-1.02140077821	0.225712742688
-1.00680933852	0.226707033027
-0.992217898832	0.2276863972
-0.977626459143	0.228650860603
-0.963035019454	0.229600448671
-0.948443579766	0.230535186818
-0.933852140077	0.231455100394
-0.919260700388	0.232360214634
-0.9046692607	0.233250554617
-0.890077821011	0.23412614523
-0.875486381322	0.234987011131
-0.860894941633	0.235833176717
-0.846303501945	0.236664666095
-0.831712062256	0.237481503057
-0.817120622567	0.238283711055
-0.802529182879	0.239071313182
-0.78793774319	0.239844332151
-0.773346303501	0.24060279028
-0.758754863812	0.241346709477
-0.744163424124	0.242076111225
-0.729571984435	0.242791016577
-0.714980544746	0.24349144614
-0.700389105058	0.24417742007
-0.685797665369	0.244848958067
-0.67120622568	0.245506079367
-0.656614785991	0.24614880274
-0.642023346303	0.246777146485
-0.627431906614	0.247391128429
-0.612840466925	0.247990765928
-0.598249027237	0.248576075862
-0.583657587548	0.249147074639
-0.569066147859	0.249703778197
-0.55447470817	0.250246202002
-0.539883268482	0.250774361051
-0.525291828793	0.251288269879
-0.510700389104	0.251787942555
-0.496108949416	0.252273392693
-0.481517509727	0.25274463345
-0.466926070038	0.253201677532
-0.452334630349	0.253644537199
-0.437743190661	0.25407322427
-0.423151750972	0.254487750125
-0.408560311283	0.254888125713
-0.393968871594	0.255274361552
-0.379377431906	0.25564646774
-0.364785992217	0.256004453956
-0.350194552528	0.256348329467
-0.33560311284	0.256678103128
-0.321011673151	0.256993783395
-0.306420233462	0.257295378322
-0.291828793773	0.25758289557
-0.277237354085	0.25785634241
-0.262645914396	0.258115725731
-0.248054474707	0.258361052035
-0.233463035019	0.258592327454
-0.21887159533	0.258809557743
-0.204280155641	0.259012748289
-0.189688715952	0.259201904114
-0.175097276264	0.25937702988
-0.160505836575	0.259538129888
-0.145914396886	0.259685208084
-0.131322957198	0.259818268062
-0.116731517509	0.259937313066
-0.10214007782	0.26004234599
-0.0875486381314	0.260133369385
-0.0729571984427	0.260210385458
-0.058365758754	0.260273396071
-0.0437743190653	0.260322402748
-0.0291828793766	0.260357406673
-0.0145914396879	0.260378408691
8.5975671027e-13	0.260385409307
0.0145914396896	0.260378408691
0.0291828793783	0.260357406673
0.043774319067	0.260322402748
0.0583657587557	0.260273396071
0.0729571984444	0.260210385458
0.0875486381332	0.260133369385
0.102140077822	0.26004234599
0.116731517511	0.259937313066
0.131322957199	0.259818268062
0.145914396888	0.259685208084
0.160505836577	0.259538129888
0.175097276265	0.25937702988
0.189688715954	0.259201904114
0.204280155643	0.259012748289
0.218871595332	0.258809557743
0.23346303502	0.258592327454
0.248054474709	0.258361052035
0.262645914398	0.258115725731
0.277237354086	0.257856342411
0.291828793775	0.25758289557
0.306420233464	0.257295378322
0.321011673153	0.256993783395
0.335603112841	0.256678103128
0.35019455253	0.256348329467
0.364785992219	0.256004453957
0.379377431907	0.25564646774
0.393968871596	0.255274361552
0.408560311285	0.254888125713
0.423151750974	0.254487750125
0.437743190662	0.25407322427
0.452334630351	0.253644537199
0.46692607004	0.253201677532
0.481517509729	0.25274463345
0.496108949417	0.252273392693
0.510700389106	0.251787942555
0.525291828795	0.251288269879
0.539883268483	0.250774361051
0.554474708172	0.250246202002
0.569066147861	0.249703778197
0.58365758755	0.249147074639
0.598249027238	0.248576075862
0.612840466927	0.247990765928
0.627431906616	0.247391128429
0.642023346304	0.246777146485
0.656614785993	0.24614880274
0.671206225682	0.245506079368
0.685797665371	0.244848958068
0.700389105059	0.24417742007
0.714980544748	0.24349144614
0.729571984437	0.242791016577
0.744163424125	0.242076111226
0.758754863814	0.241346709477
0.773346303503	0.240602790281
0.787937743192	0.239844332152
0.80252918288	0.239071313182
0.817120622569	0.238283711055
0.831712062258	0.237481503057
0.846303501946	0.236664666095
0.860894941635	0.235833176717
0.875486381324	0.234987011131
0.890077821013	0.23412614523
0.904669260701	0.233250554617
0.91926070039	0.232360214634
0.933852140079	0.231455100395
0.948443579767	0.230535186819
0.963035019456	0.229600448671
0.977626459145	0.228650860603
0.992217898834	0.2276863972
1.00680933852	0.226707033027
1.02140077821	0.225712742688
1.0359922179	0.224703500882
1.05058365759	0.223679282466
1.06517509728	0.222640062522
1.07976653697	0.221585816436
1.09435797665	0.22051651997
1.10894941634	0.21943214935
1.12354085603	0.218332681358
1.13813229572	0.217218093429
1.15272373541	0.216088363749
1.1673151751	0.214943471376
1.18190661479	0.213783396346
1.19649805448	0.21260811981
1.21108949416	0.211417624157
1.22568093385	0.210211893163
1.24027237354	0.208990912135
1.25486381323	0.207754668073
1.26945525292	0.206503149837
1.28404669261	0.20523634832
1.2986381323	0.203954256639
1.31322957199	0.202656870329
1.32782101167	0.201344187549
1.34241245136	0.200016209298
1.35700389105	0.198672939643
1.37159533074	0.197314385959
1.38618677043	0.195940559174
1.40077821012	0.194551474031
1.41536964981	0.193147149361
1.4299610895	0.191727608365
1.44455252918	0.190292878909
1.45914396887	0.188842993829
1.47373540856	0.187377991251
1.48832684825	0.18589791492
1.50291828794	0.184402814543
1.51750972763	0.182892746139
1.53210116732	0.181367772403
1.546692607	0.179827963085
1.56128404669	0.178273395375
1.57587548638	0.176704154294
1.59046692607	0.17512033311
1.60505836576	0.173522033745
1.61964980545	0.171909367208
1.63424124514	0.17028245402
1.64883268483	0.168641424663
1.66342412451	0.16698642002
1.6780155642	0.165317591836
1.69260700389	0.163635103168
1.70719844358	0.161939128852
1.72178988327	0.160229855963
1.73638132296	0.158507484283
1.75097276265	0.156772226763
1.76556420234	0.155024309984
1.78015564202	0.153263974615
1.79474708171	0.15149147587
1.8093385214	0.149707083946
1.82392996109	0.147911084461
1.83852140078	0.146103778878
1.85311284047	0.144285484912
1.86770428016	0.142456536925
1.88229571985	0.140617286297
1.89688715953	0.138768101779
1.91147859922	0.136909369822
1.92607003891	0.135041494875
1.9406614786	0.13316489966
1.95525291829	0.131280025407
1.96984435798	0.129387332057
1.98443579767	0.12748729843
1.99902723736	0.125580422342
2.01361867704	0.123667220689
2.02821011673	0.121748229473
2.04280155642	0.119824003787
2.05739299611	0.11789511774
2.0719844358	0.115962164326
2.08657587549	0.114025755241
2.10116731518	0.112086520632
2.11575875486	0.110145108786
2.13035019455	0.108202185747
2.14494163424	0.106258434878
2.15953307393	0.104314556336
2.17412451362	0.102371266493
2.18871595331	0.100429297268
2.203307393	0.0984893954001
2.21789883269	0.0965523216377
2.23249027237	0.0946188498561
2.24708171206	0.0926897661016
2.26167315175	0.0907658675607
2.27626459144	0.0888479614569
2.29085603113	0.0869368638748
2.30544747082	0.0850333985158
2.32003891051	0.0831383953849
2.3346303502	0.0812526894139
2.34922178988	0.0793771190216
2.36381322957	0.0775125246175
2.37840466926	0.0756597470507
2.39299610895	0.0738196260101
2.40758754864	0.0719929983804
2.42217898833	0.0701806965601
2.43677042802	0.0683835467463
2.45136186771	0.0666023671935
2.46595330739	0.0648379664535
2.48054474708	0.0630911416026
2.49513618677	0.061362676463
2.50972762646	0.0596533398285
2.52431906615	0.0579638836986
2.53891050584	0.0562950415331
2.55350194553	0.0546475265312
2.56809338522	0.0530220299466
2.5826848249	0.0514192194451
2.59727626459	0.0498397375121
2.61186770428	0.0482841999205
2.62645914397	0.0467531942635
2.64105058366	0.0452472785623
2.65564202335	0.0437669799553
2.67023346304	0.0423127934741
2.68482490272	0.0408851809154
2.69941634241	0.0394845698127
2.7140077821	0.0381113525133
2.72859922179	0.0367658853668
2.74319066148	0.0354484880282
2.75778210117	0.0341594428791
2.77237354086	0.032898994571
2.78696498055	0.0316673496913
2.80155642023	0.030464676555
2.81614785992	0.0292911051219
2.83073929961	0.0281467270396
2.8453307393	0.0270315958116
2.85992217899	0.0259457270888
2.87451361868	0.0248890990824
2.88910505837	0.0238616530956
2.90369649806	0.0228632941696
2.91828793774	0.0218938918409
2.93287937743	0.020953281004
2.94747081712	0.0200412628751
2.96206225681	0.0191576060505
2.9766536965	0.0183020476527
2.99124513619	0.017474294559
3.00583657588	0.0166740247042
3.02042801557	0.0159008884504
3.03501945525	0.0151545100169
3.04961089494	0.0144344889615
3.06420233463	0.0137404017057
3.07879377432	0.0130718030966
3.09338521401	0.0124282279957
3.1079766537	0.0118091928896
3.12256809339	0.0112141975116
3.13715953307	0.0106427264696
3.15175097276	0.0100942508708
3.16634241245	0.0095682299377
3.18093385214	0.00906411260679
3.19552529183	0.00858133910597
3.21011673152	0.00811934250228
3.22470817121	0.00767755021567
3.2392996109	0.00725538549309
3.25389105058	0.00685226883817
3.26848249027	0.00646761939215
3.28307392996	0.00610085626215
3.29766536965	0.00575139979337
3.31225680934	0.00541867278222
3.32684824903	0.005102101628
3.34143968872	0.00480111742094
3.35603112841	0.00451515696512
3.37062256809	0.00424366373509
3.38521400778	0.0039860887654
3.39980544747	0.00374189147283
3.41439688716	0.00351054041115
3.42898832685	0.00329151395903
3.44357976654	0.00308430094172
3.45817120623	0.00288840118747
3.47276264592	0.00270332602021
3.4873540856	0.00252859868985
3.50194552529	0.00236375474215
3.51653696498	0.0022083423301
3.53112840467	0.00206192246911
3.54571984436	0.00192406923814
3.56031128405	0.00179436992949
3.57490272374	0.00167242514966
3.58949416343	0.00155784887397
3.60408560311	0.00145026845764
3.6186770428	0.00134932460621
3.63326848249	0.00125467130781
3.64785992218	0.0011659757303
3.66245136187	0.00108291808586
3.67704280156	0.00100519146589
3.69163424125	0.000932501648696
3.70622568093	0.000864566882821
3.72081712062	0.000801117648315
3.73540856031	0.000741896398594
3.75	0.000686657285165
3.76459143969	0.000635165867522
3.77918287938	0.000587198810403
3.79377431907	0.000542543570453
3.80836575876	0.000500998074282
3.82295719844	0.000462370389769
3.83754863813	0.000426478392336
3.85214007782	0.000393149427832
3.86673151751	0.000362219973543
3.8813229572	0.000333535298715
3.89591439689	0.000306949125898
3.91050583658	0.000282323294279
3.92509727627	0.00025952742609
3.93968871595	0.000238438597057
3.95428015564	0.000218941011772
3.96887159533	0.000200925684764
3.98346303502	0.000184290127954
3.99805447471	0.000168938045102
4.0126459144	0.000154779033757
4.02723735409	0.000141728295159
4.04182879378	0.000129706352456
4.05642023346	0.000118638777537
4.07101167315	0.000108455926709
4.08560311284	9.9092685413e-05
4.10019455253	9.0488222074e-05
4.11478599222	8.25857511767e-05
4.12937743191	7.53323055816e-05
4.1439688716	6.86785180651e-05
4.15856031129	6.25784120299e-05
4.17315175097	5.69892012942e-05
4.18774319066	5.18710988413e-05
4.20233463035	4.71871343814e-05
4.21692607004	4.2902980556e-05
4.23151750973	3.89867875932e-05
4.24610894942	3.5409026205e-05
4.26070038911	3.21423385045e-05
4.27529182879	2.91613967053e-05
4.28988326848	2.6442769359e-05
4.30447470817	2.39647948771e-05
4.31906614786	2.17074620769e-05
4.33365758755	1.96522974905e-05
4.34824902724	1.77822591699e-05
4.36284046693	1.60816367233e-05
4.37743190662	1.45359573161e-05
4.3920233463	1.31318973756e-05
4.40661478599	1.18571997354e-05
4.42120622568	1.07005959663e-05
4.43579766537	9.65173363969e-06
4.45038910506	8.70110827753e-06
4.46498054475	7.83999974917e-06
4.47957198444	7.06041288024e-06
4.49416342413	6.35502204737e-06
4.50875486381	5.71711953904e-06
4.5233463035	5.14056747065e-06
4.53793774319	4.61975304965e-06
4.55252918288	4.14954699449e-06
4.56712062257	3.7252649192e-06
4.58171206226	3.34263150325e-06
4.59630350195	2.99774727455e-06
4.61089494164	2.68705784129e-06
4.62548638132	2.40732541592e-06
4.64007782101	2.15560248284e-06
4.6546692607	1.92920746825e-06
4.66926070039	1.72570227842e-06
4.68385214008	1.54287157981e-06
4.69844357977	1.37870370104e-06
4.71303501946	1.23137304412e-06
4.72762645915	1.09922389803e-06
4.74221789883	9.80755554892e-07
4.75680933852	8.74608634128e-07
4.77140077821	7.79552526544e-07
4.7859922179	6.94473875194e-07
4.80058365759	6.18366015517e-07
4.81517509728	5.50319302078e-07
4.82976653697	4.89512254109e-07
4.84435797665	4.35203456504e-07
4.85894941634	3.86724157274e-07
4.87354085603	3.43471506492e-07
4.88813229572	3.04902385611e-07
4.90272373541	2.70527779653e-07
4.9173151751	2.39907648187e-07
4.93190661479	2.12646254186e-07
4.94649805448	1.88387912911e-07
4.96108949416	1.66813125753e-07
4.97568093385	1.47635066631e-07
4.99027237354	1.30596391001e-07
5.00486381323	1.15466339859e-07
5.01945525292	1.02038113263e-07
5.03404669261	9.01264899194e-08
5.0486381323	7.95656712353e-08
5.06322957199	7.02073299903e-08
5.07782101167	6.19188453954e-08
5.09241245136	5.45817077959e-08
5.10700389105	4.80900776707e-08
5.12159533074	4.23494848672e-08
5.13618677043	3.72756551921e-08
5.15077821012	3.27934525866e-08
5.16536964981	2.88359261157e-08
5.1799610895	2.53434519501e-08
5.19455252918	2.22629613648e-08
5.20914396887	1.95472465818e-08
5.22373540856	1.71543370047e-08
5.23832684825	1.50469390655e-08
5.25291828794	1.3191933515e-08
5.26750972763	1.15599245529e-08
5.28210116732	1.01248357026e-08
5.29669260701	8.86354781703e-09
5.31128404669	7.75557502117e-09
5.32587548638	6.78277479906e-09
5.34046692607	5.9290887869e-09
5.35505836576	5.18031116404e-09
5.36964980545	4.52388183059e-09
5.38424124514	3.94870183279e-09
5.39883268483	3.44496874263e-09
5.41342412451	3.00402992543e-09
5.4280155642	2.61825182991e-09
5.44260700389	2.28090362226e-09
5.45719844358	1.98605365237e-09
5.47178988327	1.72847739272e-09
5.48638132296	1.50357562751e-09
5.50097276265	1.30730179469e-09
5.51556420234	1.1360974945e-09
5.53015564202	9.8683528156e-10
5.54474708171	8.56767947384e-10
5.5593385214	7.43483583815e-10
5.57392996109	6.44865791668e-10
5.58852140078	5.59058466407e-10
5.60311284047	4.84434652453e-10
5.61770428016	4.19569012258e-10
5.63229571985	3.63213504542e-10
5.64688715953	3.14275910491e-10
5.66147859922	2.71800885114e-10
5.67607003891	2.34953246622e-10
5.6906614786	2.03003247917e-10
5.70525291829	1.75313602612e-10
5.71984435798	1.51328063098e-10
5.73443579767	1.30561370825e-10
5.74902723736	1.12590418763e-10
5.76361867704	9.70464845704e-11
5.77821011673	8.3608408409e-11
5.79280155642	7.19966039862e-11
5.80739299611	6.19678040159e-11
5.8219844358	5.33104526477e-11
5.83657587549	4.58406674804e-11
5.85116731518	3.93987027615e-11
5.86575875487	3.38458532068e-11
5.88035019455	2.90617451983e-11
5.89494163424	2.49419681298e-11
5.90953307393	2.13960043755e-11
5.92412451362	1.83454212153e-11
5.93871595331	1.57222924606e-11
5.953307393	1.34678213644e-11
5.96789883269	1.15311398078e-11
5.98249027237	9.86826174831e-12
5.99708171206	8.44117167107e-12
6.01167315175	7.21703101276e-12
6.02626459144	6.1674877029e-12
6.04085603113	5.26807573075e-12
6.05544747082	4.49769329651e-12
6.07003891051	3.8381495038e-12
6.0846303502	3.27377081559e-12
6.09922178988	2.79105955902e-12
6.11381322957	2.37839778126e-12
6.12840466926	2.0257905582e-12
6.14299610895	1.72464362375e-12
6.15758754864	1.46757083156e-12
6.17217898833	1.24822754495e-12
6.18677042802	1.0611665314e-12
6.20136186771	9.0171339877e-13
6.21595330739	7.65858968578e-13
6.23054474708	6.50166345682e-13
6.24513618677	5.51690713916e-13
6.25972762646	4.67910153311e-13
6.27431906615	3.96665995339e-13
6.28891050584	3.3611142934e-13
6.30350194553	2.84667242607e-13
6.31809338522	2.4098372516e-13
6.3326848249	2.03907891632e-13
6.34727626459	1.72455302805e-13
6.36186770428	1.4578584723e-13
6.37645914397	1.23182940135e-13
6.39105058366	1.04035665421e-13
6.40564202335	8.78234530306e-14
6.42023346304	7.41029393871e-14
6.43482490272	6.24967055608e-14
6.44941634241	5.2683627098e-14
6.4640077821	4.4390614136e-14
6.47859922179	3.73855413178e-14
6.49319066148	3.14712009085e-14
6.50778210117	2.64801334014e-14
6.52237354086	2.22702103958e-14
6.53696498055	1.87208625383e-14
6.55155642023	1.57298602725e-14
6.56614785992	1.32105663375e-14
6.58073929961	1.10895941974e-14
6.5953307393	9.30481198807e-15
6.60992217899	7.80364248652e-15
6.62451361868	6.54161563688e-15
6.63910505837	5.481137046e-15
6.65369649806	4.5904404536e-15
6.66828793774	3.84269754303e-15
6.68287937743	3.2152613004e-15
6.69747081712	2.68902382986e-15
6.71206225681	2.24787113362e-15
6.7266536965	1.87822073897e-15
6.74124513619	1.56862954007e-15
6.75583657588	1.30946156815e-15
6.77042801557	1.09260655959e-15
6.78501945525	9.11241804331e-16
6.79961089494	7.59630365039e-16
6.81420233463	6.3295076067e-16
6.82879377432	5.27152826948e-16
6.84338521401	4.38835982748e-16
6.8579766537	3.65146431214e-16
6.87256809339	3.03690425833e-16
6.88715953308	2.52461061014e-16
6.90175097276	2.09776619821e-16
6.91634241245	1.74228504843e-16
6.93093385214	1.44637481169e-16
6.94552529183	1.20016806479e-16
6.96011673152	9.95412128402e-17
6.97470817121	8.25208114274e-17
6.9892996109	6.83791681631e-17
7.00389105058	5.66348728203e-17
7.01848249027	4.68860898259e-17
7.03307392996	3.87975307297e-17
7.04766536965	3.20895946956e-17
7.06225680934	2.65292233802e-17
7.07684824903	2.19222466743e-17
7.09143968872	1.81069719698e-17
7.10603112841	1.49488200955e-17
7.12062256809	1.23358271083e-17
7.13521400778	1.01749021251e-17
7.14980544747	8.38866536431e-18
7.16439688716	6.91283524203e-18
7.17898832685	5.69403864139e-18
7.19357976654	4.68797866747e-18
7.20817120623	3.85790780802e-18
7.22276264592	3.17335893406e-18
7.2373540856	2.60908181118e-18
7.25194552529	2.1441627861e-18
7.26653696498	1.76128381239e-18
7.28112840467	1.44611459061e-18
7.29571984436	1.18680108282e-18
7.31031128405	9.73543742827e-19
7.32490272374	7.98243612558e-19
7.33949416343	6.54211478061e-19
7.35408560311	5.35924453045e-19
7.3686770428	4.38827087587e-19
7.38326848249	3.59160106543e-19
7.39785992218	2.93824699647e-19
7.41245136187	2.40267326913e-19
7.42704280156	1.96385197651e-19
7.44163424125	1.60446819293e-19
7.45622568094	1.31028042843e-19
7.47081712062	1.0695692295e-19
7.48540856031	8.72712624298e-20
7.5	7.11771407108e-20
7.51459143969	5.80178804962e-20
7.52918287938	4.72688493234e-20
7.54377431907	3.84941913019e-20
7.55836575876	3.13341210433e-20
7.57295719844	2.54943682645e-20
7.58754863813	2.07335451835e-20
7.60214007782	1.68543317062e-20
7.61673151751	1.3694810263e-20
7.6313229572	1.11226592639e-20
7.64591439689	9.02962065035e-21
7.66050583658	7.32724548603e-21
7.67509727627	5.94321248075e-21
7.68968871595	4.81849302146e-21
7.70428015564	3.9048729351e-21
7.71887159533	3.16314616607e-21
7.73346303502	2.5612165991e-21
7.74805447471	2.07294799251e-21
7.7626459144	1.67705939267e-21
7.77723735409	1.35619852451e-21
7.79182879378	1.09624975909e-21
7.80642023346	8.85753505888e-22
7.82101167315	7.1535440979e-22
7.83560311284	5.77517132705e-22
7.85019455253	4.66064118802e-22
7.86478599222	3.7598577076e-22
7.87937743191	3.03205924562e-22
7.8939688716	2.44426862119e-22
7.90856031129	1.96969016347e-22
7.92315175097	1.58667972644e-22
7.93774319066	1.27767759429e-22
7.95233463035	1.02855758942e-22
7.96692607004	8.27753043857e-23
7.98151750973	6.65974661151e-23
7.99610894942	5.35669495748e-23
8.01070038911	4.30756422904e-23
8.0252918288	3.46283717897e-23
8.03988326848	2.78293250946e-23
8.05447470817	2.23565783324e-23
8.06906614786	1.79600483909e-23
8.08365758755	1.44264806248e-23
8.09824902724	1.15882927398e-23
8.11284046693	9.3087734082e-24
8.12743190662	7.47826721626e-24
8.1420233463	6.0064191862e-24
8.15661478599	4.82393929558e-24
8.17120622568	3.87301442167e-24
8.18579766537	3.11170316596e-24
8.20038910506	2.50173163302e-24
8.21498054475	2.01289821467e-24
8.22957198444	1.62084743226e-24
8.24416342413	1.30673165096e-24
8.25875486381	1.05419883658e-24
8.2733463035	8.51464474139e-25
8.28793774319	6.88386406359e-25
8.30252918288	5.57620759418e-25
8.31712062257	4.5247937566e-25
8.33171206226	3.67976504074e-25
8.34630350195	2.99879632417e-25
8.36089494164	2.44985661867e-25
8.37548638132	2.00487851337e-25
8.39007782101	1.64402881338e-25
8.4046692607	1.34873555769e-25
8.41926070039	1.11284805696e-25
8.43385214008	9.22422457017e-26
8.44844357977	7.68856391938e-26
8.46303501946	6.44208471485e-26
8.47762645915	5.43319098032e-26
8.49221789883	4.5976972142e-26
8.50680933852	3.91121966189e-26
8.52140077821	3.33732570468e-26
8.5359922179	2.87343768302e-26
8.55058365759	2.48974222109e-26
8.56517509728	2.17398877864e-26
8.57976653697	1.9054418279e-26
8.59435797666	1.68108782858e-26
8.60894941634	1.48445033372e-26
8.62354085603	1.31169882721e-26
8.63813229572	1.15696744312e-26
8.65272373541	1.03508385325e-26
8.6673151751	9.33152000984e-27
8.68190661479	8.50192464654e-27
8.69649805448	7.81056546893e-27
8.71108949416	7.2200056848e-27
8.72568093385	6.66816103099e-27
8.74027237354	6.18175512941e-27
8.75486381323	5.71066338383e-27
8.76945525292	5.35441957888e-27
8.78404669261	5.03959856853e-27
8.7986381323	4.77604962473e-27
8.81322957199	4.53348532316e-27
8.82782101167	4.31690586958e-27
8.84241245136	4.07655580908e-27
8.85700389105	3.84232923751e-27
8.87159533074	3.57023057179e-27
8.88618677043	3.376367845e-27
8.90077821012	3.21792373398e-27
8.91536964981	3.10607857188e-27
8.9299610895	3.00302550896e-27
8.94455252918	2.92009688098e-27
8.95914396887	2.81967619356e-27
8.97373540856	2.71961296025e-27
8.98832684825	2.58416858717e-27
9.00291828794	2.49898489865e-27
9.01750972763	2.42597627403e-27
9.03210116732	2.36635787196e-27
9.04669260701	2.29436797258e-27
9.06128404669	2.22937892356e-27
9.07587548638	2.14158608589e-27
9.09046692607	2.03446752025e-27
9.10505836576	1.89911924564e-27
9.11964980545	1.81148501673e-27
9.13424124514	1.72934992931e-27
9.14883268483	1.66832847771e-27
9.16342412452	1.60296893176e-27
9.1780155642	1.54906042937e-27
9.19260700389	1.47745456779e-27
9.20719844358	1.40257320631e-27
9.22178988327	1.30297259938e-27
9.23638132296	1.238956622e-27
9.25097276265	1.18453833115e-27
9.26556420234	1.1492942361e-27
9.28015564202	1.1116948724e-27
9.29474708171	1.08918714614e-27
9.3093385214	1.05875514575e-27
9.32392996109	1.03034110013e-27
9.33852140078	9.87002833236e-28
9.35311284047	9.68065719204e-28
9.36770428016	9.49639559725e-28
9.38229571985	9.43380988462e-28
9.39688715953	9.28277825593e-28
9.41147859922	9.16618900009e-28
9.42607003891	8.88237197473e-28
9.4406614786	8.66328458121e-28
9.45525291829	8.30619287995e-28
9.46984435798	8.14158652019e-28
9.48443579767	8.03276074675e-28
9.49902723736	8.01678573246e-28
9.51361867704	7.92100915605e-28
9.52821011673	7.90034552026e-28
9.54280155642	7.77315577854e-28
9.55739299611	7.70806214452e-28
9.5719844358	7.49308584477e-28
9.58657587549	7.38393581054e-28
9.60116731518	7.28162929423e-28
9.61575875487	7.3111295918e-28
9.63035019455	7.27194546085e-28
9.64494163424	7.21799680758e-28
9.65953307393	7.06336615811e-28
9.67412451362	6.94478293771e-28
9.68871595331	6.6832341555e-28
9.703307393	6.52754501698e-28
9.71789883269	6.37524573006e-28
9.73249027237	6.24854149952e-28
9.74708171206	6.07702990268e-28
9.76167315175	5.88108584906e-28
9.77626459144	5.55101033753e-28
9.79085603113	5.26364197985e-28
9.80544747082	4.89619841386e-28
9.82003891051	4.64415487736e-28
9.8346303502	4.44662901718e-28
9.84922178988	4.34406145291e-28
9.86381322957	4.19696960923e-28
9.87840466926	4.11816575254e-28
9.89299610895	3.98769055559e-28
9.90758754864	3.89060822782e-28
9.92217898833	3.79736099196e-28
9.93677042802	3.69513771283e-28
9.95136186771	3.57514943204e-28
9.96595330739	3.48499742445e-28
9.98054474708	3.37594871025e-28
9.99513618677	3.28635367238e-28
10.0097276265	3.1820954144e-28
10.0243190661	3.14327682272e-28
10.0389105058	3.09494017518e-28
10.0535019455	3.06229081723e-28
10.0680933852	3.03844310266e-28
10.0826848249	3.05230052944e-28
10.0972762646	3.05800975763e-28
10.1118677043	3.05148332871e-28
10.126459144	3.00429107863e-28
10.1410505837	3.03820704241e-28
10.1556420233	3.10377134286e-28
10.170233463	3.13500640177e-28
10.1848249027	3.18120373269e-28
10.1994163424	3.20972521317e-28
10.2140077821	3.18265118858e-28
10.2285992218	3.23609592035e-28
10.2431906615	3.28844978876e-28
10.2577821012	3.38360032238e-28
10.2723735409	3.53863216264e-28
10.2869649805	3.59168626575e-28
10.3015564202	3.61250502828e-28
10.3161478599	3.62994309869e-28
10.3307392996	3.55405300886e-28
10.3453307393	3.47322514148e-28
10.359922179	3.36850316283e-28
10.3745136187	3.27064859145e-28
10.3891050584	3.17897809649e-28
10.4036964981	3.09798990167e-28
10.4182879377	3.02494868631e-28
10.4328793774	2.98673244018e-28
10.4474708171	2.93114913458e-28
10.4620622568	2.90084435253e-28
10.4766536965	2.88507486518e-28
10.4912451362	2.94608007364e-28
10.5058365759	3.06936805252e-28
10.5204280156	3.12717423518e-28
10.5350194553	3.19053471496e-28
10.5496108949	3.25271657916e-28
10.5642023346	3.26783089713e-28
10.5787937743	3.35021126627e-28
10.593385214	3.38950306897e-28
10.6079766537	3.45282843978e-28
10.6225680934	3.54079070426e-28
10.6371595331	3.5317168506e-28
10.6517509728	3.51319509511e-28
10.6663424125	3.52297453774e-28
10.6809338521	3.47763116826e-28
10.6955252918	3.43796386049e-28
10.7101167315	3.36250817735e-28
10.7247081712	3.31518701155e-28
10.7392996109	3.22886189559e-28
10.7538910506	3.15096495219e-28
10.7684824903	3.11210453759e-28
10.78307393	3.13982342148e-28
10.7976653697	3.16468251539e-28
10.8122568093	3.22752779476e-28
10.826848249	3.24883831794e-28
10.8414396887	3.3103205148e-28
10.8560311284	3.35719219634e-28
10.8706225681	3.36948081762e-28
10.8852140078	3.38426712617e-28
10.8998054475	3.47801419182e-28
10.9143968872	3.54311173143e-28
10.9289883268	3.6701164344e-28
10.9435797665	3.77638649388e-28
10.9581712062	3.89506114669e-28
10.9727626459	4.0243577743e-28
10.9873540856	4.20077575163e-28
11.0019455253	4.40264089888e-28
11.016536965	4.76025879971e-28
11.0311284047	5.18483834351e-28
11.0457198444	5.8509281143e-28
11.060311284	6.67345858557e-28
11.0749027237	7.68441505051e-28
11.0894941634	8.9351702725e-28
11.1040856031	1.05747065454e-27
11.1186770428	1.27334181857e-27
11.1332684825	1.55738643704e-27
11.1478599222	1.91052608398e-27
11.1624513619	2.3739965067e-27
11.1770428016	2.98140070316e-27
11.1916342412	3.76922555511e-27
11.2062256809	4.820676513e-27
11.2208171206	6.14582484274e-27
11.2354085603	8.00212966332e-27
11.25	9.70730637098e-27
11.2645914397	8.03564705452e-27
11.2791828794	6.22268332454e-27
11.2937743191	4.95208762687e-27
11.3083657588	3.95025623739e-27
11.3229571984	3.17584928613e-27
11.3375486381	2.60843781234e-27
11.3521400778	2.18179504667e-27
11.3667315175	1.8690852705e-27
11.3813229572	1.62634282929e-27
11.3959143969	1.46080211094e-27
11.4105058366	1.33636085731e-27
11.4250972763	1.25195745078e-27
11.439688716	1.17371485256e-27
11.4542801556	1.12353467533e-27
11.4688715953	1.08628721526e-27
11.483463035	1.07470350385e-27
11.4980544747	1.04948010144e-27
11.5126459144	1.05045049142e-27
11.5272373541	1.04137480677e-27
11.5418287938	1.03102849376e-27
11.5564202335	1.01017225132e-27
11.5710116732	1.00670417805e-27
11.5856031128	9.96031552928e-28
11.6001945525	1.00257040563e-27
11.6147859922	9.94667558051e-28
11.6293774319	9.93432619694e-28
11.6439688716	9.77435545042e-28
11.6585603113	9.55026832857e-28
11.673151751	8.98158371914e-28
11.6877431907	8.74140470948e-28
11.7023346304	8.53612373442e-28
11.71692607	8.48681720753e-28
11.7315175097	8.3425256615e-28
11.7461089494	8.3855354228e-28
11.7607003891	8.43362584593e-28
11.7752918288	8.56316168045e-28
11.7898832685	8.53346526856e-28
11.8044747082	8.66495661458e-28
11.8190661479	8.83681623367e-28
11.8336575876	9.09758621554e-28
11.8482490272	9.21892892477e-28
11.8628404669	9.53402411225e-28
11.8774319066	9.8365538261e-28
11.8920233463	1.0038570483e-27
11.906614786	1.01055174745e-27
11.9212062257	1.02751046284e-27
11.9357976654	1.02690000923e-27
11.9503891051	1.03865361387e-27
11.9649805447	1.02910796718e-27
11.9795719844	1.01869165151e-27
11.9941634241	9.96665253447e-28
12.0087548638	9.67420238567e-28
12.0233463035	9.12758287063e-28
12.0379377432	8.83966435539e-28
12.0525291829	8.58944109326e-28
12.0671206226	8.45086191952e-28
12.0817120623	8.26858520696e-28
12.0963035019	8.22649082845e-28
12.1108949416	8.17594363856e-28
12.1254863813	8.21398115151e-28
12.140077821	8.2024845866e-28
12.1546692607	8.28481862052e-28
12.1692607004	8.32479606644e-28
12.1838521401	8.44075268186e-28
12.1984435798	8.42508486611e-28
12.2130350195	8.48728326723e-28
12.2276264591	8.54825119666e-28
12.2422178988	8.58813584126e-28
12.2568093385	8.58397312959e-28
12.2714007782	8.67346379075e-28
12.2859922179	8.75752172167e-28
12.3005836576	8.91542651631e-28
12.3151750973	9.03275838441e-28
12.329766537	9.16915184172e-28
12.3443579767	9.26219102987e-28
12.3589494163	9.36391882327e-28
12.373540856	9.4211818789e-28
12.3881322957	9.57420347097e-28
12.4027237354	9.75105528052e-28
12.4173151751	9.87397998752e-28
12.4319066148	9.96223546383e-28
12.4464980545	1.01561060686e-27
12.4610894942	1.04085280145e-27
12.4756809339	1.07755068127e-27
12.4902723735	1.12046871258e-27
12.5048638132	1.15821821604e-27
12.5194552529	1.1837354616e-27
12.5340466926	1.20376845047e-27
12.5486381323	1.213837021e-27
12.563229572	1.22515775345e-27
12.5778210117	1.22903948625e-27
12.5924124514	1.21926753036e-27
12.6070038911	1.20828815429e-27
12.6215953307	1.19510494724e-27
12.6361867704	1.18195949376e-27
12.6507782101	1.16888644434e-27
12.6653696498	1.1600597372e-27
12.6799610895	1.16381484522e-27
12.6945525292	1.17902828641e-27
12.7091439689	1.20174888659e-27
12.7237354086	1.239519896e-27
12.7383268483	1.26741875719e-27
12.7529182879	1.28254318386e-27
12.7675097276	1.28450619295e-27
12.7821011673	1.29235627827e-27
12.796692607	1.29621583006e-27
12.8112840467	1.31190751957e-27
12.8258754864	1.33715317125e-27
12.8404669261	1.36895908224e-27
12.8550583658	1.3837286529e-27
12.8696498054	1.3987657179e-27
12.8842412451	1.40247930446e-27
12.8988326848	1.40601709608e-27
12.9134241245	1.41904086635e-27
12.9280155642	1.43591207533e-27
12.9426070039	1.45495802015e-27
12.9571984436	1.48427300177e-27
12.9717898833	1.49783319939e-27
12.986381323	1.50726801394e-27
13.0009727626	1.5007218843e-27
13.0155642023	1.49397698218e-27
13.030155642	1.49150123679e-27
13.0447470817	1.49805588628e-27
13.0593385214	1.50778695955e-27
13.0739299611	1.54269248835e-27
13.0885214008	1.55328734885e-27
13.1031128405	1.55162813951e-27
13.1177042802	1.53834300012e-27
13.1322957198	1.53147672574e-27
13.1468871595	1.52276336352e-27
13.1614785992	1.52923160173e-27
13.1760700389	1.54225792404e-27
13.1906614786	1.57154815193e-27
13.2052529183	1.5741519356e-27
13.219844358	1.58119160425e-27
13.2344357977	1.56471405025e-27
13.2490272374	1.54525591388e-27
13.263618677	1.53044096124e-27
13.2782101167	1.52632144852e-27
13.2928015564	1.51320428158e-27
13.3073929961	1.52536782436e-27
13.3219844358	1.52609461894e-27
13.3365758755	1.52478533773e-27
13.3511673152	1.50092258452e-27
13.3657587549	1.48779883618e-27
13.3803501946	1.47474426371e-27
13.3949416342	1.47102973447e-27
13.4095330739	1.48391362795e-27
13.4241245136	1.52573594151e-27
13.4387159533	1.52955249476e-27
13.453307393	1.5393112601e-27
13.4678988327	1.53075675811e-27
13.4824902724	1.52690743135e-27
13.4970817121	1.50819156269e-27
13.5116731518	1.50510501955e-27
13.5262645914	1.49998454754e-27
13.5408560311	1.51295699782e-27
13.5554474708	1.5081078674e-27
13.5700389105	1.51167673817e-27
13.5846303502	1.49546782356e-27
13.5992217899	1.48148762994e-27
13.6138132296	1.46636363364e-27
13.6284046693	1.46719238582e-27
13.642996109	1.46409745439e-27
13.6575875486	1.50261814925e-27
13.6721789883	1.51360057536e-27
13.686770428	1.51233336765e-27
13.7013618677	1.50129495396e-27
13.7159533074	1.50759622859e-27
13.7305447471	1.50090364567e-27
13.7451361868	1.49915629549e-27
13.7597276265	1.50650847207e-27
13.7743190661	1.54691531232e-27
13.7889105058	1.54497865865e-27
13.8035019455	1.54706231174e-27
13.8180933852	1.52341837324e-27
13.8326848249	1.5063221231e-27
13.8472762646	1.48780851745e-27
13.8618677043	1.48364530007e-27
13.876459144	1.47015259995e-27
13.8910505837	1.48154742043e-27
13.9056420233	1.47344863317e-27
13.920233463	1.46330792072e-27
13.9348249027	1.43283300519e-27
13.9494163424	1.42276600244e-27
13.9640077821	1.40850285777e-27
13.9785992218	1.40725808459e-27
13.9931906615	1.40003903113e-27
14.0077821012	1.434269279e-27
14.0223735409	1.43407480117e-27
14.0369649805	1.42169478992e-27
14.0515564202	1.39658106713e-27
14.0661478599	1.38547759189e-27
14.0807392996	1.35769842656e-27
14.0953307393	1.35484905099e-27
14.109922179	1.36109088453e-27
14.1245136187	1.39431559441e-27
14.1391050584	1.3820053668e-27
14.1536964981	1.37654817977e-27
14.1682879377	1.34944922e-27
14.1828793774	1.32838755383e-27
14.1974708171	1.30330824676e-27
14.2120622568	1.29308162736e-27
14.2266536965	1.28270716577e-27
14.2412451362	1.31839810145e-27
14.2558365759	1.32725369044e-27
14.2704280156	1.32991516814e-27
14.2850194553	1.30377384416e-27
14.2996108949	1.29275067174e-27
14.3142023346	1.27119983201e-27
14.3287937743	1.26065562374e-27
14.343385214	1.26166232849e-27
14.3579766537	1.30491060063e-27
14.3725680934	1.30578359109e-27
14.3871595331	1.29010272612e-27
14.4017509728	1.25981977405e-27
14.4163424125	1.24463666318e-27
14.4309338521	1.21093572209e-27
14.4455252918	1.19699597828e-27
14.4601167315	1.18894490662e-27
14.4747081712	1.20984525742e-27
14.4892996109	1.20767713523e-27
14.5038910506	1.21255392777e-27
14.5184824903	1.19698255899e-27
14.53307393	1.18524520736e-27
14.5476653697	1.16710471146e-27
14.5622568093	1.15872031209e-27
14.576848249	1.14735440298e-27
14.5914396887	1.18207477283e-27
14.6060311284	1.1863206962e-27
14.6206225681	1.18673464335e-27
14.6352140078	1.15697708824e-27
14.6498054475	1.13662160994e-27
14.6643968872	1.11005595475e-27
14.6789883268	1.08862792619e-27
14.6935797665	1.07231119832e-27
14.7081712062	1.08861470506e-27
14.7227626459	1.07391861458e-27
14.7373540856	1.06574681092e-27
14.7519455253	1.04122126151e-27
14.766536965	1.02759527023e-27
14.7811284047	9.87860141032e-28
14.7957198444	9.63111132185e-28
14.810311284	9.38029554258e-28
14.8249027237	9.26894047763e-28
14.8394941634	8.90602163825e-28
14.8540856031	8.53582319956e-28
14.8686770428	8.00607901493e-28
14.8832684825	7.67394177365e-28
14.8978599222	7.3896233089e-28
14.9124513619	7.28556622706e-28
14.9270428016	7.38465846431e-28
14.9416342412	8.30820224416e-28
14.9562256809	9.96918785191e-28
14.9708171206	1.28521332728e-27
14.9854085603	1.86259130555e-27
15.0	2.4930278592e-27
