-14.9854085603	1.78101107039e-27
-14.9708171206	1.03240792988e-27
-14.9562256809	6.08910609161e-28
-14.9416342412	3.43368152298e-28
-14.9270428016	1.98065977949e-28
-14.9124513619	1.15240097469e-28
-14.8978599222	7.58743618119e-29
-14.8832684825	5.83520919621e-29
-14.8686770428	5.83457926119e-29
-14.8540856031	6.28991381348e-29
-14.8394941634	7.19878585183e-29
-14.8249027237	7.33279058672e-29
-14.810311284	8.24185197736e-29
-14.7957198444	9.00558517307e-29
-14.7811284047	1.01398794605e-28
-14.766536965	1.09928244655e-28
-14.7519455253	1.18839705022e-28
-14.7373540856	1.23504152451e-28
-14.7227626459	1.25318315267e-28
-14.7081712062	1.14962556813e-28
-14.6935797665	1.16569069418e-28
-14.6789883268	1.18101535174e-28
-14.6643968872	1.2367684048e-28
-14.6498054475	1.26746386583e-28
-14.6352140078	1.34312758854e-28
-14.6206225681	1.36931873528e-28
-14.6060311284	1.37548013286e-28
-14.5914396887	1.27320076775e-28
-14.576848249	1.26805997118e-28
-14.5622568093	1.27269669787e-28
-14.5476653696	1.34562031851e-28
-14.53307393	1.3682748033e-28
-14.5184824903	1.42432692164e-28
-14.5038910506	1.44472259219e-28
-14.4892996109	1.46020796145e-28
-14.4747081712	1.35588149512e-28
-14.4601167315	1.3520100624e-28
-14.4455252918	1.34745757555e-28
-14.4309338521	1.41586966646e-28
-14.4163424125	1.43823113127e-28
-14.4017509728	1.49187490351e-28
-14.3871595331	1.50643645667e-28
-14.3725680934	1.51684328343e-28
-14.3579766537	1.39026014342e-28
-14.343385214	1.37993885483e-28
-14.3287937743	1.37784670595e-28
-14.3142023346	1.43582233716e-28
-14.2996108949	1.46263799329e-28
-14.2850194553	1.53228017441e-28
-14.2704280156	1.54877481932e-28
-14.2558365759	1.56627225517e-28
-14.2412451362	1.46169707469e-28
-14.2266536965	1.47252609562e-28
-14.2120622568	1.48630870166e-28
-14.1974708171	1.55827858444e-28
-14.1828793774	1.57852451008e-28
-14.1682879377	1.63894830711e-28
-14.1536964981	1.65121495698e-28
-14.1391050584	1.65578701616e-28
-14.1245136187	1.55151153443e-28
-14.109922179	1.55812014029e-28
-14.0953307393	1.5616075119e-28
-14.0807392996	1.62512415074e-28
-14.0661478599	1.64034513632e-28
-14.0515564202	1.7039501633e-28
-14.0369649805	1.73004774336e-28
-14.0223735409	1.75103655368e-28
-14.0077821012	1.6583612844e-28
-13.9931906615	1.68359838696e-28
-13.9785992218	1.70694235265e-28
-13.9640077821	1.77568880716e-28
-13.9494163424	1.80942261499e-28
-13.9348249027	1.89785236353e-28
-13.920233463	1.94050086004e-28
-13.9056420233	1.98658966902e-28
-13.8910505837	1.92929424025e-28
-13.876459144	1.97208601993e-28
-13.8618677043	2.05557661094e-28
-13.8472762646	2.17110787608e-28
-13.8326848249	2.22871623373e-28
-13.8180933852	2.36105287383e-28
-13.8035019455	2.4667632364e-28
-13.7889105058	2.60285218274e-28
-13.7743190661	2.6895914924e-28
-13.7597276265	2.82429262212e-28
-13.7451361868	2.96217394894e-28
-13.7305447471	3.09691920455e-28
-13.7159533074	3.16676418938e-28
-13.7013618677	3.2478052082e-28
-13.686770428	3.27570920472e-28
-13.6721789883	3.24288596038e-28
-13.6575875486	3.09626747315e-28
-13.6429961089	3.05430620196e-28
-13.6284046693	3.0024392766e-28
-13.6138132296	2.9761978433e-28
-13.5992217899	2.91724801331e-28
-13.5846303502	2.90995434049e-28
-13.5700389105	2.88438113783e-28
-13.5554474708	2.87002796171e-28
-13.5408560311	2.78264473924e-28
-13.5262645914	2.79748399432e-28
-13.5116731518	2.86322114812e-28
-13.4970817121	2.94771694458e-28
-13.4824902724	2.97660159676e-28
-13.4678988327	3.05752631219e-28
-13.453307393	3.14526677513e-28
-13.4387159533	3.26675691366e-28
-13.4241245136	3.40565894112e-28
-13.4095330739	3.56042781509e-28
-13.3949416342	3.70161804576e-28
-13.3803501946	3.84697583425e-28
-13.3657587549	3.9391117443e-28
-13.3511673152	4.05686888044e-28
-13.3365758755	4.14484521281e-28
-13.3219844358	4.1871908866e-28
-13.3073929961	4.15079849416e-28
-13.2928015564	4.17593546399e-28
-13.2782101167	4.2230576823e-28
-13.263618677	4.26115009537e-28
-13.2490272374	4.30705548218e-28
-13.2344357977	4.42079958525e-28
-13.219844358	4.54733711128e-28
-13.2052529183	4.73619252632e-28
-13.1906614786	4.92939816068e-28
-13.1760700389	5.1399647973e-28
-13.1614785992	5.33356710201e-28
-13.1468871595	5.47080538241e-28
-13.1322957198	5.55611212174e-28
-13.1177042802	5.70157484638e-28
-13.1031128405	5.8231924915e-28
-13.0885214008	5.89545443902e-28
-13.0739299611	5.98079134388e-28
-13.0593385214	6.12608071268e-28
-13.0447470817	6.23481147947e-28
-13.030155642	6.30030286789e-28
-13.0155642023	6.37063367384e-28
-13.0009727626	6.48986508396e-28
-12.986381323	6.58926292282e-28
-12.9717898833	6.69358599858e-28
-12.9571984436	6.79269366468e-28
-12.9426070039	6.87878905652e-28
-12.9280155642	6.95228654429e-28
-12.9134241245	6.9318115737e-28
-12.8988326848	6.89777292186e-28
-12.8842412451	6.92465906045e-28
-12.8696498054	6.9351995711e-28
-12.8550583658	6.96393970497e-28
-12.8404669261	7.04275777825e-28
-12.8258754864	7.10654945508e-28
-12.8112840467	7.13598515109e-28
-12.796692607	7.11816099168e-28
-12.7821011673	7.07448108134e-28
-12.7675097276	7.03853715065e-28
-12.7529182879	6.98753105363e-28
-12.7383268482	6.93070488454e-28
-12.7237354086	6.91155972682e-28
-12.7091439689	6.86941465025e-28
-12.6945525292	6.82129934352e-28
-12.6799610895	6.73358099198e-28
-12.6653696498	6.65012607959e-28
-12.6507782101	6.64101550152e-28
-12.6361867704	6.6232338997e-28
-12.6215953307	6.59913240739e-28
-12.6070038911	6.63917948967e-28
-12.5924124514	6.6203276497e-28
-12.5778210117	6.5843273797e-28
-12.563229572	6.49380416222e-28
-12.5486381323	6.42756935607e-28
-12.5340466926	6.47452624081e-28
-12.5194552529	6.54803429677e-28
-12.5048638132	6.65443882791e-28
-12.4902723735	6.93864776157e-28
-12.4756809339	7.14748339631e-28
-12.4610894942	7.29417138182e-28
-12.4464980545	7.30492116538e-28
-12.4319066148	7.27029746035e-28
-12.4173151751	7.21084374993e-28
-12.4027237354	7.1064174953e-28
-12.3881322957	6.91614162677e-28
-12.373540856	6.78863174659e-28
-12.3589494163	6.70249208756e-28
-12.3443579767	6.57514906118e-28
-12.329766537	6.38289750738e-28
-12.3151750973	6.2364532187e-28
-12.3005836576	6.12299246646e-28
-12.2859922179	6.07626548004e-28
-12.2714007782	6.06883428952e-28
-12.2568093385	6.17643930816e-28
-12.2422178988	6.21211821099e-28
-12.2276264591	6.26380349181e-28
-12.2130350195	6.15352553187e-28
-12.1984435798	6.06468162023e-28
-12.1838521401	6.02785697225e-28
-12.1692607004	5.99167551281e-28
-12.1546692607	5.9957763399e-28
-12.140077821	6.12975791862e-28
-12.1254863813	6.11352935212e-28
-12.1108949416	6.04520404675e-28
-12.0963035019	5.90963973112e-28
-12.0817120623	5.8153999325e-28
-12.0671206226	5.75016216226e-28
-12.0525291829	5.75966122903e-28
-12.0379377432	5.76932292189e-28
-12.0233463035	5.87895585611e-28
-12.0087548638	5.90691270127e-28
-11.9941634241	5.94007100487e-28
-11.9795719844	5.90054977904e-28
-11.9649805447	5.91925070647e-28
-11.9503891051	5.95126342153e-28
-11.9357976654	6.06349102082e-28
-11.9212062257	6.30182437467e-28
-11.906614786	6.77680866589e-28
-11.8920233463	7.04837302797e-28
-11.8774319066	7.17081691776e-28
-11.8628404669	7.06551731978e-28
-11.8482490272	6.90011993562e-28
-11.8336575875	6.77056473563e-28
-11.8190661479	6.67693731723e-28
-11.8044747082	6.5364081844e-28
-11.7898832685	6.49525324541e-28
-11.7752918288	6.32211534501e-28
-11.7607003891	6.11493998262e-28
-11.7461089494	5.84579426321e-28
-11.7315175097	5.65697979813e-28
-11.71692607	5.49285100756e-28
-11.7023346304	5.42363735252e-28
-11.6877431907	5.34180764071e-28
-11.673151751	5.40036581477e-28
-11.6585603113	5.40252112924e-28
-11.6439688716	5.34917407277e-28
-11.6293774319	5.1977620483e-28
-11.6147859922	5.09393627968e-28
-11.6001945525	5.02860165749e-28
-11.5856031128	5.12674389926e-28
-11.5710116732	5.32992438559e-28
-11.5564202335	5.72058547004e-28
-11.5418287938	5.87755273675e-28
-11.5272373541	6.06733184458e-28
-11.5126459144	6.13386824254e-28
-11.4980544747	6.16123107924e-28
-11.483463035	6.29148885236e-28
-11.4688715953	6.47893353971e-28
-11.4542801556	6.73369929318e-28
-11.439688716	7.2377382064e-28
-11.4250972763	7.72152490846e-28
-11.4105058366	8.36461459855e-28
-11.3959143969	9.21988240381e-28
-11.3813229572	1.04684331987e-27
-11.3667315175	1.23038627043e-27
-11.3521400778	1.49016266394e-27
-11.3375486381	1.828781536e-27
-11.3229571984	2.28858505215e-27
-11.3083657588	2.91354090416e-27
-11.2937743191	3.79965268934e-27
-11.2791828794	4.97486888006e-27
-11.2645914397	6.71589840317e-27
-11.25	8.36861348168e-27
-11.2354085603	6.76907182503e-27
-11.2208171206	5.03603152785e-27
-11.2062256809	3.86017088012e-27
-11.1916342412	2.95070713535e-27
-11.1770428016	2.28249589696e-27
-11.1624513619	1.76558185145e-27
-11.1478599222	1.3733545582e-27
-11.1332684825	1.06954161778e-27
-11.1186770428	8.41987878283e-28
-11.1040856031	6.66608303343e-28
-11.0894941634	5.25413852748e-28
-11.0749027237	4.29665353969e-28
-11.060311284	3.60309438151e-28
-11.0457198444	3.0854307366e-28
-11.0311284047	2.71999696113e-28
-11.016536965	2.46691187976e-28
-11.0019455253	2.26389892086e-28
-10.9873540856	2.12713995543e-28
-10.9727626459	1.90713744891e-28
-10.9581712062	1.81464607508e-28
-10.9435797665	1.80303232034e-28
-10.9289883268	1.84961968609e-28
-10.9143968872	1.88081796994e-28
-10.8998054475	1.95352347023e-28
-10.8852140078	2.00778348234e-28
-10.8706225681	2.03191998215e-28
-10.8560311284	1.94736905431e-28
-10.8414396887	1.97387391042e-28
-10.826848249	2.0126788837e-28
-10.8122568093	2.12592617343e-28
-10.7976653696	2.20517514235e-28
-10.78307393	2.26132846798e-28
-10.7684824903	2.2741442629e-28
-10.7538910506	2.2727437712e-28
-10.7392996109	2.18907892349e-28
-10.7247081712	2.23886888289e-28
-10.7101167315	2.29965042466e-28
-10.6955252918	2.41594746212e-28
-10.6809338521	2.5134095687e-28
-10.6663424125	2.62045583174e-28
-10.6517509728	2.6714320189e-28
-10.6371595331	2.71453421739e-28
-10.6225680934	2.65728988159e-28
-10.6079766537	2.68450520124e-28
-10.593385214	2.7264027998e-28
-10.5787937743	2.80959138985e-28
-10.5642023346	2.84532535419e-28
-10.5496108949	2.93095757609e-28
-10.5350194553	2.96090619002e-28
-10.5204280156	2.92584942447e-28
-10.5058365759	2.77919208425e-28
-10.4912451362	2.757937001e-28
-10.4766536965	2.76286408065e-28
-10.4620622568	2.84792102929e-28
-10.4474708171	2.90183783733e-28
-10.4328793774	2.94220931019e-28
-10.4182879377	2.94997212165e-28
-10.4036964981	2.91365892778e-28
-10.3891050584	2.74403994156e-28
-10.3745136187	2.72402910674e-28
-10.359922179	2.73831593268e-28
-10.3453307393	2.80965183069e-28
-10.3307392996	2.85212401816e-28
-10.3161478599	2.91602675237e-28
-10.3015564202	2.92295891909e-28
-10.2869649805	2.89159561618e-28
-10.2723735409	2.77477481349e-28
-10.2577821012	2.73969287763e-28
-10.2431906615	2.73189152471e-28
-10.2285992218	2.77017109803e-28
-10.2140077821	2.77955605764e-28
-10.1994163424	2.79713606158e-28
-10.1848249027	2.7759349211e-28
-10.170233463	2.68134283056e-28
-10.1556420233	2.5135366049e-28
-10.1410505837	2.44703827927e-28
-10.126459144	2.39063242932e-28
-10.1118677043	2.40392264374e-28
-10.0972762646	2.38393104758e-28
-10.0826848249	2.3540135247e-28
-10.0680933852	2.31061043689e-28
-10.0535019455	2.24357343395e-28
-10.0389105058	2.07962353101e-28
-10.0243190661	2.00237290404e-28
-10.0097276265	1.96210517308e-28
-9.99513618677	1.97360583816e-28
-9.98054474708	1.96373841735e-28
-9.96595330739	1.96891785441e-28
-9.9513618677	1.97015454752e-28
-9.93677042802	1.96027789532e-28
-9.92217898833	1.93292000672e-28
-9.90758754864	1.94234244385e-28
-9.89299610895	1.97977385307e-28
-9.87840466926	2.00162519651e-28
-9.86381322957	2.00527473709e-28
-9.84922178988	2.0384839875e-28
-9.83463035019	2.08348942175e-28
-9.82003891051	2.12592046604e-28
-9.80544747082	2.18764273777e-28
-9.79085603113	2.28332537084e-28
-9.77626459144	2.40498597184e-28
-9.76167315175	2.53971072097e-28
-9.74708171206	2.6458080038e-28
-9.73249027237	2.74783886642e-28
-9.71789883268	2.8986772138e-28
-9.703307393	3.05976682838e-28
-9.68871595331	3.3003555141e-28
-9.67412451362	3.50648505978e-28
-9.65953307393	3.7008020885e-28
-9.64494163424	3.82966190884e-28
-9.63035019455	3.93038131572e-28
-9.61575875486	4.0399639199e-28
-9.60116731517	4.16060503898e-28
-9.58657587549	4.30783496313e-28
-9.5719844358	4.5323187957e-28
-9.55739299611	4.67557079885e-28
-9.54280155642	4.77272772533e-28
-9.52821011673	4.78961052652e-28
-9.51361867704	4.79030809456e-28
-9.49902723735	4.82100770947e-28
-9.48443579767	4.89335212543e-28
-9.46984435798	4.94453209872e-28
-9.45525291829	5.14935300722e-28
-9.4406614786	5.24210465094e-28
-9.42607003891	5.31349155815e-28
-9.41147859922	5.36286251467e-28
-9.39688715953	5.41407091949e-28
-9.38229571984	5.48766384142e-28
-9.36770428016	5.65711533941e-28
-9.35311284047	5.91491251128e-28
-9.33852140078	6.37205570261e-28
-9.32392996109	6.71491549444e-28
-9.3093385214	6.98116123417e-28
-9.29474708171	7.14476009168e-28
-9.28015564202	7.35759951045e-28
-9.26556420233	7.59812767831e-28
-9.25097276265	7.92254738828e-28
-9.23638132296	8.34312682456e-28
-9.22178988327	9.00460879384e-28
-9.20719844358	9.45003330047e-28
-9.19260700389	9.88211892449e-28
-9.1780155642	1.02657817681e-27
-9.16342412451	1.07145054188e-27
-9.14883268482	1.12631768749e-27
-9.13424124514	1.19970907931e-27
-9.11964980545	1.29189715908e-27
-9.10505836576	1.43148696556e-27
-9.09046692607	1.55373821289e-27
-9.07587548638	1.67339310774e-27
-9.06128404669	1.79290675856e-27
-9.046692607	1.92220103367e-27
-9.03210116731	2.0661530582e-27
-9.01750972763	2.24469933488e-27
-9.00291828794	2.44933577007e-27
-8.98832684825	2.72861216245e-27
-8.97373540856	2.99161729215e-27
-8.95914396887	3.2740150912e-27
-8.94455252918	3.56109676422e-27
-8.92996108949	3.87775296849e-27
-8.91536964981	4.26013323512e-27
-8.90077821012	4.72843409724e-27
-8.88618677043	5.28050470407e-27
-8.87159533074	5.97400962297e-27
-8.85700389105	6.72260317824e-27
-8.84241245136	7.59100897265e-27
-8.82782101167	8.59204902644e-27
-8.81322957198	9.79547462572e-27
-8.7986381323	1.12516476815e-26
-8.78404669261	1.3061463152e-26
-8.76945525292	1.52611537277e-26
-8.75486381323	1.79994765967e-26
-8.74027237354	2.11769092456e-26
-8.72568093385	2.5007381595e-26
-8.71108949416	2.95903170463e-26
-8.69649805447	3.52128065053e-26
-8.68190661479	4.2054614847e-26
-8.6673151751	5.05726024818e-26
-8.65272373541	6.10848218625e-26
-8.63813229572	7.41815385874e-26
-8.62354085603	9.01181423667e-26
-8.60894941634	1.0993696842e-25
-8.59435797665	1.344150409e-25
-8.57976653696	1.64888456956e-25
-8.56517509728	2.029355127e-25
-8.55058365759	2.50550869175e-25
-8.5359922179	3.0995635613e-25
-8.52140077821	3.84712491618e-25
-8.50680933852	4.7729011323e-25
-8.49221789883	5.92593272652e-25
-8.47762645914	7.35954900622e-25
-8.46303501945	9.14908587839e-25
-8.44844357977	1.13833187709e-24
-8.43385214008	1.41807626755e-24
-8.41926070039	1.7672644038e-24
-8.4046692607	2.20422798608e-24
-8.39007782101	2.74939732896e-24
-8.37548638132	3.43097489387e-24
-8.36089494163	4.282162225e-24
-8.34630350195	5.3465852149e-24
-8.33171206226	6.6768054596e-24
-8.31712062257	8.34101411541e-24
-8.30252918288	1.04201114699e-23
-8.28793774319	1.30188717025e-23
-8.2733463035	1.62576449771e-23
-8.25875486381	2.02993263607e-23
-8.24416342412	2.53380412829e-23
-8.22957198444	3.16208514942e-23
-8.21498054475	3.94529162454e-23
-8.20038910506	4.92149426959e-23
-8.18579766537	6.1373385978e-23
-8.17120622568	7.65201203501e-23
-8.15661478599	9.53643015947e-23
-8.1420233463	1.18810370512e-22
-8.12743190661	1.47965599767e-22
-8.11284046693	1.84210706475e-22
-8.09824902724	2.29250398982e-22
-8.08365758755	2.85209198273e-22
-8.06906614786	3.54689033474e-22
-8.05447470817	4.40934703426e-22
-8.03988326848	5.47889445836e-22
-8.02529182879	6.80496815637e-22
-8.0107003891	8.44814556132e-22
-7.99610894942	1.04836976136e-21
-7.98151750973	1.30041478152e-21
-7.96692607004	1.61238635177e-21
-7.95233463035	1.99832176263e-21
-7.93774319066	2.47555380634e-21
-7.92315175097	3.06529528476e-21
-7.90856031128	3.7938273022e-21
-7.89396887159	4.69335195689e-21
-7.87937743191	5.80355191094e-21
-7.86478599222	7.17313758748e-21
-7.85019455253	8.86200100876e-21
-7.83560311284	1.09435627772e-20
-7.82101167315	1.35080143235e-20
-7.80642023346	1.66656702155e-20
-7.79182879377	2.05521358792e-20
-7.77723735409	2.53333697298e-20
-7.7626459144	3.12126880835e-20
-7.74805447471	3.84388461799e-20
-7.73346303502	4.73165562491e-20
-7.71887159533	5.82179339245e-20
-7.70428015564	7.15983486796e-20
-7.68968871595	8.80130649953e-20
-7.67509727626	1.08141052028e-19
-7.66050583658	1.3281068803e-19
-7.64591439689	1.63032941471e-19
-7.6313229572	2.00040281151e-19
-7.61673151751	2.45334938016e-19
-7.60214007782	3.00746566912e-19
-7.58754863813	3.6850342378e-19
-7.57295719844	4.51316122836e-19
-7.55836575875	5.52483142344e-19
-7.54377431907	6.76014143932e-19
-7.52918287938	8.2678180598e-19
-7.51459143969	1.01070700736e-18
-7.5	1.23496687111e-18
-7.48540856031	1.50824031525e-18
-7.47081712062	1.84113248636e-18
-7.45622568093	2.24646952984e-18
-7.44163424124	2.73978297156e-18
-7.42704280156	3.33988471098e-18
-7.41245136187	4.0695469714e-18
-7.39785992218	4.95632326898e-18
-7.38326848249	6.03353555413e-18
-7.3686770428	7.34145988727e-18
-7.35408560311	8.92876100861e-18
-7.33949416342	1.08541971428e-17
-7.32490272373	1.31886981154e-17
-7.31031128405	1.60178281076e-17
-7.29571984436	1.9444766752e-17
-7.28112840467	2.35938636603e-17
-7.26653696498	2.86149206842e-17
-7.25194552529	3.46882982902e-17
-7.2373540856	4.20310613093e-17
-7.22276264591	5.09042852725e-17
-7.20817120623	6.16218826991e-17
-7.19357976654	7.45610606414e-17
-7.17898832685	9.01748936877e-17
-7.16439688716	1.09007291736e-16
-7.14980544747	1.31710908584e-16
-7.13521400778	1.59068467596e-16
-7.12062256809	1.92018275955e-16
-7.1060311284	2.31684509521e-16
-7.09143968872	2.79413463725e-16
-7.07684824903	3.36816578753e-16
-7.06225680934	4.05821751617e-16
-7.04766536965	4.88734286814e-16
-7.03307392996	5.88309479287e-16
-7.01848249027	7.07838745212e-16
-7.00389105058	8.51252082384e-16
-6.98929961089	1.02323946535e-15
-6.97470817121	1.22939528069e-15
-6.96011673152	1.47638922116e-15
-6.94552529183	1.77216915532e-15
-6.93093385214	2.12620122844e-15
-6.91634241245	2.54975440778e-15
-6.90175097276	3.05623701762e-15
-6.88715953307	3.66159509452e-15
-6.87256809338	4.38478285371e-15
-6.8579766537	5.24831947676e-15
-6.84338521401	6.278945801e-15
-6.82879377432	7.508400118e-15
-6.81420233463	8.97433305084e-15
-6.79961089494	1.07213867597e-14
-6.78501945525	1.28024663282e-14
-6.77042801556	1.52802381226e-14
-6.75583657588	1.82288927974e-14
-6.74124513619	2.17362213838e-14
-6.7266536965	2.59060553366e-14
-6.71206225681	3.08611360161e-14
-6.69747081712	3.67464846526e-14
-6.68287937743	4.37333608373e-14
-6.66828793774	5.20239068447e-14
-6.65369649805	6.18565965459e-14
-6.63910505837	7.35126215506e-14
-6.62451361868	8.73233773487e-14
-6.60992217899	1.03679226529e-13
-6.5953307393	1.23039759125e-13
-6.58073929961	1.45945792854e-13
-6.56614785992	1.73033406939e-13
-6.55155642023	2.0505033916e-13
-6.53696498054	2.42875140022e-13
-6.52237354086	2.87539528043e-13
-6.50778210117	3.4025447772e-13
-6.49319066148	4.02440634294e-13
-6.47859922179	4.7576376552e-13
-6.4640077821	5.62176051661e-13
-6.44941634241	6.63964160704e-13
-6.43482490272	7.83805179382e-13
-6.42023346303	9.24831664648e-13
-6.40564202335	1.09070724173e-12
-6.39105058366	1.28571443691e-12
-6.37645914397	1.51485663895e-12
-6.36186770428	1.78397642471e-12
-6.34727626459	2.09989277555e-12
-6.3326848249	2.47056013682e-12
-6.31809338521	2.90525267483e-12
-6.30350194552	3.414777624e-12
-6.28891050584	4.01172215298e-12
-6.27431906615	4.71073890668e-12
-6.25972762646	5.52887603541e-12
-6.24513618677	6.48595849348e-12
-6.23054474708	7.60502826877e-12
-6.21595330739	8.91285242684e-12
-6.2013618677	1.04405090283e-11
-6.18677042802	1.22240625373e-11
-6.17217898833	1.43053418767e-11
-6.15758754864	1.67328363429e-11
-6.14299610895	1.95627265114e-11
-6.12840466926	2.28600699176e-11
-6.11381322957	2.67001639077e-11
-6.09922178988	3.11701112982e-11
-6.08463035019	3.63706179426e-11
-6.07003891051	4.24180554666e-11
-6.05544747082	4.94468267971e-11
-6.04085603113	5.76120775994e-11
-6.02626459144	6.70928021655e-11
-6.01167315175	7.80953993247e-11
-5.99708171206	9.08577410435e-11
-5.98249027237	1.05653825136e-10
-5.96789883268	1.22799092691e-10
-5.953307393	1.4265650179e-10
-5.93871595331	1.65643460901e-10
-5.92412451362	1.92239739315e-10
-5.90953307393	2.22996486593e-10
-5.89494163424	2.58546510911e-10
-5.88035019455	2.99615984793e-10
-5.86575875486	3.47037768917e-10
-5.85116731517	4.01766568416e-10
-5.83657587549	4.64896163793e-10
-5.8219844358	5.37678988396e-10
-5.80739299611	6.21548359482e-10
-5.79280155642	7.18143706569e-10
-5.77821011673	8.29339184867e-10
-5.76361867704	9.572761079e-10
-5.74902723735	1.10439968748e-09
-5.73443579766	1.27350062747e-09
-5.71984435798	1.4677621846e-09
-5.70525291829	1.69081338186e-09
-5.6906614786	1.94678914323e-09
-5.67607003891	2.24039820729e-09
-5.66147859922	2.57699977983e-09
-5.64688715953	2.96268999607e-09
-5.63229571984	3.40439938855e-09
-5.61770428016	3.91000269243e-09
-5.60311284047	4.48844247422e-09
-5.58852140078	5.14986823582e-09
-5.57392996109	5.90579283538e-09
-5.5593385214	6.76926826748e-09
-5.54474708171	7.7550830766e-09
-5.53015564202	8.87998392397e-09
-5.51556420233	1.01629241068e-08
-5.50097276265	1.16253421294e-08
-5.48638132296	1.32914737615e-08
-5.47178988327	1.51887013831e-08
-5.45719844358	1.73479448212e-08
-5.44260700389	1.98040983205e-08
-5.4280155642	2.25965187779e-08
-5.41342412451	2.57695708963e-08
-5.39883268482	2.93732354976e-08
-5.38424124514	3.34637878601e-08
-5.36964980545	3.81045536455e-08
-5.35505836576	4.33667507239e-08
-5.34046692607	4.93304260392e-08
-5.32587548638	5.60854975356e-08
-5.31128404669	6.37329121531e-08
-5.296692607	7.23859319433e-08
-5.28210116731	8.21715615112e-08
-5.26750972763	9.32321312256e-08
-5.25291828794	1.05727051988e-07
-5.23832684825	1.19834758799e-07
-5.22373540856	1.35754861954e-07
-5.20914396887	1.53710526349e-07
-5.19455252918	1.73951101271e-07
-5.17996108949	1.96755024957e-07
-5.1653696498	2.22433030357e-07
-5.15077821012	2.51331680793e-07
-5.13618677043	2.83837266669e-07
-5.12159533074	3.2038009695e-07
-5.10700389105	3.61439221994e-07
-5.09241245136	4.07547627235e-07
-5.07782101167	4.59297940455e-07
-5.06322957198	5.17348698742e-07
-5.0486381323	5.82431224871e-07
-5.03404669261	6.55357166643e-07
-5.01945525292	7.37026756821e-07
-5.00486381323	8.28437855575e-07
-4.99027237354	9.30695841926e-07
-4.97568093385	1.04502442545e-06
-4.96108949416	1.17277745455e-06
-4.94649805447	1.315451803e-06
-4.93190661479	1.47470142189e-06
-4.9173151751	1.65235265006e-06
-4.90272373541	1.85042088212e-06
-4.88813229572	2.0711286996e-06
-4.87354085603	2.31692557717e-06
-4.85894941634	2.59050928299e-06
-4.84435797665	2.89484909903e-06
-4.82976653696	3.23321099468e-06
-4.81517509728	3.60918489435e-06
-4.80058365759	4.02671418752e-06
-4.7859922179	4.49012763737e-06
-4.77140077821	5.00417385217e-06
-4.75680933852	5.5740584917e-06
-4.74221789883	6.20548438873e-06
-4.72762645914	6.90469477423e-06
-4.71303501945	7.67851980232e-06
-4.69844357977	8.53442657962e-06
-4.68385214008	9.48057291087e-06
-4.66926070039	1.05258649806e-05
-4.6546692607	1.16800191973e-05
-4.64007782101	1.2953628435e-05
-4.62548638132	1.43582329103e-05
-4.61089494163	1.59063959423e-05
-4.59630350194	1.76117848458e-05
-4.58171206226	1.94892572126e-05
-4.56712062257	2.15549528391e-05
-4.55252918288	2.38263915612e-05
-4.53793774319	2.63225772577e-05
-4.5233463035	2.90641082836e-05
-4.50875486381	3.20732945919e-05
-4.49416342412	3.53742818001e-05
-4.47957198444	3.8993182451e-05
-4.46498054475	4.295821471e-05
-4.45038910506	4.72998487326e-05
-4.43579766537	5.20509609202e-05
-4.42120622568	5.72469962722e-05
-4.40661478599	6.2926139019e-05
-4.3920233463	6.91294917054e-05
-4.37743190661	7.5901262864e-05
-4.36284046693	8.32889633956e-05
-4.34824902724	9.13436117392e-05
-4.33365758755	0.00010011994788
-4.31906614786	0.000109676656204
-4.30447470817	0.000120076597169
-4.28988326848	0.000131387047697
-4.27529182879	0.000143679950179
-4.2607003891	0.000157032169866
-4.24610894942	0.000171525760429
-4.23151750973	0.000187248237336
-4.21692607004	0.000204292858676
-4.20233463035	0.000222758912962
-4.18774319066	0.000242752013339
-4.17315175097	0.000264384397603
-4.15856031128	0.000287775233263
-4.14396887159	0.000313050926863
-4.12937743191	0.00034034543661
-4.11478599222	0.000369800587318
-4.10019455253	0.000401566386516
-4.08560311284	0.000435801340486
-4.07101167315	0.000472672768891
-4.05642023346	0.000512357116517
-4.04182879377	0.000555040260553
-4.02723735408	0.000600917811715
-4.0126459144	0.000650195407403
-3.99805447471	0.000703088994972
-3.98346303502	0.000759825103067
-3.96887159533	0.000820641098903
-3.95428015564	0.000885785429218
-3.93968871595	0.000955517842582
-3.92509727626	0.0010301095906
-3.91050583658	0.00110984360553
-3.89591439689	0.00119501465171
-3.8813229572	0.00128592944813
-3.86673151751	0.00138290675953
-3.85214007782	0.00148627745321
-3.83754863813	0.00159638451895
-3.82295719844	0.00171358304908
-3.80836575875	0.00183824017632
-3.79377431907	0.00197073496643
-3.77918287938	0.00211145826319
-3.76459143969	0.0022608124833
-3.75	0.00241921135857
-3.73540856031	0.00258707962346
-3.72081712062	0.00276485264552
-3.70622568093	0.00295297599723
-3.69163424124	0.00315190496724
-3.67704280156	0.0033621040098
-3.66245136187	0.00358404613113
-3.64785992218	0.00381821221197
-3.63326848249	0.00406509026578
-3.6186770428	0.00432517463236
-3.60408560311	0.00459896510729
-3.58949416342	0.00488696600768
-3.57490272373	0.00518968517538
-3.56031128405	0.00550763291903
-3.54571984436	0.00584132089711
-3.53112840467	0.00619126094418
-3.51653696498	0.00655796384335
-3.50194552529	0.00694193804831
-3.4873540856	0.00734368835874
-3.47276264591	0.00776371455347
-3.45817120623	0.0082025099861
-3.44357976654	0.00866056014838
-3.42898832685	0.00913834120694
-3.41439688716	0.00963631851946
-3.39980544747	0.0101549451367
-3.38521400778	0.0106946602971
-3.37062256809	0.0112558879213
-3.3560311284	0.0118390351133
-3.34143968872	0.0124444906765
-3.32684824903	0.0130726236519
-3.31225680934	0.013723781886
-3.29766536965	0.0143982906374
-3.28307392996	0.0150964512277
-3.26848249027	0.0158185397474
-3.25389105058	0.0165648058214
-3.23929961089	0.0173354714441
-3.22470817121	0.0181307298884
-3.21011673152	0.0189507446989
-3.19552529183	0.0197956487721
-3.18093385214	0.0206655435318
-3.16634241245	0.0215604982048
-3.15175097276	0.0224805492011
-3.13715953307	0.0234256996028
-3.12256809338	0.0243959187665
-3.1079766537	0.0253911420411
-3.09338521401	0.0264112706027
-3.07879377432	0.0274561714102
-3.06420233463	0.02852567728
-3.04961089494	0.029619587081
-3.03501945525	0.0307376660488
-3.02042801556	0.0318796462182
-3.00583657587	0.0330452269706
-2.99124513619	0.0342340756942
-2.9766536965	0.035445828553
-2.96206225681	0.0366800913606
-2.94747081712	0.0379364405533
-2.93287937743	0.0392144242574
-2.91828793774	0.0405135634446
-2.90369649805	0.0418333531691
-2.88910505837	0.0431732638794
-2.87451361868	0.0445327427973
-2.85992217899	0.0459112153567
-2.8453307393	0.0473080866956
-2.83073929961	0.0487227431906
-2.81614785992	0.0501545540292
-2.80155642023	0.0516028728095
-2.78696498054	0.0530670391601
-2.77237354086	0.0545463803727
-2.75778210117	0.0560402130386
-2.74319066148	0.0575478446824
-2.72859922179	0.0590685753858
-2.7140077821	0.0606016993929
-2.69941634241	0.0621465066923
-2.68482490272	0.0637022845684
-2.67023346303	0.0652683191164
-2.65564202335	0.0668438967157
-2.64105058366	0.0684283054556
-2.62645914397	0.0700208365109
-2.61186770428	0.0716207854612
-2.59727626459	0.0732274535506
-2.5826848249	0.0748401488866
-2.56809338521	0.076458187573
-2.55350194552	0.078080894776
-2.53891050584	0.0797076057223
-2.52431906615	0.0813376666265
-2.50972762646	0.0829704355488
-2.49513618677	0.0846052831806
-2.48054474708	0.0862415935604
-2.46595330739	0.0878787647183
-2.4513618677	0.0895162092509
-2.43677042801	0.0911533548286
-2.42217898833	0.0927896446341
-2.40758754864	0.0944245377366
-2.39299610895	0.0960575094021
-2.37840466926	0.097688051342
-2.36381322957	0.099315671903
-2.34922178988	0.1009398962
-2.33463035019	0.102560266195
-2.32003891051	0.104176340725
-2.30544747082	0.105787695483
-2.29085603113	0.107393922946
-2.27626459144	0.108994632276
-2.26167315175	0.11058944916
-2.24708171206	0.112178015633
-2.23249027237	0.113759989856
-2.21789883268	0.115335045865
-2.203307393	0.116902873292
-2.18871595331	0.118463177063
-2.17412451362	0.12001567707
-2.15953307393	0.121560107828
-2.14494163424	0.123096218104
-2.13035019455	0.124623770544
-2.11575875486	0.126142541278
-2.10116731517	0.127652319519
-2.08657587549	0.129152907151
-2.0719844358	0.130644118311
-2.05739299611	0.132125778968
-2.04280155642	0.133597726496
-2.02821011673	0.135059809251
-2.01361867704	0.136511886142
-1.99902723735	0.137953826207
-1.98443579766	0.139385508193
-1.96984435798	0.140806820136
-1.95525291829	0.142217658954
-1.9406614786	0.143617930034
-1.92607003891	0.145007546837
-1.91147859922	0.146386430509
-1.89688715953	0.147754509491
-1.88229571984	0.149111719153
-1.86770428015	0.150458001424
-1.85311284047	0.151793304442
-1.83852140078	0.153117582206
-1.82392996109	0.154430794246
-1.8093385214	0.155732905298
-1.79474708171	0.157023884995
-1.78015564202	0.158303707562
-1.76556420233	0.159572351533
-1.75097276265	0.160829799468
-1.73638132296	0.162076037686
-1.72178988327	0.163311056014
-1.70719844358	0.164534847534
-1.69260700389	0.165747408356
-1.6780155642	0.166948737392
-1.66342412451	0.168138836141
-1.64883268482	0.169317708488
-1.63424124514	0.170485360511
-1.61964980545	0.171641800299
-1.60505836576	0.172787037775
-1.59046692607	0.173921084535
-1.57587548638	0.175043953693
-1.56128404669	0.176155659731
-1.546692607	0.177256218364
-1.53210116731	0.178345646407
-1.51750972763	0.179423961656
-1.50291828794	0.18049118277
-1.48832684825	0.181547329166
-1.47373540856	0.182592420915
-1.45914396887	0.183626478651
-1.44455252918	0.184649523482
-1.42996108949	0.185661576906
-1.4153696498	0.186662660738
-1.40077821012	0.18765279704
-1.38618677043	0.188632008051
-1.37159533074	0.189600316132
-1.35700389105	0.190557743704
-1.34241245136	0.191504313206
-1.32782101167	0.192440047036
-1.31322957198	0.193364967518
-1.29863813229	0.194279096859
-1.28404669261	0.19518245711
-1.26945525292	0.196075070139
-1.25486381323	0.196956957598
-1.24027237354	0.197828140897
-1.22568093385	0.198688641181
-1.21108949416	0.199538479309
-1.19649805447	0.200377675836
-1.18190661479	0.201206250994
-1.1673151751	0.202024224679
-1.15272373541	0.202831616439
-1.13813229572	0.203628445463
-1.12354085603	0.204414730573
-1.10894941634	0.205190490216
-1.09435797665	0.205955742455
-1.07976653696	0.20671050497
-1.06517509728	0.207454795051
-1.05058365759	0.208188629597
-1.0359922179	0.208912025113
-1.02140077821	0.209624997713
-1.00680933852	0.210327563117
-0.992217898832	0.211019736653
-0.977626459143	0.211701533264
-0.963035019454	0.212372967502
-0.948443579766	0.21303405354
-0.933852140077	0.213684805168
-0.919260700388	0.214325235804
-0.9046692607	0.214955358494
-0.890077821011	0.215575185918
-0.875486381322	0.216184730397
-0.860894941633	0.216784003897
-0.846303501945	0.217373018036
-0.831712062256	0.217951784088
-0.817120622567	0.218520312991
-0.802529182879	0.219078615352
-0.78793774319	0.219626701454
-0.773346303501	0.220164581263
-0.758754863812	0.220692264434
-0.744163424124	0.221209760317
-0.729571984435	0.221717077964
-0.714980544746	0.222214226136
-0.700389105058	0.222701213307
-0.685797665369	0.223178047676
-0.67120622568	0.223644737166
-0.656614785991	0.224101289436
-0.642023346303	0.224547711886
-0.627431906614	0.224984011661
-0.612840466925	0.22541019566
-0.598249027237	0.22582627054
-0.583657587548	0.226232242721
-0.569066147859	0.226628118395
-0.55447470817	0.227013903528
-0.539883268482	0.227389603869
-0.525291828793	0.227755224952
-0.510700389104	0.228110772103
-0.496108949416	0.228456250444
-0.481517509727	0.2287916649
-0.466926070038	0.229117020201
-0.452334630349	0.229432320888
-0.437743190661	0.229737571318
-0.423151750972	0.230032775667
-0.408560311283	0.230317937936
-0.393968871594	0.230593061952
-0.379377431906	0.230858151375
-0.364785992217	0.231113209701
-0.350194552528	0.231358240264
-0.33560311284	0.23159324624
-0.321011673151	0.231818230651
-0.306420233462	0.23203319637
-0.291828793773	0.232238146119
-0.277237354085	0.232433082476
-0.262645914396	0.232618007876
-0.248054474707	0.232792924615
-0.233463035019	0.23295783485
-0.21887159533	0.233112740603
-0.204280155641	0.233257643763
-0.189688715952	0.233392546089
-0.175097276264	0.233517449209
-0.160505836575	0.233632354623
-0.145914396886	0.233737263708
-0.131322957198	0.233832177713
-0.116731517509	0.233917097767
-0.10214007782	0.233992024874
-0.0875486381314	0.23405695992
-0.0729571984427	0.23411190367
-0.058365758754	0.234156856769
-0.0437743190653	0.234191819744
-0.0291828793766	0.234216793006
-0.0145914396879	0.234231776846
8.5975671027e-13	0.23423677144
0.0145914396896	0.234231776846
0.0291828793783	0.234216793006
0.043774319067	0.234191819744
0.0583657587557	0.234156856769
0.0729571984444	0.23411190367
0.0875486381332	0.23405695992
0.102140077822	0.233992024874
0.116731517511	0.233917097767
0.131322957199	0.233832177713
0.145914396888	0.233737263708
0.160505836577	0.233632354623
0.175097276265	0.233517449209
0.189688715954	0.233392546089
0.204280155643	0.233257643763
0.218871595332	0.233112740603
0.23346303502	0.23295783485
0.248054474709	0.232792924615
0.262645914398	0.232618007876
0.277237354086	0.232433082476
0.291828793775	0.232238146119
0.306420233464	0.23203319637
0.321011673153	0.231818230651
0.335603112841	0.23159324624
0.35019455253	0.231358240264
0.364785992219	0.231113209701
0.379377431907	0.230858151375
0.393968871596	0.230593061952
0.408560311285	0.230317937936
0.423151750974	0.230032775667
0.437743190662	0.229737571318
0.452334630351	0.229432320888
0.46692607004	0.229117020201
0.481517509729	0.2287916649
0.496108949417	0.228456250445
0.510700389106	0.228110772103
0.525291828795	0.227755224952
0.539883268483	0.227389603869
0.554474708172	0.227013903528
0.569066147861	0.226628118395
0.58365758755	0.226232242721
0.598249027238	0.22582627054
0.612840466927	0.22541019566
0.627431906616	0.224984011661
0.642023346304	0.224547711886
0.656614785993	0.224101289436
0.671206225682	0.223644737166
0.685797665371	0.223178047676
0.700389105059	0.222701213307
0.714980544748	0.222214226136
0.729571984437	0.221717077964
0.744163424125	0.221209760317
0.758754863814	0.220692264434
0.773346303503	0.220164581263
0.787937743192	0.219626701454
0.80252918288	0.219078615352
0.817120622569	0.218520312991
0.831712062258	0.217951784088
0.846303501946	0.217373018036
0.860894941635	0.216784003897
0.875486381324	0.216184730397
0.890077821013	0.215575185918
0.904669260701	0.214955358494
0.91926070039	0.214325235804
0.933852140079	0.213684805168
0.948443579767	0.21303405354
0.963035019456	0.212372967503
0.977626459145	0.211701533264
0.992217898834	0.211019736653
1.00680933852	0.210327563117
1.02140077821	0.209624997713
1.0359922179	0.208912025114
1.05058365759	0.208188629597
1.06517509728	0.207454795052
1.07976653697	0.20671050497
1.09435797665	0.205955742455
1.10894941634	0.205190490216
1.12354085603	0.204414730574
1.13813229572	0.203628445463
1.15272373541	0.202831616439
1.1673151751	0.202024224679
1.18190661479	0.201206250994
1.19649805448	0.200377675836
1.21108949416	0.19953847931
1.22568093385	0.198688641181
1.24027237354	0.197828140897
1.25486381323	0.196956957598
1.26945525292	0.196075070139
1.28404669261	0.19518245711
1.2986381323	0.194279096859
1.31322957199	0.193364967519
1.32782101167	0.192440047036
1.34241245136	0.191504313206
1.35700389105	0.190557743705
1.37159533074	0.189600316132
1.38618677043	0.188632008051
1.40077821012	0.18765279704
1.41536964981	0.186662660738
1.4299610895	0.185661576906
1.44455252918	0.184649523482
1.45914396887	0.183626478652
1.47373540856	0.182592420916
1.48832684825	0.181547329166
1.50291828794	0.180491182771
1.51750972763	0.179423961656
1.53210116732	0.178345646407
1.546692607	0.177256218364
1.56128404669	0.176155659732
1.57587548638	0.175043953694
1.59046692607	0.173921084536
1.60505836576	0.172787037775
1.61964980545	0.171641800299
1.63424124514	0.170485360511
1.64883268483	0.169317708488
1.66342412451	0.168138836141
1.6780155642	0.166948737392
1.69260700389	0.165747408356
1.70719844358	0.164534847534
1.72178988327	0.163311056014
1.73638132296	0.162076037687
1.75097276265	0.160829799468
1.76556420234	0.159572351534
1.78015564202	0.158303707563
1.79474708171	0.157023884995
1.8093385214	0.155732905299
1.82392996109	0.154430794246
1.83852140078	0.153117582206
1.85311284047	0.151793304442
1.86770428016	0.150458001424
1.88229571985	0.149111719153
1.89688715953	0.147754509491
1.91147859922	0.146386430509
1.92607003891	0.145007546838
1.9406614786	0.143617930034
1.95525291829	0.142217658954
1.96984435798	0.140806820137
1.98443579767	0.139385508193
1.99902723736	0.137953826207
2.01361867704	0.136511886142
2.02821011673	0.135059809252
2.04280155642	0.133597726497
2.05739299611	0.132125778968
2.0719844358	0.130644118312
2.08657587549	0.129152907152
2.10116731518	0.12765231952
2.11575875486	0.126142541278
2.13035019455	0.124623770544
2.14494163424	0.123096218104
2.15953307393	0.121560107828
2.17412451362	0.120015677071
2.18871595331	0.118463177063
2.203307393	0.116902873292
2.21789883269	0.115335045865
2.23249027237	0.113759989857
2.24708171206	0.112178015634
2.26167315175	0.11058944916
2.27626459144	0.108994632276
2.29085603113	0.107393922947
2.30544747082	0.105787695483
2.32003891051	0.104176340726
2.3346303502	0.102560266196
2.34922178988	0.1009398962
2.36381322957	0.0993156719036
2.37840466926	0.0976880513426
2.39299610895	0.0960575094027
2.40758754864	0.0944245377372
2.42217898833	0.0927896446347
2.43677042802	0.0911533548292
2.45136186771	0.0895162092515
2.46595330739	0.0878787647188
2.48054474708	0.086241593561
2.49513618677	0.0846052831812
2.50972762646	0.0829704355494
2.52431906615	0.0813376666271
2.53891050584	0.0797076057229
2.55350194553	0.0780808947766
2.56809338522	0.0764581875736
2.5826848249	0.0748401488873
2.59727626459	0.0732274535512
2.61186770428	0.0716207854618
2.62645914397	0.0700208365116
2.64105058366	0.0684283054562
2.65564202335	0.0668438967163
2.67023346304	0.0652683191171
2.68482490272	0.063702284569
2.69941634241	0.0621465066929
2.7140077821	0.0606016993935
2.72859922179	0.0590685753865
2.74319066148	0.0575478446831
2.75778210117	0.0560402130392
2.77237354086	0.0545463803734
2.78696498055	0.0530670391608
2.80155642023	0.0516028728101
2.81614785992	0.0501545540298
2.83073929961	0.0487227431912
2.8453307393	0.0473080866962
2.85992217899	0.0459112153574
2.87451361868	0.0445327427979
2.88910505837	0.0431732638801
2.90369649806	0.0418333531698
2.91828793774	0.0405135634452
2.93287937743	0.039214424258
2.94747081712	0.037936440554
2.96206225681	0.0366800913613
2.9766536965	0.0354458285536
2.99124513619	0.0342340756948
3.00583657588	0.0330452269712
3.02042801557	0.0318796462188
3.03501945525	0.0307376660494
3.04961089494	0.0296195870816
3.06420233463	0.0285256772806
3.07879377432	0.0274561714108
3.09338521401	0.0264112706032
3.1079766537	0.0253911420416
3.12256809339	0.0243959187671
3.13715953307	0.0234256996033
3.15175097276	0.0224805492016
3.16634241245	0.0215604982053
3.18093385214	0.0206655435323
3.19552529183	0.0197956487726
3.21011673152	0.0189507446994
3.22470817121	0.0181307298889
3.2392996109	0.0173354714445
3.25389105058	0.0165648058219
3.26848249027	0.0158185397478
3.28307392996	0.0150964512281
3.29766536965	0.0143982906378
3.31225680934	0.0137237818864
3.32684824903	0.0130726236523
3.34143968872	0.0124444906769
3.35603112841	0.0118390351137
3.37062256809	0.0112558879217
3.38521400778	0.0106946602975
3.39980544747	0.010154945137
3.41439688716	0.00963631851978
3.42898832685	0.00913834120726
3.44357976654	0.00866056014868
3.45817120623	0.00820250998639
3.47276264592	0.00776371455375
3.4873540856	0.00734368835901
3.50194552529	0.00694193804857
3.51653696498	0.00655796384361
3.53112840467	0.00619126094443
3.54571984436	0.00584132089735
3.56031128405	0.00550763291926
3.57490272374	0.0051896851756
3.58949416343	0.00488696600789
3.60408560311	0.00459896510749
3.6186770428	0.00432517463255
3.63326848249	0.00406509026596
3.64785992218	0.00381821221215
3.66245136187	0.0035840461313
3.67704280156	0.00336210400996
3.69163424125	0.0031519049674
3.70622568093	0.00295297599738
3.72081712062	0.00276485264566
3.73540856031	0.00258707962359
3.75	0.0024192113587
3.76459143969	0.00226081248342
3.77918287938	0.00211145826331
3.79377431907	0.00197073496654
3.80836575876	0.00183824017643
3.82295719844	0.00171358304918
3.83754863813	0.00159638451904
3.85214007782	0.0014862774533
3.86673151751	0.00138290675961
3.8813229572	0.00128592944821
3.89591439689	0.00119501465179
3.91050583658	0.00110984360561
3.92509727627	0.00103010959067
3.93968871595	0.000955517842646
3.95428015564	0.000885785429279
3.96887159533	0.000820641098959
3.98346303502	0.00075982510312
3.99805447471	0.000703088995022
4.0126459144	0.000650195407451
4.02723735409	0.00060091781176
4.04182879378	0.000555040260595
4.05642023346	0.000512357116557
4.07101167315	0.000472672768928
4.08560311284	0.000435801340521
4.10019455253	0.000401566386549
4.11478599222	0.000369800587349
4.12937743191	0.000340345436639
4.1439688716	0.00031305092689
4.15856031129	0.000287775233289
4.17315175097	0.000264384397626
4.18774319066	0.000242752013361
4.20233463035	0.000222758912982
4.21692607004	0.000204292858696
4.23151750973	0.000187248237354
4.24610894942	0.000171525760446
4.26070038911	0.000157032169882
4.27529182879	0.000143679950193
4.28988326848	0.000131387047711
4.30447470817	0.000120076597181
4.31906614786	0.000109676656216
4.33365758755	0.000100119947891
4.34824902724	9.13436117494e-05
4.36284046693	8.32889634051e-05
4.37743190662	7.59012628728e-05
4.3920233463	6.91294917136e-05
4.40661478599	6.29261390266e-05
4.42120622568	5.72469962792e-05
4.43579766537	5.20509609267e-05
4.45038910506	4.72998487386e-05
4.46498054475	4.29582147156e-05
4.47957198444	3.89931824561e-05
4.49416342413	3.53742818049e-05
4.50875486381	3.20732945963e-05
4.5233463035	2.90641082877e-05
4.53793774319	2.63225772615e-05
4.55252918288	2.38263915646e-05
4.56712062257	2.15549528423e-05
4.58171206226	1.94892572155e-05
4.59630350195	1.76117848485e-05
4.61089494164	1.59063959447e-05
4.62548638132	1.43582329126e-05
4.64007782101	1.29536284371e-05
4.6546692607	1.16800191992e-05
4.66926070039	1.05258649823e-05
4.68385214008	9.48057291247e-06
4.69844357977	8.53442658109e-06
4.71303501946	7.67851980366e-06
4.72762645915	6.90469477546e-06
4.74221789883	6.20548438986e-06
4.75680933852	5.57405849272e-06
4.77140077821	5.00417385311e-06
4.7859922179	4.49012763822e-06
4.80058365759	4.02671418829e-06
4.81517509728	3.60918489505e-06
4.82976653697	3.23321099532e-06
4.84435797665	2.89484909961e-06
4.85894941634	2.59050928352e-06
4.87354085603	2.31692557765e-06
4.88813229572	2.07112870003e-06
4.90272373541	1.85042088252e-06
4.9173151751	1.65235265042e-06
4.93190661479	1.47470142222e-06
4.94649805448	1.31545180329e-06
4.96108949416	1.17277745481e-06
4.97568093385	1.04502442569e-06
4.99027237354	9.30695842145e-07
5.00486381323	8.28437855772e-07
5.01945525292	7.37026756999e-07
5.03404669261	6.55357166805e-07
5.0486381323	5.82431225018e-07
5.06322957199	5.17348698875e-07
5.07782101167	4.59297940575e-07
5.09241245136	4.07547627343e-07
5.10700389105	3.61439222091e-07
5.12159533074	3.20380097037e-07
5.13618677043	2.83837266745e-07
5.15077821012	2.51331680862e-07
5.16536964981	2.22433030418e-07
5.1799610895	1.96755025012e-07
5.19455252918	1.7395110132e-07
5.20914396887	1.53710526392e-07
5.22373540856	1.35754861992e-07
5.23832684825	1.19834758832e-07
5.25291828794	1.05727052016e-07
5.26750972763	9.32321312506e-08
5.28210116732	8.21715615331e-08
5.29669260701	7.23859319625e-08
5.31128404669	6.37329121698e-08
5.32587548638	5.60854975501e-08
5.34046692607	4.93304260517e-08
5.35505836576	4.33667507348e-08
5.36964980545	3.81045536547e-08
5.38424124514	3.34637878683e-08
5.39883268483	2.93732355047e-08
5.41342412451	2.57695709026e-08
5.4280155642	2.25965187832e-08
5.44260700389	1.98040983252e-08
5.45719844358	1.73479448251e-08
5.47178988327	1.51887013864e-08
5.48638132296	1.32914737642e-08
5.50097276265	1.16253421317e-08
5.51556420234	1.01629241088e-08
5.53015564202	8.87998392561e-09
5.54474708171	7.75508307789e-09
5.5593385214	6.7692682685e-09
5.57392996109	5.90579283607e-09
5.58852140078	5.14986823623e-09
5.60311284047	4.48844247432e-09
5.61770428016	3.91000269245e-09
5.63229571985	3.40439938842e-09
5.64688715953	2.96268999585e-09
5.66147859922	2.57699977949e-09
5.67607003891	2.2403982069e-09
5.6906614786	1.94678914277e-09
5.70525291829	1.69081338135e-09
5.71984435798	1.467762184e-09
5.73443579767	1.2735006269e-09
5.74902723736	1.10439968691e-09
5.76361867704	9.57276107341e-10
5.77821011673	8.29339184298e-10
5.79280155642	7.18143706011e-10
5.80739299611	6.21548358926e-10
5.8219844358	5.37678987856e-10
5.83657587549	4.64896163241e-10
5.85116731518	4.01766567913e-10
5.86575875487	3.47037768443e-10
5.88035019455	2.99615984354e-10
5.89494163424	2.58546510492e-10
5.90953307393	2.22996486198e-10
5.92412451362	1.92239738932e-10
5.93871595331	1.65643460535e-10
5.953307393	1.42656501423e-10
5.96789883269	1.22799092357e-10
5.98249027237	1.05653824819e-10
5.99708171206	9.08577407484e-11
6.01167315175	7.80953990454e-11
6.02626459144	6.70928019058e-11
6.04085603113	5.76120773519e-11
6.05544747082	4.94468265651e-11
6.07003891051	4.24180552426e-11
6.0846303502	3.63706177419e-11
6.09922178988	3.11701111134e-11
6.11381322957	2.67001637403e-11
6.12840466926	2.2860069763e-11
6.14299610895	1.95627263717e-11
6.15758754864	1.67328362134e-11
6.17217898833	1.43053417579e-11
6.18677042802	1.22240624252e-11
6.20136186771	1.04405089309e-11
6.21595330739	8.91285233952e-12
6.23054474708	7.60502819198e-12
6.24513618677	6.48595842433e-12
6.25972762646	5.52887597476e-12
6.27431906615	4.71073885226e-12
6.28891050584	4.01172210471e-12
6.30350194553	3.41477757925e-12
6.31809338522	2.90525263749e-12
6.3326848249	2.47056010469e-12
6.34727626459	2.09989274835e-12
6.36186770428	1.78397640073e-12
6.37645914397	1.51485661808e-12
6.39105058366	1.28571441823e-12
6.40564202335	1.09070722512e-12
6.42023346304	9.24831648609e-13
6.43482490272	7.83805165999e-13
6.44941634241	6.63964148865e-13
6.4640077821	5.62176041389e-13
6.47859922179	4.75763755904e-13
6.49319066148	4.0244062549e-13
6.50778210117	3.40254469258e-13
6.52237354086	2.87539519952e-13
6.53696498055	2.42875131655e-13
6.55155642023	2.05050331593e-13
6.56614785992	1.73033399981e-13
6.58073929961	1.45945786794e-13
6.5953307393	1.23039753811e-13
6.60992217899	1.03679222162e-13
6.62451361868	8.73233736673e-14
6.63910505837	7.35126187193e-14
6.65369649806	6.18565943676e-14
6.66828793774	5.20239057334e-14
6.68287937743	4.37333604063e-14
6.69747081712	3.67464848115e-14
6.71206225681	3.08611365358e-14
6.7266536965	2.59060561716e-14
6.74124513619	2.17362223254e-14
6.75583657588	1.8228893808e-14
6.77042801557	1.52802390485e-14
6.78501945525	1.28024674305e-14
6.79961089494	1.07213879319e-14
6.81420233463	8.97433429716e-15
6.82879377432	7.50840137909e-15
6.84338521401	6.27894710727e-15
6.8579766537	5.24832077172e-15
6.87256809339	4.38478414821e-15
6.88715953308	3.66159631605e-15
6.90175097276	3.05623829104e-15
6.91634241245	2.54975566813e-15
6.93093385214	2.12620247216e-15
6.94552529183	1.77217033354e-15
6.96011673152	1.47639034137e-15
6.97470817121	1.22939631792e-15
6.9892996109	1.02324042857e-15
7.00389105058	8.51252947273e-16
7.01848249027	7.07839574963e-16
7.03307392996	5.88310238893e-16
7.04766536965	4.88734978694e-16
7.06225680934	4.05822368199e-16
7.07684824903	3.36817132799e-16
7.09143968872	2.79413947597e-16
7.10603112841	2.31684932107e-16
7.12062256809	1.92018626968e-16
7.13521400778	1.5906878005e-16
7.14980544747	1.31711181262e-16
7.16439688716	1.09007537431e-16
7.17898832685	9.01751148216e-17
7.19357976654	7.45612677867e-17
7.20817120623	6.1622075527e-17
7.22276264592	5.09044708113e-17
7.2373540856	4.20312374004e-17
7.25194552529	3.46884759934e-17
7.26653696498	2.86150913958e-17
7.28112840467	2.35940259542e-17
7.29571984436	1.94449150168e-17
7.31031128405	1.60179640856e-17
7.32490272374	1.31888205422e-17
7.33949416343	1.08543067428e-17
7.35408560311	8.92885556196e-18
7.3686770428	7.34154609652e-18
7.38326848249	6.03361338958e-18
7.39785992218	4.95639516084e-18
7.41245136187	4.06961215182e-18
7.42704280156	3.33994430171e-18
7.44163424125	2.73983716883e-18
7.45622568094	2.24651987299e-18
7.47081712062	1.84117890747e-18
7.48540856031	1.50828556645e-18
7.5	1.23500953982e-18
7.51459143969	1.01074620792e-18
7.52918287938	8.2681689406e-19
7.54377431907	6.76045607386e-19
7.55836575876	5.52510700628e-19
7.57295719844	4.51340398063e-19
7.58754863813	3.6852425209e-19
7.60214007782	3.00765318239e-19
7.61673151751	2.45351580169e-19
7.6313229572	2.00055217414e-19
7.64591439689	1.63046208769e-19
7.66050583658	1.3282263212e-19
7.67509727627	1.08151708032e-19
7.68968871595	8.80227792554e-20
7.70428015564	7.1607090992e-20
7.71887159533	5.82262896427e-20
7.73346303502	4.73242660013e-20
7.74805447471	3.84459254097e-20
7.7626459144	3.12189948123e-20
7.77723735409	2.5338995513e-20
7.79182879378	2.05570199966e-20
7.80642023346	1.66699240026e-20
7.82101167315	1.3511588278e-20
7.83560311284	1.09467536002e-20
7.85019455253	8.86485297144e-21
7.86478599222	7.17572788927e-21
7.87937743191	5.80586492086e-21
7.8939688716	4.69544979295e-21
7.90856031129	3.79571067734e-21
7.92315175097	3.0670148163e-21
7.93774319066	2.47711313355e-21
7.95233463035	1.99982084061e-21
7.96692607004	1.61379266157e-21
7.98151750973	1.30173114112e-21
7.99610894942	1.04956578512e-21
8.01070038911	8.45899132382e-22
8.0252918288	6.81458211151e-22
8.03988326848	5.48747024714e-22
8.05447470817	4.41680965648e-22
8.06906614786	3.55374225596e-22
8.08365758755	2.85822094794e-22
8.09824902724	2.29798486537e-22
8.11284046693	1.84689615858e-22
8.12743190662	1.48383585179e-22
8.1420233463	1.1916493104e-22
8.15661478599	9.56626414174e-23
8.17120622568	7.67612603501e-23
8.18579766537	6.15799178227e-23
8.20038910506	4.93909581963e-23
8.21498054475	3.96071692187e-23
8.22957198444	3.17540472257e-23
8.24416342413	2.54547971275e-23
8.25875486381	2.04010666818e-23
8.2733463035	1.63486746256e-23
8.28793774319	1.30989327398e-23
8.30252918288	1.04959066817e-23
8.31712062257	8.41002467177e-24
8.33171206226	6.73983978698e-24
8.34630350195	5.40152067991e-24
8.36089494164	4.33005388552e-24
8.37548638132	3.47123795203e-24
8.39007782101	2.78309695629e-24
8.4046692607	2.23099089288e-24
8.41926070039	1.79017453308e-24
8.43385214008	1.43772110079e-24
8.44844357977	1.15593175376e-24
8.46303501946	9.30270437603e-25
8.47762645915	7.49794980325e-25
8.49221789883	6.04842528915e-25
8.50680933852	4.88654249212e-25
8.52140077821	3.95133093808e-25
8.5359922179	3.20399364052e-25
8.55058365759	2.60400641274e-25
8.56517509728	2.12200688225e-25
8.57976653697	1.73246591846e-25
8.59435797666	1.41873370584e-25
8.60894941634	1.16297320376e-25
8.62354085603	9.55040952524e-26
8.63813229572	7.84333682741e-26
8.65272373541	6.4815272275e-26
8.6673151751	5.37874833864e-26
8.68190661479	4.49225432808e-26
8.69649805448	3.76847973585e-26
8.71108949416	3.18030157136e-26
8.72568093385	2.69098262781e-26
8.74027237354	2.28875823496e-26
8.75486381323	1.94890328996e-26
8.76945525292	1.67857511327e-26
8.78404669261	1.45489867726e-26
8.7986381323	1.27110272133e-26
8.81322957199	1.11321272558e-26
8.82782101167	9.82767803144e-27
8.84241245136	8.6678817249e-27
8.85700389105	7.67833276369e-27
8.87159533074	6.7514625817e-27
8.88618677043	6.03092056936e-27
8.90077821012	5.43083412138e-27
8.91536964981	4.95100607567e-27
8.9299610895	4.52940719441e-27
8.94455252918	4.18209915234e-27
8.95914396887	3.85227471741e-27
8.97373540856	3.56373305393e-27
8.98832684825	3.26184536659e-27
9.00291828794	3.04038217598e-27
9.01750972763	2.84975337627e-27
9.03210116732	2.69070251402e-27
9.04669260701	2.52731869484e-27
9.06128404669	2.38698659947e-27
9.07587548638	2.22685014302e-27
9.09046692607	2.07986518859e-27
9.10505836576	1.89302165196e-27
9.11964980545	1.77045561825e-27
9.13424124514	1.6661088172e-27
9.14883268483	1.58519368374e-27
9.16342412452	1.49978337974e-27
9.1780155642	1.4273330642e-27
9.19260700389	1.34139343011e-27
9.20719844358	1.25992247396e-27
9.22178988327	1.15396741958e-27
9.23638132296	1.08352744325e-27
9.25097276265	1.0204975077e-27
9.26556420234	9.80824588111e-28
9.28015564202	9.32208450338e-28
9.29474708171	9.03538232216e-28
9.3093385214	8.69241063557e-28
9.32392996109	8.36538182776e-28
9.33852140078	7.85617251714e-28
9.35311284047	7.65444262353e-28
9.36770428016	7.47266248668e-28
9.38229571985	7.38262299621e-28
9.39688715953	7.21263811596e-28
9.41147859922	7.09816171487e-28
9.42607003891	6.88023564399e-28
9.4406614786	6.67912272176e-28
9.45525291829	6.34448952316e-28
9.46984435798	6.21412101387e-28
9.48443579767	6.11095009265e-28
9.49902723736	6.10838319735e-28
9.51361867704	5.99172644516e-28
9.52821011673	5.99465835445e-28
9.54280155642	5.91904191819e-28
9.55739299611	5.85843523915e-28
9.5719844358	5.6863630071e-28
9.58657587549	5.63234983159e-28
9.60116731518	5.56000059788e-28
9.61575875487	5.58039770666e-28
9.63035019455	5.52110356084e-28
9.64494163424	5.50129166916e-28
9.65953307393	5.41115120843e-28
9.67412451362	5.32687285486e-28
9.68871595331	5.13175274914e-28
9.703307393	5.06304433481e-28
9.71789883269	4.97295898913e-28
9.73249027237	4.89559758728e-28
9.74708171206	4.74553322018e-28
9.76167315175	4.5952222368e-28
9.77626459144	4.34369432014e-28
9.79085603113	4.11296803848e-28
9.80544747082	3.81398751901e-28
9.82003891051	3.64790259085e-28
9.8346303502	3.52932486616e-28
9.84922178988	3.46060792597e-28
9.86381322957	3.32959416379e-28
9.87840466926	3.24934796135e-28
9.89299610895	3.18163961224e-28
9.90758754864	3.10224301117e-28
9.92217898833	3.06458456705e-28
9.93677042802	3.0378470023e-28
9.95136186771	2.96564932201e-28
9.96595330739	2.93143042159e-28
9.98054474708	2.85432660649e-28
9.99513618677	2.78405471111e-28
10.0097276265	2.72126532115e-28
10.0243190661	2.7036308363e-28
10.0389105058	2.72342558324e-28
10.0535019455	2.72817244139e-28
10.0680933852	2.71431538883e-28
10.0826848249	2.70175878659e-28
10.0972762646	2.68334087459e-28
10.1118677043	2.64986724053e-28
10.126459144	2.62369566806e-28
10.1410505837	2.64268546437e-28
10.1556420233	2.70272603639e-28
10.170233463	2.73845679042e-28
10.1848249027	2.76767708838e-28
10.1994163424	2.75013526843e-28
10.2140077821	2.69610698995e-28
10.2285992218	2.69648204801e-28
10.2431906615	2.7503886925e-28
10.2577821012	2.81341786648e-28
10.2723735409	2.92474933079e-28
10.2869649805	2.95738735478e-28
10.3015564202	2.9531499334e-28
10.3161478599	2.92728574283e-28
10.3307392996	2.84784692385e-28
10.3453307393	2.74043416006e-28
10.359922179	2.64148658335e-28
10.3745136187	2.55724246897e-28
10.3891050584	2.51077782259e-28
10.4036964981	2.45076372112e-28
10.4182879377	2.38296294376e-28
10.4328793774	2.31388225562e-28
10.4474708171	2.23723392169e-28
10.4620622568	2.14759718096e-28
10.4766536965	2.10330029062e-28
10.4912451362	2.11837601475e-28
10.5058365759	2.20204938337e-28
10.5204280156	2.22089552922e-28
10.5350194553	2.21776764587e-28
10.5496108949	2.19188947708e-28
10.5642023346	2.15437341999e-28
10.5787937743	2.15744282013e-28
10.593385214	2.16980346344e-28
10.6079766537	2.18040967499e-28
10.6225680934	2.23824382379e-28
10.6371595331	2.22070452527e-28
10.6517509728	2.17104871593e-28
10.6663424125	2.12509897374e-28
10.6809338521	2.05161440014e-28
10.6955252918	1.98808494038e-28
10.7101167315	1.94774640406e-28
10.7247081712	1.91062643053e-28
10.7392996109	1.85552081403e-28
10.7538910506	1.81738035024e-28
10.7684824903	1.79392645122e-28
10.78307393	1.79261801289e-28
10.7976653697	1.79095027564e-28
10.8122568093	1.80385418483e-28
10.826848249	1.80870385815e-28
10.8414396887	1.838451895e-28
10.8560311284	1.87772078753e-28
10.8706225681	1.89548930553e-28
10.8852140078	1.91615342136e-28
10.8998054475	1.9499468755e-28
10.9143968872	1.97396112152e-28
10.9289883268	2.05386256748e-28
10.9435797665	2.15077475814e-28
10.9581712062	2.25793755971e-28
10.9727626459	2.39112489946e-28
10.9873540856	2.55656473421e-28
11.0019455253	2.73671138385e-28
11.016536965	3.03895496929e-28
11.0311284047	3.3928563036e-28
11.0457198444	3.96901990383e-28
11.060311284	4.70674166028e-28
11.0749027237	5.63902753581e-28
11.0894941634	6.77851113469e-28
11.1040856031	8.36708994e-28
11.1186770428	1.04523725347e-27
11.1332684825	1.31788206007e-27
11.1478599222	1.67037397675e-27
11.1624513619	2.1391908152e-27
11.1770428016	2.75841715481e-27
11.1916342412	3.57158992658e-27
11.2062256809	4.65737897674e-27
11.2208171206	6.06520645992e-27
11.2354085603	8.03827108347e-27
11.25	9.86878006424e-27
11.2645914397	8.10242814634e-27
11.2791828794	6.19470951517e-27
11.2937743191	4.85844516015e-27
11.3083657588	3.81539991405e-27
11.3229571984	3.00380352668e-27
11.3375486381	2.41984526518e-27
11.3521400778	1.98726609827e-27
11.3667315175	1.66504262994e-27
11.3813229572	1.41958010569e-27
11.3959143969	1.26024037454e-27
11.4105058366	1.13880756548e-27
11.4250972763	1.06046675887e-27
11.439688716	9.82336754913e-28
11.4542801556	9.39909498184e-28
11.4688715953	9.1018909086e-28
11.483463035	8.9737771065e-28
11.4980544747	8.73201524243e-28
11.5126459144	8.80280300075e-28
11.5272373541	8.66498595461e-28
11.5418287938	8.5695578315e-28
11.5564202335	8.33459910646e-28
11.5710116732	8.30224449745e-28
11.5856031128	8.20043664254e-28
11.6001945525	8.22872353176e-28
11.6147859922	8.14961121674e-28
11.6293774319	8.16172019759e-28
11.6439688716	7.97677922683e-28
11.6585603113	7.7569965637e-28
11.673151751	7.18581728973e-28
11.6877431907	6.99305657731e-28
11.7023346304	6.81381345813e-28
11.71692607	6.74890312914e-28
11.7315175097	6.62093080942e-28
11.7461089494	6.67030656866e-28
11.7607003891	6.72073942046e-28
11.7752918288	6.87912258925e-28
11.7898832685	6.82634652514e-28
11.8044747082	6.98621012866e-28
11.8190661479	7.15312850207e-28
11.8336575876	7.37535197418e-28
11.8482490272	7.52202393208e-28
11.8628404669	7.86918140172e-28
11.8774319066	8.16849627608e-28
11.8920233463	8.44630540823e-28
11.906614786	8.53425218957e-28
11.9212062257	8.76260650606e-28
11.9357976654	8.83993838053e-28
11.9503891051	8.9762344403e-28
11.9649805447	8.89722285101e-28
11.9795719844	8.86178917637e-28
11.9941634241	8.70280318256e-28
12.0087548638	8.4852358844e-28
12.0233463035	8.01039305861e-28
12.0379377432	7.85437509429e-28
12.0525291829	7.6518196937e-28
12.0671206226	7.51624985318e-28
12.0817120623	7.31900818821e-28
12.0963035019	7.31940714958e-28
12.1108949416	7.31616704323e-28
12.1254863813	7.40753229159e-28
12.140077821	7.42379385011e-28
12.1546692607	7.57526543299e-28
12.1692607004	7.63250040628e-28
12.1838521401	7.74059894772e-28
12.1984435798	7.72416914857e-28
12.2130350195	7.85134560104e-28
12.2276264591	7.96476085239e-28
12.2422178988	8.05102349355e-28
12.2568093385	8.05369068564e-28
12.2714007782	8.20858379045e-28
12.2859922179	8.30691722892e-28
12.3005836576	8.4549773973e-28
12.3151750973	8.52453907704e-28
12.329766537	8.68985547055e-28
12.3443579767	8.86160114719e-28
12.3589494163	9.02779485889e-28
12.373540856	9.05115456783e-28
12.3881322957	9.28615329289e-28
12.4027237354	9.4338096502e-28
12.4173151751	9.58982476582e-28
12.4319066148	9.65920260018e-28
12.4464980545	9.87782961848e-28
12.4610894942	1.01262449832e-27
12.4756809339	1.04769991299e-27
12.4902723735	1.08076129328e-27
12.5048638132	1.11833435574e-27
12.5194552529	1.14548553352e-27
12.5340466926	1.16515709688e-27
12.5486381323	1.16774384886e-27
12.563229572	1.17740870694e-27
12.5778210117	1.18370112418e-27
12.5924124514	1.17858700961e-27
12.6070038911	1.16760321458e-27
12.6215953307	1.16161513378e-27
12.6361867704	1.15014846744e-27
12.6507782101	1.14012176908e-27
12.6653696498	1.12577847696e-27
12.6799610895	1.13286608885e-27
12.6945525292	1.15163598589e-27
12.7091439689	1.17750691223e-27
12.7237354086	1.21365643281e-27
12.7383268483	1.24621258077e-27
12.7529182879	1.26299574828e-27
12.7675097276	1.26749379891e-27
12.7821011673	1.26647905231e-27
12.796692607	1.26975452505e-27
12.8112840467	1.28796333389e-27
12.8258754864	1.31211671643e-27
12.8404669261	1.34398256232e-27
12.8550583658	1.36319786782e-27
12.8696498054	1.37421674311e-27
12.8842412451	1.37953478652e-27
12.8988326848	1.37206005114e-27
12.9134241245	1.38045889525e-27
12.9280155642	1.39939930259e-27
12.9426070039	1.41542116543e-27
12.9571984436	1.43395776566e-27
12.9717898833	1.43963194821e-27
12.986381323	1.43917532136e-27
13.0009727626	1.42766735965e-27
13.0155642023	1.4113853745e-27
13.030155642	1.40201954255e-27
13.0447470817	1.40073031315e-27
13.0593385214	1.40766778772e-27
13.0739299611	1.43224614552e-27
13.0885214008	1.44686491892e-27
13.1031128405	1.43758966304e-27
13.1177042802	1.42178600573e-27
13.1322957198	1.40501719552e-27
13.1468871595	1.39468234922e-27
13.1614785992	1.4031968369e-27
13.1760700389	1.41785912618e-27
13.1906614786	1.44264379924e-27
13.2052529183	1.44625944522e-27
13.219844358	1.4461825695e-27
13.2344357977	1.43238012883e-27
13.2490272374	1.40617815174e-27
13.263618677	1.3936467866e-27
13.2782101167	1.3896869413e-27
13.2928015564	1.37524821976e-27
13.3073929961	1.38516653536e-27
13.3219844358	1.38715891511e-27
13.3365758755	1.38134077009e-27
13.3511673152	1.35445185935e-27
13.3657587549	1.33303782631e-27
13.3803501946	1.31401518894e-27
13.3949416342	1.30907772881e-27
13.4095330739	1.32178491515e-27
13.4241245136	1.35491637465e-27
13.4387159533	1.36026271223e-27
13.453307393	1.36216893932e-27
13.4678988327	1.35764029445e-27
13.4824902724	1.34659528209e-27
13.4970817121	1.32495470362e-27
13.5116731518	1.32244077967e-27
13.5262645914	1.32600114942e-27
13.5408560311	1.3472132659e-27
13.5554474708	1.35583621295e-27
13.5700389105	1.35990440665e-27
13.5846303502	1.34884879008e-27
13.5992217899	1.33318453336e-27
13.6138132296	1.32350149823e-27
13.6284046693	1.33018032051e-27
13.642996109	1.33093542192e-27
13.6575875486	1.36893964711e-27
13.6721789883	1.3816803524e-27
13.686770428	1.38244953313e-27
13.7013618677	1.37738965883e-27
13.7159533074	1.38179262461e-27
13.7305447471	1.37601945278e-27
13.7451361868	1.37842691717e-27
13.7597276265	1.3888813197e-27
13.7743190661	1.42626561731e-27
13.7889105058	1.43004123766e-27
13.8035019455	1.43189261533e-27
13.8180933852	1.41293993171e-27
13.8326848249	1.39091404587e-27
13.8472762646	1.37457872141e-27
13.8618677043	1.37774609394e-27
13.876459144	1.37526793214e-27
13.8910505837	1.39354080943e-27
13.9056420233	1.38973823338e-27
13.920233463	1.38721040193e-27
13.9348249027	1.36288739614e-27
13.9494163424	1.35417972099e-27
13.9640077821	1.34554569383e-27
13.9785992218	1.3484673466e-27
13.9931906615	1.34666148919e-27
14.0077821012	1.38074705291e-27
14.0223735409	1.3823006811e-27
14.0369649805	1.3689176005e-27
14.0515564202	1.3460202091e-27
14.0661478599	1.33305400987e-27
14.0807392996	1.30796482557e-27
14.0953307393	1.30854353004e-27
14.109922179	1.31622775236e-27
14.1245136187	1.35041337721e-27
14.1391050584	1.34367530748e-27
14.1536964981	1.33821098385e-27
14.1682879377	1.31434373652e-27
14.1828793774	1.29278415243e-27
14.1974708171	1.27162363203e-27
14.2120622568	1.2643802054e-27
14.2266536965	1.25594908089e-27
14.2412451362	1.28993630804e-27
14.2558365759	1.2972701833e-27
14.2704280156	1.2981766722e-27
14.2850194553	1.27223161382e-27
14.2996108949	1.25996653417e-27
14.3142023346	1.23988555141e-27
14.3287937743	1.23208237457e-27
14.343385214	1.23467997896e-27
14.3579766537	1.27579083221e-27
14.3725680934	1.27544371395e-27
14.3871595331	1.26084865749e-27
14.4017509728	1.23510331426e-27
14.4163424125	1.21878699226e-27
14.4309338521	1.18579747595e-27
14.4455252918	1.17521429488e-27
14.4601167315	1.16951362238e-27
14.4747081712	1.19284143358e-27
14.4892996109	1.19028613852e-27
14.5038910506	1.19313140367e-27
14.5184824903	1.1771170113e-27
14.53307393	1.16450093276e-27
14.5476653697	1.14754968516e-27
14.5622568093	1.14043141898e-27
14.576848249	1.12869871816e-27
14.5914396887	1.1629637717e-27
14.6060311284	1.16580668315e-27
14.6206225681	1.16484903279e-27
14.6352140078	1.13365271738e-27
14.6498054475	1.11410462731e-27
14.6643968872	1.08636019036e-27
14.6789883268	1.06698188638e-27
14.6935797665	1.04952397237e-27
14.7081712062	1.06267017141e-27
14.7227626459	1.04685429224e-27
14.7373540856	1.03619534499e-27
14.7519455253	1.00833023138e-27
14.766536965	9.89897925833e-28
14.7811284047	9.47462207195e-28
14.7957198444	9.21589659066e-28
14.810311284	8.93255384413e-28
14.8249027237	8.80639918559e-28
14.8394941634	8.41075333139e-28
14.8540856031	8.0030057944e-28
14.8686770428	7.44289749812e-28
14.8832684825	7.05981459259e-28
14.8978599222	6.74598720049e-28
14.9124513619	6.64286337898e-28
14.9270428016	6.82781285615e-28
14.9416342412	7.79920605261e-28
14.9562256809	9.64526891135e-28
14.9708171206	1.29066967327e-27
14.9854085603	1.91902541029e-27
15.0	2.59564445096e-27
