-14.9854085603	1.67331271598e-27
-14.9708171206	9.66890830159e-28
-14.9562256809	5.74155789566e-28
-14.9416342412	3.27151875649e-28
-14.9270428016	1.85634833406e-28
-14.9124513619	1.07628961989e-28
-14.8978599222	7.12315386618e-29
-14.8832684825	5.48320989383e-29
-14.8686770428	5.45109753865e-29
-14.8540856031	5.88440946376e-29
-14.8394941634	6.70805694124e-29
-14.8249027237	6.77784366898e-29
-14.810311284	7.62069886034e-29
-14.7957198444	8.2364480674e-29
-14.7811284047	9.24857246867e-29
-14.766536965	9.88772486552e-29
-14.7519455253	1.07404640429e-28
-14.7373540856	1.12589433866e-28
-14.7227626459	1.14710760255e-28
-14.7081712062	1.04828015837e-28
-14.6935797665	1.06428214538e-28
-14.6789883268	1.08400091226e-28
-14.6643968872	1.13827389227e-28
-14.6498054475	1.16022817841e-28
-14.6352140078	1.23858258891e-28
-14.6206225681	1.26022412673e-28
-14.6060311284	1.26770640901e-28
-14.5914396887	1.16304300222e-28
-14.576848249	1.16135975104e-28
-14.5622568093	1.16745634199e-28
-14.5476653696	1.23254527773e-28
-14.53307393	1.25303788804e-28
-14.5184824903	1.31092177033e-28
-14.5038910506	1.32424947283e-28
-14.4892996109	1.34237702995e-28
-14.4747081712	1.24127599996e-28
-14.4601167315	1.24263682041e-28
-14.4455252918	1.23921846079e-28
-14.4309338521	1.30115799827e-28
-14.4163424125	1.32738283929e-28
-14.4017509728	1.39178629064e-28
-14.3871595331	1.41400139114e-28
-14.3725680934	1.45249735933e-28
-14.3579766537	1.35358133402e-28
-14.343385214	1.35811418026e-28
-14.3287937743	1.36562582588e-28
-14.3142023346	1.43461787665e-28
-14.2996108949	1.47956893669e-28
-14.2850194553	1.56140238897e-28
-14.2704280156	1.5800493271e-28
-14.2558365759	1.60036938534e-28
-14.2412451362	1.51521655488e-28
-14.2266536965	1.53086780413e-28
-14.2120622568	1.56076942196e-28
-14.1974708171	1.63747782816e-28
-14.1828793774	1.6726034712e-28
-14.1682879377	1.74157446495e-28
-14.1536964981	1.76383642553e-28
-14.1391050584	1.79404326994e-28
-14.1245136187	1.69987308287e-28
-14.109922179	1.71861090124e-28
-14.0953307393	1.73646971081e-28
-14.0807392996	1.80470422512e-28
-14.0661478599	1.84949649775e-28
-14.0515564202	1.90859040678e-28
-14.0369649805	1.93164882572e-28
-14.0223735409	1.97379063754e-28
-14.0077821012	1.91179580287e-28
-13.9931906615	1.93698021409e-28
-13.9785992218	1.97540041748e-28
-13.9640077821	2.05585523473e-28
-13.9494163424	2.13826105049e-28
-13.9348249027	2.22984535666e-28
-13.920233463	2.27244827694e-28
-13.9056420233	2.34246852061e-28
-13.8910505837	2.30835135835e-28
-13.876459144	2.35775881713e-28
-13.8618677043	2.44052356198e-28
-13.8472762646	2.59046376736e-28
-13.8326848249	2.68145927044e-28
-13.8180933852	2.81918048622e-28
-13.8035019455	2.98085430178e-28
-13.7889105058	3.16550563272e-28
-13.7743190661	3.3176764752e-28
-13.7597276265	3.4839371751e-28
-13.7451361868	3.67619241732e-28
-13.7305447471	3.87678793908e-28
-13.7159533074	4.00167608151e-28
-13.7013618677	4.0629564037e-28
-13.686770428	4.08558557392e-28
-13.6721789883	4.07202851208e-28
-13.6575875486	3.91937713519e-28
-13.6429961089	3.82544675824e-28
-13.6284046693	3.76531681719e-28
-13.6138132296	3.72112121724e-28
-13.5992217899	3.67053190241e-28
-13.5846303502	3.61637073346e-28
-13.5700389105	3.58549600072e-28
-13.5554474708	3.60847598916e-28
-13.5408560311	3.59752738905e-28
-13.5262645914	3.6320247121e-28
-13.5116731518	3.6952420179e-28
-13.4970817121	3.78087755388e-28
-13.4824902724	3.84777305805e-28
-13.4678988327	3.95657361886e-28
-13.453307393	4.07740941861e-28
-13.4387159533	4.24935131442e-28
-13.4241245136	4.46209143051e-28
-13.4095330739	4.64895024274e-28
-13.3949416342	4.85924605796e-28
-13.3803501946	5.02316013277e-28
-13.3657587549	5.1321930141e-28
-13.3511673152	5.20492398785e-28
-13.3365758755	5.25703500367e-28
-13.3219844358	5.27071324253e-28
-13.3073929961	5.22867201866e-28
-13.2928015564	5.2038710272e-28
-13.2782101167	5.24620105849e-28
-13.263618677	5.27302959191e-28
-13.2490272374	5.37965089567e-28
-13.2344357977	5.44497752022e-28
-13.219844358	5.5182692439e-28
-13.2052529183	5.67101372613e-28
-13.1906614786	5.88561689893e-28
-13.1760700389	6.08820787968e-28
-13.1614785992	6.29229958666e-28
-13.1468871595	6.44841907337e-28
-13.1322957198	6.59565255924e-28
-13.1177042802	6.68415477058e-28
-13.1031128405	6.7511084315e-28
-13.0885214008	6.83962039675e-28
-13.0739299611	7.00600739586e-28
-13.0593385214	7.08496919034e-28
-13.0447470817	7.21640452681e-28
-13.030155642	7.28607817202e-28
-13.0155642023	7.40180769976e-28
-13.0009727626	7.46831011897e-28
-12.986381323	7.50844025548e-28
-12.9717898833	7.57263529939e-28
-12.9571984436	7.68346816348e-28
-12.9426070039	7.71757063435e-28
-12.9280155642	7.79826757997e-28
-12.9134241245	7.77750858443e-28
-12.8988326848	7.77829071036e-28
-12.8842412451	7.75111843044e-28
-12.8696498054	7.71173795314e-28
-12.8550583658	7.73301190772e-28
-12.8404669261	7.83119826096e-28
-12.8258754864	7.84999144216e-28
-12.8112840467	7.88306851622e-28
-12.796692607	7.86875067484e-28
-12.7821011673	7.84486923993e-28
-12.7675097276	7.75917911578e-28
-12.7529182879	7.69622894667e-28
-12.7383268482	7.63468133953e-28
-12.7237354086	7.6020109355e-28
-12.7091439689	7.5199126147e-28
-12.6945525292	7.50486374088e-28
-12.6799610895	7.44004833468e-28
-12.6653696498	7.43755875913e-28
-12.6507782101	7.41502754313e-28
-12.6361867704	7.38092941319e-28
-12.6215953307	7.37836878391e-28
-12.6070038911	7.44639391163e-28
-12.5924124514	7.41673078689e-28
-12.5778210117	7.41970315104e-28
-12.563229572	7.37145316575e-28
-12.5486381323	7.36231960276e-28
-12.5340466926	7.37456904266e-28
-12.5194552529	7.45231967877e-28
-12.5048638132	7.58774958879e-28
-12.4902723735	7.93628473635e-28
-12.4756809339	8.14632652092e-28
-12.4610894942	8.32149341211e-28
-12.4464980545	8.33165412425e-28
-12.4319066148	8.30905276242e-28
-12.4173151751	8.19550549719e-28
-12.4027237354	8.07540681978e-28
-12.3881322957	7.89215721898e-28
-12.373540856	7.78086077468e-28
-12.3589494163	7.62276531988e-28
-12.3443579767	7.50724475657e-28
-12.329766537	7.2701661354e-28
-12.3151750973	7.14220352719e-28
-12.3005836576	6.95606207841e-28
-12.2859922179	6.88191266137e-28
-12.2714007782	6.88374375719e-28
-12.2568093385	7.02254060936e-28
-12.2422178988	7.03845854423e-28
-12.2276264591	7.09270034512e-28
-12.2130350195	7.00687836085e-28
-12.1984435798	6.95779643231e-28
-12.1838521401	6.87044242684e-28
-12.1692607004	6.83165057448e-28
-12.1546692607	6.77020735374e-28
-12.140077821	6.92255560584e-28
-12.1254863813	6.88355271807e-28
-12.1108949416	6.83753147717e-28
-12.0963035019	6.66384602891e-28
-12.0817120623	6.58215769185e-28
-12.0671206226	6.45588592535e-28
-12.0525291829	6.43111218991e-28
-12.0379377432	6.39643391773e-28
-12.0233463035	6.53371765229e-28
-12.0087548638	6.53254466672e-28
-11.9941634241	6.57617482968e-28
-11.9795719844	6.55023033586e-28
-11.9649805447	6.61769591843e-28
-11.9503891051	6.6351660885e-28
-11.9357976654	6.76816703006e-28
-11.9212062257	7.00803922513e-28
-11.906614786	7.53892351696e-28
-11.8920233463	7.78234592096e-28
-11.8774319066	7.95007405549e-28
-11.8628404669	7.82008803027e-28
-11.8482490272	7.70301486129e-28
-11.8336575875	7.56314711072e-28
-11.8190661479	7.45794481898e-28
-11.8044747082	7.28937624195e-28
-11.7898832685	7.24259756836e-28
-11.7752918288	7.01062285538e-28
-11.7607003891	6.79679828801e-28
-11.7461089494	6.47368899664e-28
-11.7315175097	6.30731841616e-28
-11.71692607	6.10493466515e-28
-11.7023346304	5.98880667808e-28
-11.6877431907	5.85097396411e-28
-11.673151751	5.89574490557e-28
-11.6585603113	5.82866280337e-28
-11.6439688716	5.78409538003e-28
-11.6293774319	5.60091496652e-28
-11.6147859922	5.53323371357e-28
-11.6001945525	5.45061615971e-28
-11.5856031128	5.54322161038e-28
-11.5710116732	5.75311015632e-28
-11.5564202335	6.15275582336e-28
-11.5418287938	6.28100687318e-28
-11.5272373541	6.50320543442e-28
-11.5126459144	6.5784056869e-28
-11.4980544747	6.65291613253e-28
-11.483463035	6.77201669662e-28
-11.4688715953	6.99838943249e-28
-11.4542801556	7.27634486254e-28
-11.439688716	7.82741691154e-28
-11.4250972763	8.3337256455e-28
-11.4105058366	9.05347325608e-28
-11.3959143969	9.95510109107e-28
-11.3813229572	1.13092189906e-27
-11.3667315175	1.31521921158e-27
-11.3521400778	1.57563367747e-27
-11.3375486381	1.91237180473e-27
-11.3229571984	2.37543098573e-27
-11.3083657588	2.98693654708e-27
-11.2937743191	3.85925682698e-27
-11.2791828794	5.00042182237e-27
-11.2645914397	6.70973586891e-27
-11.25	8.31428294148e-27
-11.2354085603	6.76312628975e-27
-11.2208171206	5.08519299775e-27
-11.2062256809	3.95498145696e-27
-11.1916342412	3.0616144584e-27
-11.1770428016	2.40943879803e-27
-11.1624513619	1.8962553831e-27
-11.1478599222	1.50368751852e-27
-11.1332684825	1.19556304466e-27
-11.1186770428	9.52700775462e-28
-11.1040856031	7.65744167671e-28
-11.0894941634	6.17988154161e-28
-11.0749027237	5.10264888202e-28
-11.060311284	4.2855311087e-28
-11.0457198444	3.69749036733e-28
-11.0311284047	3.26516952381e-28
-11.016536965	2.95491938815e-28
-11.0019455253	2.67012178852e-28
-10.9873540856	2.50948880328e-28
-10.9727626459	2.26460480158e-28
-10.9581712062	2.12378348333e-28
-10.9435797665	2.07360181305e-28
-10.9289883268	2.08601741217e-28
-10.9143968872	2.07539601854e-28
-10.8998054475	2.10862748076e-28
-10.8852140078	2.11778696229e-28
-10.8706225681	2.13522768361e-28
-10.8560311284	2.05359888027e-28
-10.8414396887	2.06544697087e-28
-10.826848249	2.0783314256e-28
-10.8122568093	2.17292906909e-28
-10.7976653696	2.22610520451e-28
-10.78307393	2.27574611743e-28
-10.7684824903	2.2722339086e-28
-10.7538910506	2.27043661847e-28
-10.7392996109	2.1912619851e-28
-10.7247081712	2.22411583823e-28
-10.7101167315	2.27413328853e-28
-10.6955252918	2.39680860575e-28
-10.6809338521	2.48662266438e-28
-10.6663424125	2.58249517861e-28
-10.6517509728	2.62072711659e-28
-10.6371595331	2.69462515781e-28
-10.6225680934	2.67181914391e-28
-10.6079766537	2.70727099316e-28
-10.593385214	2.75188171153e-28
-10.5787937743	2.83142373272e-28
-10.5642023346	2.87101713128e-28
-10.5496108949	2.94040115411e-28
-10.5350194553	2.94853747597e-28
-10.5204280156	2.92538661865e-28
-10.5058365759	2.78760807021e-28
-10.4912451362	2.7407041785e-28
-10.4766536965	2.70491935449e-28
-10.4620622568	2.75435780836e-28
-10.4474708171	2.7709841366e-28
-10.4328793774	2.78780066621e-28
-10.4182879377	2.7349881544e-28
-10.4036964981	2.68861869391e-28
-10.3891050584	2.5216704182e-28
-10.3745136187	2.49527287305e-28
-10.359922179	2.48654391378e-28
-10.3453307393	2.55324726612e-28
-10.3307392996	2.6046895074e-28
-10.3161478599	2.66179767597e-28
-10.3015564202	2.64808007796e-28
-10.2869649805	2.64100297557e-28
-10.2723735409	2.55982024803e-28
-10.2577821012	2.55067065507e-28
-10.2431906615	2.56761729263e-28
-10.2285992218	2.62761588504e-28
-10.2140077821	2.64207034499e-28
-10.1994163424	2.66712311403e-28
-10.1848249027	2.63015420502e-28
-10.170233463	2.55312074102e-28
-10.1556420233	2.40284121474e-28
-10.1410505837	2.32640257317e-28
-10.126459144	2.2640015764e-28
-10.1118677043	2.29291404375e-28
-10.0972762646	2.29431976718e-28
-10.0826848249	2.27511615799e-28
-10.0680933852	2.21255466143e-28
-10.0535019455	2.15351222041e-28
-10.0389105058	2.0270760524e-28
-10.0243190661	1.9798219398e-28
-10.0097276265	1.9568862561e-28
-9.99513618677	1.99311847213e-28
-9.98054474708	2.02943756296e-28
-9.96595330739	2.05878470428e-28
-9.9513618677	2.06749780506e-28
-9.93677042802	2.1087635696e-28
-9.92217898833	2.11899695684e-28
-9.90758754864	2.15496988401e-28
-9.89299610895	2.20807452168e-28
-9.87840466926	2.27524784417e-28
-9.86381322957	2.32465945862e-28
-9.84922178988	2.37938161344e-28
-9.83463035019	2.41543097479e-28
-9.82003891051	2.48146067558e-28
-9.80544747082	2.60600584675e-28
-9.79085603113	2.73294120247e-28
-9.77626459144	2.90502704288e-28
-9.76167315175	3.07417670682e-28
-9.74708171206	3.237347028e-28
-9.73249027237	3.38488231234e-28
-9.71789883268	3.58340413828e-28
-9.703307393	3.80042591868e-28
-9.68871595331	4.13727328967e-28
-9.67412451362	4.42806252265e-28
-9.65953307393	4.67025954502e-28
-9.64494163424	4.84649360848e-28
-9.63035019455	4.99096757978e-28
-9.61575875486	5.11626356633e-28
-9.60116731517	5.27165169667e-28
-9.58657587549	5.44345060001e-28
-9.5719844358	5.74073188149e-28
-9.55739299611	5.8985282033e-28
-9.54280155642	6.01358875271e-28
-9.52821011673	6.03010354522e-28
-9.51361867704	6.06880878303e-28
-9.49902723735	6.10407835119e-28
-9.48443579767	6.15979464994e-28
-9.46984435798	6.22263497066e-28
-9.45525291829	6.43505579762e-28
-9.4406614786	6.51883984435e-28
-9.42607003891	6.629783534e-28
-9.41147859922	6.68160052441e-28
-9.39688715953	6.743682363e-28
-9.38229571984	6.81615008433e-28
-9.36770428016	7.00794539852e-28
-9.35311284047	7.28133107515e-28
-9.33852140078	7.77854685753e-28
-9.32392996109	8.11618941999e-28
-9.3093385214	8.34750877769e-28
-9.29474708171	8.47154781672e-28
-9.28015564202	8.67388532144e-28
-9.26556420233	8.85958498671e-28
-9.25097276265	9.12905819667e-28
-9.23638132296	9.46148076981e-28
-9.22178988327	1.00692060678e-27
-9.20719844358	1.04415740605e-27
-9.19260700389	1.08438511105e-27
-9.1780155642	1.11422917709e-27
-9.16342412451	1.15147253099e-27
-9.14883268482	1.19305027715e-27
-9.13424124514	1.25001972914e-27
-9.11964980545	1.32109318014e-27
-9.10505836576	1.43703999584e-27
-9.09046692607	1.5321449329e-27
-9.07587548638	1.62143126067e-27
-9.06128404669	1.69615821378e-27
-9.046692607	1.77763422116e-27
-9.03210116731	1.86114365071e-27
-9.01750972763	1.96733803556e-27
-9.00291828794	2.08338721599e-27
-8.98832684825	2.25528241243e-27
-8.97373540856	2.38995020046e-27
-8.95914396887	2.52211448205e-27
-8.94455252918	2.6358413356e-27
-8.92996108949	2.76450575003e-27
-8.91536964981	2.89987836445e-27
-8.90077821012	3.06978683672e-27
-8.88618677043	3.2652997409e-27
-8.87159533074	3.53677340203e-27
-8.85700389105	3.78345626063e-27
-8.84241245136	4.06622992924e-27
-8.82782101167	4.35884378548e-27
-8.81322957198	4.69509201215e-27
-8.7986381323	5.07954644314e-27
-8.78404669261	5.55589538345e-27
-8.76945525292	6.12694084068e-27
-8.75486381323	6.86528505356e-27
-8.74027237354	7.61087021434e-27
-8.72568093385	8.46252108155e-27
-8.71108949416	9.40479094702e-27
-8.69649805447	1.05185658168e-26
-8.68190661479	1.18111744222e-26
-8.6673151751	1.34162674064e-26
-8.65272373541	1.53240908399e-26
-8.63813229572	1.77270081197e-26
-8.62354085603	2.04960857731e-26
-8.60894941634	2.3878267874e-26
-8.59435797665	2.79096115473e-26
-8.57976653696	3.28847648296e-26
-8.56517509728	3.89864187872e-26
-8.55058365759	4.65817144344e-26
-8.5359922179	5.59314279726e-26
-8.52140077821	6.77937362624e-26
-8.50680933852	8.20565045221e-26
-8.49221789883	9.95409733756e-26
-8.47762645914	1.20932237111e-25
-8.46303501945	1.47327467682e-25
-8.44844357977	1.80054222337e-25
-8.43385214008	2.20803246431e-25
-8.41926070039	2.71273045808e-25
-8.4046692607	3.34266995561e-25
-8.39007782101	4.12241763893e-25
-8.37548638132	5.09519684458e-25
-8.36089494163	6.3044409206e-25
-8.34630350195	7.81635775099e-25
-8.33171206226	9.7027036192e-25
-8.31712062257	1.206650084e-24
-8.30252918288	1.5016139143e-24
-8.28793774319	1.87109735495e-24
-8.2733463035	2.33049954186e-24
-8.25875486381	2.90373818398e-24
-8.24416342412	3.61803156347e-24
-8.22957198444	4.50925342715e-24
-8.21498054475	5.62070028604e-24
-8.20038910506	7.00819763458e-24
-8.18579766537	8.73833666148e-24
-8.17120622568	1.0898032112e-23
-8.15661478599	1.35871701144e-23
-8.1420233463	1.69396006599e-23
-8.12743190661	2.11145317919e-23
-8.11284046693	2.63148084169e-23
-8.09824902724	3.27904972791e-23
-8.08365758755	4.08565042489e-23
-8.06906614786	5.0893875965e-23
-8.05447470817	6.33862904097e-23
-8.03988326848	7.89066472518e-23
-8.02529182879	9.81905802382e-23
-8.0107003891	1.22134665252e-22
-7.99610894942	1.51866621593e-22
-7.98151750973	1.88767989057e-22
-7.96692607004	2.34556143622e-22
-7.95233463035	2.91336628108e-22
-7.93774319066	3.61729226089e-22
-7.92315175097	4.48909116145e-22
-7.90856031128	5.56863365678e-22
-7.89396887159	6.90467778485e-22
-7.87937743191	8.55771814979e-22
-7.86478599222	1.06020407563e-21
-7.85019455253	1.31293499828e-21
-7.83560311284	1.62522857745e-21
-7.82101167315	2.01096480158e-21
-7.80642023346	2.48711257533e-21
-7.79182879377	3.07464934514e-21
-7.77723735409	3.79931298311e-21
-7.7626459144	4.69273023399e-21
-7.74805447471	5.79366241176e-21
-7.73346303502	7.14982089733e-21
-7.71887159533	8.81950515271e-21
-7.70428015564	1.08743542084e-20
-7.68968871595	1.34017593814e-20
-7.67509727626	1.65090475204e-20
-7.66050583658	2.03274991335e-20
-7.64591439689	2.50178712978e-20
-7.6313229572	3.07766075603e-20
-7.61673151751	3.78438938917e-20
-7.60214007782	4.6512970182e-20
-7.58754863813	5.71421033406e-20
-7.57295719844	7.01680430482e-20
-7.55836575875	8.61241220954e-20
-7.54377431907	1.05660350565e-19
-7.52918287938	1.29568837249e-19
-7.51459143969	1.58815327561e-19
-7.5	1.94571499649e-19
-7.48540856031	2.38251518907e-19
-7.47081712062	2.91605765252e-19
-7.45622568093	3.56750614906e-19
-7.44163424124	4.36254012503e-19
-7.42704280156	5.33235923533e-19
-7.41245136187	6.51483635024e-19
-7.39785992218	7.95593494939e-19
-7.38326848249	9.71140476903e-19
-7.3686770428	1.1848821012e-18
-7.35408560311	1.44500849195e-18
-7.33949416342	1.76143578297e-18
-7.32490272373	2.14617114378e-18
-7.31031128405	2.6137413682e-18
-7.29571984436	3.1817169263e-18
-7.28112840467	3.8713357168e-18
-7.26653696498	4.70825990532e-18
-7.25194552529	5.72347804036e-18
-7.2373540856	6.95439907101e-18
-7.22276264591	8.44614730041e-18
-7.20817120623	1.02531486888e-17
-7.19357976654	1.24409987392e-17
-7.17898832685	1.50887273566e-17
-7.16439688716	1.8291497719e-17
-7.14980544747	2.21638487996e-17
-7.13521400778	2.68435651492e-17
-7.12062256809	3.24963315407e-17
-7.1060311284	3.93212564233e-17
-7.09143968872	4.75575327024e-17
-7.07684824903	5.74923461796e-17
-7.06225680934	6.94703516958e-17
-7.04766536965	8.39049560751e-17
-7.03307392996	1.01291813126e-16
-7.01848249027	1.22224867319e-16
-7.00389105058	1.47415538531e-16
-6.98929961089	1.77715475365e-16
-6.97470817121	2.14143790376e-16
-6.96011673152	2.57919328527e-16
-6.94552529183	3.10499148266e-16
-6.93093385214	3.73624175748e-16
-6.91634241245	4.49373535961e-16
-6.90175097276	5.40228997208e-16
-6.88715953307	6.49151564113e-16
-6.87256809338	7.7967213389e-16
-6.8579766537	9.35999351611e-16
-6.84338521401	1.12314707105e-15
-6.82879377432	1.34708556824e-15
-6.81420233463	1.61492042468e-15
-6.79961089494	1.9351043457e-15
-6.78501945525	2.31768746998e-15
-6.77042801556	2.77461359326e-15
-6.75583657588	3.3200696584e-15
-6.74124513619	3.97089911279e-15
-6.7266536965	4.74708920527e-15
-6.71206225681	5.67234627772e-15
-6.69747081712	6.77477364004e-15
-6.68287937743	8.0876708813e-15
-6.66828793774	9.65047490501e-15
-6.65369649805	1.15098682351e-14
-6.63910505837	1.37210822187e-14
-6.62451361868	1.63494310772e-14
-6.60992217899	1.9472113488e-14
-6.5953307393	2.31803302652e-14
-6.58073929961	2.75817699279e-14
-6.56614785992	3.28035266411e-14
-6.55155642023	3.8995521975e-14
-6.53696498054	4.63345173717e-14
-6.52237354086	5.50288141075e-14
-6.50778210117	6.53237596757e-14
-6.49319066148	7.75081910803e-14
-6.47859922179	9.19219742369e-14
-6.4640077821	1.08964818024e-13
-6.44941634241	1.29106576811e-13
-6.43482490272	1.52899281954e-13
-6.42023346303	1.80991190433e-13
-6.40564202335	2.14143172839e-13
-6.39105058366	2.53247830214e-13
-6.37645914397	2.9935177116e-13
-6.36186770428	3.53681567029e-13
-6.34727626459	4.17673968282e-13
-6.3326848249	4.93011072421e-13
-6.31809338521	5.81661222953e-13
-6.30350194552	6.85926556959e-13
-6.28891050584	8.08498241026e-13
-6.27431906615	9.52520622998e-13
-6.25972762646	1.12166567559e-12
-6.24513618677	1.32021935758e-12
-6.23054474708	1.55318172726e-12
-6.21595330739	1.82638295475e-12
-6.2013618677	2.14661766802e-12
-6.18677042802	2.52180046212e-12
-6.17217898833	2.96114578142e-12
-6.15758754864	3.47537593021e-12
-6.14299610895	4.07696141702e-12
-6.12840466926	4.78039855923e-12
-6.11381322957	5.60252991712e-12
-6.09922178988	6.56291398484e-12
-6.08463035019	7.68425145334e-12
-6.07003891051	8.99287646692e-12
-6.05544747082	1.0519322412e-11
-6.04085603113	1.22989732769e-11
-6.02626459144	1.43728130124e-11
-6.01167315175	1.67882872417e-11
-5.99708171206	1.9600293546e-11
-5.98249027237	2.28723189528e-11
-5.96789883268	2.66777457084e-11
-5.953307393	3.11013494561e-11
-5.93871595331	3.62410171399e-11
-5.92412451362	4.22097158802e-11
-5.90953307393	4.9137748054e-11
-5.89494163424	5.71753328941e-11
-5.88035019455	6.64955600771e-11
-5.86575875486	7.7297767131e-11
-5.85116731517	8.98113991682e-11
-5.83657587549	1.04300417437e-10
-5.8219844358	1.2106833171e-10
-5.80739299611	1.40463941798e-10
-5.79280155642	1.62887884e-10
-5.77821011673	1.88800091413e-10
-5.76361867704	2.18728290537e-10
-5.74902723735	2.53277672753e-10
-5.73443579766	2.93141896646e-10
-5.71984435798	3.39115597234e-10
-5.70525291829	3.92108599968e-10
-5.6906614786	4.53162062944e-10
-5.67607003891	5.2346679767e-10
-5.66147859922	6.04384050702e-10
-5.64688715953	6.9746906259e-10
-5.63229571984	8.04497759983e-10
-5.61770428016	9.27496979397e-10
-5.60311284047	1.06877867012e-09
-5.58852140078	1.23097857675e-09
-5.57392996109	1.41709996294e-09
-5.5593385214	1.63056300283e-09
-5.54474708171	1.87526054267e-09
-5.53015564202	2.15562101556e-09
-5.51556420233	2.47667938503e-09
-5.50097276265	2.84415709351e-09
-5.48638132296	3.26455210458e-09
-5.47178988327	3.74524025109e-09
-5.45719844358	4.29458924125e-09
-5.44260700389	4.9220868229e-09
-5.4280155642	5.63848477837e-09
-5.41342412451	6.45596060419e-09
-5.39883268482	7.38829893724e-09
-5.38424124514	8.45109501204e-09
-5.36964980545	9.66198268397e-09
-5.35505836576	1.10408898239e-08
-5.34046692607	1.26103241935e-08
-5.32587548638	1.43956932358e-08
-5.31128404669	1.64256615808e-08
-5.296692607	1.87325504608e-08
-5.28210116731	2.13527836661e-08
-5.26750972763	2.43273851456e-08
-5.25291828794	2.77025338793e-08
-5.23832684825	3.15301822145e-08
-5.22373540856	3.58687444853e-08
-5.20914396887	4.0783863399e-08
-5.19455252918	4.63492624252e-08
-5.17996108949	5.26476932119e-08
-5.1653696498	5.97719879368e-08
-5.15077821012	6.78262274402e-08
-5.13618677043	7.69270370233e-08
-5.12159533074	8.72050229004e-08
-5.10700389105	9.8806363518e-08
-5.09241245136	1.11894571237e-07
-5.07782101167	1.26652441308e-07
-5.06322957198	1.43284206587e-07
-5.0486381323	1.62017918073e-07
-5.03404669261	1.83108073132e-07
-5.01945525292	2.06838515189e-07
-5.00486381323	2.33525630669e-07
-4.99027237354	2.63521871236e-07
-4.97568093385	2.97219631677e-07
-4.96108949416	3.35055516321e-07
-4.94649805447	3.77515029597e-07
-4.93190661479	4.25137729187e-07
-4.9173151751	4.7852288333e-07
-4.90272373541	5.38335677083e-07
-4.88813229572	6.05314015831e-07
-4.87354085603	6.80275978065e-07
-4.85894941634	7.64127973293e-07
-4.84435797665	8.5787366519e-07
-4.82976653696	9.62623724387e-07
-4.81517509728	1.07960648e-06
-4.80058365759	1.21017954381e-06
-4.7859922179	1.35584248621e-06
-4.77140077821	1.51825064826e-06
-4.75680933852	1.69923018004e-06
-4.74221789883	1.90079440114e-06
-4.72762645914	2.12516158548e-06
-4.71303501945	2.37477427881e-06
-4.69844357977	2.65232026409e-06
-4.68385214008	2.96075529664e-06
-4.66926070039	3.30332773817e-06
-4.6546692607	3.68360522583e-06
-4.64007782101	4.10550352036e-06
-4.62548638132	4.57331768452e-06
-4.61089494163	5.09175575121e-06
-4.59630350194	5.66597504829e-06
-4.58171206226	6.30162135541e-06
-4.56712062257	7.00487107584e-06
-4.55252918288	7.78247661455e-06
-4.53793774319	8.64181516177e-06
-4.5233463035	9.59094108901e-06
-4.50875486381	1.06386421723e-05
-4.49416342412	1.17944998651e-05
-4.47957198444	1.30689538494e-05
-4.46498054475	1.44733711029e-05
-4.45038910506	1.60201197228e-05
-4.43579766537	1.77226477553e-05
-4.42120622568	1.95955672847e-05
-4.40661478599	2.16547440379e-05
-4.3920233463	2.39173927665e-05
-4.37743190661	2.64021786688e-05
-4.36284046693	2.91293251159e-05
-4.34824902724	3.21207279468e-05
-4.33365758755	3.54000765925e-05
-4.31906614786	3.89929822909e-05
-4.30447470817	4.29271136429e-05
-4.28988326848	4.723233976e-05
-4.27529182879	5.19408812368e-05
-4.2607003891	5.70874691771e-05
-4.24610894942	6.27095124838e-05
-4.23151750973	6.8847273606e-05
-4.21692607004	7.5544052921e-05
-4.20233463035	8.28463818995e-05
-4.18774319066	9.08042251815e-05
-4.17315175097	9.94711916587e-05
-4.15856031128	0.000108904754624
-4.14396887159	0.000119166481015
-4.12937743191	0.000130322269731
-4.11478599222	0.000142442598969
-4.10019455253	0.000155602782456
-4.08560311284	0.000169883234422
-4.07101167315	0.000185369743075
-4.05642023346	0.000202153752306
-4.04182879377	0.000220332651249
-4.02723735408	0.000240010071276
-4.0126459144	0.000261296189914
-3.99805447471	0.000284308041094
-3.98346303502	0.000309169831059
-3.96887159533	0.000336013259143
-3.95428015564	0.000364977842587
-3.93968871595	0.000396211244397
-3.92509727626	0.00042986960319
-3.91050583658	0.000466117863861
-3.89591439689	0.000505130107769
-3.8813229572	0.000547089881062
-3.86673151751	0.000592190519634
-3.85214007782	0.000640635469077
-3.83754863813	0.000692638597913
-3.82295719844	0.000748424502242
-3.80836575875	0.000808228799847
-3.79377431907	0.000872298411696
-3.77918287938	0.000940891828649
-3.76459143969	0.00101427936111
-3.75	0.00109274336922
-3.73540856031	0.0011765784712
-3.72081712062	0.00126609172721
-3.70622568093	0.0013616027962
-3.69163424124	0.00146344406301
-3.67704280156	0.00157196073314
-3.66245136187	0.00168751089223
-3.64785992218	0.00181046552778
-3.63326848249	0.00194120851007
-3.6186770428	0.00208013652978
-3.60408560311	0.00222765898948
-3.58949416342	0.00238419784644
-3.57490272373	0.00255018740417
-3.56031128405	0.00272607405035
-3.54571984436	0.00291231593871
-3.53112840467	0.00310938261288
-3.51653696498	0.00331775457017
-3.50194552529	0.00353792276361
-3.4873540856	0.00377038804067
-3.47276264591	0.00401566051756
-3.45817120623	0.00427425888804
-3.44357976654	0.00454670966624
-3.42898832685	0.00483354636319
-3.41439688716	0.00513530859714
-3.39980544747	0.00545254113815
-3.38521400778	0.00578579288789
-3.37062256809	0.006135615796
-3.3560311284	0.00650256371468
-3.34143968872	0.00688719119385
-3.32684824903	0.00729005221949
-3.31225680934	0.00771169889835
-3.29766536965	0.00815268009268
-3.28307392996	0.00861354000907
-3.26848249027	0.00909481674586
-3.25389105058	0.00959704080434
-3.23929961089	0.010120733569
-3.22470817121	0.0106664057627
-3.21011673152	0.011234555883
-3.19552529183	0.0118256686267
-3.18093385214	0.0124402133082
-3.16634241245	0.0130786422811
-3.15175097276	0.0137413893678
-3.13715953307	0.0144288683068
-3.12256809338	0.0151414712252
-3.1079766537	0.0158795671425
-3.09338521401	0.0166435005166
-3.07879377432	0.0174335898366
-3.06420233463	0.0182501262729
-3.04961089494	0.0190933723903
-3.03501945525	0.0199635609329
-3.02042801556	0.0208608936869
-3.00583657587	0.0217855404285
-2.99124513619	0.0227376379636
-2.9766536965	0.0237172892646
-2.96206225681	0.0247245627104
-2.94747081712	0.025759491434
-2.93287937743	0.0268220727826
-2.91828793774	0.027912267893
-2.90369649805	0.0290300013861
-2.88910505837	0.0301751611825
-2.87451361868	0.0313475984408
-2.85992217899	0.0325471276193
-2.8453307393	0.0337735266615
-2.83073929961	0.0350265373044
-2.81614785992	0.0363058655088
-2.80155642023	0.0376111820087
-2.78696498054	0.0389421229776
-2.77237354086	0.0402982908077
-2.75778210117	0.0416792549987
-2.74319066148	0.0430845531501
-2.72859922179	0.0445136920527
-2.7140077821	0.0459661488729
-2.69941634241	0.0474413724239
-2.68482490272	0.0489387845162
-2.67023346303	0.0504577813811
-2.65564202335	0.051997735159
-2.64105058366	0.0535579954452
-2.62645914397	0.0551378908856
-2.61186770428	0.0567367308132
-2.59727626459	0.0583538069182
-2.5826848249	0.0599883949438
-2.56809338521	0.0616397563987
-2.55350194552	0.063307140279
-2.53891050584	0.0649897847919
-2.52431906615	0.0666869190732
-2.50972762646	0.0683977648918
-2.49513618677	0.0701215383334
-2.48054474708	0.071857451458
-2.46595330739	0.0736047139238
-2.4513618677	0.0753625345726
-2.43677042801	0.07713012297
-2.42217898833	0.0789066908974
-2.40758754864	0.080691453789
-2.39299610895	0.0824836321119
-2.37840466926	0.084282452684
-2.36381322957	0.0860871499278
-2.34922178988	0.0878969670573
-2.33463035019	0.0897111571954
-2.32003891051	0.0915289844204
-2.30544747082	0.0933497247407
-2.29085603113	0.0951726669969
-2.27626459144	0.0969971136902
-2.26167315175	0.098822381738
-2.24708171206	0.100647803157
-2.23249027237	0.102472725675
-2.21789883268	0.104296513269
-2.203307393	0.106118546638
-2.18871595331	0.107938223607
-2.17412451362	0.109754959459
-2.15953307393	0.111568187216
-2.14494163424	0.113377357844
-2.13035019455	0.115181940413
-2.11575875486	0.116981422188
-2.10116731517	0.118775308674
-2.08657587549	0.12056312361
-2.0719844358	0.122344408913
-2.05739299611	0.124118724576
-2.04280155642	0.125885648527
-2.02821011673	0.12764477645
-2.01361867704	0.12939572156
-1.99902723735	0.131138114362
-1.98443579766	0.132871602362
-1.96984435798	0.134595849764
-1.95525291829	0.136310537133
-1.9406614786	0.138015361044
-1.92607003891	0.139710033702
-1.91147859922	0.141394282557
-1.89688715953	0.14306784989
-1.88229571984	0.144730492403
-1.86770428015	0.146381980785
-1.85311284047	0.148022099279
-1.83852140078	0.149650645235
-1.82392996109	0.15126742867
-1.8093385214	0.152872271813
-1.79474708171	0.154465008659
-1.78015564202	0.156045484518
-1.76556420233	0.157613555568
-1.75097276265	0.15916908841
-1.73638132296	0.160711959633
-1.72178988327	0.162242055372
-1.70719844358	0.163759270887
-1.69260700389	0.165263510143
-1.6780155642	0.166754685391
-1.66342412451	0.168232716772
-1.64883268482	0.169697531918
-1.63424124514	0.17114906557
-1.61964980545	0.172587259205
-1.60505836576	0.174012060667
-1.59046692607	0.175423423821
-1.57587548638	0.176821308208
-1.56128404669	0.178205678714
-1.546692607	0.179576505256
-1.53210116731	0.180933762469
-1.51750972763	0.182277429413
-1.50291828794	0.183607489289
-1.48832684825	0.184923929164
-1.47373540856	0.186226739712
-1.45914396887	0.187515914962
-1.44455252918	0.18879145206
-1.42996108949	0.190053351036
-1.4153696498	0.191301614592
-1.40077821012	0.19253624789
-1.38618677043	0.193757258357
-1.37159533074	0.194964655496
-1.35700389105	0.196158450708
-1.34241245136	0.197338657126
-1.32782101167	0.19850528945
-1.31322957198	0.199658363803
-1.29863813229	0.200797897583
-1.28404669261	0.201923909333
-1.26945525292	0.203036418612
-1.25486381323	0.204135445877
-1.24027237354	0.205221012374
-1.22568093385	0.20629314003
-1.21108949416	0.207351851359
-1.19649805447	0.208397169366
-1.18190661479	0.209429117468
-1.1673151751	0.210447719408
-1.15272373541	0.211452999188
-1.13813229572	0.212444980995
-1.12354085603	0.213423689141
-1.10894941634	0.214389148002
-1.09435797665	0.215341381965
-1.07976653696	0.216280415381
-1.06517509728	0.217206272513
-1.05058365759	0.2181189775
-1.0359922179	0.219018554314
-1.02140077821	0.219905026732
-1.00680933852	0.220778418294
-0.992217898832	0.221638752285
-0.977626459143	0.222486051701
-0.963035019454	0.223320339233
-0.948443579766	0.224141637239
-0.933852140077	0.224949967731
-0.919260700388	0.225745352358
-0.9046692607	0.226527812389
-0.890077821011	0.227297368705
-0.875486381322	0.228054041786
-0.860894941633	0.228797851702
-0.846303501945	0.229528818106
-0.831712062256	0.23024696023
-0.817120622567	0.230952296876
-0.802529182879	0.231644846419
-0.78793774319	0.232324626798
-0.773346303501	0.232991655517
-0.758754863812	0.233645949648
-0.744163424124	0.234287525827
-0.729571984435	0.234916400255
-0.714980544746	0.235532588704
-0.700389105058	0.236136106515
-0.685797665369	0.236726968602
-0.67120622568	0.237305189459
-0.656614785991	0.237870783158
-0.642023346303	0.238423763358
-0.627431906614	0.238964143308
-0.612840466925	0.239491935852
-0.598249027237	0.240007153432
-0.583657587548	0.240509808097
-0.569066147859	0.240999911507
-0.55447470817	0.241477474939
-0.539883268482	0.24194250929
-0.525291828793	0.242395025088
-0.510700389104	0.242835032494
-0.496108949416	0.243262541308
-0.481517509727	0.243677560978
-0.466926070038	0.244080100602
-0.452334630349	0.244470168937
-0.437743190661	0.244847774403
-0.423151750972	0.245212925091
-0.408560311283	0.245565628766
-0.393968871594	0.245905892873
-0.379377431906	0.246233724544
-0.364785992217	0.246549130603
-0.350194552528	0.246852117569
-0.33560311284	0.247142691665
-0.321011673151	0.24742085882
-0.306420233462	0.247686624674
-0.291828793773	0.247939994583
-0.277237354085	0.248180973624
-0.262645914396	0.2484095666
-0.248054474707	0.24862577804
-0.233463035019	0.248829612208
-0.21887159533	0.249021073104
-0.204280155641	0.249200164466
-0.189688715952	0.249366889779
-0.175097276264	0.249521252271
-0.160505836575	0.24966325492
-0.145914396886	0.249792900456
-0.131322957198	0.249910191364
-0.116731517509	0.250015129884
-0.10214007782	0.250107718015
-0.0875486381314	0.250187957519
-0.0729571984427	0.250255849916
-0.058365758754	0.250311396493
-0.0437743190653	0.250354598299
-0.0291828793766	0.250385456149
-0.0145914396879	0.250403970627
8.5975671027e-13	0.250410142081
0.0145914396896	0.250403970627
0.0291828793783	0.250385456149
0.043774319067	0.250354598299
0.0583657587557	0.250311396493
0.0729571984444	0.250255849916
0.0875486381332	0.250187957519
0.102140077822	0.250107718016
0.116731517511	0.250015129884
0.131322957199	0.249910191364
0.145914396888	0.249792900456
0.160505836577	0.24966325492
0.175097276265	0.249521252271
0.189688715954	0.249366889779
0.204280155643	0.249200164466
0.218871595332	0.249021073104
0.23346303502	0.248829612208
0.248054474709	0.24862577804
0.262645914398	0.2484095666
0.277237354086	0.248180973625
0.291828793775	0.247939994583
0.306420233464	0.247686624674
0.321011673153	0.24742085882
0.335603112841	0.247142691665
0.35019455253	0.246852117569
0.364785992219	0.246549130603
0.379377431907	0.246233724544
0.393968871596	0.245905892873
0.408560311285	0.245565628766
0.423151750974	0.245212925092
0.437743190662	0.244847774403
0.452334630351	0.244470168937
0.46692607004	0.244080100602
0.481517509729	0.243677560978
0.496108949417	0.243262541308
0.510700389106	0.242835032494
0.525291828795	0.242395025089
0.539883268483	0.241942509291
0.554474708172	0.241477474939
0.569066147861	0.240999911507
0.58365758755	0.240509808097
0.598249027238	0.240007153432
0.612840466927	0.239491935852
0.627431906616	0.238964143309
0.642023346304	0.238423763358
0.656614785993	0.237870783158
0.671206225682	0.237305189459
0.685797665371	0.236726968602
0.700389105059	0.236136106515
0.714980544748	0.235532588704
0.729571984437	0.234916400256
0.744163424125	0.234287525827
0.758754863814	0.233645949649
0.773346303503	0.232991655517
0.787937743192	0.232324626798
0.80252918288	0.231644846419
0.817120622569	0.230952296877
0.831712062258	0.23024696023
0.846303501946	0.229528818106
0.860894941635	0.228797851702
0.875486381324	0.228054041786
0.890077821013	0.227297368706
0.904669260701	0.226527812389
0.91926070039	0.225745352358
0.933852140079	0.224949967731
0.948443579767	0.224141637239
0.963035019456	0.223320339233
0.977626459145	0.222486051702
0.992217898834	0.221638752285
1.00680933852	0.220778418294
1.02140077821	0.219905026732
1.0359922179	0.219018554315
1.05058365759	0.2181189775
1.06517509728	0.217206272513
1.07976653697	0.216280415381
1.09435797665	0.215341381966
1.10894941634	0.214389148002
1.12354085603	0.213423689141
1.13813229572	0.212444980996
1.15272373541	0.211452999189
1.1673151751	0.210447719409
1.18190661479	0.209429117468
1.19649805448	0.208397169367
1.21108949416	0.207351851359
1.22568093385	0.206293140031
1.24027237354	0.205221012374
1.25486381323	0.204135445877
1.26945525292	0.203036418612
1.28404669261	0.201923909333
1.2986381323	0.200797897583
1.31322957199	0.199658363803
1.32782101167	0.198505289451
1.34241245136	0.197338657126
1.35700389105	0.196158450709
1.37159533074	0.194964655496
1.38618677043	0.193757258357
1.40077821012	0.19253624789
1.41536964981	0.191301614592
1.4299610895	0.190053351036
1.44455252918	0.18879145206
1.45914396887	0.187515914963
1.47373540856	0.186226739712
1.48832684825	0.184923929164
1.50291828794	0.183607489289
1.51750972763	0.182277429413
1.53210116732	0.18093376247
1.546692607	0.179576505257
1.56128404669	0.178205678715
1.57587548638	0.176821308208
1.59046692607	0.175423423821
1.60505836576	0.174012060667
1.61964980545	0.172587259205
1.63424124514	0.171149065571
1.64883268483	0.169697531918
1.66342412451	0.168232716772
1.6780155642	0.166754685391
1.69260700389	0.165263510143
1.70719844358	0.163759270888
1.72178988327	0.162242055372
1.73638132296	0.160711959633
1.75097276265	0.159169088411
1.76556420234	0.157613555568
1.78015564202	0.156045484519
1.79474708171	0.15446500866
1.8093385214	0.152872271813
1.82392996109	0.15126742867
1.83852140078	0.149650645236
1.85311284047	0.148022099279
1.86770428016	0.146381980786
1.88229571985	0.144730492404
1.89688715953	0.14306784989
1.91147859922	0.141394282557
1.92607003891	0.139710033703
1.9406614786	0.138015361044
1.95525291829	0.136310537134
1.96984435798	0.134595849764
1.98443579767	0.132871602362
1.99902723736	0.131138114362
2.01361867704	0.129395721561
2.02821011673	0.12764477645
2.04280155642	0.125885648528
2.05739299611	0.124118724576
2.0719844358	0.122344408913
2.08657587549	0.120563123611
2.10116731518	0.118775308674
2.11575875486	0.116981422188
2.13035019455	0.115181940414
2.14494163424	0.113377357845
2.15953307393	0.111568187216
2.17412451362	0.10975495946
2.18871595331	0.107938223607
2.203307393	0.106118546639
2.21789883269	0.10429651327
2.23249027237	0.102472725676
2.24708171206	0.100647803158
2.26167315175	0.0988223817387
2.27626459144	0.0969971136909
2.29085603113	0.0951726669976
2.30544747082	0.0933497247414
2.32003891051	0.0915289844211
2.3346303502	0.0897111571961
2.34922178988	0.087896967058
2.36381322957	0.0860871499285
2.37840466926	0.0842824526847
2.39299610895	0.0824836321127
2.40758754864	0.0806914537898
2.42217898833	0.0789066908982
2.43677042802	0.0771301229708
2.45136186771	0.0753625345734
2.46595330739	0.0736047139246
2.48054474708	0.0718574514587
2.49513618677	0.0701215383341
2.50972762646	0.0683977648925
2.52431906615	0.066686919074
2.53891050584	0.0649897847926
2.55350194553	0.0633071402797
2.56809338522	0.0616397563995
2.5826848249	0.0599883949446
2.59727626459	0.058353806919
2.61186770428	0.0567367308139
2.62645914397	0.0551378908864
2.64105058366	0.053557995446
2.65564202335	0.0519977351597
2.67023346304	0.0504577813819
2.68482490272	0.048938784517
2.69941634241	0.0474413724246
2.7140077821	0.0459661488736
2.72859922179	0.0445136920534
2.74319066148	0.0430845531509
2.75778210117	0.0416792549995
2.77237354086	0.0402982908084
2.78696498055	0.0389421229783
2.80155642023	0.0376111820094
2.81614785992	0.0363058655095
2.83073929961	0.0350265373051
2.8453307393	0.0337735266622
2.85992217899	0.03254712762
2.87451361868	0.0313475984415
2.88910505837	0.0301751611831
2.90369649806	0.0290300013867
2.91828793774	0.0279122678936
2.93287937743	0.0268220727832
2.94747081712	0.0257594914346
2.96206225681	0.024724562711
2.9766536965	0.0237172892652
2.99124513619	0.0227376379642
3.00583657588	0.0217855404291
3.02042801557	0.0208608936874
3.03501945525	0.0199635609334
3.04961089494	0.0190933723908
3.06420233463	0.0182501262734
3.07879377432	0.0174335898371
3.09338521401	0.0166435005171
3.1079766537	0.015879567143
3.12256809339	0.0151414712256
3.13715953307	0.0144288683073
3.15175097276	0.0137413893682
3.16634241245	0.0130786422815
3.18093385214	0.0124402133086
3.19552529183	0.011825668627
3.21011673152	0.0112345558834
3.22470817121	0.010666405763
3.2392996109	0.0101207335694
3.25389105058	0.00959704080469
3.26848249027	0.00909481674619
3.28307392996	0.00861354000939
3.29766536965	0.008152680093
3.31225680934	0.00771169889865
3.32684824903	0.00729005221978
3.34143968872	0.00688719119413
3.35603112841	0.00650256371495
3.37062256809	0.00613561579626
3.38521400778	0.00578579288813
3.39980544747	0.00545254113838
3.41439688716	0.00513530859737
3.42898832685	0.00483354636341
3.44357976654	0.00454670966645
3.45817120623	0.00427425888824
3.47276264592	0.00401566051776
3.4873540856	0.00377038804086
3.50194552529	0.00353792276379
3.51653696498	0.00331775457034
3.53112840467	0.00310938261304
3.54571984436	0.00291231593887
3.56031128405	0.0027260740505
3.57490272374	0.00255018740431
3.58949416343	0.00238419784657
3.60408560311	0.00222765898961
3.6186770428	0.0020801365299
3.63326848249	0.00194120851019
3.64785992218	0.00181046552789
3.66245136187	0.00168751089233
3.67704280156	0.00157196073324
3.69163424125	0.00146344406311
3.70622568093	0.00136160279629
3.72081712062	0.0012660917273
3.73540856031	0.00117657847128
3.75	0.0010927433693
3.76459143969	0.00101427936118
3.77918287938	0.000940891828716
3.79377431907	0.000872298411759
3.80836575876	0.000808228799907
3.82295719844	0.000748424502298
3.83754863813	0.000692638597966
3.85214007782	0.000640635469127
3.86673151751	0.000592190519681
3.8813229572	0.000547089881106
3.89591439689	0.00050513010781
3.91050583658	0.0004661178639
3.92509727627	0.000429869603227
3.93968871595	0.000396211244431
3.95428015564	0.000364977842619
3.96887159533	0.000336013259173
3.98346303502	0.000309169831087
3.99805447471	0.000284308041121
4.0126459144	0.000261296189938
4.02723735409	0.000240010071299
4.04182879378	0.00022033265127
4.05642023346	0.000202153752326
4.07101167315	0.000185369743094
4.08560311284	0.000169883234439
4.10019455253	0.000155602782473
4.11478599222	0.000142442598984
4.12937743191	0.000130322269745
4.1439688716	0.000119166481028
4.15856031129	0.000108904754636
4.17315175097	9.94711916702e-05
4.18774319066	9.08042251921e-05
4.20233463035	8.28463819093e-05
4.21692607004	7.55440529302e-05
4.23151750973	6.88472736146e-05
4.24610894942	6.27095124917e-05
4.26070038911	5.70874691845e-05
4.27529182879	5.19408812436e-05
4.28988326848	4.72323397663e-05
4.30447470817	4.29271136488e-05
4.31906614786	3.89929822963e-05
4.33365758755	3.54000765975e-05
4.34824902724	3.21207279514e-05
4.36284046693	2.91293251202e-05
4.37743190662	2.64021786727e-05
4.3920233463	2.39173927702e-05
4.40661478599	2.16547440413e-05
4.42120622568	1.95955672878e-05
4.43579766537	1.77226477581e-05
4.45038910506	1.60201197254e-05
4.46498054475	1.44733711053e-05
4.47957198444	1.30689538516e-05
4.49416342413	1.17944998671e-05
4.50875486381	1.06386421742e-05
4.5233463035	9.59094109075e-06
4.53793774319	8.64181516336e-06
4.55252918288	7.782476616e-06
4.56712062257	7.00487107717e-06
4.58171206226	6.30162135663e-06
4.59630350195	5.6659750494e-06
4.61089494164	5.09175575222e-06
4.62548638132	4.57331768545e-06
4.64007782101	4.10550352121e-06
4.6546692607	3.6836052266e-06
4.66926070039	3.30332773887e-06
4.68385214008	2.96075529728e-06
4.69844357977	2.65232026467e-06
4.71303501946	2.37477427934e-06
4.72762645915	2.12516158597e-06
4.74221789883	1.90079440158e-06
4.75680933852	1.69923018044e-06
4.77140077821	1.51825064862e-06
4.7859922179	1.35584248653e-06
4.80058365759	1.2101795441e-06
4.81517509728	1.07960648026e-06
4.82976653697	9.62623724626e-07
4.84435797665	8.57873665406e-07
4.85894941634	7.64127973488e-07
4.87354085603	6.80275978239e-07
4.88813229572	6.05314015988e-07
4.90272373541	5.38335677222e-07
4.9173151751	4.78522883456e-07
4.93190661479	4.251377293e-07
4.94649805448	3.77515029699e-07
4.96108949416	3.35055516413e-07
4.97568093385	2.9721963176e-07
4.99027237354	2.6352187131e-07
5.00486381323	2.33525630735e-07
5.01945525292	2.06838515248e-07
5.03404669261	1.83108073185e-07
5.0486381323	1.6201791812e-07
5.06322957199	1.4328420663e-07
5.07782101167	1.26652441346e-07
5.09241245136	1.11894571271e-07
5.10700389105	9.88063635479e-08
5.12159533074	8.72050229268e-08
5.13618677043	7.69270370459e-08
5.15077821012	6.78262274605e-08
5.16536964981	5.97719879545e-08
5.1799610895	5.26476932274e-08
5.19455252918	4.63492624385e-08
5.20914396887	4.07838634105e-08
5.22373540856	3.5868744495e-08
5.23832684825	3.15301822227e-08
5.25291828794	2.77025338858e-08
5.26750972763	2.43273851512e-08
5.28210116732	2.13527836707e-08
5.29669260701	1.87325504646e-08
5.31128404669	1.64256615838e-08
5.32587548638	1.43956932382e-08
5.34046692607	1.26103241954e-08
5.35505836576	1.10408898253e-08
5.36964980545	9.66198268491e-09
5.38424124514	8.45109501281e-09
5.39883268483	7.38829893776e-09
5.41342412451	6.45596060455e-09
5.4280155642	5.63848477854e-09
5.44260700389	4.92208682293e-09
5.45719844358	4.29458924111e-09
5.47178988327	3.74524025085e-09
5.48638132296	3.26455210416e-09
5.50097276265	2.84415709311e-09
5.51556420234	2.47667938459e-09
5.53015564202	2.15562101509e-09
5.54474708171	1.87526054214e-09
5.5593385214	1.63056300227e-09
5.57392996109	1.41709996232e-09
5.58852140078	1.2309785761e-09
5.60311284047	1.06877866941e-09
5.61770428016	9.27496978722e-10
5.63229571985	8.04497759316e-10
5.64688715953	6.97469061941e-10
5.66147859922	6.04384050052e-10
5.67607003891	5.23466797046e-10
5.6906614786	4.53162062331e-10
5.70525291829	3.9210859937e-10
5.71984435798	3.39115596631e-10
5.73443579767	2.93141896095e-10
5.74902723736	2.5327767223e-10
5.76361867704	2.18728290047e-10
5.77821011673	1.88800090945e-10
5.79280155642	1.62887883559e-10
5.80739299611	1.40463941378e-10
5.8219844358	1.21068331317e-10
5.83657587549	1.04300417054e-10
5.85116731518	8.98113988213e-11
5.86575875487	7.72977668105e-11
5.88035019455	6.64955597845e-11
5.89494163424	5.71753326211e-11
5.90953307393	4.91377478025e-11
5.92412451362	4.2209715643e-11
5.93871595331	3.62410169184e-11
5.953307393	3.11013492424e-11
5.96789883269	2.66777455148e-11
5.98249027237	2.28723187728e-11
5.99708171206	1.96002933823e-11
6.01167315175	1.678828709e-11
6.02626459144	1.43728128736e-11
6.04085603113	1.22989731466e-11
6.05544747082	1.05193222915e-11
6.07003891051	8.99287635316e-12
6.0846303502	7.68425135232e-12
6.09922178988	6.56291389284e-12
6.11381322957	5.60252983456e-12
6.12840466926	4.78039848403e-12
6.14299610895	4.07696134982e-12
6.15758754864	3.47537586894e-12
6.17217898833	2.9611457258e-12
6.18677042802	2.52180041013e-12
6.20136186771	2.14661762333e-12
6.21595330739	1.82638291518e-12
6.23054474708	1.55318169274e-12
6.24513618677	1.32021932694e-12
6.25972762646	1.12166564882e-12
6.27431906615	9.52520599236e-13
6.28891050584	8.08498220147e-13
6.30350194553	6.85926537877e-13
6.31809338522	5.81661207355e-13
6.3326848249	4.9301105923e-13
6.34727626459	4.17673957257e-13
6.36186770428	3.53681557449e-13
6.37645914397	2.99351763276e-13
6.39105058366	2.53247823436e-13
6.40564202335	2.14143167012e-13
6.42023346304	1.80991184989e-13
6.43482490272	1.52899277716e-13
6.44941634241	1.29106573228e-13
6.4640077821	1.08964815092e-13
6.47859922179	9.19219716148e-14
6.49319066148	7.75081887302e-14
6.50778210117	6.5323757338e-14
6.52237354086	5.50288118139e-14
6.53696498055	4.63345149007e-14
6.55155642023	3.89955197693e-14
6.56614785992	3.28035246108e-14
6.58073929961	2.75817682227e-14
6.5953307393	2.31803288245e-14
6.60992217899	1.94721123915e-14
6.62451361868	1.63494302364e-14
6.63910505837	1.37210816932e-14
6.65369649806	1.15098679498e-14
6.66828793774	9.65047503337e-15
6.68287937743	8.08767125239e-15
6.69747081712	6.77477422114e-15
6.71206225681	5.67234696424e-15
6.7266536965	4.74708997324e-15
6.74124513619	3.97089988013e-15
6.75583657588	3.32007041448e-15
6.77042801557	2.77461428759e-15
6.78501945525	2.31768820618e-15
6.79961089494	1.93510506973e-15
6.81420233463	1.61492115448e-15
6.82879377432	1.34708628189e-15
6.84338521401	1.12314778724e-15
6.8579766537	9.36000048492e-16
6.87256809339	7.79672815352e-16
6.88715953308	6.49152204285e-16
6.90175097276	5.40229649461e-16
6.91634241245	4.49374171368e-16
6.93093385214	3.73624794798e-16
6.94552529183	3.10499732715e-16
6.96011673152	2.57919878771e-16
6.97470817121	2.14144295228e-16
6.9892996109	1.77715939081e-16
7.00389105058	1.47415956127e-16
7.01848249027	1.22225264001e-16
7.03307392996	1.01292174566e-16
7.04766536965	8.39052837427e-17
7.06225680934	6.94706429576e-17
7.07684824903	5.74926063138e-17
7.09143968872	4.75577593355e-17
7.10603112841	3.93214530695e-17
7.12062256809	3.24964959281e-17
7.13521400778	2.68437107857e-17
7.14980544747	2.21639762244e-17
7.16439688716	1.82916118783e-17
7.17898832685	1.50888294123e-17
7.19357976654	1.2441093241e-17
7.20817120623	1.02532360376e-17
7.22276264592	8.44623007744e-18
7.2373540856	6.95447681434e-18
7.25194552529	5.72355544092e-18
7.26653696498	4.70833357594e-18
7.28112840467	3.87140533579e-18
7.29571984436	3.18178021777e-18
7.31031128405	2.61379907068e-18
7.32490272374	2.1462226156e-18
7.33949416343	1.76148162126e-18
7.35408560311	1.44504797356e-18
7.3686770428	1.18491795635e-18
7.38326848249	9.71172618667e-19
7.39785992218	7.95622841776e-19
7.41245136187	6.51509915262e-19
7.42704280156	5.33259720582e-19
7.44163424125	4.36275577656e-19
7.45622568094	3.5677053202e-19
7.47081712062	2.91624108471e-19
7.48540856031	2.38269340334e-19
7.5	1.94588172578e-19
7.51459143969	1.58830591026e-19
7.52918287938	1.29582401467e-19
7.54377431907	1.05672450082e-19
7.55836575876	8.61346896356e-20
7.57295719844	7.01773281375e-20
7.58754863813	5.71500333978e-20
7.60214007782	4.65200913053e-20
7.61673151751	3.78501884302e-20
7.6313229572	3.07822289389e-20
7.64591439689	2.50228530308e-20
7.66050583658	2.03319700507e-20
7.67509727627	1.65130272813e-20
7.68968871595	1.34053802404e-20
7.70428015564	1.08776316013e-20
7.71887159533	8.82264870677e-21
7.73346303502	7.15273335748e-21
7.74805447471	5.79633454474e-21
7.7626459144	4.69509904159e-21
7.77723735409	3.80140318304e-21
7.79182879378	3.07644792592e-21
7.80642023346	2.48866796761e-21
7.82101167315	2.01227228808e-21
7.83560311284	1.62639550182e-21
7.85019455253	1.31397454667e-21
7.86478599222	1.06114056585e-21
7.87937743191	8.56604858993e-22
7.8939688716	6.9121944005e-22
7.90856031129	5.57533074103e-22
7.92315175097	4.49519900038e-22
7.93774319066	3.62286411373e-22
7.95233463035	2.91877958575e-22
7.96692607004	2.35065307617e-22
7.98151750973	1.89243300594e-22
7.99610894942	1.52298238139e-22
8.01070038911	1.22525979823e-22
8.0252918288	9.85353715239e-23
8.03988326848	7.92128333483e-23
8.05447470817	6.3653095423e-23
8.06906614786	5.11397302238e-23
8.08365758755	4.10760871722e-23
8.09824902724	3.29859648149e-23
8.11284046693	2.64846337046e-23
8.12743190662	2.12617598897e-23
8.1420233463	1.70631190504e-23
8.15661478599	1.36901312024e-23
8.17120622568	1.09800561896e-23
8.18579766537	8.80791887861e-24
8.20038910506	7.06725209363e-24
8.21498054475	5.67172512246e-24
8.22957198444	4.55286237353e-24
8.24416342413	3.65647607628e-24
8.25875486381	2.93723777124e-24
8.2733463035	2.36043842614e-24
8.28793774319	1.89763938725e-24
8.30252918288	1.5270998332e-24
8.31712062257	1.22996998576e-24
8.33171206226	9.91723237377e-25
8.34630350195	8.00404367767e-25
8.36089494164	6.4686200495e-25
8.37548638132	5.23166309295e-25
8.39007782101	4.23549331915e-25
8.4046692607	3.4306875604e-25
8.41926070039	2.78788456029e-25
8.43385214008	2.27236141603e-25
8.44844357977	1.85828899194e-25
8.46303501946	1.5245801753e-25
8.47762645915	1.25611631147e-25
8.49221789883	1.03736199448e-25
8.50680933852	8.59914014125e-26
8.52140077821	7.15059639923e-26
8.5359922179	5.98269697155e-26
8.55058365759	5.03290450895e-26
8.56517509728	4.26178253964e-26
8.57976653697	3.62057594001e-26
8.59435797666	3.09345742263e-26
8.60894941634	2.64791924297e-26
8.62354085603	2.27300771776e-26
8.63813229572	1.94980096145e-26
8.65272373541	1.69062727161e-26
8.6673151751	1.47765616189e-26
8.68190661479	1.30401460026e-26
8.69649805448	1.16005040314e-26
8.71108949416	1.03992228938e-26
8.72568093385	9.35135238905e-27
8.74027237354	8.43931052281e-27
8.75486381323	7.60903884617e-27
8.76945525292	6.95489861302e-27
8.78404669261	6.39940705089e-27
8.7986381323	5.93348808799e-27
8.81322957199	5.50017382204e-27
8.82782101167	5.12141404294e-27
8.84241245136	4.74088143445e-27
8.85700389105	4.39150783376e-27
8.87159533074	4.02907178252e-27
8.88618677043	3.75834700054e-27
8.90077821012	3.54066167462e-27
8.91536964981	3.36427374942e-27
8.9299610895	3.19840343997e-27
8.94455252918	3.06243146625e-27
8.95914396887	2.91633525001e-27
8.97373540856	2.78296461411e-27
8.98832684825	2.63091145054e-27
9.00291828794	2.52601569209e-27
9.01750972763	2.43270621525e-27
9.03210116732	2.35631705989e-27
9.04669260701	2.27192733065e-27
9.06128404669	2.18968815757e-27
9.07587548638	2.08148167258e-27
9.09046692607	1.9725807682e-27
9.10505836576	1.83439942161e-27
9.11964980545	1.74032783865e-27
9.13424124514	1.65866468006e-27
9.14883268483	1.59448107672e-27
9.16342412452	1.52613938392e-27
9.1780155642	1.46750530157e-27
9.19260700389	1.39104604777e-27
9.20719844358	1.3094078951e-27
9.22178988327	1.21124804441e-27
9.23638132296	1.14607237465e-27
9.25097276265	1.09577886346e-27
9.26556420234	1.06435245357e-27
9.28015564202	1.02580867373e-27
9.29474708171	9.98469890933e-28
9.3093385214	9.67387255512e-28
9.32392996109	9.39276001857e-28
9.33852140078	8.94463470029e-28
9.35311284047	8.74521388528e-28
9.36770428016	8.58531721695e-28
9.38229571985	8.53822498122e-28
9.39688715953	8.40946634612e-28
9.41147859922	8.30769090318e-28
9.42607003891	8.09164620843e-28
9.4406614786	7.86757996044e-28
9.45525291829	7.52039137445e-28
9.46984435798	7.37550408777e-28
9.48443579767	7.32061809682e-28
9.49902723736	7.30458383896e-28
9.51361867704	7.22048957293e-28
9.52821011673	7.22137060157e-28
9.54280155642	7.12597268502e-28
9.55739299611	7.10369007641e-28
9.5719844358	6.94659221349e-28
9.58657587549	6.88507730255e-28
9.60116731518	6.83060940267e-28
9.61575875487	6.82698937983e-28
9.63035019455	6.77137396109e-28
9.64494163424	6.72987494414e-28
9.65953307393	6.56498434454e-28
9.67412451362	6.47071879163e-28
9.68871595331	6.25811734037e-28
9.703307393	6.11332179087e-28
9.71789883269	5.97929317202e-28
9.73249027237	5.84702830573e-28
9.74708171206	5.66991344451e-28
9.76167315175	5.45947074378e-28
9.77626459144	5.13462603449e-28
9.79085603113	4.85549614028e-28
9.80544747082	4.52802443807e-28
9.82003891051	4.29819344576e-28
9.8346303502	4.13835572439e-28
9.84922178988	4.04980422342e-28
9.86381322957	3.91697051043e-28
9.87840466926	3.80990622032e-28
9.89299610895	3.67045050917e-28
9.90758754864	3.57946391726e-28
9.92217898833	3.50174764667e-28
9.93677042802	3.44040479576e-28
9.95136186771	3.34055734002e-28
9.96595330739	3.27973413023e-28
9.98054474708	3.16979899775e-28
9.99513618677	3.06784492532e-28
10.0097276265	2.95414461987e-28
10.0243190661	2.90000542931e-28
10.0389105058	2.86178639806e-28
10.0535019455	2.82622165083e-28
10.0680933852	2.798057402e-28
10.0826848249	2.80438319063e-28
10.0972762646	2.79071006914e-28
10.1118677043	2.74713313463e-28
10.126459144	2.67018409043e-28
10.1410505837	2.69731390956e-28
10.1556420233	2.76096496938e-28
10.170233463	2.79243376681e-28
10.1848249027	2.82247954361e-28
10.1994163424	2.82002366665e-28
10.2140077821	2.77198896335e-28
10.2285992218	2.78462893581e-28
10.2431906615	2.80655511065e-28
10.2577821012	2.87837006894e-28
10.2723735409	2.99053526041e-28
10.2869649805	3.03137555296e-28
10.3015564202	3.05822005431e-28
10.3161478599	3.07081533941e-28
10.3307392996	3.02475805925e-28
10.3453307393	2.93328116056e-28
10.359922179	2.80063460622e-28
10.3745136187	2.71501593035e-28
10.3891050584	2.63280616492e-28
10.4036964981	2.55279391847e-28
10.4182879377	2.48394218246e-28
10.4328793774	2.4605941297e-28
10.4474708171	2.4097341013e-28
10.4620622568	2.36606902472e-28
10.4766536965	2.32552661517e-28
10.4912451362	2.38499225017e-28
10.5058365759	2.48270911559e-28
10.5204280156	2.52268383135e-28
10.5350194553	2.53668215134e-28
10.5496108949	2.57525410256e-28
10.5642023346	2.57727854756e-28
10.5787937743	2.62365362386e-28
10.593385214	2.63031791901e-28
10.6079766537	2.680020099e-28
10.6225680934	2.73711005348e-28
10.6371595331	2.73211007918e-28
10.6517509728	2.70664228717e-28
10.6663424125	2.71984754219e-28
10.6809338521	2.67778266545e-28
10.6955252918	2.62177611188e-28
10.7101167315	2.55933315914e-28
10.7247081712	2.52216665203e-28
10.7392996109	2.43824450583e-28
10.7538910506	2.38332523542e-28
10.7684824903	2.35970012056e-28
10.78307393	2.38830761612e-28
10.7976653697	2.39976533136e-28
10.8122568093	2.42957723053e-28
10.826848249	2.40777601075e-28
10.8414396887	2.44736523268e-28
10.8560311284	2.48279173366e-28
10.8706225681	2.50910571111e-28
10.8852140078	2.54305071013e-28
10.8998054475	2.62703514375e-28
10.9143968872	2.70150684794e-28
10.9289883268	2.81505585193e-28
10.9435797665	2.90037832477e-28
10.9581712062	3.00966825987e-28
10.9727626459	3.13324224191e-28
10.9873540856	3.31309483528e-28
11.0019455253	3.50784683892e-28
11.016536965	3.83768881247e-28
11.0311284047	4.27102958512e-28
11.0457198444	4.90319951224e-28
11.060311284	5.65958662605e-28
11.0749027237	6.67580529992e-28
11.0894941634	7.89672174181e-28
11.1040856031	9.51877760202e-28
11.1186770428	1.16253027751e-27
11.1332684825	1.4446027108e-27
11.1478599222	1.80021514691e-27
11.1624513619	2.26866314524e-27
11.1770428016	2.87590730059e-27
11.1916342412	3.67346162583e-27
11.2062256809	4.7378760692e-27
11.2208171206	6.08888881023e-27
11.2354085603	8.00424805183e-27
11.25	9.76316724372e-27
11.2645914397	8.05862845106e-27
11.2791828794	6.21497967767e-27
11.2937743191	4.91094617352e-27
11.3083657588	3.89335760442e-27
11.3229571984	3.10505349269e-27
11.3375486381	2.53198564094e-27
11.3521400778	2.10835271834e-27
11.3667315175	1.79041537511e-27
11.3813229572	1.54857115136e-27
11.3959143969	1.38068454296e-27
11.4105058366	1.25517382569e-27
11.4250972763	1.16888349104e-27
11.439688716	1.0863328739e-27
11.4542801556	1.0377234204e-27
11.4688715953	1.00627347617e-27
11.483463035	9.91106842544e-28
11.4980544747	9.73615239978e-28
11.5126459144	9.76616249659e-28
11.5272373541	9.65161228334e-28
11.5418287938	9.55581650602e-28
11.5564202335	9.35262906691e-28
11.5710116732	9.31339323099e-28
11.5856031128	9.25423007441e-28
11.6001945525	9.26671198117e-28
11.6147859922	9.22101069094e-28
11.6293774319	9.21084618596e-28
11.6439688716	9.03254550402e-28
11.6585603113	8.78547490333e-28
11.673151751	8.24914614178e-28
11.6877431907	8.03115690927e-28
11.7023346304	7.88694580923e-28
11.71692607	7.84365263967e-28
11.7315175097	7.76602684744e-28
11.7461089494	7.80592471343e-28
11.7607003891	7.83324194679e-28
11.7752918288	8.00042879679e-28
11.7898832685	7.95778775503e-28
11.8044747082	8.11222931373e-28
11.8190661479	8.29917989222e-28
11.8336575876	8.53014320713e-28
11.8482490272	8.70942839397e-28
11.8628404669	9.05344289627e-28
11.8774319066	9.34275202139e-28
11.8920233463	9.60888897622e-28
11.906614786	9.70166519354e-28
11.9212062257	9.87036168573e-28
11.9357976654	9.93864142527e-28
11.9503891051	1.00257591988e-27
11.9649805447	9.94541502581e-28
11.9795719844	9.86930571936e-28
11.9941634241	9.62972191776e-28
12.0087548638	9.35408851975e-28
12.0233463035	8.80788752715e-28
12.0379377432	8.54039267846e-28
12.0525291829	8.30218523725e-28
12.0671206226	8.15551949093e-28
12.0817120623	7.98222645193e-28
12.0963035019	7.94020559301e-28
12.1108949416	7.89882227994e-28
12.1254863813	7.96517689962e-28
12.140077821	7.97318797533e-28
12.1546692607	8.05819901851e-28
12.1692607004	8.1411755612e-28
12.1838521401	8.22622407742e-28
12.1984435798	8.23632091306e-28
12.2130350195	8.30413074022e-28
12.2276264591	8.33906093883e-28
12.2422178988	8.40399944052e-28
12.2568093385	8.40395736819e-28
12.2714007782	8.50588438195e-28
12.2859922179	8.54477124106e-28
12.3005836576	8.71999289609e-28
12.3151750973	8.7841375832e-28
12.329766537	8.88746327964e-28
12.3443579767	9.00890050989e-28
12.3589494163	9.1274719237e-28
12.373540856	9.15535805047e-28
12.3881322957	9.32626068642e-28
12.4027237354	9.47737137564e-28
12.4173151751	9.63853778917e-28
12.4319066148	9.72543763289e-28
12.4464980545	9.91445078941e-28
12.4610894942	1.01423238259e-27
12.4756809339	1.05158438703e-27
12.4902723735	1.09153878854e-27
12.5048638132	1.13015749615e-27
12.5194552529	1.15749972406e-27
12.5340466926	1.18072653831e-27
12.5486381323	1.18709952322e-27
12.563229572	1.19612486955e-27
12.5778210117	1.19546104956e-27
12.5924124514	1.19312079951e-27
12.6070038911	1.17829411013e-27
12.6215953307	1.16789855994e-27
12.6361867704	1.15665850498e-27
12.6507782101	1.14794943857e-27
12.6653696498	1.13687310625e-27
12.6799610895	1.13952227683e-27
12.6945525292	1.15516732905e-27
12.7091439689	1.18126993632e-27
12.7237354086	1.2159861912e-27
12.7383268483	1.24466075099e-27
12.7529182879	1.25852894349e-27
12.7675097276	1.26664404576e-27
12.7821011673	1.2734524493e-27
12.796692607	1.28242325058e-27
12.8112840467	1.29460033253e-27
12.8258754864	1.32337569146e-27
12.8404669261	1.35155675274e-27
12.8550583658	1.36796048347e-27
12.8696498054	1.37891736321e-27
12.8842412451	1.38405467644e-27
12.8988326848	1.38457780744e-27
12.9134241245	1.39671432336e-27
12.9280155642	1.41101847985e-27
12.9426070039	1.43229274291e-27
12.9571984436	1.4521619171e-27
12.9717898833	1.45808107607e-27
12.986381323	1.45615746835e-27
13.0009727626	1.44974886471e-27
13.0155642023	1.43913362127e-27
13.030155642	1.43469999837e-27
13.0447470817	1.43488366635e-27
13.0593385214	1.44847858006e-27
13.0739299611	1.4753426181e-27
13.0885214008	1.48619134086e-27
13.1031128405	1.48417269307e-27
13.1177042802	1.47584635217e-27
13.1322957198	1.46259554429e-27
13.1468871595	1.45279148938e-27
13.1614785992	1.45547110558e-27
13.1760700389	1.47458266508e-27
13.1906614786	1.49477637615e-27
13.2052529183	1.49789155782e-27
13.219844358	1.50218593885e-27
13.2344357977	1.49184777653e-27
13.2490272374	1.47108106738e-27
13.263618677	1.45985382655e-27
13.2782101167	1.45244615221e-27
13.2928015564	1.44835478347e-27
13.3073929961	1.45789421993e-27
13.3219844358	1.45908461479e-27
13.3365758755	1.4558044836e-27
13.3511673152	1.43562304166e-27
13.3657587549	1.42201668289e-27
13.3803501946	1.40939465108e-27
13.3949416342	1.40207823104e-27
13.4095330739	1.4199631442e-27
13.4241245136	1.45484913324e-27
13.4387159533	1.45838334023e-27
13.453307393	1.46349562224e-27
13.4678988327	1.46247476651e-27
13.4824902724	1.45976335211e-27
13.4970817121	1.44355762413e-27
13.5116731518	1.43648130688e-27
13.5262645914	1.44070904817e-27
13.5408560311	1.45535968954e-27
13.5554474708	1.4550302311e-27
13.5700389105	1.45980243019e-27
13.5846303502	1.44916273672e-27
13.5992217899	1.43074855869e-27
13.6138132296	1.41990616685e-27
13.6284046693	1.42109757958e-27
13.642996109	1.42127605276e-27
13.6575875486	1.45794882114e-27
13.6721789883	1.46788560436e-27
13.686770428	1.46824332171e-27
13.7013618677	1.46520549841e-27
13.7159533074	1.47068104603e-27
13.7305447471	1.46256915434e-27
13.7451361868	1.45951524967e-27
13.7597276265	1.47054588479e-27
13.7743190661	1.50566238604e-27
13.7889105058	1.50185340985e-27
13.8035019455	1.5023087341e-27
13.8180933852	1.48519062509e-27
13.8326848249	1.46460652137e-27
13.8472762646	1.44769107074e-27
13.8618677043	1.4463924349e-27
13.876459144	1.44041192586e-27
13.8910505837	1.45203960948e-27
13.9056420233	1.44337726228e-27
13.920233463	1.43563930482e-27
13.9348249027	1.412825584e-27
13.9494163424	1.40129387618e-27
13.9640077821	1.39171002347e-27
13.9785992218	1.39260332654e-27
13.9931906615	1.39051063394e-27
14.0077821012	1.42335514708e-27
14.0223735409	1.42343854037e-27
14.0369649805	1.40983204781e-27
14.0515564202	1.38813269812e-27
14.0661478599	1.37611190852e-27
14.0807392996	1.35102660888e-27
14.0953307393	1.34689100952e-27
14.109922179	1.35623365035e-27
14.1245136187	1.38796486871e-27
14.1391050584	1.37649981083e-27
14.1536964981	1.37054362423e-27
14.1682879377	1.34776654634e-27
14.1828793774	1.32659092085e-27
14.1974708171	1.30357333179e-27
14.2120622568	1.29449700067e-27
14.2266536965	1.28776790206e-27
14.2412451362	1.3218834443e-27
14.2558365759	1.32902899673e-27
14.2704280156	1.33130261058e-27
14.2850194553	1.30792182795e-27
14.2996108949	1.29653984032e-27
14.3142023346	1.27599396043e-27
14.3287937743	1.26584802362e-27
14.343385214	1.26902480945e-27
14.3579766537	1.30822802755e-27
14.3725680934	1.30614649706e-27
14.3871595331	1.28879485237e-27
14.4017509728	1.26247230978e-27
14.4163424125	1.2442461525e-27
14.4309338521	1.21121736625e-27
14.4455252918	1.19861623413e-27
14.4601167315	1.19242021139e-27
14.4747081712	1.21227360504e-27
14.4892996109	1.21064279591e-27
14.5038910506	1.21437400522e-27
14.5184824903	1.19937603939e-27
14.53307393	1.18626629039e-27
14.5476653697	1.17063091337e-27
14.5622568093	1.16271188904e-27
14.576848249	1.15204684303e-27
14.5914396887	1.18686563505e-27
14.6060311284	1.19246884441e-27
14.6206225681	1.19146035648e-27
14.6352140078	1.16189644534e-27
14.6498054475	1.14115217892e-27
14.6643968872	1.11406660805e-27
14.6789883268	1.09291010578e-27
14.6935797665	1.07516573414e-27
14.7081712062	1.08934484758e-27
14.7227626459	1.07416249804e-27
14.7373540856	1.06399616291e-27
14.7519455253	1.03700379865e-27
14.766536965	1.01869245692e-27
14.7811284047	9.77164126093e-28
14.7957198444	9.51485871893e-28
14.810311284	9.24644946183e-28
14.8249027237	9.11429505402e-28
14.8394941634	8.72942347001e-28
14.8540856031	8.32783013159e-28
14.8686770428	7.76687800931e-28
14.8832684825	7.38819329959e-28
14.8978599222	7.04758977409e-28
14.9124513619	6.88564614903e-28
14.9270428016	6.96980879969e-28
14.9416342412	7.85787636385e-28
14.9562256809	9.46971082472e-28
14.9708171206	1.23700052214e-27
14.9854085603	1.81926985977e-27
15.0	2.45120893977e-27
