-14.9854085603	1.92227812967e-27
-14.9708171206	1.10868118401e-27
-14.9562256809	6.528216007e-28
-14.9416342412	3.68114756973e-28
-14.9270428016	2.08549584903e-28
-14.9124513619	1.2149614318e-28
-14.8978599222	8.01457678138e-29
-14.8832684825	6.36225627175e-29
-14.8686770428	6.57215975041e-29
-14.8540856031	7.22585588758e-29
-14.8394941634	8.34249745685e-29
-14.8249027237	8.61377215992e-29
-14.810311284	9.84690872634e-29
-14.7957198444	1.07931758273e-28
-14.7811284047	1.2193293422e-28
-14.766536965	1.31369309796e-28
-14.7519455253	1.41033629212e-28
-14.7373540856	1.47521048678e-28
-14.7227626459	1.49758741363e-28
-14.7081712062	1.38384655997e-28
-14.6935797665	1.40631403315e-28
-14.6789883268	1.42857940838e-28
-14.6643968872	1.51083944224e-28
-14.6498054475	1.55362327079e-28
-14.6352140078	1.63581572117e-28
-14.6206225681	1.64496938967e-28
-14.6060311284	1.63865970879e-28
-14.5914396887	1.51850584326e-28
-14.576848249	1.51527167328e-28
-14.5622568093	1.50898065654e-28
-14.5476653696	1.59363911428e-28
-14.53307393	1.61482966798e-28
-14.5184824903	1.66964817686e-28
-14.5038910506	1.68717682977e-28
-14.4892996109	1.69405049721e-28
-14.4747081712	1.57383588362e-28
-14.4601167315	1.5718734461e-28
-14.4455252918	1.56827515804e-28
-14.4309338521	1.63910229017e-28
-14.4163424125	1.65359698267e-28
-14.4017509728	1.70680492472e-28
-14.3871595331	1.70353608506e-28
-14.3725680934	1.70065290852e-28
-14.3579766537	1.546510939e-28
-14.343385214	1.52073713265e-28
-14.3287937743	1.50885065645e-28
-14.3142023346	1.57130893269e-28
-14.2996108949	1.59243417471e-28
-14.2850194553	1.66779062673e-28
-14.2704280156	1.67902585756e-28
-14.2558365759	1.67960194447e-28
-14.2412451362	1.54291177462e-28
-14.2266536965	1.53450272278e-28
-14.2120622568	1.51982449618e-28
-14.1974708171	1.58078188761e-28
-14.1828793774	1.60631807337e-28
-14.1682879377	1.67233761051e-28
-14.1536964981	1.67733745454e-28
-14.1391050584	1.68160037771e-28
-14.1245136187	1.55636110385e-28
-14.109922179	1.5512587524e-28
-14.0953307393	1.543796712e-28
-14.0807392996	1.60848465992e-28
-14.0661478599	1.63319197554e-28
-14.0515564202	1.69667210885e-28
-14.0369649805	1.68897800226e-28
-14.0223735409	1.68324376881e-28
-14.0077821012	1.54406457638e-28
-13.9931906615	1.52568440771e-28
-13.9785992218	1.51110890102e-28
-13.9640077821	1.55540322736e-28
-13.9494163424	1.58551114356e-28
-13.9348249027	1.64992222623e-28
-13.920233463	1.65844378414e-28
-13.9056420233	1.67411001592e-28
-13.8910505837	1.56787581911e-28
-13.876459144	1.57652299838e-28
-13.8618677043	1.61782921314e-28
-13.8472762646	1.70279663471e-28
-13.8326848249	1.74804231168e-28
-13.8180933852	1.83346197662e-28
-13.8035019455	1.88239245315e-28
-13.7889105058	1.93062584705e-28
-13.7743190661	1.90167770783e-28
-13.7597276265	1.93854289278e-28
-13.7451361868	1.99279309146e-28
-13.7305447471	2.07529979217e-28
-13.7159533074	2.13027735097e-28
-13.7013618677	2.18752572068e-28
-13.686770428	2.18891928308e-28
-13.6721789883	2.1709787961e-28
-13.6575875486	2.0059951001e-28
-13.6429961089	1.93508940584e-28
-13.6284046693	1.87541177593e-28
-13.6138132296	1.83406416378e-28
-13.5992217899	1.80274200101e-28
-13.5846303502	1.80078419442e-28
-13.5700389105	1.74451340488e-28
-13.5554474708	1.69737522767e-28
-13.5408560311	1.56254416253e-28
-13.5262645914	1.51183114591e-28
-13.5116731518	1.51235079664e-28
-13.4970817121	1.52256543304e-28
-13.4824902724	1.55788360358e-28
-13.4678988327	1.61337066765e-28
-13.453307393	1.64068226786e-28
-13.4387159533	1.68867074619e-28
-13.4241245136	1.692156082e-28
-13.4095330739	1.74006198593e-28
-13.3949416342	1.79334408318e-28
-13.3803501946	1.83579932204e-28
-13.3657587549	1.89319479542e-28
-13.3511673152	1.9591092194e-28
-13.3365758755	2.01775904803e-28
-13.3219844358	2.07683871451e-28
-13.3073929961	2.07002879616e-28
-13.2928015564	2.11159635899e-28
-13.2782101167	2.17528675467e-28
-13.263618677	2.21936064912e-28
-13.2490272374	2.31236830161e-28
-13.2344357977	2.40140246726e-28
-13.219844358	2.46684521171e-28
-13.2052529183	2.5780326385e-28
-13.1906614786	2.7062212608e-28
-13.1760700389	2.81794201817e-28
-13.1614785992	2.93649843097e-28
-13.1468871595	3.03868361442e-28
-13.1322957198	3.13575857697e-28
-13.1177042802	3.22715571958e-28
-13.1031128405	3.28285713311e-28
-13.0885214008	3.32964229484e-28
-13.0739299611	3.41194815726e-28
-13.0593385214	3.49716972186e-28
-13.0447470817	3.5851336864e-28
-13.030155642	3.6162107709e-28
-13.0155642023	3.71526292618e-28
-13.0009727626	3.78989342933e-28
-12.986381323	3.87545105798e-28
-12.9717898833	3.98564986086e-28
-12.9571984436	4.09491301844e-28
-12.9426070039	4.1517330324e-28
-12.9280155642	4.27185764284e-28
-12.9134241245	4.29398338822e-28
-12.8988326848	4.3586275584e-28
-12.8842412451	4.42600225169e-28
-12.8696498054	4.48933947682e-28
-12.8550583658	4.58717424749e-28
-12.8404669261	4.72496996193e-28
-12.8258754864	4.80102840002e-28
-12.8112840467	4.89569399628e-28
-12.796692607	4.89702002614e-28
-12.7821011673	4.92213036242e-28
-12.7675097276	4.85734857671e-28
-12.7529182879	4.82859754389e-28
-12.7383268482	4.80606703129e-28
-12.7237354086	4.76283408772e-28
-12.7091439689	4.67372041055e-28
-12.6945525292	4.63379234316e-28
-12.6799610895	4.53114261637e-28
-12.6653696498	4.50202696049e-28
-12.6507782101	4.49198653781e-28
-12.6361867704	4.46869565678e-28
-12.6215953307	4.47713733327e-28
-12.6070038911	4.53176425489e-28
-12.5924124514	4.49052989338e-28
-12.5778210117	4.49235082113e-28
-12.563229572	4.40679752475e-28
-12.5486381323	4.4129272915e-28
-12.5340466926	4.4317163106e-28
-12.5194552529	4.50168428061e-28
-12.5048638132	4.62477601294e-28
-12.4902723735	4.89228306343e-28
-12.4756809339	5.05973902084e-28
-12.4610894942	5.20591604822e-28
-12.4464980545	5.20778476961e-28
-12.4319066148	5.24199823001e-28
-12.4173151751	5.18071328087e-28
-12.4027237354	5.11137486941e-28
-12.3881322957	5.04771969099e-28
-12.373540856	5.06763603943e-28
-12.3589494163	4.99652162324e-28
-12.3443579767	4.96855112788e-28
-12.329766537	4.83035598135e-28
-12.3151750973	4.78112668843e-28
-12.3005836576	4.67348291534e-28
-12.2859922179	4.63817552187e-28
-12.2714007782	4.67739436886e-28
-12.2568093385	4.86638363065e-28
-12.2422178988	4.91517481017e-28
-12.2276264591	5.0032781693e-28
-12.2130350195	4.92431542818e-28
-12.1984435798	4.924068764e-28
-12.1838521401	4.88864647736e-28
-12.1692607004	4.88487375013e-28
-12.1546692607	4.89920072153e-28
-12.140077821	5.06797439875e-28
-12.1254863813	5.0465503662e-28
-12.1108949416	5.02776338163e-28
-12.0963035019	4.86697749674e-28
-12.0817120623	4.79163030357e-28
-12.0671206226	4.71239125956e-28
-12.0525291829	4.73232046884e-28
-12.0379377432	4.76033224495e-28
-12.0233463035	4.95718184514e-28
-12.0087548638	5.00250684129e-28
-11.9941634241	5.070376794e-28
-11.9795719844	4.99826886566e-28
-11.9649805447	5.03232833861e-28
-11.9503891051	5.01694418206e-28
-11.9357976654	5.10931395815e-28
-11.9212062257	5.33119472985e-28
-11.906614786	5.76608107583e-28
-11.8920233463	5.9410009256e-28
-11.8774319066	6.06138877421e-28
-11.8628404669	5.92873386637e-28
-11.8482490272	5.82219191621e-28
-11.8336575875	5.6938059625e-28
-11.8190661479	5.61566638028e-28
-11.8044747082	5.55539019508e-28
-11.7898832685	5.67659437336e-28
-11.7752918288	5.5684989199e-28
-11.7607003891	5.43810071252e-28
-11.7461089494	5.17467254156e-28
-11.7315175097	5.03973436971e-28
-11.71692607	4.90999438439e-28
-11.7023346304	4.88251174585e-28
-11.6877431907	4.82131267192e-28
-11.673151751	4.94093247991e-28
-11.6585603113	4.92423864125e-28
-11.6439688716	4.88268222866e-28
-11.6293774319	4.71086238078e-28
-11.6147859922	4.62204677257e-28
-11.6001945525	4.52637824691e-28
-11.5856031128	4.60615635457e-28
-11.5710116732	4.78514375262e-28
-11.5564202335	5.16939748321e-28
-11.5418287938	5.25936589109e-28
-11.5272373541	5.3927475545e-28
-11.5126459144	5.3765959971e-28
-11.4980544747	5.3730816386e-28
-11.483463035	5.41280125806e-28
-11.4688715953	5.53664595325e-28
-11.4542801556	5.7712131511e-28
-11.439688716	6.26353929361e-28
-11.4250972763	6.61492125423e-28
-11.4105058366	7.11519378243e-28
-11.3959143969	7.7555182881e-28
-11.3813229572	8.87725254247e-28
-11.3667315175	1.0471338735e-27
-11.3521400778	1.2832886489e-27
-11.3375486381	1.60215429193e-27
-11.3229571984	2.04970924843e-27
-11.3083657588	2.6541895365e-27
-11.2937743191	3.52651866658e-27
-11.2791828794	4.69233305811e-27
-11.2645914397	6.46067949201e-27
-11.25	8.11314128082e-27
-11.2354085603	6.42104020489e-27
-11.2208171206	4.64074564468e-27
-11.2062256809	3.44471342606e-27
-11.1916342412	2.52858744856e-27
-11.1770428016	1.87077777141e-27
-11.1624513619	1.38096476284e-27
-11.1478599222	1.02807407961e-27
-11.1332684825	7.6360246458e-28
-11.1186770428	5.68472848281e-28
-11.1040856031	4.30508359237e-28
-11.0894941634	3.25655710568e-28
-11.0749027237	2.60737881446e-28
-11.060311284	2.20480211944e-28
-11.0457198444	2.00732028479e-28
-11.0311284047	1.9040561678e-28
-11.016536965	1.9042613816e-28
-11.0019455253	1.88092678035e-28
-10.9873540856	1.90951214215e-28
-10.9727626459	1.79796715239e-28
-10.9581712062	1.8248170648e-28
-10.9435797665	1.9066951449e-28
-10.9289883268	2.08908650867e-28
-10.9143968872	2.2057859667e-28
-10.8998054475	2.36094345177e-28
-10.8852140078	2.44960728734e-28
-10.8706225681	2.47858627284e-28
-10.8560311284	2.32070042928e-28
-10.8414396887	2.35178797617e-28
-10.826848249	2.38305531715e-28
-10.8122568093	2.53287156078e-28
-10.7976653696	2.62573096417e-28
-10.78307393	2.72670909219e-28
-10.7684824903	2.74368875061e-28
-10.7538910506	2.74654222081e-28
-10.7392996109	2.58865925663e-28
-10.7247081712	2.62569945226e-28
-10.7101167315	2.66335244604e-28
-10.6955252918	2.81425408463e-28
-10.6809338521	2.91278336075e-28
-10.6663424125	3.02975242602e-28
-10.6517509728	3.05151490495e-28
-10.6371595331	3.05420105105e-28
-10.6225680934	2.89590304321e-28
-10.6079766537	2.9000851405e-28
-10.593385214	2.91940472779e-28
-10.5787937743	3.06053613139e-28
-10.5642023346	3.14236312408e-28
-10.5496108949	3.26180632894e-28
-10.5350194553	3.3055099106e-28
-10.5204280156	3.30834434078e-28
-10.5058365759	3.14604993245e-28
-10.4912451362	3.17078891909e-28
-10.4766536965	3.19249991162e-28
-10.4620622568	3.32708620322e-28
-10.4474708171	3.39962851328e-28
-10.4328793774	3.50104850374e-28
-10.4182879377	3.49706163909e-28
-10.4036964981	3.44202338259e-28
-10.3891050584	3.20535615545e-28
-10.3745136187	3.16552805665e-28
-10.359922179	3.14647145227e-28
-10.3453307393	3.2363809356e-28
-10.3307392996	3.28324322018e-28
-10.3161478599	3.35337444326e-28
-10.3015564202	3.32846835868e-28
-10.2869649805	3.26043281931e-28
-10.2723735409	3.03211674633e-28
-10.2577821012	2.96231315323e-28
-10.2431906615	2.91189513214e-28
-10.2285992218	2.97088022487e-28
-10.2140077821	2.97260766963e-28
-10.1994163424	3.01602125729e-28
-10.1848249027	2.97291570146e-28
-10.170233463	2.8926793234e-28
-10.1556420233	2.68421346094e-28
-10.1410505837	2.61234488895e-28
-10.126459144	2.55729069991e-28
-10.1118677043	2.61996066003e-28
-10.0972762646	2.63623727601e-28
-10.0826848249	2.64873570748e-28
-10.0680933852	2.59077861987e-28
-10.0535019455	2.51609853836e-28
-10.0389105058	2.27740810525e-28
-10.0243190661	2.17249346798e-28
-10.0097276265	2.09167694542e-28
-9.99513618677	2.10657858325e-28
-9.98054474708	2.08879000682e-28
-9.96595330739	2.08656310495e-28
-9.9513618677	2.02596232776e-28
-9.93677042802	1.95894527049e-28
-9.92217898833	1.81134561123e-28
-9.90758754864	1.7478759554e-28
-9.89299610895	1.69249619557e-28
-9.87840466926	1.68973206607e-28
-9.86381322957	1.65714234809e-28
-9.84922178988	1.65659083843e-28
-9.83463035019	1.62035399572e-28
-9.82003891051	1.58180231135e-28
-9.80544747082	1.48932233013e-28
-9.79085603113	1.46538723578e-28
-9.77626459144	1.46293762245e-28
-9.76167315175	1.51580117499e-28
-9.74708171206	1.55686063141e-28
-9.73249027237	1.58747822297e-28
-9.71789883268	1.62210865301e-28
-9.703307393	1.68116368364e-28
-9.68871595331	1.76232648171e-28
-9.67412451362	1.8479287692e-28
-9.65953307393	1.92352335783e-28
-9.64494163424	2.01335863019e-28
-9.63035019455	2.12371706355e-28
-9.61575875486	2.2016692882e-28
-9.60116731517	2.28988167078e-28
-9.58657587549	2.44522502182e-28
-9.5719844358	2.66761860665e-28
-9.55739299611	2.83199519386e-28
-9.54280155642	2.99760346629e-28
-9.52821011673	3.1411405176e-28
-9.51361867704	3.32516899356e-28
-9.49902723735	3.53268520126e-28
-9.48443579767	3.79528506493e-28
-9.46984435798	4.11342852775e-28
-9.45525291829	4.61677818551e-28
-9.4406614786	5.04655681589e-28
-9.42607003891	5.54858846912e-28
-9.41147859922	6.13929682163e-28
-9.39688715953	6.92423610603e-28
-9.38229571984	7.77300305192e-28
-9.36770428016	8.94494267891e-28
-9.35311284047	1.04667440488e-27
-9.33852140078	1.25373423973e-27
-9.32392996109	1.48079915848e-27
-9.3093385214	1.74257468832e-27
-9.29474708171	2.04206288669e-27
-9.28015564202	2.42690297253e-27
-9.26556420233	2.88546158253e-27
-9.25097276265	3.46364093445e-27
-9.23638132296	4.20316461035e-27
-9.22178988327	5.14422141632e-27
-9.20719844358	6.24055500452e-27
-9.19260700389	7.59081364098e-27
-9.1780155642	9.24966371568e-27
-9.16342412451	1.13364933465e-26
-9.14883268482	1.39126732943e-26
-9.13424124514	1.71910315087e-26
-9.11964980545	2.13249510278e-26
-9.10505836576	2.66296507387e-26
-9.09046692607	3.31578632237e-26
-9.07587548638	4.12976856712e-26
-9.06128404669	5.14169641804e-26
-9.046692607	6.4205345099e-26
-9.03210116731	8.02067881002e-26
-9.01750972763	1.00450370769e-25
-9.00291828794	1.25936011535e-25
-8.98832684825	1.58309936913e-25
-8.97373540856	1.98559056672e-25
-8.95914396887	2.4906586324e-25
-8.94455252918	3.12425269907e-25
-8.92996108949	3.92180783112e-25
-8.91536964981	4.92480026711e-25
-8.90077821012	6.19152533909e-25
-8.88618677043	7.78542326883e-25
-8.87159533074	9.79812547445e-25
-8.85700389105	1.23218333634e-24
-8.84241245136	1.5494299519e-24
-8.82782101167	1.94806995845e-24
-8.81322957198	2.44944835178e-24
-8.7986381323	3.07924229731e-24
-8.78404669261	3.8722305663e-24
-8.76945525292	4.86932453191e-24
-8.75486381323	6.12325092906e-24
-8.74027237354	7.69570387038e-24
-8.72568093385	9.67020951062e-24
-8.71108949416	1.21472928275e-23
-8.69649805447	1.5256493549e-23
-8.68190661479	1.91547435037e-23
-8.6673151751	2.4044927062e-23
-8.65272373541	3.01757883922e-23
-8.63813229572	3.7859594197e-23
-8.62354085603	4.74776785915e-23
-8.60894941634	5.95214028934e-23
-8.59435797665	7.459130152e-23
-8.57976653696	9.34463380187e-23
-8.56517509728	1.17023380411e-22
-8.55058365759	1.46498412216e-22
-8.5359922179	1.83325187018e-22
-8.52140077821	2.2932647019e-22
-8.50680933852	2.8672960565e-22
-8.49221789883	3.58344952226e-22
-8.47762645914	4.47646351625e-22
-8.46303501945	5.58965798123e-22
-8.44844357977	6.97654925645e-22
-8.43385214008	8.70388957434e-22
-8.41926070039	1.08540527596e-21
-8.4046692607	1.35295053671e-21
-8.39007782101	1.68566195606e-21
-8.37548638132	2.09925494357e-21
-8.36089494163	2.61312432711e-21
-8.34630350195	3.25134074219e-21
-8.33171206226	4.04357436031e-21
-8.31712062257	5.02659608387e-21
-8.30252918288	6.24572127791e-21
-8.28793774319	7.7569733208e-21
-8.2733463035	9.62927814315e-21
-8.25875486381	1.19479252161e-20
-8.24416342412	1.48178709135e-20
-8.22957198444	1.83686380156e-20
-8.21498054475	2.27595537893e-20
-8.20038910506	2.81869225406e-20
-8.18579766537	3.48920900145e-20
-8.17120622568	4.31720553066e-20
-8.15661478599	5.33913936169e-20
-8.1420233463	6.59985612976e-20
-8.12743190661	8.15438797898e-20
-8.11284046693	1.00703026281e-19
-8.09824902724	1.24304638144e-19
-8.08365758755	1.53365279863e-19
-8.06906614786	1.89129881778e-19
-8.05447470817	2.33123933435e-19
-8.03988326848	2.87213829651e-19
-8.02529182879	3.53684691165e-19
-8.0107003891	4.35330586644e-19
-7.99610894942	5.35568164151e-19
-7.98151750973	6.58570991452e-19
-7.96692607004	8.09436862151e-19
-7.95233463035	9.94386659712e-19
-7.93774319066	1.22101085996e-18
-7.92315175097	1.49856218233e-18
-7.90856031128	1.83832187631e-18
-7.89396887159	2.25402948287e-18
-7.87937743191	2.76241551839e-18
-7.86478599222	3.38383824733e-18
-7.85019455253	4.14306211965e-18
-7.83560311284	5.07019144579e-18
-7.82101167315	6.20180660599e-18
-7.80642023346	7.58232878046e-18
-7.79182879377	9.26568678712e-18
-7.77723735409	1.1317308218e-17
-7.7626459144	1.38165339364e-17
-7.74805447471	1.68595233453e-17
-7.73346303502	2.05627772129e-17
-7.71887159533	2.50673436057e-17
-7.70428015564	3.05439259862e-17
-7.68968871595	3.71989844892e-17
-7.67509727626	4.52821394958e-17
-7.66050583658	5.50950164125e-17
-7.64591439689	6.70019071331e-17
-7.6313229572	8.14425446654e-17
-7.61673151751	9.89474800614e-17
-7.60214007782	1.20156491162e-16
-7.58754863813	1.45840691131e-16
-7.57295719844	1.76928989369e-16
-7.55836575875	2.14539858095e-16
-7.54377431907	2.60019290725e-16
-7.52918287938	3.14986260901e-16
-7.51459143969	3.81387125366e-16
-7.5	4.61560376342e-16
-7.48540856031	5.58313842156e-16
-7.47081712062	6.75019455855e-16
-7.45622568093	8.15722019077e-16
-7.44163424124	9.85271475254e-16
-7.42704280156	1.18948047807e-15
-7.41245136187	1.435311821e-15
-7.39785992218	1.73110173437e-15
-7.38326848249	2.08682568201e-15
-7.3686770428	2.5144144198e-15
-7.35408560311	3.02812996806e-15
-7.33949416342	3.6450120947e-15
-7.32490272373	4.38540909263e-15
-7.31031128405	5.27360728374e-15
-7.29571984436	6.33857824775e-15
-7.28112840467	7.61486444168e-15
-7.26653696498	9.14362929843e-15
-7.25194552529	1.09739003668e-14
-7.2373540856	1.31640414635e-14
-7.22276264591	1.57834937428e-14
-7.20817120623	1.89148358037e-14
-7.19357976654	2.26562169458e-14
-7.17898832685	2.71242322983e-14
-7.16439688716	3.24573162903e-14
-7.14980544747	3.88197474727e-14
-7.13521400778	4.64063700516e-14
-7.12062256809	5.54481597265e-14
-7.1060311284	6.62187783832e-14
-7.09143968872	7.90422928338e-14
-7.07684824903	9.4302254991e-14
-7.06225680934	1.12452380763e-13
-7.04766536965	1.34029099939e-13
-7.03307392996	1.59666300001e-13
-7.01848249027	1.90112632197e-13
-7.00389105058	2.26251820123e-13
-6.98929961089	2.69126471583e-13
-6.97470817121	3.19965991156e-13
-6.96011673152	3.80219270501e-13
-6.94552529183	4.51592962108e-13
-6.93093385214	5.36096256131e-13
-6.91634241245	6.36093245734e-13
-6.90175097276	7.54364120076e-13
-6.88715953307	8.94176645128e-13
-6.87256809338	1.05936959841e-12
-6.8579766537	1.25445012536e-12
-6.84338521401	1.4847072445e-12
-6.82879377432	1.7563441302e-12
-6.81420233463	2.07663217266e-12
-6.79961089494	2.45409031254e-12
-6.78501945525	2.89869365815e-12
-6.77042801556	3.42211604596e-12
-6.75583657588	4.03801187977e-12
-6.74124513619	4.76234345352e-12
-6.7266536965	5.61376083312e-12
-6.71206225681	6.6140425172e-12
-6.69747081712	7.78860626802e-12
-6.68287937743	9.16710098153e-12
-6.66828793774	1.07840920006e-11
-6.65369649805	1.26798541984e-11
-6.63910505837	1.49012891937e-11
-6.62451361868	1.75029855752e-11
-6.60992217899	2.05484435949e-11
-6.5953307393	2.41114891063e-11
-6.58073929961	2.8277904937e-11
-6.56614785992	3.31473120799e-11
-6.55155642023	3.88353375837e-11
-6.53696498054	4.54761114062e-11
-6.52237354086	5.32251403281e-11
-6.50778210117	6.22626140157e-11
-6.49319066148	7.27972057243e-11
-6.47859922179	8.5070439159e-11
-6.4640077821	9.93617026375e-11
-6.44941634241	1.15994003148e-10
-6.43482490272	1.35340565237e-10
-6.42023346303	1.5783239434e-10
-6.40564202335	1.83966939933e-10
-6.39105058366	2.14318012611e-10
-6.37645914397	2.49547129214e-10
-6.36186770428	2.90416483878e-10
-6.34727626459	3.37803768473e-10
-6.3326848249	3.9271909594e-10
-6.31809338521	4.56324312358e-10
-6.30350194552	5.29955021381e-10
-6.28891050584	6.15145685806e-10
-6.27431906615	7.13658218636e-10
-6.25972762646	8.27514527315e-10
-6.24513618677	9.59033534792e-10
-6.23054474708	1.11087326567e-09
-6.21595330739	1.28607866043e-09
-6.2013618677	1.48813586169e-09
-6.18677042802	1.72103380916e-09
-6.17217898833	1.98933408148e-09
-6.15758754864	2.29825003852e-09
-6.14299610895	2.65373644249e-09
-6.12840466926	3.06259088022e-09
-6.11381322957	3.53256846374e-09
-6.09922178988	4.07251146302e-09
-6.08463035019	4.69249571613e-09
-6.07003891051	5.4039958795e-09
-6.05544747082	6.22007181592e-09
-6.04085603113	7.15557868533e-09
-6.02626459144	8.22740358977e-09
-6.01167315175	9.45473195073e-09
-5.99708171206	1.08593471481e-08
-5.98249027237	1.24659673453e-08
-5.96789883268	1.4302623854e-08
-5.953307393	1.64010858682e-08
-5.93871595331	1.87973369191e-08
-5.92412451362	2.15321089784e-08
-5.90953307393	2.46514807619e-08
-5.89494163424	2.82075474828e-08
-5.88035019455	3.22591700516e-08
-5.86575875486	3.68728125559e-08
-5.85116731517	4.21234777472e-08
-5.83657587549	4.80957512572e-08
-5.8219844358	5.48849663328e-08
-5.80739299611	6.25985020622e-08
-5.79280155642	7.13572293238e-08
-5.77821011673	8.12971200893e-08
-5.76361867704	9.2571037205e-08
-5.74902723735	1.05350723413e-07
-5.73443579766	1.19829010129e-07
-5.71984435798	1.36222268415e-07
-5.70525291829	1.54773126626e-07
-5.6906614786	1.7575348146e-07
-5.67607003891	1.99467831502e-07
-5.66147859922	2.26256964952e-07
-5.64688715953	2.56502035987e-07
-5.63229571984	2.90629067161e-07
-5.61770428016	3.29113918437e-07
-5.60311284047	3.72487766844e-07
-5.58852140078	4.21343144341e-07
-5.57392996109	4.7634058541e-07
-5.5593385214	5.38215939902e-07
-5.54474708171	6.07788411137e-07
-5.53015564202	6.85969383802e-07
-5.51556420233	7.73772111134e-07
-5.50097276265	8.72322336023e-07
-5.48638132296	9.82869926132e-07
-5.47178988327	1.10680160884e-06
-5.45719844358	1.24565489784e-06
-5.44260700389	1.40113330952e-06
-5.4280155642	1.57512297378e-06
-5.41342412451	1.76971075073e-06
-5.39883268482	1.98720397204e-06
-5.38424124514	2.23015193267e-06
-5.36964980545	2.50136926659e-06
-5.35505836576	2.80396134769e-06
-5.34046692607	3.14135186521e-06
-5.32587548638	3.51731273086e-06
-5.31128404669	3.93599648329e-06
-5.296692607	4.40197136375e-06
-5.28210116731	4.92025924511e-06
-5.26750972763	5.49637660463e-06
-5.25291828794	6.13637873936e-06
-5.23832684825	6.84690743061e-06
-5.22373540856	7.63524227239e-06
-5.20914396887	8.50935588546e-06
-5.19455252918	9.47797324634e-06
-5.17996108949	1.05506353668e-05
-5.1653696498	1.17377675654e-05
-5.15077821012	1.30507525776e-05
-5.13618677043	1.45020087551e-05
-5.12159533074	1.61050736095e-05
-5.10700389105	1.78746929545e-05
-5.09241245136	1.98269159049e-05
-5.07782101167	2.1979195987e-05
-5.06322957198	2.43504986135e-05
-5.0486381323	2.69614151724e-05
-5.03404669261	2.98342839684e-05
-5.01945525292	3.29933182532e-05
-5.00486381323	3.64647415616e-05
-4.99027237354	4.02769305621e-05
-4.97568093385	4.4460565609e-05
-4.96108949416	4.90487891641e-05
-4.94649805447	5.40773722317e-05
-4.93190661479	5.95848889203e-05
-4.9173151751	6.56128992164e-05
-4.90272373541	7.22061400144e-05
-4.88813229572	7.94127244096e-05
-4.87354085603	8.7284349215e-05
-4.85894941634	9.58765106098e-05
-4.84435797665	0.000105248727776
-4.82976653696	0.000115464774318
-4.81517509728	0.000126592917188
-4.80058365759	0.000138706162784
-4.7859922179	0.000151882509795
-4.77140077821	0.000166205208288
-4.75680933852	0.000181763024464
-4.74221789883	0.000198650510388
-4.72762645914	0.000216968277923
-4.71303501945	0.000236823275987
-4.69844357977	0.000258329070149
-4.68385214008	0.000281606123471
-4.66926070039	0.000306782077373
-4.6546692607	0.000333992031225
-4.64007782101	0.000363378819178
-4.62548638132	0.000395093282718
-4.61089494163	0.00042929453722
-4.59630350194	0.00046615023071
-4.58171206226	0.000505836792926
-4.56712062257	0.000548539672616
-4.55252918288	0.000594453560934
-4.53793774319	0.000643782598687
-4.5233463035	0.000696740565063
-4.50875486381	0.000753551045409
-4.49416342412	0.000814447575532
-4.47957198444	0.000879673759935
-4.46498054475	0.000949483361346
-4.45038910506	0.00102414035885
-4.43579766537	0.00110391897197
-4.42120622568	0.0011891036479
-4.40661478599	0.00127998900933
-4.3920233463	0.00137687976019
-4.37743190661	0.00148009054664
-4.36284046693	0.00158994577106
-4.34824902724	0.00170677935647
-4.33365758755	0.00183093445933
-4.31906614786	0.00196276312864
-4.30447470817	0.00210262590958
-4.28988326848	0.00225089139005
-4.27529182879	0.00240793568901
-4.2607003891	0.00257414188532
-4.24610894942	0.00274989938683
-4.23151750973	0.00293560323906
-4.21692607004	0.00313165337385
-4.20233463035	0.00333845379832
-4.18774319066	0.00355641172522
-4.17315175097	0.00378593664595
-4.15856031128	0.00402743934835
-4.14396887159	0.00428133088135
-4.12937743191	0.00454802146965
-4.11478599222	0.00482791938154
-4.10019455253	0.00512142975392
-4.08560311284	0.00542895337881
-4.07101167315	0.00575088545615
-4.05642023346	0.00608761431829
-4.04182879377	0.00643952013183
-4.02723735408	0.00680697358302
-4.0126459144	0.00719033455327
-3.99805447471	0.00758995079149
-3.98346303502	0.00800615659063
-3.96887159533	0.00843927147565
-3.95428015564	0.0088895989105
-3.93968871595	0.00935742503191
-3.92509727626	0.00984301741753
-3.91050583658	0.0103466238964
-3.89591439689	0.0108684714091
-3.8813229572	0.0114087649254
-3.86673151751	0.0119676864264
-3.85214007782	0.0125453939584
-3.83754863813	0.0131420207645
-3.82295719844	0.0137576745013
-3.80836575875	0.0143924365453
-3.79377431907	0.0150463613941
-3.77918287938	0.0157194761682
-3.76459143969	0.0164117802156
-3.75	0.0171232448235
-3.73540856031	0.0178538130395
-3.72081712062	0.0186033996032
-3.70622568093	0.0193718909896
-3.69163424124	0.0201591455649
-3.67704280156	0.0209649938531
-3.66245136187	0.0217892389122
-3.64785992218	0.0226316568182
-3.63326848249	0.0234919972535
-3.6186770428	0.0243699841959
-3.60408560311	0.025265316704
-3.58949416342	0.0261776697941
-3.57490272373	0.0271066954026
-3.56031128405	0.0280520234282
-3.54571984436	0.0290132628467
-3.53112840467	0.029990002892
-3.51653696498	0.0309818142962
-3.50194552529	0.0319882505797
-3.4873540856	0.0330088493853
-3.47276264591	0.0340431338478
-3.45817120623	0.0350906139902
-3.44357976654	0.0361507881407
-3.42898832685	0.0372231443599
-3.41439688716	0.0383071618733
-3.39980544747	0.0394023124996
-3.38521400778	0.0405080620686
-3.37062256809	0.0416238718216
-3.3560311284	0.0427491997875
-3.34143968872	0.0438835021293
-3.32684824903	0.0450262344541
-3.31225680934	0.0461768530824
-3.29766536965	0.0473348162718
-3.28307392996	0.0484995853898
-3.26848249027	0.0496706260341
-3.25389105058	0.0508474090946
-3.23929961089	0.0520294117565
-3.22470817121	0.0532161184414
-3.21011673152	0.0544070216842
-3.19552529183	0.0556016229459
-3.18093385214	0.0567994333604
-3.16634241245	0.0579999744151
-3.15175097276	0.0592027785661
-3.13715953307	0.060407389788
-3.12256809338	0.0616133640586
-3.1079766537	0.0628202697813
-3.09338521401	0.0640276881443
-3.07879377432	0.0652352134213
-3.06420233463	0.0664424532129
-3.04961089494	0.0676490286326
-3.03501945525	0.0688545744395
-3.02042801556	0.0700587391198
-3.00583657587	0.0712611849203
-2.99124513619	0.0724615878366
-2.9766536965	0.0736596375581
-2.96206225681	0.0748550373738
-2.94747081712	0.0760475040413
-2.93287937743	0.0772367676211
-2.91828793774	0.0784225712811
-2.90369649805	0.0796046710716
-2.88910505837	0.0807828356758
-2.87451361868	0.0819568461371
-2.85992217899	0.0831264955665
-2.8453307393	0.0842915888326
-2.83073929961	0.0854519422361
-2.81614785992	0.0866073831721
-2.80155642023	0.0877577497816
-2.78696498054	0.0889028905948
-2.77237354086	0.0900426641676
-2.75778210117	0.0911769387141
-2.74319066148	0.0923055917357
-2.72859922179	0.09342850965
-2.7140077821	0.0945455874188
-2.69941634241	0.0956567281786
-2.68482490272	0.0967618428738
-2.67023346303	0.0978608498944
-2.65564202335	0.0989536747179
-2.64105058366	0.100040249558
-2.62645914397	0.10112051302
-2.61186770428	0.102194409765
-2.59727626459	0.103261890177
-2.5826848249	0.104322910047
-2.56809338521	0.105377430262
-2.55350194552	0.106425416501
-2.53891050584	0.107466838942
-2.52431906615	0.108501671987
-2.50972762646	0.109529893984
-2.49513618677	0.110551486971
-2.48054474708	0.111566436421
-2.46595330739	0.112574731006
-2.4513618677	0.113576362364
-2.43677042801	0.114571324881
-2.42217898833	0.115559615485
-2.40758754864	0.116541233439
-2.39299610895	0.117516180158
-2.37840466926	0.118484459028
-2.36381322957	0.119446075234
-2.34922178988	0.1204010356
-2.33463035019	0.121349348438
-2.32003891051	0.122291023401
-2.30544747082	0.123226071351
-2.29085603113	0.124154504231
-2.27626459144	0.125076334947
-2.26167315175	0.125991577252
-2.24708171206	0.126900245648
-2.23249027237	0.127802355284
-2.21789883268	0.128697921865
-2.203307393	0.129586961569
-2.18871595331	0.13046949097
-2.17412451362	0.131345526961
-2.15953307393	0.132215086689
-2.14494163424	0.133078187495
-2.13035019455	0.133934846853
-2.11575875486	0.134785082319
-2.10116731517	0.135628911484
-2.08657587549	0.136466351928
-2.0719844358	0.137297421183
-2.05739299611	0.138122136692
-2.04280155642	0.138940515781
-2.02821011673	0.139752575626
-2.01361867704	0.140558333228
-1.99902723735	0.141357805389
-1.98443579766	0.14215100869
-1.96984435798	0.142937959475
-1.95525291829	0.143718673829
-1.9406614786	0.144493167572
-1.92607003891	0.145261456241
-1.91147859922	0.146023555079
-1.89688715953	0.146779479033
-1.88229571984	0.147529242737
-1.86770428015	0.148272860516
-1.85311284047	0.149010346377
-1.83852140078	0.149741714005
-1.82392996109	0.150466976764
-1.8093385214	0.151186147692
-1.79474708171	0.151899239508
-1.78015564202	0.152606264603
-1.76556420233	0.153307235052
-1.75097276265	0.154002162606
-1.73638132296	0.154691058705
-1.72178988327	0.155373934472
-1.70719844358	0.156050800724
-1.69260700389	0.156721667972
-1.6780155642	0.157386546426
-1.66342412451	0.158045446005
-1.64883268482	0.158698376333
-1.63424124514	0.159345346753
-1.61964980545	0.159986366329
-1.60505836576	0.160621443852
-1.59046692607	0.161250587846
-1.57587548638	0.161873806573
-1.56128404669	0.162491108044
-1.546692607	0.163102500017
-1.53210116731	0.163707990011
-1.51750972763	0.164307585309
-1.50291828794	0.164901292962
-1.48832684825	0.165489119798
-1.47373540856	0.16607107243
-1.45914396887	0.166647157258
-1.44455252918	0.167217380474
-1.42996108949	0.167781748076
-1.4153696498	0.168340265864
-1.40077821012	0.168892939452
-1.38618677043	0.169439774272
-1.37159533074	0.169980775579
-1.35700389105	0.170515948456
-1.34241245136	0.171045297822
-1.32782101167	0.171568828435
-1.31322957198	0.172086544896
-1.29863813229	0.172598451657
-1.28404669261	0.173104553024
-1.26945525292	0.173604853161
-1.25486381323	0.174099356097
-1.24027237354	0.174588065728
-1.22568093385	0.175070985822
-1.21108949416	0.175548120026
-1.19649805447	0.176019471865
-1.18190661479	0.17648504475
-1.1673151751	0.17694484198
-1.15272373541	0.177398866746
-1.13813229572	0.177847122135
-1.12354085603	0.178289611135
-1.10894941634	0.178726336632
-1.09435797665	0.179157301424
-1.07976653696	0.179582508213
-1.06517509728	0.180001959616
-1.05058365759	0.180415658164
-1.0359922179	0.180823606305
-1.02140077821	0.18122580641
-1.00680933852	0.181622260772
-0.992217898832	0.182012971609
-0.977626459143	0.182397941068
-0.963035019454	0.182777171227
-0.948443579766	0.183150664097
-0.933852140077	0.183518421623
-0.919260700388	0.183880445688
-0.9046692607	0.184236738116
-0.890077821011	0.184587300668
-0.875486381322	0.184932135052
-0.860894941633	0.18527124292
-0.846303501945	0.18560462587
-0.831712062256	0.185932285449
-0.817120622567	0.186254223154
-0.802529182879	0.186570440433
-0.78793774319	0.186880938689
-0.773346303501	0.187185719276
-0.758754863812	0.187484783508
-0.744163424124	0.187778132653
-0.729571984435	0.188065767939
-0.714980544746	0.188347690555
-0.700389105058	0.188623901648
-0.685797665369	0.18889440233
-0.67120622568	0.189159193673
-0.656614785991	0.189418276717
-0.642023346303	0.189671652464
-0.627431906614	0.189919321884
-0.612840466925	0.190161285914
-0.598249027237	0.190397545457
-0.583657587548	0.190628101388
-0.569066147859	0.19085295455
-0.55447470817	0.191072105756
-0.539883268482	0.19128555579
-0.525291828793	0.19149330541
-0.510700389104	0.191695355344
-0.496108949416	0.191891706296
-0.481517509727	0.192082358941
-0.466926070038	0.19226731393
-0.452334630349	0.19244657189
-0.437743190661	0.192620133421
-0.423151750972	0.192787999102
-0.408560311283	0.192950169486
-0.393968871594	0.193106645105
-0.379377431906	0.193257426469
-0.364785992217	0.193402514063
-0.350194552528	0.193541908353
-0.33560311284	0.193675609784
-0.321011673151	0.193803618779
-0.306420233462	0.193925935741
-0.291828793773	0.194042561052
-0.277237354085	0.194153495076
-0.262645914396	0.194258738155
-0.248054474707	0.194358290615
-0.233463035019	0.19445215276
-0.21887159533	0.194540324877
-0.204280155641	0.194622807234
-0.189688715952	0.194699600081
-0.175097276264	0.194770703649
-0.160505836575	0.194836118151
-0.145914396886	0.194895843786
-0.131322957198	0.194949880729
-0.116731517509	0.194998229144
-0.10214007782	0.195040889172
-0.0875486381314	0.195077860942
-0.0729571984427	0.195109144563
-0.058365758754	0.195134740126
-0.0437743190653	0.195154647709
-0.0291828793766	0.195168867368
-0.0145914396879	0.195177399148
8.5975671027e-13	0.195180243071
0.0145914396896	0.195177399148
0.0291828793783	0.195168867368
0.043774319067	0.195154647709
0.0583657587557	0.195134740126
0.0729571984444	0.195109144563
0.0875486381332	0.195077860942
0.102140077822	0.195040889172
0.116731517511	0.194998229144
0.131322957199	0.194949880729
0.145914396888	0.194895843786
0.160505836577	0.194836118151
0.175097276265	0.194770703649
0.189688715954	0.194699600081
0.204280155643	0.194622807234
0.218871595332	0.194540324877
0.23346303502	0.19445215276
0.248054474709	0.194358290615
0.262645914398	0.194258738155
0.277237354086	0.194153495076
0.291828793775	0.194042561052
0.306420233464	0.193925935741
0.321011673153	0.193803618779
0.335603112841	0.193675609784
0.35019455253	0.193541908353
0.364785992219	0.193402514063
0.379377431907	0.193257426469
0.393968871596	0.193106645105
0.408560311285	0.192950169486
0.423151750974	0.192787999102
0.437743190662	0.192620133421
0.452334630351	0.19244657189
0.46692607004	0.19226731393
0.481517509729	0.192082358941
0.496108949417	0.191891706296
0.510700389106	0.191695355344
0.525291828795	0.19149330541
0.539883268483	0.19128555579
0.554474708172	0.191072105756
0.569066147861	0.19085295455
0.58365758755	0.190628101388
0.598249027238	0.190397545457
0.612840466927	0.190161285914
0.627431906616	0.189919321884
0.642023346304	0.189671652464
0.656614785993	0.189418276717
0.671206225682	0.189159193673
0.685797665371	0.18889440233
0.700389105059	0.188623901648
0.714980544748	0.188347690555
0.729571984437	0.188065767939
0.744163424125	0.187778132653
0.758754863814	0.187484783508
0.773346303503	0.187185719276
0.787937743192	0.186880938689
0.80252918288	0.186570440433
0.817120622569	0.186254223154
0.831712062258	0.185932285449
0.846303501946	0.18560462587
0.860894941635	0.18527124292
0.875486381324	0.184932135052
0.890077821013	0.184587300668
0.904669260701	0.184236738116
0.91926070039	0.183880445688
0.933852140079	0.183518421623
0.948443579767	0.183150664097
0.963035019456	0.182777171227
0.977626459145	0.182397941068
0.992217898834	0.182012971609
1.00680933852	0.181622260772
1.02140077821	0.18122580641
1.0359922179	0.180823606305
1.05058365759	0.180415658164
1.06517509728	0.180001959616
1.07976653697	0.179582508213
1.09435797665	0.179157301424
1.10894941634	0.178726336632
1.12354085603	0.178289611135
1.13813229572	0.177847122135
1.15272373541	0.177398866746
1.1673151751	0.17694484198
1.18190661479	0.17648504475
1.19649805448	0.176019471865
1.21108949416	0.175548120026
1.22568093385	0.175070985822
1.24027237354	0.174588065728
1.25486381323	0.174099356097
1.26945525292	0.173604853161
1.28404669261	0.173104553024
1.2986381323	0.172598451657
1.31322957199	0.172086544896
1.32782101167	0.171568828435
1.34241245136	0.171045297822
1.35700389105	0.170515948456
1.37159533074	0.169980775579
1.38618677043	0.169439774272
1.40077821012	0.168892939452
1.41536964981	0.168340265864
1.4299610895	0.167781748076
1.44455252918	0.167217380474
1.45914396887	0.166647157258
1.47373540856	0.16607107243
1.48832684825	0.165489119798
1.50291828794	0.164901292962
1.51750972763	0.164307585309
1.53210116732	0.163707990011
1.546692607	0.163102500017
1.56128404669	0.162491108044
1.57587548638	0.161873806573
1.59046692607	0.161250587846
1.60505836576	0.160621443852
1.61964980545	0.159986366329
1.63424124514	0.159345346753
1.64883268483	0.158698376333
1.66342412451	0.158045446005
1.6780155642	0.157386546426
1.69260700389	0.156721667972
1.70719844358	0.156050800724
1.72178988327	0.155373934472
1.73638132296	0.154691058705
1.75097276265	0.154002162606
1.76556420234	0.153307235052
1.78015564202	0.152606264603
1.79474708171	0.151899239508
1.8093385214	0.151186147692
1.82392996109	0.150466976764
1.83852140078	0.149741714005
1.85311284047	0.149010346377
1.86770428016	0.148272860517
1.88229571985	0.147529242737
1.89688715953	0.146779479033
1.91147859922	0.14602355508
1.92607003891	0.145261456241
1.9406614786	0.144493167572
1.95525291829	0.143718673829
1.96984435798	0.142937959475
1.98443579767	0.142151008691
1.99902723736	0.141357805389
2.01361867704	0.140558333228
2.02821011673	0.139752575626
2.04280155642	0.138940515781
2.05739299611	0.138122136692
2.0719844358	0.137297421183
2.08657587549	0.136466351928
2.10116731518	0.135628911484
2.11575875486	0.134785082319
2.13035019455	0.133934846853
2.14494163424	0.133078187495
2.15953307393	0.132215086689
2.17412451362	0.131345526961
2.18871595331	0.13046949097
2.203307393	0.129586961569
2.21789883269	0.128697921865
2.23249027237	0.127802355284
2.24708171206	0.126900245649
2.26167315175	0.125991577252
2.27626459144	0.125076334947
2.29085603113	0.124154504231
2.30544747082	0.123226071351
2.32003891051	0.122291023401
2.3346303502	0.121349348438
2.34922178988	0.120401035601
2.36381322957	0.119446075234
2.37840466926	0.118484459028
2.39299610895	0.117516180158
2.40758754864	0.116541233439
2.42217898833	0.115559615485
2.43677042802	0.114571324882
2.45136186771	0.113576362364
2.46595330739	0.112574731006
2.48054474708	0.111566436421
2.49513618677	0.110551486971
2.50972762646	0.109529893985
2.52431906615	0.108501671987
2.53891050584	0.107466838942
2.55350194553	0.106425416501
2.56809338522	0.105377430263
2.5826848249	0.104322910047
2.59727626459	0.103261890177
2.61186770428	0.102194409765
2.62645914397	0.10112051302
2.64105058366	0.100040249558
2.65564202335	0.0989536747181
2.67023346304	0.0978608498946
2.68482490272	0.0967618428741
2.69941634241	0.0956567281788
2.7140077821	0.094545587419
2.72859922179	0.0934285096503
2.74319066148	0.092305591736
2.75778210117	0.0911769387143
2.77237354086	0.0900426641679
2.78696498055	0.0889028905951
2.80155642023	0.0877577497819
2.81614785992	0.0866073831723
2.83073929961	0.0854519422363
2.8453307393	0.0842915888329
2.85992217899	0.0831264955668
2.87451361868	0.0819568461374
2.88910505837	0.0807828356761
2.90369649806	0.0796046710719
2.91828793774	0.0784225712814
2.93287937743	0.0772367676214
2.94747081712	0.0760475040416
2.96206225681	0.0748550373741
2.9766536965	0.0736596375584
2.99124513619	0.0724615878369
3.00583657588	0.0712611849206
3.02042801557	0.0700587391201
3.03501945525	0.0688545744398
3.04961089494	0.067649028633
3.06420233463	0.0664424532133
3.07879377432	0.0652352134217
3.09338521401	0.0640276881446
3.1079766537	0.0628202697816
3.12256809339	0.061613364059
3.13715953307	0.0604073897883
3.15175097276	0.0592027785665
3.16634241245	0.0579999744154
3.18093385214	0.0567994333607
3.19552529183	0.0556016229463
3.21011673152	0.0544070216845
3.22470817121	0.0532161184418
3.2392996109	0.0520294117569
3.25389105058	0.050847409095
3.26848249027	0.0496706260345
3.28307392996	0.0484995853902
3.29766536965	0.0473348162722
3.31225680934	0.0461768530828
3.32684824903	0.0450262344545
3.34143968872	0.0438835021297
3.35603112841	0.0427491997879
3.37062256809	0.041623871822
3.38521400778	0.040508062069
3.39980544747	0.0394023125
3.41439688716	0.0383071618737
3.42898832685	0.0372231443603
3.44357976654	0.0361507881411
3.45817120623	0.0350906139906
3.47276264592	0.0340431338482
3.4873540856	0.0330088493857
3.50194552529	0.0319882505801
3.51653696498	0.0309818142966
3.53112840467	0.0299900028924
3.54571984436	0.029013262847
3.56031128405	0.0280520234286
3.57490272374	0.027106695403
3.58949416343	0.0261776697945
3.60408560311	0.0252653167044
3.6186770428	0.0243699841963
3.63326848249	0.0234919972539
3.64785992218	0.0226316568186
3.66245136187	0.0217892389125
3.67704280156	0.0209649938534
3.69163424125	0.0201591455652
3.70622568093	0.0193718909899
3.72081712062	0.0186033996035
3.73540856031	0.0178538130399
3.75	0.0171232448239
3.76459143969	0.0164117802159
3.77918287938	0.0157194761686
3.79377431907	0.0150463613945
3.80836575876	0.0143924365456
3.82295719844	0.0137576745016
3.83754863813	0.0131420207648
3.85214007782	0.0125453939587
3.86673151751	0.0119676864267
3.8813229572	0.0114087649257
3.89591439689	0.0108684714094
3.91050583658	0.0103466238966
3.92509727627	0.00984301741778
3.93968871595	0.00935742503215
3.95428015564	0.00888959891074
3.96887159533	0.00843927147588
3.98346303502	0.00800615659085
3.99805447471	0.0075899507917
4.0126459144	0.00719033455348
4.02723735409	0.00680697358322
4.04182879378	0.00643952013202
4.05642023346	0.00608761431848
4.07101167315	0.00575088545633
4.08560311284	0.00542895337899
4.10019455253	0.00512142975409
4.11478599222	0.0048279193817
4.12937743191	0.00454802146981
4.1439688716	0.0042813308815
4.15856031129	0.00402743934849
4.17315175097	0.00378593664609
4.18774319066	0.00355641172535
4.20233463035	0.00333845379845
4.21692607004	0.00313165337397
4.23151750973	0.00293560323918
4.24610894942	0.00274989938694
4.26070038911	0.00257414188543
4.27529182879	0.00240793568911
4.28988326848	0.00225089139015
4.30447470817	0.00210262590967
4.31906614786	0.00196276312873
4.33365758755	0.00183093445941
4.34824902724	0.00170677935655
4.36284046693	0.00158994577113
4.37743190662	0.00148009054671
4.3920233463	0.00137687976026
4.40661478599	0.0012799890094
4.42120622568	0.00118910364796
4.43579766537	0.00110391897203
4.45038910506	0.00102414035891
4.46498054475	0.000949483361398
4.47957198444	0.000879673759984
4.49416342413	0.000814447575578
4.50875486381	0.000753551045453
4.5233463035	0.000696740565104
4.53793774319	0.000643782598726
4.55252918288	0.000594453560971
4.56712062257	0.00054853967265
4.58171206226	0.000505836792959
4.59630350195	0.00046615023074
4.61089494164	0.000429294537248
4.62548638132	0.000395093282745
4.64007782101	0.000363378819203
4.6546692607	0.000333992031248
4.66926070039	0.000306782077395
4.68385214008	0.000281606123491
4.69844357977	0.000258329070169
4.71303501946	0.000236823276005
4.72762645915	0.00021696827794
4.74221789883	0.000198650510404
4.75680933852	0.000181763024478
4.77140077821	0.000166205208301
4.7859922179	0.000151882509807
4.80058365759	0.000138706162796
4.81517509728	0.000126592917199
4.82976653697	0.000115464774328
4.84435797665	0.000105248727786
4.85894941634	9.58765106186e-05
4.87354085603	8.72843492232e-05
4.88813229572	7.94127244172e-05
4.90272373541	7.22061400213e-05
4.9173151751	6.56128992229e-05
4.93190661479	5.95848889263e-05
4.94649805448	5.40773722373e-05
4.96108949416	4.90487891693e-05
4.97568093385	4.44605656137e-05
4.99027237354	4.02769305665e-05
5.00486381323	3.64647415657e-05
5.01945525292	3.2993318257e-05
5.03404669261	2.98342839719e-05
5.0486381323	2.69614151756e-05
5.06322957199	2.43504986165e-05
5.07782101167	2.19791959897e-05
5.09241245136	1.98269159075e-05
5.10700389105	1.78746929569e-05
5.12159533074	1.61050736117e-05
5.13618677043	1.45020087571e-05
5.15077821012	1.30507525794e-05
5.16536964981	1.17377675671e-05
5.1799610895	1.05506353683e-05
5.19455252918	9.47797324772e-06
5.20914396887	8.50935588672e-06
5.22373540856	7.63524227355e-06
5.23832684825	6.84690743167e-06
5.25291828794	6.13637874031e-06
5.26750972763	5.49637660551e-06
5.28210116732	4.92025924591e-06
5.29669260701	4.40197136448e-06
5.31128404669	3.93599648395e-06
5.32587548638	3.51731273147e-06
5.34046692607	3.14135186577e-06
5.35505836576	2.8039613482e-06
5.36964980545	2.50136926705e-06
5.38424124514	2.23015193309e-06
5.39883268483	1.98720397242e-06
5.41342412451	1.76971075108e-06
5.4280155642	1.5751229741e-06
5.44260700389	1.40113330982e-06
5.45719844358	1.24565489811e-06
5.47178988327	1.10680160908e-06
5.48638132296	9.82869926354e-07
5.50097276265	8.72322336227e-07
5.51556420234	7.73772111321e-07
5.53015564202	6.85969383972e-07
5.54474708171	6.07788411291e-07
5.5593385214	5.38215940042e-07
5.57392996109	4.76340585536e-07
5.58852140078	4.21343144455e-07
5.60311284047	3.72487766944e-07
5.61770428016	3.29113918529e-07
5.63229571985	2.90629067243e-07
5.64688715953	2.56502036062e-07
5.66147859922	2.26256965019e-07
5.67607003891	1.99467831562e-07
5.6906614786	1.75753481514e-07
5.70525291829	1.54773126674e-07
5.71984435798	1.36222268457e-07
5.73443579767	1.19829010168e-07
5.74902723736	1.05350723448e-07
5.76361867704	9.25710372362e-08
5.77821011673	8.1297120117e-08
5.79280155642	7.13572293487e-08
5.80739299611	6.25985020845e-08
5.8219844358	5.48849663528e-08
5.83657587549	4.80957512748e-08
5.85116731518	4.21234777633e-08
5.86575875487	3.68728125704e-08
5.88035019455	3.22591700648e-08
5.89494163424	2.82075474945e-08
5.90953307393	2.46514807723e-08
5.92412451362	2.15321089875e-08
5.93871595331	1.87973369272e-08
5.953307393	1.64010858751e-08
5.96789883269	1.43026238601e-08
5.98249027237	1.24659673506e-08
5.99708171206	1.08593471527e-08
6.01167315175	9.45473195479e-09
6.02626459144	8.22740359332e-09
6.04085603113	7.15557868834e-09
6.05544747082	6.2200718185e-09
6.07003891051	5.40399588162e-09
6.0846303502	4.69249571804e-09
6.09922178988	4.07251146467e-09
6.11381322957	3.53256846518e-09
6.12840466926	3.06259088144e-09
6.14299610895	2.65373644357e-09
6.15758754864	2.29825003942e-09
6.17217898833	1.98933408226e-09
6.18677042802	1.72103380977e-09
6.20136186771	1.48813586227e-09
6.21595330739	1.28607866096e-09
6.23054474708	1.11087326614e-09
6.24513618677	9.59033535201e-10
6.25972762646	8.27514527691e-10
6.27431906615	7.13658218962e-10
6.28891050584	6.15145686103e-10
6.30350194553	5.29955021626e-10
6.31809338522	4.5632431262e-10
6.3326848249	3.92719096187e-10
6.34727626459	3.37803768706e-10
6.36186770428	2.9041648408e-10
6.37645914397	2.49547129398e-10
6.39105058366	2.14318012756e-10
6.40564202335	1.83966940048e-10
6.42023346304	1.57832394408e-10
6.43482490272	1.35340565297e-10
6.44941634241	1.15994003188e-10
6.4640077821	9.93617026648e-11
6.47859922179	8.50704391681e-11
6.49319066148	7.279720572e-11
6.50778210117	6.22626139928e-11
6.52237354086	5.32251402929e-11
6.53696498055	4.54761113513e-11
6.55155642023	3.88353375287e-11
6.56614785992	3.31473120219e-11
6.58073929961	2.8277904881e-11
6.5953307393	2.41114890523e-11
6.60992217899	2.05484435467e-11
6.62451361868	1.75029855303e-11
6.63910505837	1.49012891553e-11
6.65369649806	1.26798541635e-11
6.66828793774	1.07840919777e-11
6.68287937743	9.16710096533e-12
6.69747081712	7.78860625843e-12
6.71206225681	6.61404251144e-12
6.7266536965	5.6137608315e-12
6.74124513619	4.76234345316e-12
6.75583657588	4.03801188088e-12
6.77042801557	3.4221160464e-12
6.78501945525	2.89869366257e-12
6.79961089494	2.45409031862e-12
6.81420233463	2.07663218009e-12
6.82879377432	1.75634413815e-12
6.84338521401	1.48470725345e-12
6.8579766537	1.25445013407e-12
6.87256809339	1.05936960726e-12
6.88715953308	8.94176652684e-13
6.90175097276	7.54364128733e-13
6.91634241245	6.36093254597e-13
6.93093385214	5.36096265216e-13
6.94552529183	4.51592970587e-13
6.96011673152	3.80219278666e-13
6.97470817121	3.19965998396e-13
6.9892996109	2.6912647822e-13
7.00389105058	2.2625182564e-13
7.01848249027	1.90112637709e-13
7.03307392996	1.59666304959e-13
7.04766536965	1.34029104321e-13
7.06225680934	1.12452384479e-13
7.07684824903	9.43022582484e-14
7.09143968872	7.90422954908e-14
7.10603112841	6.62187805519e-14
7.12062256809	5.54481611772e-14
7.13521400778	4.64063713455e-14
7.14980544747	3.88197485113e-14
7.16439688716	3.24573172052e-14
7.17898832685	2.71242331016e-14
7.19357976654	2.26562178068e-14
7.20817120623	1.89148366691e-14
7.22276264592	1.57834947141e-14
7.2373540856	1.3164042444e-14
7.25194552529	1.09739015811e-14
7.26653696498	9.14363056273e-15
7.28112840467	7.61486572988e-15
7.29571984436	6.33857945017e-15
7.31031128405	5.2736084239e-15
7.32490272374	4.38541011131e-15
7.33949416343	3.64501301952e-15
7.35408560311	3.02813073539e-15
7.3686770428	2.51441516374e-15
7.38326848249	2.08682637743e-15
7.39785992218	1.73110240292e-15
7.41245136187	1.43531243821e-15
7.42704280156	1.18948106674e-15
7.44163424125	9.85272025052e-16
7.45622568094	8.15722556952e-16
7.47081712062	6.7501996448e-16
7.48540856031	5.58314375618e-16
7.5	4.61560900828e-16
7.51459143969	3.81387618857e-16
7.52918287938	3.14986705934e-16
7.54377431907	2.60019697136e-16
7.55836575876	2.14540215e-16
7.57295719844	1.76929309139e-16
7.58754863813	1.45840965376e-16
7.60214007782	1.20156745408e-16
7.61673151751	9.89477093063e-17
7.6313229572	8.14427547525e-17
7.64591439689	6.7002096908e-17
7.66050583658	5.50951898145e-17
7.67509727627	4.52822936797e-17
7.68968871595	3.71991260637e-17
7.70428015564	3.05440532483e-17
7.71887159533	2.50674683476e-17
7.73346303502	2.05628943054e-17
7.74805447471	1.68596323129e-17
7.7626459144	1.38166321795e-17
7.77723735409	1.13173969492e-17
7.79182879378	9.26576419472e-18
7.80642023346	7.58239705012e-18
7.82101167315	6.2018640853e-18
7.83560311284	5.07024447841e-18
7.85019455253	4.14311063796e-18
7.86478599222	3.3838834782e-18
7.87937743191	2.76245683804e-18
7.8939688716	2.25406793011e-18
7.90856031129	1.83835698445e-18
7.92315175097	1.49859495818e-18
7.93774319066	1.2210407732e-18
7.95233463035	9.94416057276e-19
7.96692607004	8.09464929931e-19
7.98151750973	6.58597790068e-19
7.99610894942	5.35592971659e-19
8.01070038911	4.35353540859e-19
8.0252918288	3.53705303665e-19
8.03988326848	2.87232525164e-19
8.05447470817	2.3314038177e-19
8.06906614786	1.89145201673e-19
8.08365758755	1.53379219418e-19
8.09824902724	1.24317360536e-19
8.11284046693	1.00714365917e-19
8.12743190662	8.15540062543e-20
8.1420233463	6.60073207193e-20
8.15661478599	5.33989761642e-20
8.17120622568	4.31783499629e-20
8.18579766537	3.48976487378e-20
8.20038910506	2.81918054757e-20
8.21498054475	2.27639201947e-20
8.22957198444	1.83724966817e-20
8.24416342413	1.48213317444e-20
8.25875486381	1.19509633678e-20
8.2733463035	9.6320206664e-21
8.28793774319	7.7593891432e-21
8.30252918288	6.2479919964e-21
8.31712062257	5.02866191601e-21
8.33171206226	4.04545575216e-21
8.34630350195	3.25301703888e-21
8.36089494164	2.61461434051e-21
8.37548638132	2.10053436908e-21
8.39007782101	1.68677208746e-21
8.4046692607	1.35386869284e-21
8.41926070039	1.08621706901e-21
8.43385214008	8.71097391409e-22
8.44844357977	6.98288112491e-22
8.46303501946	5.59528098949e-22
8.47762645915	4.48156293474e-22
8.49221789883	3.5879412128e-22
8.50680933852	2.87137551471e-22
8.52140077821	2.29689522739e-22
8.5359922179	1.83671083157e-22
8.55058365759	1.46818503349e-22
8.56517509728	1.17319950097e-22
8.57976653697	9.37125419954e-23
8.59435797666	7.48290919693e-23
8.60894941634	5.97254541957e-23
8.62354085603	4.7652510796e-23
8.63813229572	3.80027984117e-23
8.65272373541	3.03015002973e-23
8.6673151751	2.41538573275e-23
8.68190661479	1.92501440769e-23
8.69649805448	1.53389467205e-23
8.71108949416	1.22203481609e-23
8.72568093385	9.73311993765e-24
8.74027237354	7.75125774389e-24
8.75486381323	6.17044319296e-24
8.76945525292	4.9131712401e-24
8.78404669261	3.91195209723e-24
8.7986381323	3.11553711113e-24
8.81322957199	2.48150119705e-24
8.82782101167	1.97682774267e-24
8.84241245136	1.57436261259e-24
8.85700389105	1.25419586434e-24
8.87159533074	9.98434742412e-25
8.88618677043	7.95643953461e-25
8.90077821012	6.34499346873e-25
8.91536964981	5.06634987087e-25
8.9299610895	4.04818635911e-25
8.94455252918	3.2375966023e-25
8.95914396887	2.59026662809e-25
8.97373540856	2.07545114051e-25
8.98832684825	1.66175429293e-25
9.00291828794	1.3348336809e-25
9.01750972763	1.07373121671e-25
9.03210116732	8.66549561981e-26
9.04669260701	7.00354313509e-26
9.06128404669	5.67057870883e-26
9.07587548638	4.59124368778e-26
9.09046692607	3.72305098456e-26
9.10505836576	3.0089205181e-26
9.11964980545	2.45059017682e-26
9.13424124514	2.00171026353e-26
9.14883268483	1.64569038843e-26
9.16342412452	1.35740096039e-26
9.1780155642	1.1250682803e-26
9.19260700389	9.30572953269e-27
9.20719844358	7.73582027436e-27
9.22178988327	6.39038229944e-27
9.23638132296	5.34138733506e-27
9.25097276265	4.48842430317e-27
9.26556420234	3.82660371845e-27
9.28015564202	3.27193725717e-27
9.29474708171	2.81859237549e-27
9.3093385214	2.42747015496e-27
9.32392996109	2.10274318237e-27
9.33852140078	1.79217251448e-27
9.35311284047	1.57511190277e-27
9.36770428016	1.39032488434e-27
9.38229571985	1.25326910976e-27
9.39688715953	1.13077085701e-27
9.41147859922	1.0262335961e-27
9.42607003891	9.23611762882e-28
9.4406614786	8.42287353301e-28
9.45525291829	7.4794838081e-28
9.46984435798	6.84654117117e-28
9.48443579767	6.35201339408e-28
9.49902723736	6.01881665701e-28
9.51361867704	5.67245221543e-28
9.52821011673	5.39860625016e-28
9.54280155642	5.08669298781e-28
9.55739299611	4.87413472674e-28
9.5719844358	4.52621318066e-28
9.58657587549	4.30448564696e-28
9.60116731518	4.09936886811e-28
9.61575875487	4.01641711669e-28
9.63035019455	3.92468293479e-28
9.64494163424	3.81379036381e-28
9.65953307393	3.64585846884e-28
9.67412451362	3.53724013791e-28
9.68871595331	3.33227141891e-28
9.703307393	3.21232023993e-28
9.71789883269	3.09189589356e-28
9.73249027237	3.01582769107e-28
9.74708171206	2.94356655188e-28
9.76167315175	2.82924610885e-28
9.77626459144	2.63172038382e-28
9.79085603113	2.51021438246e-28
9.80544747082	2.37384519866e-28
9.82003891051	2.29812174793e-28
9.8346303502	2.22944250616e-28
9.84922178988	2.21444580293e-28
9.86381322957	2.18706200761e-28
9.87840466926	2.18801071792e-28
9.89299610895	2.17939652392e-28
9.90758754864	2.19587933013e-28
9.92217898833	2.26829800784e-28
9.93677042802	2.29082018147e-28
9.95136186771	2.26272244319e-28
9.96595330739	2.25602848151e-28
9.98054474708	2.23366362393e-28
9.99513618677	2.19612547591e-28
10.0097276265	2.18105379327e-28
10.0243190661	2.21068534298e-28
10.0389105058	2.30298239781e-28
10.0535019455	2.34186496971e-28
10.0680933852	2.33298785404e-28
10.0826848249	2.32771657588e-28
10.0972762646	2.3292049623e-28
10.1118677043	2.29584195099e-28
10.126459144	2.27807697701e-28
10.1410505837	2.32627085063e-28
10.1556420233	2.47549964431e-28
10.170233463	2.52863668249e-28
10.1848249027	2.56415879904e-28
10.1994163424	2.55341155184e-28
10.2140077821	2.53440829438e-28
10.2285992218	2.5297794468e-28
10.2431906615	2.58766755831e-28
10.2577821012	2.66898809339e-28
10.2723735409	2.8634531174e-28
10.2869649805	2.9077841441e-28
10.3015564202	2.92316071991e-28
10.3161478599	2.89770738485e-28
10.3307392996	2.85497889559e-28
10.3453307393	2.76494677743e-28
10.359922179	2.74061563314e-28
10.3745136187	2.75186217156e-28
10.3891050584	2.88089628312e-28
10.4036964981	2.88930194929e-28
10.4182879377	2.87089263928e-28
10.4328793774	2.84406144023e-28
10.4474708171	2.80742940873e-28
10.4620622568	2.72855697208e-28
10.4766536965	2.70752178425e-28
10.4912451362	2.7377366576e-28
10.5058365759	2.92204374879e-28
10.5204280156	2.93815349054e-28
10.5350194553	2.92507551517e-28
10.5496108949	2.86820218996e-28
10.5642023346	2.82251823137e-28
10.5787937743	2.74280120971e-28
10.593385214	2.71339882825e-28
10.6079766537	2.71951902402e-28
10.6225680934	2.88039757732e-28
10.6371595331	2.85277174072e-28
10.6517509728	2.78844125912e-28
10.6663424125	2.71010946196e-28
10.6809338521	2.64398827732e-28
10.6955252918	2.56371480565e-28
10.7101167315	2.55429692408e-28
10.7247081712	2.569810071e-28
10.7392996109	2.70115522585e-28
10.7538910506	2.69872408656e-28
10.7684824903	2.70374198739e-28
10.78307393	2.70386782683e-28
10.7976653697	2.74024241655e-28
10.8122568093	2.70841677115e-28
10.826848249	2.7101356559e-28
10.8414396887	2.75234520643e-28
10.8560311284	2.92724883384e-28
10.8706225681	2.94788030473e-28
10.8852140078	2.93806825938e-28
10.8998054475	2.89863975354e-28
10.9143968872	2.9178047356e-28
10.9289883268	2.91923395396e-28
10.9435797665	2.94688398164e-28
10.9581712062	2.99661539194e-28
10.9727626459	3.22742730745e-28
10.9873540856	3.32132307548e-28
11.0019455253	3.39094507845e-28
11.016536965	3.5394678242e-28
11.0311284047	3.76998493569e-28
11.0457198444	4.12454037159e-28
11.060311284	4.68559983359e-28
11.0749027237	5.41047783738e-28
11.0894941634	6.48422927123e-28
11.1040856031	7.78424121774e-28
11.1186770428	9.59874785347e-28
11.1332684825	1.20534968546e-27
11.1478599222	1.53960440745e-27
11.1624513619	1.98175630666e-27
11.1770428016	2.58741805473e-27
11.1916342412	3.40921200665e-27
11.2062256809	4.52897545945e-27
11.2208171206	5.96870613495e-27
11.2354085603	8.02774387976e-27
11.25	9.94695533078e-27
11.2645914397	8.10519135486e-27
11.2791828794	6.08579086018e-27
11.2937743191	4.68078916275e-27
11.3083657588	3.5977572165e-27
11.3229571984	2.77478253738e-27
11.3375486381	2.16612213143e-27
11.3521400778	1.71788761619e-27
11.3667315175	1.38269905246e-27
11.3813229572	1.1358817966e-27
11.3959143969	9.62964179245e-28
11.4105058366	8.34755166608e-28
11.4250972763	7.51924570825e-28
11.439688716	6.82553369945e-28
11.4542801556	6.32726400079e-28
11.4688715953	5.97455104378e-28
11.483463035	5.78018973178e-28
11.4980544747	5.61586115083e-28
11.5126459144	5.60214705112e-28
11.5272373541	5.47353948228e-28
11.5418287938	5.40041992704e-28
11.5564202335	5.26243747388e-28
11.5710116732	5.20500050681e-28
11.5856031128	5.13807138648e-28
11.6001945525	5.12459808656e-28
11.6147859922	5.09067739993e-28
11.6293774319	5.10105627214e-28
11.6439688716	5.00929482488e-28
11.6585603113	4.90237735725e-28
11.673151751	4.57538106779e-28
11.6877431907	4.49145772505e-28
11.7023346304	4.40932527519e-28
11.71692607	4.36955745731e-28
11.7315175097	4.33569375885e-28
11.7461089494	4.44110789797e-28
11.7607003891	4.56044771029e-28
11.7752918288	4.755096568e-28
11.7898832685	4.86119325395e-28
11.8044747082	5.04317591006e-28
11.8190661479	5.2519984359e-28
11.8336575876	5.47681591008e-28
11.8482490272	5.69234170038e-28
11.8628404669	6.05638280076e-28
11.8774319066	6.40292314653e-28
11.8920233463	6.7176395901e-28
11.906614786	6.93725265754e-28
11.9212062257	7.15440803032e-28
11.9357976654	7.28266996801e-28
11.9503891051	7.44392531548e-28
11.9649805447	7.48102845762e-28
11.9795719844	7.4791902275e-28
11.9941634241	7.41116770688e-28
12.0087548638	7.33160777135e-28
12.0233463035	7.07438486561e-28
12.0379377432	7.00115308469e-28
12.0525291829	6.93044427616e-28
12.0671206226	6.81951840649e-28
12.0817120623	6.73304929307e-28
12.0963035019	6.75812152589e-28
12.1108949416	6.78816577943e-28
12.1254863813	6.95627984245e-28
12.140077821	7.11374597777e-28
12.1546692607	7.25932295442e-28
12.1692607004	7.38259563633e-28
12.1838521401	7.45653245256e-28
12.1984435798	7.47506286207e-28
12.2130350195	7.53510598904e-28
12.2276264591	7.58890756187e-28
12.2422178988	7.72257873669e-28
12.2568093385	7.85853542872e-28
12.2714007782	8.00479511509e-28
12.2859922179	8.13855281496e-28
12.3005836576	8.30385976524e-28
12.3151750973	8.40626404085e-28
12.329766537	8.52248982752e-28
12.3443579767	8.60932789709e-28
12.3589494163	8.7210637872e-28
12.373540856	8.82888068091e-28
12.3881322957	8.99500709706e-28
12.4027237354	9.14739976428e-28
12.4173151751	9.23017359344e-28
12.4319066148	9.31690513934e-28
12.4464980545	9.41936707227e-28
12.4610894942	9.53478145051e-28
12.4756809339	9.79038897651e-28
12.4902723735	1.01009353747e-27
12.5048638132	1.03773114028e-27
12.5194552529	1.05556646497e-27
12.5340466926	1.06583422076e-27
12.5486381323	1.07018059711e-27
12.563229572	1.07470350401e-27
12.5778210117	1.07320678166e-27
12.5924124514	1.072433971e-27
12.6070038911	1.06858260323e-27
12.6215953307	1.06193989682e-27
12.6361867704	1.05330403955e-27
12.6507782101	1.0397613406e-27
12.6653696498	1.03104608098e-27
12.6799610895	1.0331496147e-27
12.6945525292	1.04605835999e-27
12.7091439689	1.06899952819e-27
12.7237354086	1.10936335727e-27
12.7383268483	1.13890091063e-27
12.7529182879	1.14942356648e-27
12.7675097276	1.15169892137e-27
12.7821011673	1.15423662667e-27
12.796692607	1.15269046805e-27
12.8112840467	1.15929892482e-27
12.8258754864	1.18293127666e-27
12.8404669261	1.21777578275e-27
12.8550583658	1.22889181057e-27
12.8696498054	1.23404143858e-27
12.8842412451	1.22720768662e-27
12.8988326848	1.2152893943e-27
12.9134241245	1.20982237553e-27
12.9280155642	1.21056543246e-27
12.9426070039	1.21266293683e-27
12.9571984436	1.22360812973e-27
12.9717898833	1.21446132322e-27
12.986381323	1.20193997684e-27
13.0009727626	1.17839657706e-27
13.0155642023	1.15815214809e-27
13.030155642	1.14007375363e-27
13.0447470817	1.12940314779e-27
13.0593385214	1.12859889212e-27
13.0739299611	1.15070268549e-27
13.0885214008	1.15455594687e-27
13.1031128405	1.14814204789e-27
13.1177042802	1.13128064956e-27
13.1322957198	1.11424454179e-27
13.1468871595	1.09744983362e-27
13.1614785992	1.09713139965e-27
13.1760700389	1.11459513901e-27
13.1906614786	1.1513285882e-27
13.2052529183	1.15213052774e-27
13.219844358	1.15351031794e-27
13.2344357977	1.1379509902e-27
13.2490272374	1.1174164225e-27
13.263618677	1.10595729711e-27
13.2782101167	1.10145459911e-27
13.2928015564	1.09471709835e-27
13.3073929961	1.11262555489e-27
13.3219844358	1.11593206804e-27
13.3365758755	1.1129918672e-27
13.3511673152	1.09228522947e-27
13.3657587549	1.07761563238e-27
13.3803501946	1.06053804732e-27
13.3949416342	1.05184752112e-27
13.4095330739	1.06150667695e-27
13.4241245136	1.09435969589e-27
13.4387159533	1.09978982805e-27
13.453307393	1.10636326019e-27
13.4678988327	1.10260589811e-27
13.4824902724	1.10046069846e-27
13.4970817121	1.08278205798e-27
13.5116731518	1.08528031006e-27
13.5262645914	1.09672746015e-27
13.5408560311	1.13003116261e-27
13.5554474708	1.14465908903e-27
13.5700389105	1.15660155169e-27
13.5846303502	1.14861637455e-27
13.5992217899	1.1395400225e-27
13.6138132296	1.13203557559e-27
13.6284046693	1.13925708076e-27
13.642996109	1.14396485922e-27
13.6575875486	1.18876883612e-27
13.6721789883	1.20374951884e-27
13.686770428	1.20716124172e-27
13.7013618677	1.20208964442e-27
13.7159533074	1.2089760157e-27
13.7305447471	1.20800913194e-27
13.7451361868	1.20853437582e-27
13.7597276265	1.21667701858e-27
13.7743190661	1.25625961067e-27
13.7889105058	1.25817000409e-27
13.8035019455	1.26186646629e-27
13.8180933852	1.24319396165e-27
13.8326848249	1.22605947487e-27
13.8472762646	1.21394471071e-27
13.8618677043	1.21964027201e-27
13.876459144	1.22416970198e-27
13.8910505837	1.25128625721e-27
13.9056420233	1.2528700357e-27
13.920233463	1.25491546183e-27
13.9348249027	1.23501732079e-27
13.9494163424	1.23104265948e-27
13.9640077821	1.22391835608e-27
13.9785992218	1.2305681042e-27
13.9931906615	1.23364321484e-27
14.0077821012	1.27286044272e-27
14.0223735409	1.27390372267e-27
14.0369649805	1.26343917344e-27
14.0515564202	1.24487398595e-27
14.0661478599	1.2344269475e-27
14.0807392996	1.21063270029e-27
14.0953307393	1.21139873295e-27
14.109922179	1.222043203e-27
14.1245136187	1.2642603125e-27
14.1391050584	1.26086772332e-27
14.1536964981	1.25706695548e-27
14.1682879377	1.23513151548e-27
14.1828793774	1.21654913262e-27
14.1974708171	1.19475674928e-27
14.2120622568	1.19068105046e-27
14.2266536965	1.18392827e-27
14.2412451362	1.22262259605e-27
14.2558365759	1.23112554062e-27
14.2704280156	1.23099616269e-27
14.2850194553	1.20769713278e-27
14.2996108949	1.19821543213e-27
14.3142023346	1.18005082506e-27
14.3287937743	1.17529077286e-27
14.343385214	1.17682298277e-27
14.3579766537	1.22045295284e-27
14.3725680934	1.22203641421e-27
14.3871595331	1.20871093819e-27
14.4017509728	1.18579687096e-27
14.4163424125	1.17384591342e-27
14.4309338521	1.14547264124e-27
14.4455252918	1.14097367993e-27
14.4601167315	1.13850770226e-27
14.4747081712	1.16688806034e-27
14.4892996109	1.16773020512e-27
14.5038910506	1.1724469964e-27
14.5184824903	1.15873339207e-27
14.53307393	1.14981688261e-27
14.5476653697	1.13624932123e-27
14.5622568093	1.13181935493e-27
14.576848249	1.12276925072e-27
14.5914396887	1.15931329461e-27
14.6060311284	1.16356483009e-27
14.6206225681	1.16237671308e-27
14.6352140078	1.13381953802e-27
14.6498054475	1.11538235812e-27
14.6643968872	1.09040299744e-27
14.6789883268	1.07365904213e-27
14.6935797665	1.05845570109e-27
14.7081712062	1.07545487238e-27
14.7227626459	1.0584857394e-27
14.7373540856	1.04624843444e-27
14.7519455253	1.01708673198e-27
14.766536965	9.98565875842e-28
14.7811284047	9.55979626585e-28
14.7957198444	9.31137138715e-28
14.810311284	9.01805642257e-28
14.8249027237	8.88595696032e-28
14.8394941634	8.45839496786e-28
14.8540856031	8.00852917796e-28
14.8686770428	7.41539319558e-28
14.8832684825	7.0049507981e-28
14.8978599222	6.67675216662e-28
14.9124513619	6.58312837966e-28
14.9270428016	6.81728571503e-28
14.9416342412	7.98405410785e-28
14.9562256809	1.00492053594e-27
14.9708171206	1.36091451443e-27
14.9854085603	2.04417359794e-27
15.0	2.80103931306e-27
