-14.9854085603	2.42578829903e-27
-14.9708171206	1.46546332354e-27
-14.9562256809	9.0498379391e-28
-14.9416342412	5.40895042404e-28
-14.9270428016	3.28737667643e-28
-14.9124513619	2.04421268281e-28
-14.8978599222	1.45142504003e-28
-14.8832684825	1.15476741206e-28
-14.8686770428	1.12450656309e-28
-14.8540856031	1.15506718363e-28
-14.8394941634	1.2641538546e-28
-14.8249027237	1.27194494719e-28
-14.810311284	1.41863328818e-28
-14.7957198444	1.55016071648e-28
-14.7811284047	1.73859898435e-28
-14.766536965	1.87028218819e-28
-14.7519455253	2.00136308586e-28
-14.7373540856	2.07976706496e-28
-14.7227626459	2.12077161392e-28
-14.7081712062	1.97416614444e-28
-14.6935797665	2.01594838769e-28
-14.6789883268	2.06665238336e-28
-14.6643968872	2.16380922856e-28
-14.6498054475	2.21772978425e-28
-14.6352140078	2.33791696923e-28
-14.6206225681	2.35773998458e-28
-14.6060311284	2.35782238779e-28
-14.5914396887	2.18311130804e-28
-14.576848249	2.17222175634e-28
-14.5622568093	2.19031606108e-28
-14.5476653696	2.2889293877e-28
-14.53307393	2.32754770293e-28
-14.5184824903	2.40405119549e-28
-14.5038910506	2.40908673913e-28
-14.4892996109	2.41344781771e-28
-14.4747081712	2.25290927991e-28
-14.4601167315	2.26358678079e-28
-14.4455252918	2.28084467623e-28
-14.4309338521	2.37469133254e-28
-14.4163424125	2.41042957433e-28
-14.4017509728	2.47848632851e-28
-14.3871595331	2.473702899e-28
-14.3725680934	2.45627864834e-28
-14.3579766537	2.24650253648e-28
-14.343385214	2.19758084156e-28
-14.3287937743	2.17560435411e-28
-14.3142023346	2.24803781691e-28
-14.2996108949	2.27901016697e-28
-14.2850194553	2.3553187373e-28
-14.2704280156	2.35353794541e-28
-14.2558365759	2.33919946982e-28
-14.2412451362	2.14019532048e-28
-14.2266536965	2.12545390339e-28
-14.2120622568	2.1040521784e-28
-14.1974708171	2.16194761481e-28
-14.1828793774	2.1754908468e-28
-14.1682879377	2.22056377245e-28
-14.1536964981	2.19518653276e-28
-14.1391050584	2.15387947751e-28
-14.1245136187	1.9352706012e-28
-14.109922179	1.89298196203e-28
-14.0953307393	1.8646899945e-28
-14.0807392996	1.91759211582e-28
-14.0661478599	1.93822427648e-28
-14.0515564202	1.99761715853e-28
-14.0369649805	1.9771666499e-28
-14.0223735409	1.9406018393e-28
-14.0077821012	1.72923969872e-28
-13.9931906615	1.67740902357e-28
-13.9785992218	1.63771319421e-28
-13.9640077821	1.67704845308e-28
-13.9494163424	1.67090535286e-28
-13.9348249027	1.70729584887e-28
-13.920233463	1.68051357251e-28
-13.9056420233	1.63678934331e-28
-13.8910505837	1.45186878857e-28
-13.876459144	1.41371369972e-28
-13.8618677043	1.38950394167e-28
-13.8472762646	1.43806832552e-28
-13.8326848249	1.4493933185e-28
-13.8180933852	1.50338491559e-28
-13.8035019455	1.50705167451e-28
-13.7889105058	1.4694122061e-28
-13.7743190661	1.30469074353e-28
-13.7597276265	1.27183720417e-28
-13.7451361868	1.26070410716e-28
-13.7305447471	1.30511410744e-28
-13.7159533074	1.32041025564e-28
-13.7013618677	1.3656336836e-28
-13.686770428	1.35490670088e-28
-13.6721789883	1.31457861502e-28
-13.6575875486	1.15598665952e-28
-13.6429961089	1.10954534657e-28
-13.6284046693	1.07290619217e-28
-13.6138132296	1.08427043223e-28
-13.5992217899	1.07820635569e-28
-13.5846303502	1.10797700904e-28
-13.5700389105	1.09194766847e-28
-13.5554474708	1.04802497889e-28
-13.5408560311	9.06350115332e-29
-13.5262645914	8.7288003911e-29
-13.5116731518	8.53070451004e-29
-13.4970817121	8.83123108835e-29
-13.4824902724	9.039651619e-29
-13.4678988327	9.35435656646e-29
-13.453307393	9.2632635792e-29
-13.4387159533	8.93224852215e-29
-13.4241245136	7.84327948747e-29
-13.4095330739	7.57777245376e-29
-13.3949416342	7.31194326712e-29
-13.3803501946	7.5950952326e-29
-13.3657587549	7.86314349577e-29
-13.3511673152	8.22227238067e-29
-13.3365758755	8.37916951902e-29
-13.3219844358	8.46764917573e-29
-13.3073929961	7.98455519235e-29
-13.2928015564	8.00685928619e-29
-13.2782101167	8.13443253249e-29
-13.263618677	8.43021766292e-29
-13.2490272374	8.5298434846e-29
-13.2344357977	8.77703843021e-29
-13.219844358	8.84050763866e-29
-13.2052529183	8.72570170538e-29
-13.1906614786	8.43020007981e-29
-13.1760700389	8.4436637035e-29
-13.1614785992	8.39971459819e-29
-13.1468871595	8.61396281328e-29
-13.1322957198	8.63589008358e-29
-13.1177042802	8.67813150507e-29
-13.1031128405	8.52683301689e-29
-13.0885214008	8.10583082478e-29
-13.0739299611	7.4768321226e-29
-13.0593385214	7.20932178473e-29
-13.0447470817	7.02187091942e-29
-13.030155642	6.92091867892e-29
-13.0155642023	6.85148648299e-29
-13.0009727626	6.97133844713e-29
-12.986381323	6.97389829546e-29
-12.9717898833	7.00060128275e-29
-12.9571984436	7.00107762026e-29
-12.9426070039	6.95631817597e-29
-12.9280155642	6.98236299827e-29
-12.9134241245	7.09343678076e-29
-12.8988326848	7.26590095941e-29
-12.8842412451	7.52831647505e-29
-12.8696498054	7.85655949023e-29
-12.8550583658	8.23984560507e-29
-12.8404669261	9.21859694513e-29
-12.8258754864	9.9421328589e-29
-12.8112840467	1.04593400705e-28
-12.796692607	1.08933391747e-28
-12.7821011673	1.1337389389e-28
-12.7675097276	1.14862758924e-28
-12.7529182879	1.19158573522e-28
-12.7383268482	1.20466545692e-28
-12.7237354086	1.26100127664e-28
-12.7091439689	1.27772702831e-28
-12.6945525292	1.3049664831e-28
-12.6799610895	1.30818966836e-28
-12.6653696498	1.33508389224e-28
-12.6507782101	1.36408391497e-28
-12.6361867704	1.42721407482e-28
-12.6215953307	1.49240666454e-28
-12.6070038911	1.63191153489e-28
-12.5924124514	1.69829716851e-28
-12.5778210117	1.76371176826e-28
-12.563229572	1.77480726203e-28
-12.5486381323	1.81086188015e-28
-12.5340466926	1.86264452659e-28
-12.5194552529	1.96818952294e-28
-12.5048638132	2.09107369657e-28
-12.4902723735	2.35433450875e-28
-12.4756809339	2.5052524709e-28
-12.4610894942	2.64214599281e-28
-12.4464980545	2.71259384087e-28
-12.4319066148	2.77091444714e-28
-12.4173151751	2.80132869993e-28
-12.4027237354	2.90261413562e-28
-12.3881322957	3.01635158521e-28
-12.373540856	3.30112800803e-28
-12.3589494163	3.44025358688e-28
-12.3443579767	3.56113246804e-28
-12.329766537	3.59000412292e-28
-12.3151750973	3.65891818705e-28
-12.3005836576	3.69482182241e-28
-12.2859922179	3.81437802616e-28
-12.2714007782	3.96090360138e-28
-12.2568093385	4.3390414902e-28
-12.2422178988	4.52266698377e-28
-12.2276264591	4.66328629305e-28
-12.2130350195	4.71103932555e-28
-12.1984435798	4.80144843819e-28
-12.1838521401	4.84072082821e-28
-12.1692607004	4.94272723343e-28
-12.1546692607	5.07977404943e-28
-12.140077821	5.43756415502e-28
-12.1254863813	5.53836121067e-28
-12.1108949416	5.58468595682e-28
-12.0963035019	5.51585330756e-28
-12.0817120623	5.47714476575e-28
-12.0671206226	5.45558158777e-28
-12.0525291829	5.57019147742e-28
-12.0379377432	5.67920153512e-28
-12.0233463035	6.05630626154e-28
-12.0087548638	6.19069489415e-28
-11.9941634241	6.31164325264e-28
-11.9795719844	6.32061126805e-28
-11.9649805447	6.35157997425e-28
-11.9503891051	6.36652556725e-28
-11.9357976654	6.50045623466e-28
-11.9212062257	6.70125091899e-28
-11.906614786	7.1901301409e-28
-11.8920233463	7.39496168604e-28
-11.8774319066	7.49873579897e-28
-11.8628404669	7.37644889586e-28
-11.8482490272	7.29709530481e-28
-11.8336575875	7.224599991e-28
-11.8190661479	7.23399590878e-28
-11.8044747082	7.32414789612e-28
-11.7898832685	7.71875602456e-28
-11.7752918288	7.75124428029e-28
-11.7607003891	7.70831405695e-28
-11.7461089494	7.58199038299e-28
-11.7315175097	7.51690442306e-28
-11.71692607	7.46267247064e-28
-11.7023346304	7.55825462336e-28
-11.6877431907	7.61106221045e-28
-11.673151751	7.94416739776e-28
-11.6585603113	8.00195843007e-28
-11.6439688716	7.93242163413e-28
-11.6293774319	7.74309593019e-28
-11.6147859922	7.61120905709e-28
-11.6001945525	7.43555071923e-28
-11.5856031128	7.4653335272e-28
-11.5710116732	7.58956672391e-28
-11.5564202335	7.9269058893e-28
-11.5418287938	7.80865943232e-28
-11.5272373541	7.66494527409e-28
-11.5126459144	7.38166252188e-28
-11.4980544747	7.06494670249e-28
-11.483463035	6.84264277701e-28
-11.4688715953	6.71849301592e-28
-11.4542801556	6.73255031482e-28
-11.439688716	7.07916011849e-28
-11.4250972763	7.09792589156e-28
-11.4105058366	7.19901039323e-28
-11.3959143969	7.40606983332e-28
-11.3813229572	8.09505515356e-28
-11.3667315175	9.31275338494e-28
-11.3521400778	1.13725286768e-27
-11.3375486381	1.43449895543e-27
-11.3229571984	1.89302527858e-27
-11.3083657588	2.50165757837e-27
-11.2937743191	3.37502023936e-27
-11.2791828794	4.56019020472e-27
-11.2645914397	6.36513163235e-27
-11.25	8.02979978593e-27
-11.2354085603	6.20314338329e-27
-11.2208171206	4.29235270636e-27
-11.2062256809	3.02535370322e-27
-11.1916342412	2.07829791681e-27
-11.1770428016	1.41470806111e-27
-11.1624513619	9.42506066272e-28
-11.1478599222	6.28170311641e-28
-11.1332684825	4.10844479171e-28
-11.1186770428	2.68609089105e-28
-11.1040856031	1.79504539089e-28
-11.0894941634	1.23675790016e-28
-11.0749027237	1.08723433994e-28
-11.060311284	1.15234715545e-28
-11.0457198444	1.36515321288e-28
-11.0311284047	1.64332272646e-28
-11.016536965	1.98495633906e-28
-11.0019455253	2.27407586099e-28
-10.9873540856	2.54908316061e-28
-10.9727626459	2.65690445715e-28
-10.9581712062	2.92832787679e-28
-10.9435797665	3.23153425496e-28
-10.9289883268	3.5991371636e-28
-10.9143968872	3.8902068481e-28
-10.8998054475	4.17218229967e-28
-10.8852140078	4.35831757358e-28
-10.8706225681	4.4200608538e-28
-10.8560311284	4.2581150634e-28
-10.8414396887	4.31903218839e-28
-10.826848249	4.41753653973e-28
-10.8122568093	4.5966652611e-28
-10.7976653696	4.75924148842e-28
-10.78307393	4.90902663605e-28
-10.7684824903	4.94878153848e-28
-10.7538910506	4.96867739696e-28
-10.7392996109	4.72653000601e-28
-10.7247081712	4.71360384616e-28
-10.7101167315	4.72312613548e-28
-10.6955252918	4.8095861531e-28
-10.6809338521	4.83656036063e-28
-10.6663424125	4.87016838454e-28
-10.6517509728	4.79084395624e-28
-10.6371595331	4.61723937493e-28
-10.6225680934	4.1811553141e-28
-10.6079766537	3.97798385471e-28
-10.593385214	3.85199211507e-28
-10.5787937743	3.83666014806e-28
-10.5642023346	3.79504590068e-28
-10.5496108949	3.7735014587e-28
-10.5350194553	3.6629820578e-28
-10.5204280156	3.48441948783e-28
-10.5058365759	3.11304939297e-28
-10.4912451362	2.92776548876e-28
-10.4766536965	2.77027359305e-28
-10.4620622568	2.6668152759e-28
-10.4474708171	2.55055019039e-28
-10.4328793774	2.44346223901e-28
-10.4182879377	2.30732773058e-28
-10.4036964981	2.21979790809e-28
-10.3891050584	2.13381734044e-28
-10.3745136187	2.41148093607e-28
-10.359922179	2.95518637242e-28
-10.3453307393	3.83917094763e-28
-10.3307392996	5.13755531379e-28
-10.3161478599	6.88765855208e-28
-10.3015564202	9.22935891079e-28
-10.2869649805	1.24695735117e-27
-10.2723735409	1.69724796272e-27
-10.2577821012	2.28810761527e-27
-10.2431906615	3.08186144648e-27
-10.2285992218	4.13049406929e-27
-10.2140077821	5.50740986876e-27
-10.1994163424	7.32230282386e-27
-10.1848249027	9.69580329083e-27
-10.170233463	1.28008894484e-26
-10.1556420233	1.69267579553e-26
-10.1410505837	2.21714812459e-26
-10.126459144	2.89260244241e-26
-10.1118677043	3.7667030266e-26
-10.0972762646	4.89590739063e-26
-10.0826848249	6.33930526473e-26
-10.0680933852	8.20116541217e-26
-10.0535019455	1.06048651247e-25
-10.0389105058	1.37293666918e-25
-10.0243190661	1.77234529316e-25
-10.0097276265	2.28441180313e-25
-9.99513618677	2.94232126858e-25
-9.98054474708	3.78671448968e-25
-9.96595330739	4.86829354798e-25
-9.9513618677	6.25444832599e-25
-9.93677042802	8.03541339693e-25
-9.92217898833	1.03171878773e-24
-9.90758754864	1.32225392508e-24
-9.89299610895	1.69315387944e-24
-9.87840466926	2.16561945008e-24
-9.86381322957	2.76844451633e-24
-9.84922178988	3.53686723367e-24
-9.83463035019	4.51612703306e-24
-9.82003891051	5.76448779477e-24
-9.80544747082	7.35603628478e-24
-9.79085603113	9.37931737394e-24
-9.77626459144	1.19520184712e-23
-9.76167315175	1.52219836398e-23
-9.74708171206	1.9375270842e-23
-9.73249027237	2.46466061889e-23
-9.71789883268	3.13378636386e-23
-9.703307393	3.98263314528e-23
-9.68871595331	5.05926128061e-23
-9.67412451362	6.42279581548e-23
-9.65953307393	8.14919149529e-23
-9.64494163424	1.03338844228e-22
-9.63035019455	1.30976474124e-22
-9.61575875486	1.65918014089e-22
-9.60116731517	2.10076557715e-22
-9.58657587549	2.65859199314e-22
-9.5719844358	3.36293888513e-22
-9.55739299611	4.25144153021e-22
-9.54280155642	5.37185440501e-22
-9.52821011673	6.78399005643e-22
-9.51361867704	8.56303457676e-22
-9.49902723735	1.0803104832e-21
-9.48443579767	1.36221900617e-21
-9.46984435798	1.71682987705e-21
-9.45525291829	2.16269098137e-21
-9.4406614786	2.72288949099e-21
-9.42607003891	3.42643824336e-21
-9.41147859922	4.30956502028e-21
-9.39688715953	5.4175483377e-21
-9.38229571984	6.80689451392e-21
-9.36770428016	8.54822123183e-21
-9.35311284047	1.07295745775e-20
-9.33852140078	1.34607656857e-20
-9.32392996109	1.68783864043e-20
-9.3093385214	2.11528385972e-20
-9.29474708171	2.64961451048e-20
-9.28015564202	3.31722648017e-20
-9.26556420233	4.15092217695e-20
-9.25097276265	5.19148690504e-20
-9.23638132296	6.48958065084e-20
-9.22178988327	8.10810494311e-20
-9.20719844358	1.01250486812e-19
-9.19260700389	1.26372092701e-19
-9.1780155642	1.57645444825e-19
-9.16342412451	1.96556882228e-19
-9.14883268482	2.44946472718e-19
-9.13424124514	3.05091656732e-19
-9.11964980545	3.79809261973e-19
-9.10505836576	4.72581813162e-19
-9.09046692607	5.87710457536e-19
-9.07587548638	7.30508251106e-19
-9.06128404669	9.07531726433e-19
-9.046692607	1.12686953309e-18
-9.03210116731	1.39849295414e-18
-9.01750972763	1.73468959229e-18
-9.00291828794	2.15059113191e-18
-8.98832684825	2.66482380295e-18
-8.97373540856	3.30029687657e-18
-8.95914396887	4.08518283726e-18
-8.94455252918	5.05409896092e-18
-8.92996108949	6.24956322977e-18
-8.91536964981	7.72376485685e-18
-8.90077821012	9.54073449495e-18
-8.88618677043	1.17789805844e-17
-8.87159533074	1.45347177943e-17
-8.85700389105	1.79257819519e-17
-8.84241245136	2.20964318602e-17
-8.82782101167	2.72231593429e-17
-8.81322957198	3.35217813478e-17
-8.7986381323	4.12560477626e-17
-8.78404669261	5.07481239611e-17
-8.76945525292	6.23912907997e-17
-8.75486381323	7.66653963797e-17
-8.74027237354	9.41555538676e-17
-8.72568093385	1.15574895587e-16
-8.71108949416	1.41792045103e-16
-8.69649805447	1.73864469741e-16
-8.68190661479	2.13078784971e-16
-8.6673151751	2.60999575532e-16
-8.65272373541	3.1952834809e-16
-8.63813229572	3.90974821456e-16
-8.62354085603	4.78142934644e-16
-8.60894941634	5.84434804672e-16
-8.59435797665	7.139759009e-16
-8.57976653696	8.71766124191e-16
-8.56517509728	1.06386166112e-15
-8.55058365759	1.29759406866e-15
-8.5359922179	1.58183378087e-15
-8.52140077821	1.92730713877e-15
-8.50680933852	2.34697712806e-15
-8.49221789883	2.85650124527e-15
-8.47762645914	3.47478056904e-15
-8.46303501945	4.22461887749e-15
-8.44844357977	5.13351271065e-15
-8.43385214008	6.23459831883e-15
-8.41926070039	7.56778541208e-15
-8.4046692607	9.18111453986e-15
-8.39007782101	1.113238003e-14
-8.37548638132	1.34910711108e-14
-8.36089494163	1.63406898859e-14
-8.34630350195	1.97815198701e-14
-8.33171206226	2.39339286604e-14
-8.31712062257	2.89423074714e-14
-8.30252918288	3.49797652146e-14
-8.28793774319	4.22537206025e-14
-8.2733463035	5.10125573541e-14
-8.25875486381	6.15535436135e-14
-8.24416342412	7.42322445852e-14
-8.22957198444	8.94737084259e-14
-8.21498054475	1.07785747123e-13
-8.20038910506	1.29774698282e-13
-8.18579766537	1.56164116438e-13
-8.17120622568	1.87816928238e-13
-8.15661478599	2.25761671816e-13
-8.1420233463	2.71223563113e-13
-8.12743190661	3.25661241869e-13
-8.11284046693	3.9081021878e-13
-8.09824902724	4.68734207649e-13
-8.08365758755	5.61885739681e-13
-8.06906614786	6.73177686335e-13
-8.05447470817	8.06067611304e-13
-8.03988326848	9.64657175621e-13
-8.02529182879	1.15380922791e-12
-8.0107003891	1.37928561169e-12
-7.99610894942	1.64790927771e-12
-7.98151750973	1.96775484428e-12
-7.96692607004	2.34837247222e-12
-7.95233463035	2.80105069221e-12
-7.93774319066	3.33912478022e-12
-7.92315175097	3.97833831965e-12
-7.90856031128	4.73726688068e-12
-7.89396887159	5.63781411488e-12
-7.87937743191	6.70579232056e-12
-7.86478599222	7.97160136575e-12
-7.85019455253	9.47102215417e-12
-7.83560311284	1.12461433083e-11
-7.82101167315	1.33464427565e-11
-7.80642023346	1.58300492418e-11
-7.79182879377	1.8765212775e-11
-7.77723735409	2.22320173916e-11
-7.7626459144	2.63243748943e-11
-7.74805447471	3.11523440709e-11
-7.73346303502	3.68448267559e-11
-7.71887159533	4.35526997518e-11
-7.70428015564	5.14524507463e-11
-7.68968871595	6.07503963015e-11
-7.67509727626	7.16875719466e-11
-7.66050583658	8.45453973865e-11
-7.64591439689	9.9652235325e-11
-7.6313229572	1.17390979519e-10
-7.61673151751	1.382078276e-10
-7.60214007782	1.62622416491e-10
-7.58754863813	1.91239523995e-10
-7.57295719844	2.24762568977e-10
-7.55836575875	2.64009175886e-10
-7.54377431907	3.09929106268e-10
-7.52918287938	3.63624902919e-10
-7.51459143969	4.26375639989e-10
-7.5	4.99664226573e-10
-7.48540856031	5.85208773103e-10
-7.47081712062	6.84998601851e-10
-7.45622568093	8.01335552029e-10
-7.44163424124	9.36881331084e-10
-7.42704280156	1.09471175435e-09
-7.41245136187	1.27837882973e-09
-7.39785992218	1.49198177004e-09
-7.38326848249	1.7402481565e-09
-7.3686770428	2.02862663574e-09
-7.35408560311	2.36339271027e-09
-7.33949416342	2.75176938071e-09
-7.32490272373	3.20206462219e-09
-7.31031128405	3.72382792361e-09
-7.29571984436	4.32802839877e-09
-7.28112840467	5.02725728556e-09
-7.26653696498	5.83595799661e-09
-7.25194552529	6.77068726626e-09
-7.2373540856	7.85041136774e-09
-7.22276264591	9.09684184565e-09
-7.20817120623	1.05348157379e-08
-7.19357976654	1.21927258384e-08
-7.17898832685	1.41030072011e-08
-7.16439688716	1.63026867941e-08
-7.14980544747	1.88340040018e-08
-7.13521400778	2.17451105364e-08
-7.12062256809	2.50908592791e-08
-7.1060311284	2.89336926153e-08
-7.09143968872	3.33446419895e-08
-7.07684824903	3.84044516621e-08
-7.06225680934	4.42048410446e-08
-7.04766536965	5.08499215003e-08
-7.03307392996	5.84577851607e-08
-7.01848249027	6.71622851109e-08
-7.00389105058	7.71150282715e-08
-6.98929961089	8.84876044437e-08
-6.97470817121	1.0147407732e-07
-6.96011673152	1.16293765776e-07
-6.94552529183	1.331943465e-07
-6.93093385214	1.52455311972e-07
-6.91634241245	1.74391820993e-07
-6.90175097276	1.99358982382e-07
-6.88715953307	2.27756616191e-07
-6.87256809338	2.60034540694e-07
-6.8579766537	2.96698437708e-07
-6.84338521401	3.38316353294e-07
-6.82879377432	3.85525895746e-07
-6.81420233463	4.39042197922e-07
-6.79961089494	4.99666716431e-07
-6.78501945525	5.68296945963e-07
-6.77042801556	6.45937133209e-07
-6.75583657588	7.33710081181e-07
-6.74124513619	8.32870141592e-07
-6.7266536965	9.44817499949e-07
-6.71206225681	1.07111386548e-06
-6.69747081712	1.21349968562e-06
-6.68287937743	1.37391301285e-06
-6.66828793774	1.55451015974e-06
-6.65369649805	1.7576882866e-06
-6.63910505837	1.98611007479e-06
-6.62451361868	2.24273064724e-06
-6.60992217899	2.53082690693e-06
-6.5953307393	2.85402947261e-06
-6.58073929961	3.21635740006e-06
-6.56614785992	3.62225588572e-06
-6.55155642023	4.07663715804e-06
-6.53696498054	4.58492477002e-06
-6.52237354086	5.15310151396e-06
-6.50778210117	5.78776118669e-06
-6.49319066148	6.4961644396e-06
-6.47859922179	7.28629895367e-06
-6.4640077821	8.16694418357e-06
-6.44941634241	9.14774091852e-06
-6.43482490272	1.02392659088e-05
-6.42023346303	1.1453111807e-05
-6.40564202335	1.28019726716e-05
-6.39105058366	1.42997352753e-05
-6.37645914397	1.59615764543e-05
-6.36186770428	1.78040667273e-05
-6.34727626459	1.98452803966e-05
-6.3326848249	2.21049123333e-05
-6.31809338521	2.46044016243e-05
-6.30350194552	2.73670622397e-05
-6.28891050584	3.04182208494e-05
-6.27431906615	3.3785361887e-05
-6.25972762646	3.74982799215e-05
-6.24513618677	4.1589239356e-05
-6.23054474708	4.60931414251e-05
-6.21595330739	5.10476984094e-05
-6.2013618677	5.64936149267e-05
-6.18677042802	6.24747760942e-05
-6.17217898833	6.90384422857e-05
-6.15758754864	7.62354501275e-05
-6.14299610895	8.41204192961e-05
-6.12840466926	9.27519645872e-05
-6.11381322957	0.00010219291263
-6.09922178988	0.00011251052252
-6.08463035019	0.000123776709528
-6.07003891051	0.000136068270939
-6.05544747082	0.000149467112948
-6.04085603113	0.000164060477419
-6.02626459144	0.000179941167189
-6.01167315175	0.000197207768469
-5.99708171206	0.000215964868754
-5.98249027237	0.000236323268553
-5.96789883268	0.000258400185073
-5.953307393	0.000282319445918
-5.93871595331	0.000308211670697
-5.92412451362	0.000336214438354
-5.90953307393	0.00036647243789
-5.89494163424	0.000399137600102
-5.88035019455	0.000434369207811
-5.86575875486	0.000472333982059
-5.85116731517	0.000513206141628
-5.83657587549	0.000557167433277
-5.8219844358	0.000604407130011
-5.80739299611	0.000655121994776
-5.79280155642	0.000709516206975
-5.77821011673	0.000767801249293
-5.76361867704	0.000830195752407
-5.74902723735	0.000896925295323
-5.73443579766	0.000968222159217
-5.71984435798	0.0010443250329
-5.70525291829	0.00112547866823
-5.6906614786	0.00121193348416
-5.67607003891	0.00130394511831
-5.66147859922	0.00140177392539
-5.64688715953	0.00150568442219
-5.63229571984	0.00161594467928
-5.61770428016	0.00173282565992
-5.60311284047	0.00185660050733
-5.58852140078	0.0019875437818
-5.57392996109	0.0021259306498
-5.5593385214	0.0022720360277
-5.54474708171	0.00242613368318
-5.53015564202	0.00258849529819
-5.51556420233	0.00275938949761
-5.50097276265	0.00293908084835
-5.48638132296	0.00312782883432
-5.47178988327	0.00332588681278
-5.45719844358	0.00353350095856
-5.44260700389	0.00375090920242
-5.4280155642	0.00397834017064
-5.41342412451	0.004216012133
-5.39883268482	0.00446413196657
-5.38424124514	0.00472289414271
-5.36964980545	0.00499247974514
-5.35505836576	0.00527305552642
-5.34046692607	0.00556477301042
-5.32587548638	0.00586776764812
-5.31128404669	0.00618215803367
-5.296692607	0.0065080451874
-5.28210116731	0.006845511912
-5.26750972763	0.00719462222761
-5.25291828794	0.00755542089074
-5.23832684825	0.00792793300175
-5.22373540856	0.00831216370434
-5.20914396887	0.00870809798012
-5.19455252918	0.00911570054045
-5.17996108949	0.00953491581672
-5.1653696498	0.00996566804964
-5.15077821012	0.010407861477
-5.13618677043	0.0108613806187
-5.12159533074	0.0113260906569
-5.10700389105	0.0118018379086
-5.09241245136	0.0122884503857
-5.07782101167	0.0127857384405
-5.06322957198	0.0132934954889
-5.0486381323	0.0138114988071
-5.03404669261	0.014339510395
-5.01945525292	0.0148772778997
-5.00486381323	0.0154245355922
-4.99027237354	0.0159810053888
-4.97568093385	0.0165463979115
-4.96108949416	0.0171204135774
-4.94649805447	0.0177027437113
-4.93190661479	0.0182930716721
-4.9173151751	0.018891073987
-4.90272373541	0.0194964214846
-4.88813229572	0.0201087804207
-4.87354085603	0.0207278135894
-4.85894941634	0.0213531814137
-4.84435797665	0.0219845430092
-4.82976653696	0.0226215572149
-4.81517509728	0.0232638835875
-4.80058365759	0.023911183353
-4.7859922179	0.024563120313
-4.77140077821	0.0252193617018
-4.75680933852	0.025879578991
-4.74221789883	0.0265434486404
-4.72762645914	0.0272106527927
-4.71303501945	0.0278808799112
-4.69844357977	0.0285538253587
-4.68385214008	0.0292291919198
-4.66926070039	0.0299066902642
-4.6546692607	0.0305860393531
-4.64007782101	0.0312669667893
-4.62548638132	0.0319492091129
-4.61089494163	0.032632512043
-4.59630350194	0.0333166306693
-4.58171206226	0.0340013295938
-4.56712062257	0.0346863830263
-4.55252918288	0.0353715748354
-4.53793774319	0.0360566985586
-4.5233463035	0.0367415573733
-4.50875486381	0.0374259640319
-4.49416342412	0.0381097407643
-4.47957198444	0.0387927191494
-4.46498054475	0.0394747399599
-4.45038910506	0.0401556529823
-4.43579766537	0.0408353168151
-4.42120622568	0.0415135986476
-4.40661478599	0.0421903740222
-4.3920233463	0.0428655265822
-4.37743190661	0.0435389478086
-4.36284046693	0.044210536746
-4.34824902724	0.0448801997219
-4.33365758755	0.0455478500603
-4.31906614786	0.046213407791
-4.30447470817	0.0468767993572
-4.28988326848	0.0475379573227
-4.27529182879	0.04819682008
-4.2607003891	0.04885333156
-4.24610894942	0.0495074409459
-4.23151750973	0.0501591023905
-4.21692607004	0.0508082747403
-4.20233463035	0.0514549212637
-4.18774319066	0.052099009388
-4.17315175097	0.0527405104422
-4.15856031128	0.0533793994086
-4.14396887159	0.0540156546827
-4.12937743191	0.054649257841
-4.11478599222	0.0552801934187
-4.10019455253	0.0559084486952
-4.08560311284	0.0565340134902
-4.07101167315	0.0571568799674
-4.05642023346	0.0577770424492
-4.04182879377	0.0583944972387
-4.02723735408	0.059009242452
-4.0126459144	0.0596212778592
-3.99805447471	0.0602306047339
-3.98346303502	0.0608372257112
-3.96887159533	0.0614411446544
-3.95428015564	0.0620423665298
-3.93968871595	0.0626408972889
-3.92509727626	0.0632367437587
-3.91050583658	0.0638299135392
-3.89591439689	0.0644204149075
-3.8813229572	0.0650082567294
-3.86673151751	0.0655934483767
-3.85214007782	0.0661759996512
-3.83754863813	0.0667559207144
-3.82295719844	0.0673332220222
-3.80836575875	0.0679079142659
-3.79377431907	0.0684800083175
-3.77918287938	0.0690495151797
-3.76459143969	0.0696164459405
-3.75	0.0701808117324
-3.73540856031	0.0707426236945
-3.72081712062	0.0713018929389
-3.70622568093	0.0718586305212
-3.69163424124	0.0724128474125
-3.67704280156	0.0729645544761
-3.66245136187	0.0735137624459
-3.64785992218	0.0740604819077
-3.63326848249	0.0746047232831
-3.6186770428	0.0751464968152
-3.60408560311	0.0756858125566
-3.58949416342	0.076222680359
-3.57490272373	0.0767571098653
-3.56031128405	0.0772891105017
-3.54571984436	0.0778186914732
-3.53112840467	0.0783458617584
-3.51653696498	0.0788706301074
-3.50194552529	0.0793930050393
-3.4873540856	0.0799129948413
-3.47276264591	0.0804306075686
-3.45817120623	0.0809458510451
-3.44357976654	0.0814587328648
-3.42898832685	0.0819692603936
-3.41439688716	0.082477440772
-3.39980544747	0.0829832809178
-3.38521400778	0.0834867875299
-3.37062256809	0.0839879670916
-3.3560311284	0.084486825875
-3.34143968872	0.0849833699452
-3.32684824903	0.0854776051649
-3.31225680934	0.0859695371989
-3.29766536965	0.0864591715192
-3.28307392996	0.0869465134096
-3.26848249027	0.0874315679714
-3.25389105058	0.0879143401276
-3.23929961089	0.0883948346287
-3.22470817121	0.0888730560575
-3.21011673152	0.0893490088342
-3.19552529183	0.0898226972216
-3.18093385214	0.09029412533
-3.16634241245	0.0907632971222
-3.15175097276	0.0912302164184
-3.13715953307	0.0916948869011
-3.12256809338	0.0921573121196
-3.1079766537	0.0926174954949
-3.09338521401	0.0930754403241
-3.07879377432	0.0935311497846
-3.06420233463	0.0939846269389
-3.04961089494	0.0944358747386
-3.03501945525	0.0948848960282
-3.02042801556	0.0953316935494
-3.00583657587	0.0957762699448
-2.99124513619	0.0962186277619
-2.9766536965	0.0966587694564
-2.96206225681	0.0970966973956
-2.94747081712	0.0975324138624
-2.93287937743	0.0979659210578
-2.91828793774	0.0983972211047
-2.90369649805	0.0988263160505
-2.88910505837	0.0992532078702
-2.87451361868	0.0996778984694
-2.85992217899	0.100100389687
-2.8453307393	0.100520683297
-2.83073929961	0.100938781012
-2.81614785992	0.101354684485
-2.80155642023	0.101768395314
-2.78696498054	0.102179915041
-2.77237354086	0.102589245153
-2.75778210117	0.10299638709
-2.74319066148	0.103401342243
-2.72859922179	0.103804111954
-2.7140077821	0.104204697524
-2.69941634241	0.104603100207
-2.68482490272	0.104999321218
-2.67023346303	0.105393361731
-2.65564202335	0.105785222884
-2.64105058366	0.106174905776
-2.62645914397	0.106562411472
-2.61186770428	0.106947741001
-2.59727626459	0.107330895363
-2.5826848249	0.107711875522
-2.56809338521	0.108090682417
-2.55350194552	0.108467316953
-2.53891050584	0.108841780009
-2.52431906615	0.109214072439
-2.50972762646	0.109584195068
-2.49513618677	0.109952148698
-2.48054474708	0.110317934106
-2.46595330739	0.110681552046
-2.4513618677	0.111043003249
-2.43677042801	0.111402288427
-2.42217898833	0.111759408268
-2.40758754864	0.112114363443
-2.39299610895	0.112467154602
-2.37840466926	0.112817782375
-2.36381322957	0.113166247378
-2.34922178988	0.113512550206
-2.33463035019	0.11385669144
-2.32003891051	0.114198671642
-2.30544747082	0.114538491362
-2.29085603113	0.114876151131
-2.27626459144	0.115211651469
-2.26167315175	0.115544992881
-2.24708171206	0.115876175856
-2.23249027237	0.116205200872
-2.21789883268	0.116532068396
-2.203307393	0.116856778879
-2.18871595331	0.117179332762
-2.17412451362	0.117499730476
-2.15953307393	0.117817972437
-2.14494163424	0.118134059055
-2.13035019455	0.118447990725
-2.11575875486	0.118759767835
-2.10116731517	0.119069390763
-2.08657587549	0.119376859876
-2.0719844358	0.119682175532
-2.05739299611	0.119985338081
-2.04280155642	0.120286347865
-2.02821011673	0.120585205215
-2.01361867704	0.120881910457
-1.99902723735	0.121176463908
-1.98443579766	0.121468865875
-1.96984435798	0.121759116661
-1.95525291829	0.12204721656
-1.9406614786	0.122333165859
-1.92607003891	0.12261696484
-1.91147859922	0.122898613775
-1.89688715953	0.123178112932
-1.88229571984	0.123455462573
-1.86770428015	0.123730662953
-1.85311284047	0.124003714321
-1.83852140078	0.124274616921
-1.82392996109	0.12454337099
-1.8093385214	0.124809976761
-1.79474708171	0.125074434462
-1.78015564202	0.125336744314
-1.76556420233	0.125596906535
-1.75097276265	0.125854921336
-1.73638132296	0.126110788926
-1.72178988327	0.126364509507
-1.70719844358	0.126616083277
-1.69260700389	0.126865510431
-1.6780155642	0.127112791157
-1.66342412451	0.127357925642
-1.64883268482	0.127600914068
-1.63424124514	0.12784175661
-1.61964980545	0.128080453444
-1.60505836576	0.128317004739
-1.59046692607	0.12855141066
-1.57587548638	0.128783671372
-1.56128404669	0.129013787032
-1.546692607	0.129241757796
-1.53210116731	0.129467583818
-1.51750972763	0.129691265244
-1.50291828794	0.129912802223
-1.48832684825	0.130132194896
-1.47373540856	0.130349443403
-1.45914396887	0.130564547881
-1.44455252918	0.130777508464
-1.42996108949	0.130988325283
-1.4153696498	0.131196998466
-1.40077821012	0.131403528139
-1.38618677043	0.131607914424
-1.37159533074	0.131810157442
-1.35700389105	0.132010257311
-1.34241245136	0.132208214147
-1.32782101167	0.132404028061
-1.31322957198	0.132597699165
-1.29863813229	0.132789227567
-1.28404669261	0.132978613373
-1.26945525292	0.133165856686
-1.25486381323	0.133350957609
-1.24027237354	0.13353391624
-1.22568093385	0.133714732677
-1.21108949416	0.133893407015
-1.19649805447	0.134069939348
-1.18190661479	0.134244329767
-1.1673151751	0.134416578361
-1.15272373541	0.134586685218
-1.13813229572	0.134754650423
-1.12354085603	0.134920474061
-1.10894941634	0.135084156213
-1.09435797665	0.135245696959
-1.07976653696	0.13540509638
-1.06517509728	0.13556235455
-1.05058365759	0.135717471547
-1.0359922179	0.135870447442
-1.02140077821	0.136021282309
-1.00680933852	0.136169976218
-0.992217898832	0.136316529238
-0.977626459143	0.136460941437
-0.963035019454	0.13660321288
-0.948443579766	0.136743343632
-0.933852140077	0.136881333756
-0.919260700388	0.137017183314
-0.9046692607	0.137150892367
-0.890077821011	0.137282460973
-0.875486381322	0.137411889189
-0.860894941633	0.137539177073
-0.846303501945	0.13766432468
-0.831712062256	0.137787332062
-0.817120622567	0.137908199274
-0.802529182879	0.138026926365
-0.78793774319	0.138143513386
-0.773346303501	0.138257960387
-0.758754863812	0.138370267414
-0.744163424124	0.138480434514
-0.729571984435	0.138588461733
-0.714980544746	0.138694349115
-0.700389105058	0.138798096703
-0.685797665369	0.13889970454
-0.67120622568	0.138999172665
-0.656614785991	0.13909650112
-0.642023346303	0.139191689943
-0.627431906614	0.139284739171
-0.612840466925	0.139375648843
-0.598249027237	0.139464418993
-0.583657587548	0.139551049656
-0.569066147859	0.139635540867
-0.55447470817	0.139717892657
-0.539883268482	0.139798105059
-0.525291828793	0.139876178105
-0.510700389104	0.139952111823
-0.496108949416	0.140025906242
-0.481517509727	0.140097561392
-0.466926070038	0.140167077299
-0.452334630349	0.140234453989
-0.437743190661	0.140299691488
-0.423151750972	0.140362789821
-0.408560311283	0.14042374901
-0.393968871594	0.140482569079
-0.379377431906	0.14053925005
-0.364785992217	0.140593791944
-0.350194552528	0.140646194781
-0.33560311284	0.140696458579
-0.321011673151	0.140744583359
-0.306420233462	0.140790569137
-0.291828793773	0.14083441593
-0.277237354085	0.140876123755
-0.262645914396	0.140915692626
-0.248054474707	0.140953122558
-0.233463035019	0.140988413565
-0.21887159533	0.141021565659
-0.204280155641	0.141052578852
-0.189688715952	0.141081453156
-0.175097276264	0.141108188581
-0.160505836575	0.141132785137
-0.145914396886	0.141155242832
-0.131322957198	0.141175561675
-0.116731517509	0.141193741673
-0.10214007782	0.141209782832
-0.0875486381314	0.141223685158
-0.0729571984427	0.141235448657
-0.058365758754	0.141245073332
-0.0437743190653	0.141252559186
-0.0291828793766	0.141257906223
-0.0145914396879	0.141261114445
8.5975671027e-13	0.141262183852
0.0145914396896	0.141261114445
0.0291828793783	0.141257906223
0.043774319067	0.141252559186
0.0583657587557	0.141245073332
0.0729571984444	0.141235448657
0.0875486381332	0.141223685158
0.102140077822	0.141209782832
0.116731517511	0.141193741673
0.131322957199	0.141175561675
0.145914396888	0.141155242832
0.160505836577	0.141132785137
0.175097276265	0.141108188581
0.189688715954	0.141081453156
0.204280155643	0.141052578852
0.218871595332	0.141021565659
0.23346303502	0.140988413565
0.248054474709	0.140953122558
0.262645914398	0.140915692626
0.277237354086	0.140876123755
0.291828793775	0.14083441593
0.306420233464	0.140790569137
0.321011673153	0.140744583359
0.335603112841	0.140696458579
0.35019455253	0.140646194781
0.364785992219	0.140593791944
0.379377431907	0.14053925005
0.393968871596	0.140482569079
0.408560311285	0.14042374901
0.423151750974	0.140362789821
0.437743190662	0.140299691488
0.452334630351	0.140234453989
0.46692607004	0.140167077299
0.481517509729	0.140097561392
0.496108949417	0.140025906242
0.510700389106	0.139952111823
0.525291828795	0.139876178105
0.539883268483	0.139798105059
0.554474708172	0.139717892657
0.569066147861	0.139635540867
0.58365758755	0.139551049656
0.598249027238	0.139464418993
0.612840466927	0.139375648843
0.627431906616	0.139284739171
0.642023346304	0.139191689943
0.656614785993	0.13909650112
0.671206225682	0.138999172665
0.685797665371	0.13889970454
0.700389105059	0.138798096703
0.714980544748	0.138694349115
0.729571984437	0.138588461733
0.744163424125	0.138480434514
0.758754863814	0.138370267414
0.773346303503	0.138257960387
0.787937743192	0.138143513386
0.80252918288	0.138026926365
0.817120622569	0.137908199274
0.831712062258	0.137787332062
0.846303501946	0.13766432468
0.860894941635	0.137539177073
0.875486381324	0.137411889189
0.890077821013	0.137282460973
0.904669260701	0.137150892367
0.91926070039	0.137017183314
0.933852140079	0.136881333756
0.948443579767	0.136743343632
0.963035019456	0.13660321288
0.977626459145	0.136460941437
0.992217898834	0.136316529238
1.00680933852	0.136169976218
1.02140077821	0.136021282309
1.0359922179	0.135870447442
1.05058365759	0.135717471547
1.06517509728	0.13556235455
1.07976653697	0.13540509638
1.09435797665	0.135245696959
1.10894941634	0.135084156213
1.12354085603	0.134920474061
1.13813229572	0.134754650423
1.15272373541	0.134586685218
1.1673151751	0.134416578361
1.18190661479	0.134244329767
1.19649805448	0.134069939348
1.21108949416	0.133893407015
1.22568093385	0.133714732677
1.24027237354	0.13353391624
1.25486381323	0.133350957609
1.26945525292	0.133165856686
1.28404669261	0.132978613373
1.2986381323	0.132789227567
1.31322957199	0.132597699165
1.32782101167	0.132404028061
1.34241245136	0.132208214147
1.35700389105	0.132010257311
1.37159533074	0.131810157442
1.38618677043	0.131607914424
1.40077821012	0.131403528139
1.41536964981	0.131196998466
1.4299610895	0.130988325283
1.44455252918	0.130777508464
1.45914396887	0.130564547881
1.47373540856	0.130349443403
1.48832684825	0.130132194896
1.50291828794	0.129912802223
1.51750972763	0.129691265244
1.53210116732	0.129467583818
1.546692607	0.129241757796
1.56128404669	0.129013787032
1.57587548638	0.128783671372
1.59046692607	0.12855141066
1.60505836576	0.128317004739
1.61964980545	0.128080453444
1.63424124514	0.12784175661
1.64883268483	0.127600914068
1.66342412451	0.127357925642
1.6780155642	0.127112791157
1.69260700389	0.126865510431
1.70719844358	0.126616083277
1.72178988327	0.126364509507
1.73638132296	0.126110788926
1.75097276265	0.125854921336
1.76556420234	0.125596906535
1.78015564202	0.125336744314
1.79474708171	0.125074434462
1.8093385214	0.124809976761
1.82392996109	0.12454337099
1.83852140078	0.124274616921
1.85311284047	0.124003714321
1.86770428016	0.123730662953
1.88229571985	0.123455462573
1.89688715953	0.123178112932
1.91147859922	0.122898613775
1.92607003891	0.12261696484
1.9406614786	0.122333165859
1.95525291829	0.12204721656
1.96984435798	0.121759116661
1.98443579767	0.121468865875
1.99902723736	0.121176463908
2.01361867704	0.120881910457
2.02821011673	0.120585205215
2.04280155642	0.120286347865
2.05739299611	0.119985338081
2.0719844358	0.119682175532
2.08657587549	0.119376859876
2.10116731518	0.119069390763
2.11575875486	0.118759767835
2.13035019455	0.118447990725
2.14494163424	0.118134059055
2.15953307393	0.117817972437
2.17412451362	0.117499730476
2.18871595331	0.117179332762
2.203307393	0.116856778879
2.21789883269	0.116532068396
2.23249027237	0.116205200872
2.24708171206	0.115876175856
2.26167315175	0.115544992881
2.27626459144	0.115211651469
2.29085603113	0.114876151131
2.30544747082	0.114538491362
2.32003891051	0.114198671642
2.3346303502	0.11385669144
2.34922178988	0.113512550206
2.36381322957	0.113166247378
2.37840466926	0.112817782375
2.39299610895	0.112467154602
2.40758754864	0.112114363443
2.42217898833	0.111759408268
2.43677042802	0.111402288427
2.45136186771	0.111043003249
2.46595330739	0.110681552046
2.48054474708	0.110317934106
2.49513618677	0.109952148698
2.50972762646	0.109584195068
2.52431906615	0.109214072439
2.53891050584	0.108841780009
2.55350194553	0.108467316953
2.56809338522	0.108090682417
2.5826848249	0.107711875522
2.59727626459	0.107330895363
2.61186770428	0.106947741001
2.62645914397	0.106562411472
2.64105058366	0.106174905776
2.65564202335	0.105785222884
2.67023346304	0.105393361731
2.68482490272	0.104999321217
2.69941634241	0.104603100207
2.7140077821	0.104204697524
2.72859922179	0.103804111954
2.74319066148	0.103401342243
2.75778210117	0.10299638709
2.77237354086	0.102589245153
2.78696498055	0.102179915041
2.80155642023	0.101768395314
2.81614785992	0.101354684485
2.83073929961	0.100938781012
2.8453307393	0.100520683297
2.85992217899	0.100100389687
2.87451361868	0.0996778984694
2.88910505837	0.0992532078702
2.90369649806	0.0988263160505
2.91828793774	0.0983972211047
2.93287937743	0.0979659210578
2.94747081712	0.0975324138624
2.96206225681	0.0970966973956
2.9766536965	0.0966587694564
2.99124513619	0.0962186277619
3.00583657588	0.0957762699448
3.02042801557	0.0953316935494
3.03501945525	0.0948848960282
3.04961089494	0.0944358747386
3.06420233463	0.0939846269389
3.07879377432	0.0935311497846
3.09338521401	0.0930754403241
3.1079766537	0.0926174954949
3.12256809339	0.0921573121196
3.13715953307	0.0916948869011
3.15175097276	0.0912302164184
3.16634241245	0.0907632971222
3.18093385214	0.09029412533
3.19552529183	0.0898226972216
3.21011673152	0.0893490088342
3.22470817121	0.0888730560575
3.2392996109	0.0883948346287
3.25389105058	0.0879143401276
3.26848249027	0.0874315679714
3.28307392996	0.0869465134096
3.29766536965	0.0864591715192
3.31225680934	0.0859695371989
3.32684824903	0.0854776051649
3.34143968872	0.0849833699452
3.35603112841	0.084486825875
3.37062256809	0.0839879670916
3.38521400778	0.0834867875299
3.39980544747	0.0829832809178
3.41439688716	0.082477440772
3.42898832685	0.0819692603936
3.44357976654	0.0814587328648
3.45817120623	0.0809458510451
3.47276264592	0.0804306075686
3.4873540856	0.0799129948413
3.50194552529	0.0793930050393
3.51653696498	0.0788706301074
3.53112840467	0.0783458617584
3.54571984436	0.0778186914732
3.56031128405	0.0772891105018
3.57490272374	0.0767571098653
3.58949416343	0.0762226803591
3.60408560311	0.0756858125566
3.6186770428	0.0751464968152
3.63326848249	0.0746047232831
3.64785992218	0.0740604819078
3.66245136187	0.0735137624459
3.67704280156	0.0729645544762
3.69163424125	0.0724128474125
3.70622568093	0.0718586305212
3.72081712062	0.071301892939
3.73540856031	0.0707426236945
3.75	0.0701808117325
3.76459143969	0.0696164459406
3.77918287938	0.0690495151797
3.79377431907	0.0684800083175
3.80836575876	0.0679079142659
3.82295719844	0.0673332220222
3.83754863813	0.0667559207144
3.85214007782	0.0661759996513
3.86673151751	0.0655934483767
3.8813229572	0.0650082567294
3.89591439689	0.0644204149075
3.91050583658	0.0638299135392
3.92509727627	0.0632367437588
3.93968871595	0.0626408972889
3.95428015564	0.0620423665298
3.96887159533	0.0614411446545
3.98346303502	0.0608372257112
3.99805447471	0.060230604734
4.0126459144	0.0596212778593
4.02723735409	0.059009242452
4.04182879378	0.0583944972387
4.05642023346	0.0577770424493
4.07101167315	0.0571568799675
4.08560311284	0.0565340134902
4.10019455253	0.0559084486953
4.11478599222	0.0552801934187
4.12937743191	0.0546492578411
4.1439688716	0.0540156546827
4.15856031129	0.0533793994087
4.17315175097	0.0527405104422
4.18774319066	0.0520990093881
4.20233463035	0.0514549212638
4.21692607004	0.0508082747404
4.23151750973	0.0501591023906
4.24610894942	0.0495074409459
4.26070038911	0.0488533315601
4.27529182879	0.0481968200801
4.28988326848	0.0475379573228
4.30447470817	0.0468767993572
4.31906614786	0.0462134077911
4.33365758755	0.0455478500604
4.34824902724	0.044880199722
4.36284046693	0.0442105367461
4.37743190662	0.0435389478087
4.3920233463	0.0428655265823
4.40661478599	0.0421903740223
4.42120622568	0.0415135986477
4.43579766537	0.0408353168152
4.45038910506	0.0401556529824
4.46498054475	0.03947473996
4.47957198444	0.0387927191495
4.49416342413	0.0381097407644
4.50875486381	0.0374259640321
4.5233463035	0.0367415573734
4.53793774319	0.0360566985587
4.55252918288	0.0353715748355
4.56712062257	0.0346863830264
4.58171206226	0.0340013295939
4.59630350195	0.0333166306694
4.61089494164	0.0326325120431
4.62548638132	0.031949209113
4.64007782101	0.0312669667895
4.6546692607	0.0305860393533
4.66926070039	0.0299066902644
4.68385214008	0.0292291919199
4.69844357977	0.0285538253588
4.71303501946	0.0278808799113
4.72762645915	0.0272106527929
4.74221789883	0.0265434486405
4.75680933852	0.0258795789911
4.77140077821	0.0252193617019
4.7859922179	0.0245631203132
4.80058365759	0.0239111833531
4.81517509728	0.0232638835876
4.82976653697	0.022621557215
4.84435797665	0.0219845430093
4.85894941634	0.0213531814139
4.87354085603	0.0207278135895
4.88813229572	0.0201087804209
4.90272373541	0.0194964214848
4.9173151751	0.0188910739871
4.93190661479	0.0182930716722
4.94649805448	0.0177027437114
4.96108949416	0.0171204135776
4.97568093385	0.0165463979117
4.99027237354	0.015981005389
5.00486381323	0.0154245355923
5.01945525292	0.0148772778999
5.03404669261	0.0143395103951
5.0486381323	0.0138114988072
5.06322957199	0.0132934954891
5.07782101167	0.0127857384406
5.09241245136	0.0122884503858
5.10700389105	0.0118018379087
5.12159533074	0.0113260906571
5.13618677043	0.0108613806188
5.15077821012	0.0104078614771
5.16536964981	0.00996566804978
5.1799610895	0.00953491581686
5.19455252918	0.00911570054058
5.20914396887	0.00870809798025
5.22373540856	0.00831216370447
5.23832684825	0.00792793300188
5.25291828794	0.00755542089087
5.26750972763	0.00719462222773
5.28210116732	0.00684551191213
5.29669260701	0.00650804518752
5.31128404669	0.00618215803379
5.32587548638	0.00586776764823
5.34046692607	0.00556477301053
5.35505836576	0.00527305552653
5.36964980545	0.00499247974525
5.38424124514	0.00472289414281
5.39883268483	0.00446413196667
5.41342412451	0.0042160121331
5.4280155642	0.00397834017073
5.44260700389	0.00375090920251
5.45719844358	0.00353350095865
5.47178988327	0.00332588681287
5.48638132296	0.0031278288344
5.50097276265	0.00293908084843
5.51556420234	0.00275938949769
5.53015564202	0.00258849529826
5.54474708171	0.00242613368325
5.5593385214	0.00227203602777
5.57392996109	0.00212593064987
5.58852140078	0.00198754378186
5.60311284047	0.00185660050739
5.61770428016	0.00173282565998
5.63229571985	0.00161594467933
5.64688715953	0.00150568442224
5.66147859922	0.00140177392544
5.67607003891	0.00130394511836
5.6906614786	0.00121193348421
5.70525291829	0.00112547866827
5.71984435798	0.00104432503294
5.73443579767	0.000968222159257
5.74902723736	0.000896925295361
5.76361867704	0.000830195752443
5.77821011673	0.000767801249327
5.79280155642	0.000709516207007
5.80739299611	0.000655121994806
5.8219844358	0.000604407130039
5.83657587549	0.000557167433304
5.85116731518	0.000513206141654
5.86575875487	0.000472333982083
5.88035019455	0.000434369207834
5.89494163424	0.000399137600123
5.90953307393	0.00036647243791
5.92412451362	0.000336214438372
5.93871595331	0.000308211670715
5.953307393	0.000282319445934
5.96789883269	0.000258400185088
5.98249027237	0.000236323268567
5.99708171206	0.000215964868768
6.01167315175	0.000197207768481
6.02626459144	0.000179941167201
6.04085603113	0.00016406047743
6.05544747082	0.000149467112958
6.07003891051	0.000136068270949
6.0846303502	0.000123776709537
6.09922178988	0.000112510522529
6.11381322957	0.000102192912638
6.12840466926	9.27519645944e-05
6.14299610895	8.41204193028e-05
6.15758754864	7.62354501337e-05
6.17217898833	6.90384422915e-05
6.18677042802	6.24747760995e-05
6.20136186771	5.64936149316e-05
6.21595330739	5.1047698414e-05
6.23054474708	4.60931414294e-05
6.24513618677	4.15892393599e-05
6.25972762646	3.74982799251e-05
6.27431906615	3.37853618904e-05
6.28891050584	3.04182208525e-05
6.30350194553	2.73670622426e-05
6.31809338522	2.4604401627e-05
6.3326848249	2.21049123358e-05
6.34727626459	1.98452803989e-05
6.36186770428	1.78040667294e-05
6.37645914397	1.59615764563e-05
6.39105058366	1.42997352771e-05
6.40564202335	1.28019726733e-05
6.42023346304	1.14531118085e-05
6.43482490272	1.02392659101e-05
6.44941634241	9.14774091977e-06
6.4640077821	8.16694418472e-06
6.47859922179	7.28629895471e-06
6.49319066148	6.49616444055e-06
6.50778210117	5.78776118756e-06
6.52237354086	5.15310151475e-06
6.53696498055	4.58492477073e-06
6.55155642023	4.07663715869e-06
6.56614785992	3.62225588631e-06
6.58073929961	3.21635740061e-06
6.5953307393	2.85402947311e-06
6.60992217899	2.53082690739e-06
6.62451361868	2.24273064766e-06
6.63910505837	1.98611007517e-06
6.65369649806	1.75768828695e-06
6.66828793774	1.55451016005e-06
6.68287937743	1.37391301314e-06
6.69747081712	1.21349968588e-06
6.71206225681	1.07111386572e-06
6.7266536965	9.4481750017e-07
6.74124513619	8.32870141794e-07
6.75583657588	7.33710081366e-07
6.77042801557	6.45937133377e-07
6.78501945525	5.68296946118e-07
6.79961089494	4.99666716573e-07
6.81420233463	4.39042198052e-07
6.82879377432	3.85525895864e-07
6.84338521401	3.38316353402e-07
6.8579766537	2.96698437806e-07
6.87256809339	2.60034540783e-07
6.88715953308	2.27756616271e-07
6.90175097276	1.99358982455e-07
6.91634241245	1.74391821059e-07
6.93093385214	1.52455312032e-07
6.94552529183	1.33194346554e-07
6.96011673152	1.16293765825e-07
6.97470817121	1.01474077364e-07
6.9892996109	8.84876044829e-08
7.00389105058	7.71150283062e-08
7.01848249027	6.71622851424e-08
7.03307392996	5.8457785189e-08
7.04766536965	5.08499215256e-08
7.06225680934	4.42048410672e-08
7.07684824903	3.84044516824e-08
7.09143968872	3.33446420076e-08
7.10603112841	2.89336926315e-08
7.12062256809	2.50908592934e-08
7.13521400778	2.17451105494e-08
7.14980544747	1.88340040135e-08
7.16439688716	1.63026868047e-08
7.17898832685	1.41030072106e-08
7.19357976654	1.21927258471e-08
7.20817120623	1.05348157457e-08
7.22276264592	9.09684185279e-09
7.2373540856	7.85041137417e-09
7.25194552529	6.7706872723e-09
7.26653696498	5.83595800214e-09
7.28112840467	5.02725729063e-09
7.29571984436	4.32802840331e-09
7.31031128405	3.72382792772e-09
7.32490272374	3.20206462584e-09
7.33949416343	2.75176938397e-09
7.35408560311	2.3633927131e-09
7.3686770428	2.02862663831e-09
7.38326848249	1.74024815881e-09
7.39785992218	1.49198177214e-09
7.41245136187	1.27837883159e-09
7.42704280156	1.09471175601e-09
7.44163424125	9.36881332563e-10
7.45622568094	8.01335553371e-10
7.47081712062	6.84998603043e-10
7.48540856031	5.85208774231e-10
7.5	4.99664227611e-10
7.51459143969	4.26375640922e-10
7.52918287938	3.63624903738e-10
7.54377431907	3.09929107001e-10
7.55836575876	2.64009176528e-10
7.57295719844	2.24762569552e-10
7.58754863813	1.91239524492e-10
7.60214007782	1.62622416953e-10
7.61673151751	1.38207828014e-10
7.6313229572	1.17390979891e-10
7.64591439689	9.9652235648e-11
7.66050583658	8.45453976697e-11
7.67509727627	7.16875721856e-11
7.68968871595	6.07503965059e-11
7.70428015564	5.14524509124e-11
7.71887159533	4.35526999038e-11
7.73346303502	3.68448268874e-11
7.74805447471	3.11523441857e-11
7.7626459144	2.63243749898e-11
7.77723735409	2.22320174733e-11
7.79182879378	1.87652128402e-11
7.80642023346	1.58300492956e-11
7.82101167315	1.33464427963e-11
7.83560311284	1.12461433455e-11
7.85019455253	9.47102218749e-12
7.86478599222	7.97160139673e-12
7.87937743191	6.70579234741e-12
7.8939688716	5.6378141394e-12
7.90856031129	4.73726690141e-12
7.92315175097	3.97833833847e-12
7.93774319066	3.33912479546e-12
7.95233463035	2.80105070894e-12
7.96692607004	2.34837248905e-12
7.98151750973	1.96775486127e-12
7.99610894942	1.64790929343e-12
8.01070038911	1.37928562676e-12
8.0252918288	1.15380924122e-12
8.03988326848	9.64657188003e-13
8.05447470817	8.06067621832e-13
8.06906614786	6.73177697288e-13
8.08365758755	5.61885750036e-13
8.09824902724	4.68734217462e-13
8.11284046693	3.90810227457e-13
8.12743190662	3.25661249806e-13
8.1420233463	2.71223569742e-13
8.15661478599	2.25761677336e-13
8.17120622568	1.87816932242e-13
8.18579766537	1.56164120125e-13
8.20038910506	1.29774701449e-13
8.21498054475	1.07785750019e-13
8.22957198444	8.94737108851e-14
8.24416342413	7.4232246857e-14
8.25875486381	6.15535455548e-14
8.2733463035	5.10125590876e-14
8.28793774319	4.22537219283e-14
8.30252918288	3.49797666485e-14
8.31712062257	2.89423088151e-14
8.33171206226	2.39339299656e-14
8.34630350195	1.97815210269e-14
8.36089494164	1.63406909616e-14
8.37548638132	1.34910720138e-14
8.39007782101	1.1132380836e-14
8.4046692607	9.18111515092e-15
8.41926070039	7.56778604626e-15
8.43385214008	6.23459890501e-15
8.44844357977	5.13351329178e-15
8.46303501946	4.22461941469e-15
8.47762645915	3.47478109774e-15
8.49221789883	2.85650172042e-15
8.50680933852	2.34697758589e-15
8.52140077821	1.9273075422e-15
8.5359922179	1.58183421938e-15
8.55058365759	1.29759449592e-15
8.56517509728	1.06386208291e-15
8.57976653697	8.71766510611e-16
8.59435797666	7.1397626156e-16
8.60894941634	5.84435115373e-16
8.62354085603	4.78143209174e-16
8.63813229572	3.90975041653e-16
8.65272373541	3.19528559931e-16
8.6673151751	2.6099976659e-16
8.68190661479	2.13078962402e-16
8.69649805448	1.73864628225e-16
8.71108949416	1.41792192951e-16
8.72568093385	1.15575025667e-16
8.74027237354	9.41556730209e-17
8.75486381323	7.66654976362e-17
8.76945525292	6.23913935205e-17
8.78404669261	5.07482216701e-17
8.7986381323	4.12561419088e-17
8.81322957199	3.3521867567e-17
8.82782101167	2.7223240278e-17
8.84241245136	2.2096503438e-17
8.85700389105	1.79258471293e-17
8.87159533074	1.45347734071e-17
8.88618677043	1.17790346125e-17
8.90077821012	9.5407848269e-18
8.91536964981	7.72381287683e-18
8.9299610895	6.24960720375e-18
8.94455252918	5.05414033462e-18
8.95914396887	4.08522030061e-18
8.97373540856	3.30033179267e-18
8.98832684825	2.66485488482e-18
9.00291828794	2.15062165605e-18
9.01750972763	1.73471827658e-18
9.03210116732	1.39852012974e-18
9.04669260701	1.12689430757e-18
9.06128404669	9.07554530217e-19
9.07587548638	7.30528512407e-19
9.09046692607	5.87728719577e-19
9.10505836576	4.72597489249e-19
9.11964980545	3.79823871024e-19
9.13424124514	3.05104859405e-19
9.14883268483	2.44958481528e-19
9.16342412452	1.96567617868e-19
9.1780155642	1.57655219457e-19
9.19260700389	1.26380682965e-19
9.20719844358	1.01258150125e-19
9.22178988327	8.10876936433e-20
9.23638132296	6.49019926083e-20
9.25097276265	5.19204454916e-20
9.26556420234	4.15143085459e-20
9.28015564202	3.31768062371e-20
9.29474708171	2.65002703722e-20
9.3093385214	2.11564780484e-20
9.32392996109	1.6881649274e-20
9.33852140078	1.34635967434e-20
9.35311284047	1.07322301562e-20
9.36770428016	8.55061992858e-21
9.38229571985	6.80907618689e-21
9.39688715953	5.41947698105e-21
9.41147859922	4.31129382794e-21
9.42607003891	3.42794703124e-21
9.4406614786	2.72422436396e-21
9.45525291829	2.16382722234e-21
9.46984435798	1.71786604952e-21
9.48443579767	1.36314023912e-21
9.49902723736	1.08113534836e-21
9.51361867704	8.57029147488e-22
9.52821011673	6.79048646018e-22
9.54280155642	5.37752431517e-22
9.55739299611	4.25649406397e-22
9.5719844358	3.36728569683e-22
9.58657587549	2.66260666775e-22
9.60116731518	2.10435689219e-22
9.61575875487	1.66242043252e-22
9.63035019455	1.31261630176e-22
9.64494163424	1.03592757975e-22
9.65953307393	8.17110157565e-23
9.67412451362	6.44215075845e-23
9.68871595331	5.07578159035e-23
9.703307393	3.99766539085e-23
9.71789883269	3.14705333096e-23
9.73249027237	2.4765221844e-23
9.74708171206	1.94793453294e-23
9.76167315175	1.53142626333e-23
9.77626459144	1.20314725495e-23
9.79085603113	9.44867652899e-24
9.80544747082	7.41415332537e-24
9.82003891051	5.81693700015e-24
9.8346303502	4.56223671102e-24
9.84922178988	3.5780732111e-24
9.86381322957	2.80436740427e-24
9.87840466926	2.19759393538e-24
9.89299610895	1.72082306394e-24
9.90758754864	1.34684512782e-24
9.92217898833	1.05294650358e-24
9.93677042802	8.23259825719e-25
9.95136186771	6.431422567e-25
9.96595330739	5.02744781861e-25
9.98054474708	3.92676254193e-25
9.99513618677	3.0663279415e-25
10.0097276265	2.39111360578e-25
10.0243190661	1.86487171922e-25
10.0389105058	1.4497846519e-25
10.0535019455	1.12895797312e-25
10.0680933852	8.79773846504e-26
10.0826848249	6.87517026783e-26
10.0972762646	5.37070753434e-26
10.1118677043	4.19571788781e-26
10.126459144	3.27422220308e-26
10.1410505837	2.56644350545e-26
10.1556420233	2.00683503502e-26
10.170233463	1.5759315944e-26
10.1848249027	1.24446402016e-26
10.1994163424	9.88763883724e-27
10.2140077821	7.87990203889e-27
10.2285992218	6.34952639736e-27
10.2431906615	5.14264808649e-27
10.2577821012	4.22159268272e-27
10.2723735409	3.52112971946e-27
10.2869649805	2.97915068903e-27
10.3015564202	2.57535424672e-27
10.3161478599	2.2690710409e-27
10.3307392996	2.02791695748e-27
10.3453307393	1.82739466488e-27
10.359922179	1.68421736517e-27
10.3745136187	1.58375605093e-27
10.3891050584	1.54095108636e-27
10.4036964981	1.49961823693e-27
10.4182879377	1.47265618667e-27
10.4328793774	1.43871410804e-27
10.4474708171	1.4258722303e-27
10.4620622568	1.40116603695e-27
10.4766536965	1.39978228352e-27
10.4912451362	1.41069156719e-27
10.5058365759	1.47616066069e-27
10.5204280156	1.49533936122e-27
10.5350194553	1.51244882809e-27
10.5496108949	1.50434893883e-27
10.5642023346	1.50883758593e-27
10.5787937743	1.49489042651e-27
10.593385214	1.50352425003e-27
10.6079766537	1.51475303542e-27
10.6225680934	1.57792340746e-27
10.6371595331	1.58067865518e-27
10.6517509728	1.57925687855e-27
10.6663424125	1.55403211108e-27
10.6809338521	1.54431970686e-27
10.6955252918	1.51913176666e-27
10.7101167315	1.52215182696e-27
10.7247081712	1.52259906298e-27
10.7392996109	1.56456783345e-27
10.7538910506	1.56109388355e-27
10.7684824903	1.56413168259e-27
10.78307393	1.55104271005e-27
10.7976653697	1.56045107496e-27
10.8122568093	1.53698558309e-27
10.826848249	1.53147258173e-27
10.8414396887	1.53513709422e-27
10.8560311284	1.58830359261e-27
10.8706225681	1.58794558939e-27
10.8852140078	1.57582541314e-27
10.8998054475	1.54006513038e-27
10.9143968872	1.53349904786e-27
10.9289883268	1.49767254681e-27
10.9435797665	1.47936757449e-27
10.9581712062	1.46064071369e-27
10.9727626459	1.50295538642e-27
10.9873540856	1.49665130044e-27
11.0019455253	1.48419562801e-27
11.016536965	1.46662707983e-27
11.0311284047	1.46596871994e-27
11.0457198444	1.46575942628e-27
11.060311284	1.50166716446e-27
11.0749027237	1.53902599222e-27
11.0894941634	1.65013797938e-27
11.1040856031	1.75807107196e-27
11.1186770428	1.92042240888e-27
11.1332684825	2.1317305854e-27
11.1478599222	2.45688281737e-27
11.1624513619	2.88860446751e-27
11.1770428016	3.5212922558e-27
11.1916342412	4.39254005429e-27
11.2062256809	5.63050425102e-27
11.2208171206	7.18743323557e-27
11.2354085603	9.46901541768e-27
11.25	1.15541545249e-26
11.2645914397	9.41752622457e-27
11.2791828794	7.06769966091e-27
11.2937743191	5.41815173073e-27
11.3083657588	4.13127466671e-27
11.3229571984	3.1810349885e-27
11.3375486381	2.45166055321e-27
11.3521400778	1.91035006236e-27
11.3667315175	1.49160017197e-27
11.3813229572	1.17477668519e-27
11.3959143969	9.37879156791e-28
11.4105058366	7.63469955477e-28
11.4250972763	6.33854137761e-28
11.439688716	5.3738662343e-28
11.4542801556	4.64339760514e-28
11.4688715953	4.10845395299e-28
11.483463035	3.70792621811e-28
11.4980544747	3.39987282046e-28
11.5126459144	3.23610651722e-28
11.5272373541	3.06318700994e-28
11.5418287938	2.93283347609e-28
11.5564202335	2.86137708691e-28
11.5710116732	2.82063754763e-28
11.5856031128	2.77832880354e-28
11.6001945525	2.79472897793e-28
11.6147859922	2.78951203677e-28
11.6293774319	2.84688118673e-28
11.6439688716	2.84711066106e-28
11.6585603113	2.82775550123e-28
11.673151751	2.73704669758e-28
11.6877431907	2.75472361594e-28
11.7023346304	2.75955454317e-28
11.71692607	2.80164036141e-28
11.7315175097	2.83668072793e-28
11.7461089494	2.93924019388e-28
11.7607003891	3.06445776231e-28
11.7752918288	3.23855468415e-28
11.7898832685	3.38193152145e-28
11.8044747082	3.56350515503e-28
11.8190661479	3.74560501427e-28
11.8336575876	3.92277285889e-28
11.8482490272	4.0654505082e-28
11.8628404669	4.31896169002e-28
11.8774319066	4.55517227527e-28
11.8920233463	4.71996857439e-28
11.906614786	4.79058263751e-28
11.9212062257	4.86801938446e-28
11.9357976654	4.87962325435e-28
11.9503891051	4.91373509457e-28
11.9649805447	4.88344380254e-28
11.9795719844	4.86959628284e-28
11.9941634241	4.83563639619e-28
12.0087548638	4.79149594087e-28
12.0233463035	4.67304905254e-28
12.0379377432	4.64722906468e-28
12.0525291829	4.63228740322e-28
12.0671206226	4.5858844701e-28
12.0817120623	4.52362824691e-28
12.0963035019	4.52289926097e-28
12.1108949416	4.534137426e-28
12.1254863813	4.61241288531e-28
12.140077821	4.74269904326e-28
12.1546692607	4.81772375631e-28
12.1692607004	4.85449075681e-28
12.1838521401	4.87378701498e-28
12.1984435798	4.81566213215e-28
12.2130350195	4.78039942602e-28
12.2276264591	4.78799149984e-28
12.2422178988	4.79869303961e-28
12.2568093385	4.87352962683e-28
12.2714007782	4.96394744372e-28
12.2859922179	5.01539965187e-28
12.3005836576	5.08849741071e-28
12.3151750973	5.10957871324e-28
12.329766537	5.10579237833e-28
12.3443579767	5.14177425726e-28
12.3589494163	5.14251586249e-28
12.373540856	5.23550148901e-28
12.3881322957	5.33145866561e-28
12.4027237354	5.37330566699e-28
12.4173151751	5.35334574577e-28
12.4319066148	5.31826954984e-28
12.4464980545	5.26555994306e-28
12.4610894942	5.28959943115e-28
12.4756809339	5.33794735186e-28
12.4902723735	5.48607356242e-28
12.5048638132	5.56786628926e-28
12.5194552529	5.64032071547e-28
12.5340466926	5.64507583442e-28
12.5486381323	5.6238316126e-28
12.563229572	5.59716665358e-28
12.5778210117	5.61208823496e-28
12.5924124514	5.6136543007e-28
12.6070038911	5.76908007788e-28
12.6215953307	5.77795577564e-28
12.6361867704	5.74644308227e-28
12.6507782101	5.63372949545e-28
12.6653696498	5.5552814772e-28
12.6799610895	5.51327386679e-28
12.6945525292	5.59014485616e-28
12.7091439689	5.71927629984e-28
12.7237354086	6.06158452876e-28
12.7383268483	6.24797146945e-28
12.7529182879	6.3118765659e-28
12.7675097276	6.22713201915e-28
12.7821011673	6.19049509114e-28
12.796692607	6.11798866391e-28
12.8112840467	6.19442857604e-28
12.8258754864	6.35949911215e-28
12.8404669261	6.70290160917e-28
12.8550583658	6.80413926054e-28
12.8696498054	6.86822543384e-28
12.8842412451	6.79316841774e-28
12.8988326848	6.68432017965e-28
12.9134241245	6.62617227541e-28
12.9280155642	6.72051673961e-28
12.9426070039	6.78311790497e-28
12.9571984436	7.00880561054e-28
12.9717898833	7.04216071203e-28
12.986381323	7.07630439721e-28
13.0009727626	6.99218920767e-28
13.0155642023	6.91367308336e-28
13.030155642	6.8152707718e-28
13.0447470817	6.84499529077e-28
13.0593385214	6.93259996091e-28
13.0739299611	7.31016921861e-28
13.0885214008	7.47767799161e-28
13.1031128405	7.52426283667e-28
13.1177042802	7.45574780057e-28
13.1322957198	7.41347801079e-28
13.1468871595	7.32120932623e-28
13.1614785992	7.41024580117e-28
13.1760700389	7.61485241934e-28
13.1906614786	8.03768991951e-28
13.2052529183	8.13149445581e-28
13.219844358	8.2396291792e-28
13.2344357977	8.16308154014e-28
13.2490272374	8.08317105828e-28
13.263618677	8.05412872019e-28
13.2782101167	8.14020269504e-28
13.2928015564	8.18906633372e-28
13.3073929961	8.53411280087e-28
13.3219844358	8.67836676765e-28
13.3365758755	8.74436629685e-28
13.3511673152	8.60743240768e-28
13.3657587549	8.50221799265e-28
13.3803501946	8.32971933147e-28
13.3949416342	8.29539098002e-28
13.4095330739	8.38797350112e-28
13.4241245136	8.76227027916e-28
13.4387159533	8.82530686466e-28
13.453307393	8.8964286298e-28
13.4678988327	8.85909380375e-28
13.4824902724	8.85112212446e-28
13.4970817121	8.68563070775e-28
13.5116731518	8.77649297869e-28
13.5262645914	8.93863244981e-28
13.5408560311	9.37386866938e-28
13.5554474708	9.56260315222e-28
13.5700389105	9.71454002774e-28
13.5846303502	9.65282318562e-28
13.5992217899	9.5993132454e-28
13.6138132296	9.53392485344e-28
13.6284046693	9.62841591917e-28
13.642996109	9.68478370476e-28
13.6575875486	1.01795994756e-27
13.6721789883	1.03583031657e-27
13.686770428	1.04012894328e-27
13.7013618677	1.033585125e-27
13.7159533074	1.04032398509e-27
13.7305447471	1.0366009398e-27
13.7451361868	1.04035274047e-27
13.7597276265	1.0485805639e-27
13.7743190661	1.09211417741e-27
13.7889105058	1.0959845225e-27
13.8035019455	1.10007435128e-27
13.8180933852	1.08156874869e-27
13.8326848249	1.06968823483e-27
13.8472762646	1.06026711562e-27
13.8618677043	1.07324706523e-27
13.876459144	1.08422762036e-27
13.8910505837	1.12637460893e-27
13.9056420233	1.13623962917e-27
13.920233463	1.14363114241e-27
13.9348249027	1.12991581222e-27
13.9494163424	1.13111244843e-27
13.9640077821	1.12774998786e-27
13.9785992218	1.13966243427e-27
13.9931906615	1.14851596699e-27
14.0077821012	1.20059911231e-27
14.0223735409	1.20952346497e-27
14.0369649805	1.20580400768e-27
14.0515564202	1.18849046215e-27
14.0661478599	1.18198212938e-27
14.0807392996	1.16155933703e-27
14.0953307393	1.16826753864e-27
14.109922179	1.18286571874e-27
14.1245136187	1.23527303443e-27
14.1391050584	1.2386076318e-27
14.1536964981	1.23892318605e-27
14.1682879377	1.21743556113e-27
14.1828793774	1.20428351218e-27
14.1974708171	1.18615769153e-27
14.2120622568	1.18631678551e-27
14.2266536965	1.18500797707e-27
14.2412451362	1.23438837962e-27
14.2558365759	1.24861475864e-27
14.2704280156	1.25503950069e-27
14.2850194553	1.23245220297e-27
14.2996108949	1.22537451519e-27
14.3142023346	1.20946945082e-27
14.3287937743	1.20997192902e-27
14.343385214	1.21715881161e-27
14.3579766537	1.26899346324e-27
14.3725680934	1.27376137858e-27
14.3871595331	1.26327888565e-27
14.4017509728	1.23497321261e-27
14.4163424125	1.22310326263e-27
14.4309338521	1.19512077965e-27
14.4455252918	1.19223881211e-27
14.4601167315	1.19034106148e-27
14.4747081712	1.22445069575e-27
14.4892996109	1.22352075237e-27
14.5038910506	1.2257251908e-27
14.5184824903	1.20761097071e-27
14.53307393	1.20230115968e-27
14.5476653697	1.19337329526e-27
14.5622568093	1.19531533789e-27
14.576848249	1.19130814165e-27
14.5914396887	1.23636288535e-27
14.6060311284	1.23929340123e-27
14.6206225681	1.23686495321e-27
14.6352140078	1.20413755006e-27
14.6498054475	1.18592692889e-27
14.6643968872	1.1644901216e-27
14.6789883268	1.1525118562e-27
14.6935797665	1.13732411751e-27
14.7081712062	1.15831571676e-27
14.7227626459	1.14072756674e-27
14.7373540856	1.12300332582e-27
14.7519455253	1.08305618618e-27
14.766536965	1.06046794198e-27
14.7811284047	1.01808466166e-27
14.7957198444	9.97193169683e-28
14.810311284	9.70314765577e-28
14.8249027237	9.6088738089e-28
14.8394941634	9.14084363404e-28
14.8540856031	8.63537429864e-28
14.8686770428	8.01526850971e-28
14.8832684825	7.63767508507e-28
14.8978599222	7.40044808326e-28
14.9124513619	7.52442104119e-28
14.9270428016	8.09052392046e-28
14.9416342412	9.75105166458e-28
14.9562256809	1.25204653849e-27
14.9708171206	1.70384557298e-27
14.9854085603	2.55843579156e-27
15.0	3.45391154093e-27
