-14.9854085603	2.06769525388e-27
-14.9708171206	1.22048177299e-27
-14.9562256809	7.3769354141e-28
-14.9416342412	4.31704356388e-28
-14.9270428016	2.54338118972e-28
-14.9124513619	1.52823194857e-28
-14.8978599222	1.03830031181e-28
-14.8832684825	8.19138445155e-29
-14.8686770428	8.13431836682e-29
-14.8540856031	8.73476393649e-29
-14.8394941634	9.91679495961e-29
-14.8249027237	1.02201528811e-28
-14.810311284	1.16212362491e-28
-14.7957198444	1.27724465357e-28
-14.7811284047	1.43829092635e-28
-14.766536965	1.55983522929e-28
-14.7519455253	1.68056928315e-28
-14.7373540856	1.74006584532e-28
-14.7227626459	1.77920860114e-28
-14.7081712062	1.67000972558e-28
-14.6935797665	1.70402131001e-28
-14.6789883268	1.73274710405e-28
-14.6643968872	1.82339426739e-28
-14.6498054475	1.87804113117e-28
-14.6352140078	1.98408205328e-28
-14.6206225681	1.98935318688e-28
-14.6060311284	1.97901308972e-28
-14.5914396887	1.84070121017e-28
-14.576848249	1.83466462549e-28
-14.5622568093	1.83839769577e-28
-14.5476653696	1.93072906476e-28
-14.53307393	1.96712714118e-28
-14.5184824903	2.0486027201e-28
-14.5038910506	2.06069404508e-28
-14.4892996109	2.07140031406e-28
-14.4747081712	1.9245713235e-28
-14.4601167315	1.91756133076e-28
-14.4455252918	1.91499286749e-28
-14.4309338521	1.9833961099e-28
-14.4163424125	1.99780419213e-28
-14.4017509728	2.0593782682e-28
-14.3871595331	2.04815876686e-28
-14.3725680934	2.03003495196e-28
-14.3579766537	1.84673399227e-28
-14.343385214	1.80375703985e-28
-14.3287937743	1.78384955902e-28
-14.3142023346	1.83825252118e-28
-14.2996108949	1.85782319221e-28
-14.2850194553	1.92986641705e-28
-14.2704280156	1.92957495211e-28
-14.2558365759	1.91919515998e-28
-14.2412451362	1.75229917054e-28
-14.2266536965	1.73456796548e-28
-14.2120622568	1.71092515886e-28
-14.1974708171	1.76960078697e-28
-14.1828793774	1.78295145884e-28
-14.1682879377	1.84429144097e-28
-14.1536964981	1.84088427011e-28
-14.1391050584	1.82276909961e-28
-14.1245136187	1.65080386979e-28
-14.109922179	1.63103496e-28
-14.0953307393	1.616348985e-28
-14.0807392996	1.66773372271e-28
-14.0661478599	1.68608893205e-28
-14.0515564202	1.74191312176e-28
-14.0369649805	1.73076187619e-28
-14.0223735409	1.7096147937e-28
-14.0077821012	1.52338375761e-28
-13.9931906615	1.48041390597e-28
-13.9785992218	1.4475141611e-28
-13.9640077821	1.48325717803e-28
-13.9494163424	1.48156260908e-28
-13.9348249027	1.53097767535e-28
-13.920233463	1.51705649501e-28
-13.9056420233	1.49338001312e-28
-13.8910505837	1.34710272817e-28
-13.876459144	1.32587472169e-28
-13.8618677043	1.32045970382e-28
-13.8472762646	1.37166757087e-28
-13.8326848249	1.3891399121e-28
-13.8180933852	1.45192106745e-28
-13.8035019455	1.47386262864e-28
-13.7889105058	1.46714660217e-28
-13.7743190661	1.34793878692e-28
-13.7597276265	1.33751927015e-28
-13.7451361868	1.34641744556e-28
-13.7305447471	1.41341043643e-28
-13.7159533074	1.44074806821e-28
-13.7013618677	1.47960677694e-28
-13.686770428	1.48392831592e-28
-13.6721789883	1.46365625774e-28
-13.6575875486	1.3113833674e-28
-13.6429961089	1.27417601271e-28
-13.6284046693	1.24872587206e-28
-13.6138132296	1.2396301701e-28
-13.5992217899	1.21898575273e-28
-13.5846303502	1.23494392963e-28
-13.5700389105	1.20797910378e-28
-13.5554474708	1.15628064725e-28
-13.5408560311	1.01618831017e-28
-13.5262645914	9.92967437453e-29
-13.5116731518	9.78986799314e-29
-13.4970817121	9.87971479128e-29
-13.4824902724	9.87238762891e-29
-13.4678988327	1.02072058298e-28
-13.453307393	1.02722935317e-28
-13.4387159533	1.01398217038e-28
-13.4241245136	9.26812231705e-29
-13.4095330739	9.29132565645e-29
-13.3949416342	9.34519400158e-29
-13.3803501946	9.64632530411e-29
-13.3657587549	9.81890864444e-29
-13.3511673152	1.01852907991e-28
-13.3365758755	1.04465946192e-28
-13.3219844358	1.06002620275e-28
-13.3073929961	1.0127129483e-28
-13.2928015564	1.02193186264e-28
-13.2782101167	1.05536520942e-28
-13.263618677	1.08773833749e-28
-13.2490272374	1.10558117476e-28
-13.2344357977	1.15178500323e-28
-13.219844358	1.18605798307e-28
-13.2052529183	1.20585179909e-28
-13.1906614786	1.21064641376e-28
-13.1760700389	1.25565715401e-28
-13.1614785992	1.29826046178e-28
-13.1468871595	1.33349237533e-28
-13.1322957198	1.35762595439e-28
-13.1177042802	1.38089100818e-28
-13.1031128405	1.4069134547e-28
-13.0885214008	1.40957069635e-28
-13.0739299611	1.36197577576e-28
-13.0593385214	1.36915035455e-28
-13.0447470817	1.40750340496e-28
-13.030155642	1.41557705021e-28
-13.0155642023	1.45211630888e-28
-13.0009727626	1.48078756652e-28
-12.986381323	1.53112863737e-28
-12.9717898833	1.56772478965e-28
-12.9571984436	1.60007766246e-28
-12.9426070039	1.63374376262e-28
-12.9280155642	1.67504479081e-28
-12.9134241245	1.69785989061e-28
-12.8988326848	1.73983529365e-28
-12.8842412451	1.79248963368e-28
-12.8696498054	1.86821699078e-28
-12.8550583658	1.94586166653e-28
-12.8404669261	2.06773092258e-28
-12.8258754864	2.15789069002e-28
-12.8112840467	2.25611889588e-28
-12.796692607	2.31095650545e-28
-12.7821011673	2.35324586372e-28
-12.7675097276	2.36147906846e-28
-12.7529182879	2.41771606998e-28
-12.7383268482	2.41597964732e-28
-12.7237354086	2.42472080444e-28
-12.7091439689	2.41010800831e-28
-12.6945525292	2.42254155281e-28
-12.6799610895	2.39226070199e-28
-12.6653696498	2.37283992842e-28
-12.6507782101	2.35995372063e-28
-12.6361867704	2.38878422632e-28
-12.6215953307	2.44409812163e-28
-12.6070038911	2.54648817007e-28
-12.5924124514	2.57644905112e-28
-12.5778210117	2.61544727744e-28
-12.563229572	2.58344220093e-28
-12.5486381323	2.578457948e-28
-12.5340466926	2.60607540678e-28
-12.5194552529	2.69514556453e-28
-12.5048638132	2.81172692866e-28
-12.4902723735	3.05647969285e-28
-12.4756809339	3.22485139224e-28
-12.4610894942	3.35872199102e-28
-12.4464980545	3.40114590923e-28
-12.4319066148	3.44328499236e-28
-12.4173151751	3.44490342871e-28
-12.4027237354	3.49512697707e-28
-12.3881322957	3.52195885386e-28
-12.373540856	3.65526108465e-28
-12.3589494163	3.72081583095e-28
-12.3443579767	3.77614828012e-28
-12.329766537	3.7220782555e-28
-12.3151750973	3.71554025725e-28
-12.3005836576	3.6761070423e-28
-12.2859922179	3.7489809264e-28
-12.2714007782	3.87086138638e-28
-12.2568093385	4.13216169319e-28
-12.2422178988	4.25620889161e-28
-12.2276264591	4.37801933264e-28
-12.2130350195	4.37313390808e-28
-12.1984435798	4.4016960129e-28
-12.1838521401	4.38589715841e-28
-12.1692607004	4.43105784496e-28
-12.1546692607	4.5089839578e-28
-12.140077821	4.78059615301e-28
-12.1254863813	4.83425848805e-28
-12.1108949416	4.85149034719e-28
-12.0963035019	4.73671842118e-28
-12.0817120623	4.69098231936e-28
-12.0671206226	4.66336583111e-28
-12.0525291829	4.74450524783e-28
-12.0379377432	4.84957357159e-28
-12.0233463035	5.13221124807e-28
-12.0087548638	5.21546206319e-28
-11.9941634241	5.31898470285e-28
-11.9795719844	5.30846174536e-28
-11.9649805447	5.35517068691e-28
-11.9503891051	5.3579165082e-28
-11.9357976654	5.49441882035e-28
-11.9212062257	5.74833201138e-28
-11.906614786	6.25085618566e-28
-11.8920233463	6.46504835295e-28
-11.8774319066	6.61908268047e-28
-11.8628404669	6.51051397063e-28
-11.8482490272	6.42746097862e-28
-11.8336575875	6.31180292482e-28
-11.8190661479	6.31969897917e-28
-11.8044747082	6.38596854893e-28
-11.7898832685	6.68367448078e-28
-11.7752918288	6.71781485495e-28
-11.7607003891	6.65838358867e-28
-11.7461089494	6.48142527237e-28
-11.7315175097	6.39525961166e-28
-11.71692607	6.32548319903e-28
-11.7023346304	6.37460276526e-28
-11.6877431907	6.34234960991e-28
-11.673151751	6.54873930138e-28
-11.6585603113	6.56955165408e-28
-11.6439688716	6.52209027532e-28
-11.6293774319	6.33442942576e-28
-11.6147859922	6.22520527056e-28
-11.6001945525	6.06495419933e-28
-11.5856031128	6.12038493793e-28
-11.5710116732	6.2542163136e-28
-11.5564202335	6.61473386959e-28
-11.5418287938	6.61639122431e-28
-11.5272373541	6.62603914931e-28
-11.5126459144	6.45020322695e-28
-11.4980544747	6.28325939657e-28
-11.483463035	6.17542431085e-28
-11.4688715953	6.19654934486e-28
-11.4542801556	6.33469426888e-28
-11.439688716	6.7646023252e-28
-11.4250972763	6.93558803811e-28
-11.4105058366	7.22164415018e-28
-11.3959143969	7.58853635966e-28
-11.3813229572	8.3856971095e-28
-11.3667315175	9.66435624744e-28
-11.3521400778	1.17197276598e-27
-11.3375486381	1.46656694207e-27
-11.3229571984	1.89405315672e-27
-11.3083657588	2.46638513006e-27
-11.2937743191	3.29364610587e-27
-11.2791828794	4.39980932173e-27
-11.2645914397	6.07642053542e-27
-11.25	7.63816827929e-27
-11.2354085603	5.95286278424e-27
-11.2208171206	4.19696567556e-27
-11.2062256809	3.02633092298e-27
-11.1916342412	2.1423617705e-27
-11.1770428016	1.51958362458e-27
-11.1624513619	1.0646073242e-27
-11.1478599222	7.4537498982e-28
-11.1332684825	5.20483759257e-28
-11.1186770428	3.64592381103e-28
-11.1040856031	2.60353360072e-28
-11.0894941634	1.86048323082e-28
-11.0749027237	1.52065918022e-28
-11.060311284	1.37482834233e-28
-11.0457198444	1.39228739387e-28
-11.0311284047	1.48147968874e-28
-11.016536965	1.6546581309e-28
-11.0019455253	1.78601173521e-28
-10.9873540856	1.94559902267e-28
-10.9727626459	1.94125609431e-28
-10.9581712062	2.08811180099e-28
-10.9435797665	2.28925892803e-28
-10.9289883268	2.57249426105e-28
-10.9143968872	2.79843194509e-28
-10.8998054475	3.02947045278e-28
-10.8852140078	3.19277648512e-28
-10.8706225681	3.23368123515e-28
-10.8560311284	3.05190222214e-28
-10.8414396887	3.09242423473e-28
-10.826848249	3.14811403537e-28
-10.8122568093	3.32161982183e-28
-10.7976653696	3.46904689661e-28
-10.78307393	3.60841498857e-28
-10.7684824903	3.66640914849e-28
-10.7538910506	3.67697028235e-28
-10.7392996109	3.49204467089e-28
-10.7247081712	3.52233756937e-28
-10.7101167315	3.56298009987e-28
-10.6955252918	3.71243493237e-28
-10.6809338521	3.81789041573e-28
-10.6663424125	3.93170764951e-28
-10.6517509728	3.93755304615e-28
-10.6371595331	3.8940435689e-28
-10.6225680934	3.62598813901e-28
-10.6079766537	3.58758778497e-28
-10.593385214	3.58724922872e-28
-10.5787937743	3.72109196396e-28
-10.5642023346	3.83019858399e-28
-10.5496108949	3.9796205201e-28
-10.5350194553	4.05219107176e-28
-10.5204280156	4.07630893736e-28
-10.5058365759	3.88555646365e-28
-10.4912451362	3.9243466411e-28
-10.4766536965	3.97107918344e-28
-10.4620622568	4.09999329726e-28
-10.4474708171	4.19329688681e-28
-10.4328793774	4.27900493398e-28
-10.4182879377	4.24492287908e-28
-10.4036964981	4.13819354257e-28
-10.3891050584	3.77716267364e-28
-10.3745136187	3.67189412972e-28
-10.359922179	3.60955087702e-28
-10.3453307393	3.66941655661e-28
-10.3307392996	3.70196233285e-28
-10.3161478599	3.75309722949e-28
-10.3015564202	3.71495719735e-28
-10.2869649805	3.62847571844e-28
-10.2723735409	3.3377327e-28
-10.2577821012	3.24121579639e-28
-10.2431906615	3.18125070389e-28
-10.2285992218	3.22356784653e-28
-10.2140077821	3.23359043687e-28
-10.1994163424	3.25975726565e-28
-10.1848249027	3.2273476132e-28
-10.170233463	3.14498394148e-28
-10.1556420233	2.89113897833e-28
-10.1410505837	2.84201035038e-28
-10.126459144	2.80271431197e-28
-10.1118677043	2.87414796515e-28
-10.0972762646	2.91376884881e-28
-10.0826848249	2.9536722589e-28
-10.0680933852	2.92956608683e-28
-10.0535019455	2.86632575884e-28
-10.0389105058	2.61083557893e-28
-10.0243190661	2.53279917223e-28
-10.0097276265	2.48170141083e-28
-9.99513618677	2.52020072036e-28
-9.98054474708	2.56881765864e-28
-9.96595330739	2.63796764071e-28
-9.9513618677	2.67462128353e-28
-9.93677042802	2.77579611688e-28
-9.92217898833	2.83347779026e-28
-9.90758754864	3.03990427466e-28
-9.89299610895	3.35637745795e-28
-9.87840466926	3.76818605889e-28
-9.86381322957	4.26982719495e-28
-9.84922178988	4.9675610774e-28
-9.83463035019	5.80779170039e-28
-9.82003891051	6.98558580102e-28
-9.80544747082	8.59316566194e-28
-9.79085603113	1.07132549348e-27
-9.77626459144	1.34973088496e-27
-9.76167315175	1.70827859131e-27
-9.74708171206	2.15903159801e-27
-9.73249027237	2.73019583394e-27
-9.71789883268	3.48205312842e-27
-9.703307393	4.46706366606e-27
-9.68871595331	5.76109210051e-27
-9.67412451362	7.39073728e-27
-9.65953307393	9.45866269513e-27
-9.64494163424	1.20731972094e-26
-9.63035019455	1.54049977276e-26
-9.61575875486	1.96641443959e-26
-9.60116731517	2.5122464504e-26
-9.58657587549	3.21717400691e-26
-9.5719844358	4.13023773479e-26
-9.55739299611	5.27445776945e-26
-9.54280155642	6.72745004755e-26
-9.52821011673	8.56501113958e-26
-9.51361867704	1.09066822838e-25
-9.49902723735	1.38948166132e-25
-9.48443579767	1.76967045312e-25
-9.46984435798	2.25502805085e-25
-9.45525291829	2.87627210588e-25
-9.4406614786	3.66146754804e-25
-9.42607003891	4.65909352045e-25
-9.41147859922	5.92602408012e-25
-9.39688715953	7.53538233992e-25
-9.38229571984	9.57917441186e-25
-9.36770428016	1.2176059739e-24
-9.35311284047	1.54756998448e-24
-9.33852140078	1.96705242504e-24
-9.32392996109	2.49750331015e-24
-9.3093385214	3.16924014172e-24
-9.29474708171	4.01934693891e-24
-9.28015564202	5.09580467359e-24
-9.26556420233	6.45754288613e-24
-9.25097276265	8.1802273256e-24
-9.23638132296	1.03595091176e-23
-9.22178988327	1.31151700277e-23
-9.20719844358	1.65913163785e-23
-9.19260700389	2.09787640753e-23
-9.1780155642	2.65126205857e-23
-9.16342412451	3.34924312075e-23
-9.14883268482	4.22913552273e-23
-9.13424124514	5.33789185055e-23
-9.11964980545	6.73455049418e-23
-9.10505836576	8.49336391045e-23
-9.09046692607	1.07054425421e-22
-9.07587548638	1.34870517273e-22
-9.06128404669	1.69829209686e-22
-9.046692607	2.13752547485e-22
-9.03210116731	2.6890663692e-22
-9.01750972763	3.38138263022e-22
-9.00291828794	4.24995487847e-22
-8.98832684825	5.33921850372e-22
-8.97373540856	6.70412018813e-22
-8.95914396887	8.41385411133e-22
-8.94455252918	1.05543576412e-21
-8.92996108949	1.32331417494e-21
-8.91536964981	1.65837572222e-21
-8.90077821012	2.07728977443e-21
-8.88618677043	2.60078017228e-21
-8.87159533074	3.25465102996e-21
-8.85700389105	4.07086236989e-21
-8.84241245136	5.08927966802e-21
-8.82782101167	6.35935389938e-21
-8.81322957198	7.9425022499e-21
-8.7986381323	9.91492884048e-21
-8.78404669261	1.23712123215e-20
-8.76945525292	1.54284859457e-20
-8.75486381323	1.92319539494e-20
-8.74027237354	2.39611264023e-20
-8.72568093385	2.98386049793e-20
-8.71108949416	3.71394196677e-20
-8.69649805447	4.62038948587e-20
-8.68190661479	5.74523909873e-20
-8.6673151751	7.14043488042e-20
-8.65272373541	8.87007937981e-20
-8.63813229572	1.10132777341e-19
-8.62354085603	1.36675205217e-19
-8.60894941634	1.69530805325e-19
-8.59435797665	2.10180371057e-19
-8.57976653696	2.60447939995e-19
-8.56517509728	3.22577902808e-19
-8.55058365759	3.99331142693e-19
-8.5359922179	4.94101611707e-19
-8.52140077821	6.11060434336e-19
-8.50680933852	7.55327626532e-19
-8.49221789883	9.3319066956e-19
-8.47762645914	1.15236188442e-18
-8.46303501945	1.42229927972e-18
-8.44844357977	1.7545935928e-18
-8.43385214008	2.16344330452e-18
-8.41926070039	2.66623015612e-18
-8.4046692607	3.28422443359e-18
-8.39007782101	4.04343659744e-18
-8.37548638132	4.97566509112e-18
-8.36089494163	6.11975604893e-18
-8.34630350195	7.52314660777e-18
-8.33171206226	9.24372895747e-18
-8.31712062257	1.13521224588e-17
-8.30252918288	1.39344186703e-17
-8.28793774319	1.70955258373e-17
-8.2733463035	2.09631989904e-17
-8.25875486381	2.56929581965e-17
-8.24416342412	3.14739985816e-17
-8.22957198444	3.85363773789e-17
-8.21498054475	4.71596805822e-17
-8.20038910506	5.76835110452e-17
-8.18579766537	7.05201450063e-17
-8.17120622568	8.61698378126e-17
-8.15661478599	1.05239231414e-16
-8.1420233463	1.28463650866e-16
-8.12743190661	1.56733879306e-16
-8.11284046693	1.9112847262e-16
-8.09824902724	2.32952634482e-16
-8.08365758755	2.83785007354e-16
-8.06906614786	3.45533904886e-16
-8.05447470817	4.20504971053e-16
-8.03988326848	5.11482325778e-16
-8.02529182879	6.21826196104e-16
-8.0107003891	7.5558983037e-16
-7.99610894942	9.17659896084e-16
-7.98151750973	1.11392458223e-15
-7.96692607004	1.3514750855e-15
-7.95233463035	1.63884671757e-15
-7.93774319066	1.98630754206e-15
-7.92315175097	2.40620329041e-15
-7.90856031128	2.91337002499e-15
-7.89396887159	3.52562650268e-15
-7.87937743191	4.26436242242e-15
-7.86478599222	5.15523992708e-15
-7.85019455253	6.229030341e-15
-7.83560311284	7.52261117865e-15
-7.82101167315	9.08015376487e-15
-7.80642023346	1.0954536674e-14
-7.79182879377	1.32090281304e-14
-7.77723735409	1.59192853657e-14
-7.7626459144	1.91757311008e-14
-7.74805447471	2.30863758143e-14
-7.73346303502	2.77801680163e-14
-7.71887159533	3.34109675722e-14
-7.70428015564	4.01622578285e-14
-7.68968871595	4.82527272556e-14
-7.67509727626	5.79428814914e-14
-7.66050583658	6.95428668238e-14
-7.64591439689	8.34217250371e-14
-7.6313229572	1.00018333094e-13
-7.61673151751	1.1985432805e-13
-7.60214007782	1.43549367925e-13
-7.58754863813	1.71839140442e-13
-7.57295719844	2.0559659995e-13
-7.55836575875	2.4585700204e-13
-7.54377431907	2.93847388881e-13
-7.52918287938	3.5102130276e-13
-7.51459143969	4.19099629802e-13
-7.5	5.0011861516e-13
-7.48540856031	5.96486284781e-13
-7.47081712062	7.11048790193e-13
-7.45622568093	8.47168141076e-13
-7.44163424124	1.00881346988e-12
-7.42704280156	1.20066801772e-12
-7.41245136187	1.42825447081e-12
-7.39785992218	1.69808172e-12
-7.38326848249	2.01781659495e-12
-7.3686770428	2.39648470257e-12
-7.35408560311	2.84470516347e-12
-7.33949416342	3.3749647849e-12
-7.32490272373	4.00193813038e-12
-7.31031128405	4.74286089568e-12
-7.29571984436	5.61796524225e-12
-7.28112840467	6.65098702223e-12
-7.26653696498	7.86975642992e-12
-7.25194552529	9.30688534954e-12
-7.2373540856	1.10005667534e-11
-7.22276264591	1.29955038028e-11
-7.20817120623	1.53439890862e-11
-7.19357976654	1.81071573763e-11
-7.17898832685	2.13564389732e-11
-7.16439688716	2.51752446241e-11
-7.14980544747	2.9660917731e-11
-7.13521400778	3.4926994768e-11
-7.12062256809	4.11058209553e-11
-7.1060311284	4.83515749987e-11
-7.09143968872	5.68437647754e-11
-7.07684824903	6.67912645243e-11
-7.06225680934	7.84369745533e-11
-7.04766536965	9.20631958852e-11
-7.03307392996	1.07997825604e-10
-7.01848249027	1.2662149346e-10
-7.00389105058	1.48375777517e-10
-6.98929961089	1.73772655605e-10
-6.97470817121	2.03405371611e-10
-6.96011673152	2.37960919816e-10
-6.94552529183	2.78234379033e-10
-6.93093385214	3.25145359469e-10
-6.91634241245	3.79756861336e-10
-6.90175097276	4.43296884231e-10
-6.88715953307	5.17183172063e-10
-6.87256809338	6.0305152918e-10
-6.8579766537	7.02788201655e-10
-6.84338521401	8.18566881543e-10
-6.82879377432	9.52890965883e-10
-6.81420233463	1.10864178326e-09
-6.79961089494	1.28913359313e-09
-6.78501945525	1.49817626542e-09
-6.77042801556	1.74014666396e-09
-6.75583657588	2.02006988512e-09
-6.74124513619	2.3437116488e-09
-6.7266536965	2.71768329776e-09
-6.71206225681	3.14956104295e-09
-6.69747081712	3.64802129107e-09
-6.68287937743	4.22299411489e-09
-6.66828793774	4.88583717358e-09
-6.65369649805	5.64953266748e-09
-6.63910505837	6.528910216e-09
-6.62451361868	7.54089888994e-09
-6.60992217899	8.70481200185e-09
-6.5953307393	1.00426686789e-08
-6.58073929961	1.15795567003e-08
-6.56614785992	1.33440415926e-08
-6.55155642023	1.53686275369e-08
-6.53696498054	1.76902762624e-08
-6.52237354086	2.03509907804e-08
-6.50778210117	2.33984715691e-08
-6.49319066148	2.68868536347e-08
-6.47859922179	3.08775337897e-08
-6.4640077821	3.54400984717e-08
-6.44941634241	4.06533635209e-08
-6.43482490272	4.66065385131e-08
-6.42023346303	5.34005295527e-08
-6.40564202335	6.11493958343e-08
-6.39105058366	6.9981976836e-08
-6.37645914397	8.00437086728e-08
-6.36186770428	9.14986499719e-08
-6.34727626459	1.04531739602e-07
-6.3326848249	1.19351310745e-07
-6.31809338521	1.36191888093e-07
-6.30350194552	1.55317297507e-07
-6.28891050584	1.77024120104e-07
-6.27431906615	2.01645525749e-07
-6.25972762646	2.29555523956e-07
-6.24513618677	2.61173673662e-07
-6.23054474708	2.96970296861e-07
-6.21595330739	3.3747224501e-07
-6.2013618677	3.8326927118e-07
-6.18677042802	4.35021065367e-07
-6.17217898833	4.93465015003e-07
-6.15758754864	5.59424757704e-07
-6.14299610895	6.33819598516e-07
-6.12840466926	7.17674869488e-07
-6.11381322957	8.12133315249e-07
-6.09922178988	9.18467594429e-07
-6.08463035019	1.03809399321e-06
-6.07003891051	1.17258745409e-06
-6.05544747082	1.32369802987e-06
-6.04085603113	1.49336888045e-06
-6.02626459144	1.68375593729e-06
-6.01167315175	1.89724936849e-06
-5.99708171206	2.13649698534e-06
-5.98249027237	2.40442973957e-06
-5.96789883268	2.70428946879e-06
-5.953307393	3.03965905624e-06
-5.93871595331	3.41449517952e-06
-5.92412451362	3.83316383142e-06
-5.90953307393	4.3004788048e-06
-5.89494163424	4.82174334143e-06
-5.88035019455	5.40279515321e-06
-5.86575875486	6.05005503194e-06
-5.85116731517	6.77057927096e-06
-5.83657587549	7.57211612939e-06
-5.8219844358	8.4631665753e-06
-5.80739299611	9.45304955007e-06
-5.79280155642	1.05519720002e-05
-5.77821011673	1.17711039264e-05
-5.76361867704	1.31226587016e-05
-5.74902723735	1.46199789106e-05
-5.73443579766	1.6277627961e-05
-5.71984435798	1.81114877151e-05
-5.70525291829	2.01388623839e-05
-5.6906614786	2.23785889183e-05
-5.67607003891	2.48511541225e-05
-5.66147859922	2.75788187001e-05
-5.64688715953	3.05857484281e-05
-5.63229571984	3.38981526337e-05
-5.61770428016	3.75444301249e-05
-5.60311284047	4.15553226985e-05
-5.58852140078	4.59640763184e-05
-5.57392996109	5.08066100181e-05
-5.5593385214	5.61216925424e-05
-5.54474708171	6.19511266969e-05
-5.53015564202	6.83399413199e-05
-5.51556420233	7.5336590739e-05
-5.50097276265	8.29931615066e-05
-5.48638132296	9.13655861448e-05
-5.47178988327	0.000100513863553
-5.45719844358	0.000110502285655
-5.44260700389	0.000121399669768
-5.4280155642	0.000133279596098
-5.41342412451	0.000146220649658
-5.39883268482	0.000160306665796
-5.38424124514	0.000175626978446
-5.36964980545	0.000192276670044
-5.35505836576	0.000210356822001
-5.34046692607	0.000229974764453
-5.32587548638	0.000251244323909
-5.31128404669	0.000274286067292
-5.296692607	0.000299227540738
-5.28210116731	0.000326203501392
-5.26750972763	0.000355356140322
-5.25291828794	0.000386835294545
-5.23832684825	0.000420798646047
-5.22373540856	0.000457411905564
-5.20914396887	0.000496848978798
-5.19455252918	0.000539292112636
-5.17996108949	0.00058493201887
-5.1653696498	0.000633967972849
-5.15077821012	0.000686607884431
-5.13618677043	0.000743068338581
-5.12159533074	0.00080357460295
-5.10700389105	0.000868360599769
-5.09241245136	0.000937668839424
-5.07782101167	0.00101175031316
-5.06322957198	0.00109086434244
-5.0486381323	0.00117527838254
-5.03404669261	0.00126526777827
-5.01945525292	0.00136111546968
-5.00486381323	0.00146311164605
-4.99027237354	0.00157155334646
-4.97568093385	0.00168674400582
-4.96108949416	0.00180899294526
-4.94649805447	0.00193861480629
-4.93190661479	0.00207592892862
-4.9173151751	0.00222125867161
-4.90272373541	0.00237493068016
-4.88813229572	0.00253727409598
-4.87354085603	0.00270861971589
-4.85894941634	0.00288929909924
-4.84435797665	0.00307964362689
-4.82976653696	0.00327998351503
-4.81517509728	0.00349064678733
-4.80058365759	0.00371195820966
-4.7859922179	0.00394423819198
-4.77140077821	0.0041878016625
-4.75680933852	0.00444295691985
-4.74221789883	0.00471000446914
-4.72762645914	0.00498923584845
-4.71303501945	0.00528093245257
-4.69844357977	0.00558536436086
-4.68385214008	0.00590278917689
-4.66926070039	0.00623345088708
-4.6546692607	0.00657757874606
-4.64007782101	0.00693538619654
-4.62548638132	0.00730706983105
-4.61089494163	0.00769280840328
-4.59630350194	0.00809276189629
-4.58171206226	0.00850707065456
-4.56712062257	0.0089358545867
-4.55252918288	0.00937921244501
-4.53793774319	0.00983722118778
-4.5233463035	0.0103099354294
-4.50875486381	0.0107973869832
-4.49416342412	0.0112995845002
-4.47957198444	0.0118165132085
-4.46498054475	0.0123481347535
-4.45038910506	0.0128943871429
-4.43579766537	0.0134551847956
-4.42120622568	0.014030418695
-4.40661478599	0.0146199566472
-4.3920233463	0.0152236436392
-4.37743190661	0.0158413022987
-4.36284046693	0.0164727334486
-4.34824902724	0.0171177167549
-4.33365758755	0.017776011462
-4.31906614786	0.0184473572101
-4.30447470817	0.0191314749292
-4.28988326848	0.019828067804
-4.27529182879	0.0205368223008
-4.2607003891	0.0212574092512
-4.24610894942	0.0219894849852
-4.23151750973	0.0227326925036
-4.21692607004	0.0234866626854
-4.20233463035	0.024251015519
-4.18774319066	0.025025361352
-4.17315175097	0.0258093021503
-4.15856031128	0.0266024327593
-4.14396887159	0.0274043421609
-4.12937743191	0.0282146147171
-4.11478599222	0.0290328313961
-4.10019455253	0.0298585709722
-4.08560311284	0.0306914111962
-4.07101167315	0.031530929928
-4.05642023346	0.0323767062295
-4.04182879377	0.0332283214107
-4.02723735408	0.0340853600279
-4.0126459144	0.0349474108278
-3.99805447471	0.0358140676372
-3.98346303502	0.036684930195
-3.96887159533	0.0375596049244
-3.95428015564	0.0384377056449
-3.93968871595	0.0393188542233
-3.92509727626	0.0402026811623
-3.91050583658	0.0410888261287
-3.89591439689	0.0419769384206
-3.8813229572	0.0428666773738
-3.86673151751	0.0437577127116
-3.85214007782	0.0446497248354
-3.83754863813	0.045542405062
-3.82295719844	0.0464354558068
-3.80836575875	0.047328590717
-3.79377431907	0.0482215347562
-3.77918287938	0.0491140242435
-3.76459143969	0.0500058068495
-3.75	0.0508966415529
-3.73540856031	0.0517862985587
-3.72081712062	0.0526745591835
-3.70622568093	0.0535612157076
-3.69163424124	0.0544460711999
-3.67704280156	0.0553289393162
-3.66245136187	0.0562096440742
-3.64785992218	0.0570880196086
-3.63326848249	0.057963909908
-3.6186770428	0.0588371685366
-3.60408560311	0.0597076583424
-3.58949416342	0.0605752511552
-3.57490272373	0.061439827476
-3.56031128405	0.0623012761592
-3.54571984436	0.0631594940908
-3.53112840467	0.064014385863
-3.51653696498	0.0648658634481
-3.50194552529	0.0657138458722
-3.4873540856	0.0665582588902
-3.47276264591	0.0673990346642
-3.45817120623	0.0682361114454
-3.44357976654	0.0690694332607
-3.42898832685	0.069898949606
-3.41439688716	0.0707246151449
-3.39980544747	0.0715463894154
-3.38521400778	0.0723642365446
-3.37062256809	0.0731781249711
-3.3560311284	0.0739880271768
-3.34143968872	0.0747939194274
-3.32684824903	0.0755957815223
-3.31225680934	0.0763935965544
-3.29766536965	0.0771873506789
-3.28307392996	0.0779770328923
-3.26848249027	0.0787626348212
-3.25389105058	0.0795441505203
-3.23929961089	0.0803215762805
-3.22470817121	0.0810949104464
-3.21011673152	0.0818641532427
-3.19552529183	0.0826293066106
-3.18093385214	0.0833903740526
-3.16634241245	0.0841473604859
-3.15175097276	0.0849002721049
-3.13715953307	0.0856491162516
-3.12256809338	0.0863939012939
-3.1079766537	0.0871346365117
-3.09338521401	0.0878713319904
-3.07879377432	0.0886039985216
-3.06420233463	0.0893326475106
-3.04961089494	0.0900572908901
-3.03501945525	0.0907779410409
-3.02042801556	0.0914946107174
-3.00583657587	0.0922073129798
-2.99124513619	0.0929160611313
-2.9766536965	0.0936208686599
-2.96206225681	0.0943217491859
-2.94747081712	0.0950187164131
-2.93287937743	0.0957117840848
-2.91828793774	0.0964009659436
-2.90369649805	0.0970862756951
-2.88910505837	0.0977677269749
-2.87451361868	0.0984453333194
-2.85992217899	0.099119108139
-2.8453307393	0.099789064695
-2.83073929961	0.100455216079
-2.81614785992	0.101117575192
-2.80155642023	0.101776154734
-2.78696498054	0.102430967184
-2.77237354086	0.103082024793
-2.75778210117	0.103729339569
-2.74319066148	0.104372923274
-2.72859922179	0.105012787414
-2.7140077821	0.105648943234
-2.69941634241	0.106281401715
-2.68482490272	0.10691017357
-2.67023346303	0.107535269243
-2.65564202335	0.108156698906
-2.64105058366	0.108774472464
-2.62645914397	0.109388599549
-2.61186770428	0.109999089529
-2.59727626459	0.110605951503
-2.5826848249	0.11120919431
-2.56809338521	0.111808826526
-2.55350194552	0.112404856474
-2.53891050584	0.112997292225
-2.52431906615	0.113586141599
-2.50972762646	0.114171412177
-2.49513618677	0.1147531113
-2.48054474708	0.115331246078
-2.46595330739	0.115905823389
-2.4513618677	0.116476849895
-2.43677042801	0.117044332035
-2.42217898833	0.117608276041
-2.40758754864	0.118168687937
-2.39299610895	0.118725573549
-2.37840466926	0.119278938506
-2.36381322957	0.11982878825
-2.34922178988	0.120375128039
-2.33463035019	0.120917962953
-2.32003891051	0.121457297901
-2.30544747082	0.121993137623
-2.29085603113	0.122525486697
-2.27626459144	0.123054349549
-2.26167315175	0.123579730447
-2.24708171206	0.124101633518
-2.23249027237	0.124620062745
-2.21789883268	0.125135021975
-2.203307393	0.125646514922
-2.18871595331	0.126154545175
-2.17412451362	0.126659116197
-2.15953307393	0.127160231334
-2.14494163424	0.127657893818
-2.13035019455	0.128152106769
-2.11575875486	0.128642873201
-2.10116731517	0.129130196027
-2.08657587549	0.129614078058
-2.0719844358	0.130094522013
-2.05739299611	0.130571530516
-2.04280155642	0.131045106105
-2.02821011673	0.131515251231
-2.01361867704	0.131981968264
-1.99902723735	0.132445259494
-1.98443579766	0.132905127135
-1.96984435798	0.133361573328
-1.95525291829	0.133814600143
-1.9406614786	0.134264209582
-1.92607003891	0.134710403582
-1.91147859922	0.135153184015
-1.89688715953	0.135592552695
-1.88229571984	0.136028511376
-1.86770428015	0.136461061754
-1.85311284047	0.136890205473
-1.83852140078	0.137315944125
-1.82392996109	0.137738279249
-1.8093385214	0.138157212338
-1.79474708171	0.138572744836
-1.78015564202	0.138984878145
-1.76556420233	0.13939361362
-1.75097276265	0.139798952576
-1.73638132296	0.140200896288
-1.72178988327	0.140599445991
-1.70719844358	0.140994602884
-1.69260700389	0.141386368128
-1.6780155642	0.141774742849
-1.66342412451	0.142159728143
-1.64883268482	0.142541325068
-1.63424124514	0.142919534655
-1.61964980545	0.143294357903
-1.60505836576	0.143665795783
-1.59046692607	0.144033849235
-1.57587548638	0.144398519174
-1.56128404669	0.14475980649
-1.546692607	0.145117712045
-1.53210116731	0.145472236676
-1.51750972763	0.1458233812
-1.50291828794	0.146171146408
-1.48832684825	0.14651553307
-1.47373540856	0.146856541933
-1.45914396887	0.147194173725
-1.44455252918	0.147528429154
-1.42996108949	0.147859308908
-1.4153696498	0.148186813655
-1.40077821012	0.148510944048
-1.38618677043	0.148831700718
-1.37159533074	0.149149084283
-1.35700389105	0.149463095342
-1.34241245136	0.149773734479
-1.32782101167	0.150081002262
-1.31322957198	0.150384899245
-1.29863813229	0.150685425965
-1.28404669261	0.150982582948
-1.26945525292	0.151276370704
-1.25486381323	0.151566789729
-1.24027237354	0.151853840509
-1.22568093385	0.152137523515
-1.21108949416	0.152417839207
-1.19649805447	0.152694788032
-1.18190661479	0.152968370427
-1.1673151751	0.153238586816
-1.15272373541	0.153505437613
-1.13813229572	0.153768923222
-1.12354085603	0.154029044035
-1.10894941634	0.154285800437
-1.09435797665	0.154539192799
-1.07976653696	0.154789221486
-1.06517509728	0.155035886853
-1.05058365759	0.155279189245
-1.0359922179	0.155519128998
-1.02140077821	0.155755706441
-1.00680933852	0.155988921893
-0.992217898832	0.156218775667
-0.977626459143	0.156445268066
-0.963035019454	0.156668399386
-0.948443579766	0.156888169916
-0.933852140077	0.157104579936
-0.919260700388	0.157317629721
-0.9046692607	0.157527319537
-0.890077821011	0.157733649644
-0.875486381322	0.157936620297
-0.860894941633	0.15813623174
-0.846303501945	0.158332484216
-0.831712062256	0.158525377958
-0.817120622567	0.158714913194
-0.802529182879	0.158901090145
-0.78793774319	0.159083909029
-0.773346303501	0.159263370055
-0.758754863812	0.159439473428
-0.744163424124	0.159612219347
-0.729571984435	0.159781608007
-0.714980544746	0.159947639595
-0.700389105058	0.160110314295
-0.685797665369	0.160269632285
-0.67120622568	0.160425593739
-0.656614785991	0.160578198825
-0.642023346303	0.160727447706
-0.627431906614	0.160873340542
-0.612840466925	0.161015877486
-0.598249027237	0.161155058689
-0.583657587548	0.161290884294
-0.569066147859	0.161423354444
-0.55447470817	0.161552469274
-0.539883268482	0.161678228917
-0.525291828793	0.161800633501
-0.510700389104	0.161919683149
-0.496108949416	0.162035377981
-0.481517509727	0.162147718114
-0.466926070038	0.162256703658
-0.452334630349	0.162362334723
-0.437743190661	0.162464611411
-0.423151750972	0.162563533824
-0.408560311283	0.162659102057
-0.393968871594	0.162751316205
-0.379377431906	0.162840176355
-0.364785992217	0.162925682594
-0.350194552528	0.163007835004
-0.33560311284	0.163086633663
-0.321011673151	0.163162078646
-0.306420233462	0.163234170026
-0.291828793773	0.163302907869
-0.277237354085	0.163368292242
-0.262645914396	0.163430323205
-0.248054474707	0.163489000816
-0.233463035019	0.163544325132
-0.21887159533	0.163596296202
-0.204280155641	0.163644914076
-0.189688715952	0.163690178798
-0.175097276264	0.163732090411
-0.160505836575	0.163770648953
-0.145914396886	0.163805854459
-0.131322957198	0.163837706963
-0.116731517509	0.163866206494
-0.10214007782	0.163891353077
-0.0875486381314	0.163913146735
-0.0729571984427	0.16393158749
-0.058365758754	0.163946675357
-0.0437743190653	0.16395841035
-0.0291828793766	0.163966792481
-0.0145914396879	0.163971821756
8.5975671027e-13	0.163973498181
0.0145914396896	0.163971821756
0.0291828793783	0.163966792481
0.043774319067	0.16395841035
0.0583657587557	0.163946675357
0.0729571984444	0.16393158749
0.0875486381332	0.163913146735
0.102140077822	0.163891353077
0.116731517511	0.163866206493
0.131322957199	0.163837706963
0.145914396888	0.163805854459
0.160505836577	0.163770648953
0.175097276265	0.163732090411
0.189688715954	0.163690178798
0.204280155643	0.163644914076
0.218871595332	0.163596296202
0.23346303502	0.163544325132
0.248054474709	0.163489000816
0.262645914398	0.163430323205
0.277237354086	0.163368292242
0.291828793775	0.163302907869
0.306420233464	0.163234170026
0.321011673153	0.163162078646
0.335603112841	0.163086633663
0.35019455253	0.163007835004
0.364785992219	0.162925682594
0.379377431907	0.162840176355
0.393968871596	0.162751316205
0.408560311285	0.162659102057
0.423151750974	0.162563533824
0.437743190662	0.162464611411
0.452334630351	0.162362334723
0.46692607004	0.162256703658
0.481517509729	0.162147718114
0.496108949417	0.162035377981
0.510700389106	0.161919683149
0.525291828795	0.161800633501
0.539883268483	0.161678228917
0.554474708172	0.161552469274
0.569066147861	0.161423354444
0.58365758755	0.161290884294
0.598249027238	0.161155058689
0.612840466927	0.161015877486
0.627431906616	0.160873340542
0.642023346304	0.160727447706
0.656614785993	0.160578198825
0.671206225682	0.160425593739
0.685797665371	0.160269632285
0.700389105059	0.160110314295
0.714980544748	0.159947639595
0.729571984437	0.159781608007
0.744163424125	0.159612219347
0.758754863814	0.159439473428
0.773346303503	0.159263370055
0.787937743192	0.159083909029
0.80252918288	0.158901090145
0.817120622569	0.158714913194
0.831712062258	0.158525377958
0.846303501946	0.158332484216
0.860894941635	0.15813623174
0.875486381324	0.157936620297
0.890077821013	0.157733649644
0.904669260701	0.157527319537
0.91926070039	0.15731762972
0.933852140079	0.157104579936
0.948443579767	0.156888169916
0.963035019456	0.156668399386
0.977626459145	0.156445268066
0.992217898834	0.156218775667
1.00680933852	0.155988921893
1.02140077821	0.155755706441
1.0359922179	0.155519128998
1.05058365759	0.155279189245
1.06517509728	0.155035886853
1.07976653697	0.154789221486
1.09435797665	0.154539192799
1.10894941634	0.154285800437
1.12354085603	0.154029044035
1.13813229572	0.153768923222
1.15272373541	0.153505437613
1.1673151751	0.153238586816
1.18190661479	0.152968370427
1.19649805448	0.152694788032
1.21108949416	0.152417839207
1.22568093385	0.152137523515
1.24027237354	0.151853840509
1.25486381323	0.151566789729
1.26945525292	0.151276370704
1.28404669261	0.150982582948
1.2986381323	0.150685425965
1.31322957199	0.150384899245
1.32782101167	0.150081002262
1.34241245136	0.149773734479
1.35700389105	0.149463095342
1.37159533074	0.149149084283
1.38618677043	0.148831700718
1.40077821012	0.148510944048
1.41536964981	0.148186813655
1.4299610895	0.147859308908
1.44455252918	0.147528429154
1.45914396887	0.147194173725
1.47373540856	0.146856541933
1.48832684825	0.14651553307
1.50291828794	0.146171146408
1.51750972763	0.1458233812
1.53210116732	0.145472236676
1.546692607	0.145117712045
1.56128404669	0.14475980649
1.57587548638	0.144398519174
1.59046692607	0.144033849235
1.60505836576	0.143665795783
1.61964980545	0.143294357903
1.63424124514	0.142919534655
1.64883268483	0.142541325068
1.66342412451	0.142159728143
1.6780155642	0.141774742849
1.69260700389	0.141386368128
1.70719844358	0.140994602884
1.72178988327	0.140599445991
1.73638132296	0.140200896288
1.75097276265	0.139798952576
1.76556420234	0.13939361362
1.78015564202	0.138984878145
1.79474708171	0.138572744836
1.8093385214	0.138157212338
1.82392996109	0.137738279249
1.83852140078	0.137315944125
1.85311284047	0.136890205473
1.86770428016	0.136461061754
1.88229571985	0.136028511376
1.89688715953	0.135592552695
1.91147859922	0.135153184015
1.92607003891	0.134710403582
1.9406614786	0.134264209582
1.95525291829	0.133814600143
1.96984435798	0.133361573328
1.98443579767	0.132905127135
1.99902723736	0.132445259494
2.01361867704	0.131981968264
2.02821011673	0.131515251231
2.04280155642	0.131045106105
2.05739299611	0.130571530516
2.0719844358	0.130094522013
2.08657587549	0.129614078058
2.10116731518	0.129130196027
2.11575875486	0.128642873201
2.13035019455	0.128152106769
2.14494163424	0.127657893818
2.15953307393	0.127160231334
2.17412451362	0.126659116197
2.18871595331	0.126154545175
2.203307393	0.125646514922
2.21789883269	0.125135021975
2.23249027237	0.124620062745
2.24708171206	0.124101633518
2.26167315175	0.123579730447
2.27626459144	0.123054349549
2.29085603113	0.122525486698
2.30544747082	0.121993137623
2.32003891051	0.121457297901
2.3346303502	0.120917962953
2.34922178988	0.120375128039
2.36381322957	0.11982878825
2.37840466926	0.119278938506
2.39299610895	0.118725573549
2.40758754864	0.118168687937
2.42217898833	0.117608276041
2.43677042802	0.117044332035
2.45136186771	0.116476849895
2.46595330739	0.115905823389
2.48054474708	0.115331246078
2.49513618677	0.1147531113
2.50972762646	0.114171412177
2.52431906615	0.113586141599
2.53891050584	0.112997292225
2.55350194553	0.112404856474
2.56809338522	0.111808826526
2.5826848249	0.11120919431
2.59727626459	0.110605951503
2.61186770428	0.109999089529
2.62645914397	0.109388599549
2.64105058366	0.108774472464
2.65564202335	0.108156698906
2.67023346304	0.107535269243
2.68482490272	0.10691017357
2.69941634241	0.106281401715
2.7140077821	0.105648943234
2.72859922179	0.105012787414
2.74319066148	0.104372923274
2.75778210117	0.103729339569
2.77237354086	0.103082024793
2.78696498055	0.102430967184
2.80155642023	0.101776154734
2.81614785992	0.101117575192
2.83073929961	0.100455216079
2.8453307393	0.0997890646951
2.85992217899	0.0991191081391
2.87451361868	0.0984453333194
2.88910505837	0.0977677269749
2.90369649806	0.0970862756951
2.91828793774	0.0964009659436
2.93287937743	0.0957117840848
2.94747081712	0.0950187164132
2.96206225681	0.094321749186
2.9766536965	0.09362086866
2.99124513619	0.0929160611314
3.00583657588	0.0922073129799
3.02042801557	0.0914946107175
3.03501945525	0.090777941041
3.04961089494	0.0900572908902
3.06420233463	0.0893326475106
3.07879377432	0.0886039985216
3.09338521401	0.0878713319904
3.1079766537	0.0871346365117
3.12256809339	0.086393901294
3.13715953307	0.0856491162517
3.15175097276	0.084900272105
3.16634241245	0.0841473604859
3.18093385214	0.0833903740526
3.19552529183	0.0826293066107
3.21011673152	0.0818641532428
3.22470817121	0.0810949104465
3.2392996109	0.0803215762806
3.25389105058	0.0795441505204
3.26848249027	0.0787626348213
3.28307392996	0.0779770328924
3.29766536965	0.077187350679
3.31225680934	0.0763935965545
3.32684824903	0.0755957815224
3.34143968872	0.0747939194275
3.35603112841	0.0739880271769
3.37062256809	0.0731781249712
3.38521400778	0.0723642365447
3.39980544747	0.0715463894155
3.41439688716	0.070724615145
3.42898832685	0.0698989496061
3.44357976654	0.0690694332609
3.45817120623	0.0682361114455
3.47276264592	0.0673990346643
3.4873540856	0.0665582588903
3.50194552529	0.0657138458723
3.51653696498	0.0648658634483
3.53112840467	0.0640143858631
3.54571984436	0.0631594940909
3.56031128405	0.0623012761593
3.57490272374	0.0614398274761
3.58949416343	0.0605752511553
3.60408560311	0.0597076583425
3.6186770428	0.0588371685368
3.63326848249	0.0579639099082
3.64785992218	0.0570880196087
3.66245136187	0.0562096440743
3.67704280156	0.0553289393163
3.69163424125	0.0544460712001
3.70622568093	0.0535612157077
3.72081712062	0.0526745591836
3.73540856031	0.0517862985589
3.75	0.0508966415531
3.76459143969	0.0500058068497
3.77918287938	0.0491140242437
3.79377431907	0.0482215347564
3.80836575876	0.0473285907172
3.82295719844	0.046435455807
3.83754863813	0.0455424050622
3.85214007782	0.0446497248356
3.86673151751	0.0437577127118
3.8813229572	0.042866677374
3.89591439689	0.0419769384208
3.91050583658	0.0410888261289
3.92509727627	0.0402026811625
3.93968871595	0.0393188542235
3.95428015564	0.0384377056451
3.96887159533	0.0375596049246
3.98346303502	0.0366849301952
3.99805447471	0.0358140676374
4.0126459144	0.034947410828
4.02723735409	0.0340853600281
4.04182879378	0.033228321411
4.05642023346	0.0323767062297
4.07101167315	0.0315309299282
4.08560311284	0.0306914111964
4.10019455253	0.0298585709724
4.11478599222	0.0290328313963
4.12937743191	0.0282146147174
4.1439688716	0.0274043421611
4.15856031129	0.0266024327595
4.17315175097	0.0258093021505
4.18774319066	0.0250253613523
4.20233463035	0.0242510155193
4.21692607004	0.0234866626857
4.23151750973	0.0227326925039
4.24610894942	0.0219894849854
4.26070038911	0.0212574092514
4.27529182879	0.020536822301
4.28988326848	0.0198280678043
4.30447470817	0.0191314749295
4.31906614786	0.0184473572103
4.33365758755	0.0177760114622
4.34824902724	0.0171177167551
4.36284046693	0.0164727334488
4.37743190662	0.0158413022989
4.3920233463	0.0152236436395
4.40661478599	0.0146199566474
4.42120622568	0.0140304186952
4.43579766537	0.0134551847958
4.45038910506	0.0128943871431
4.46498054475	0.0123481347537
4.47957198444	0.0118165132087
4.49416342413	0.0112995845004
4.50875486381	0.0107973869833
4.5233463035	0.0103099354296
4.53793774319	0.00983722118796
4.55252918288	0.00937921244519
4.56712062257	0.00893585458687
4.58171206226	0.00850707065473
4.59630350195	0.00809276189645
4.61089494164	0.00769280840344
4.62548638132	0.0073070698312
4.64007782101	0.00693538619669
4.6546692607	0.00657757874621
4.66926070039	0.00623345088722
4.68385214008	0.00590278917703
4.69844357977	0.005585364361
4.71303501946	0.0052809324527
4.72762645915	0.00498923584858
4.74221789883	0.00471000446926
4.75680933852	0.00444295691997
4.77140077821	0.00418780166262
4.7859922179	0.00394423819209
4.80058365759	0.00371195820977
4.81517509728	0.00349064678743
4.82976653697	0.00327998351512
4.84435797665	0.00307964362698
4.85894941634	0.00288929909933
4.87354085603	0.00270861971598
4.88813229572	0.00253727409606
4.90272373541	0.00237493068024
4.9173151751	0.00222125867169
4.93190661479	0.00207592892869
4.94649805448	0.00193861480636
4.96108949416	0.00180899294532
4.97568093385	0.00168674400589
4.99027237354	0.00157155334652
5.00486381323	0.00146311164611
5.01945525292	0.00136111546974
5.03404669261	0.00126526777832
5.0486381323	0.00117527838259
5.06322957199	0.00109086434249
5.07782101167	0.00101175031321
5.09241245136	0.000937668839467
5.10700389105	0.00086836059981
5.12159533074	0.000803574602989
5.13618677043	0.000743068338617
5.15077821012	0.000686607884465
5.16536964981	0.000633967972881
5.1799610895	0.0005849320189
5.19455252918	0.000539292112665
5.20914396887	0.000496848978826
5.22373540856	0.00045741190559
5.23832684825	0.000420798646071
5.25291828794	0.000386835294568
5.26750972763	0.000355356140343
5.28210116732	0.000326203501411
5.29669260701	0.000299227540756
5.31128404669	0.00027428606731
5.32587548638	0.000251244323926
5.34046692607	0.000229974764469
5.35505836576	0.000210356822015
5.36964980545	0.000192276670057
5.38424124514	0.000175626978458
5.39883268483	0.000160306665808
5.41342412451	0.000146220649669
5.4280155642	0.000133279596109
5.44260700389	0.000121399669778
5.45719844358	0.000110502285664
5.47178988327	0.000100513863562
5.48638132296	9.13655861525e-05
5.50097276265	8.29931615138e-05
5.51556420234	7.53365907458e-05
5.53015564202	6.83399413262e-05
5.54474708171	6.19511267027e-05
5.5593385214	5.61216925478e-05
5.57392996109	5.08066100231e-05
5.58852140078	4.5964076323e-05
5.60311284047	4.15553227027e-05
5.61770428016	3.75444301288e-05
5.63229571985	3.38981526374e-05
5.64688715953	3.05857484315e-05
5.66147859922	2.75788187032e-05
5.67607003891	2.48511541254e-05
5.6906614786	2.23785889209e-05
5.70525291829	2.01388623863e-05
5.71984435798	1.81114877173e-05
5.73443579767	1.6277627963e-05
5.74902723736	1.46199789125e-05
5.76361867704	1.31226587034e-05
5.77821011673	1.1771103928e-05
5.79280155642	1.05519720017e-05
5.80739299611	9.45304955144e-06
5.8219844358	8.46316657656e-06
5.83657587549	7.57211613054e-06
5.85116731518	6.77057927202e-06
5.86575875487	6.05005503292e-06
5.88035019455	5.40279515412e-06
5.89494163424	4.82174334225e-06
5.90953307393	4.30047880556e-06
5.92412451362	3.83316383211e-06
5.93871595331	3.41449518015e-06
5.953307393	3.03965905681e-06
5.96789883269	2.70428946931e-06
5.98249027237	2.40442974005e-06
5.99708171206	2.13649698578e-06
6.01167315175	1.89724936889e-06
6.02626459144	1.68375593766e-06
6.04085603113	1.49336888078e-06
6.05544747082	1.32369803017e-06
6.07003891051	1.17258745436e-06
6.0846303502	1.03809399346e-06
6.09922178988	9.18467594653e-07
6.11381322957	8.12133315453e-07
6.12840466926	7.17674869673e-07
6.14299610895	6.33819598685e-07
6.15758754864	5.59424757857e-07
6.17217898833	4.93465015142e-07
6.18677042802	4.35021065492e-07
6.20136186771	3.83269271294e-07
6.21595330739	3.37472245114e-07
6.23054474708	2.96970296956e-07
6.24513618677	2.61173673748e-07
6.25972762646	2.29555524034e-07
6.27431906615	2.0164552582e-07
6.28891050584	1.7702412017e-07
6.30350194553	1.55317297566e-07
6.31809338522	1.36191888148e-07
6.3326848249	1.19351310794e-07
6.34727626459	1.04531739648e-07
6.36186770428	9.14986500131e-08
6.37645914397	8.00437087102e-08
6.39105058366	6.99819768695e-08
6.40564202335	6.11493958642e-08
6.42023346304	5.34005295789e-08
6.43482490272	4.66065385367e-08
6.44941634241	4.06533635418e-08
6.4640077821	3.54400984904e-08
6.47859922179	3.08775338062e-08
6.49319066148	2.68868536494e-08
6.50778210117	2.33984715819e-08
6.52237354086	2.03509907917e-08
6.53696498055	1.76902762721e-08
6.55155642023	1.53686275455e-08
6.56614785992	1.33440416002e-08
6.58073929961	1.15795567071e-08
6.5953307393	1.00426686849e-08
6.60992217899	8.70481200723e-09
6.62451361868	7.54089889469e-09
6.63910505837	6.52891022026e-09
6.65369649806	5.64953267124e-09
6.66828793774	4.88583717709e-09
6.68287937743	4.22299411808e-09
6.69747081712	3.64802129403e-09
6.71206225681	3.14956104563e-09
6.7266536965	2.71768330022e-09
6.74124513619	2.34371165102e-09
6.75583657588	2.02006988714e-09
6.77042801557	1.74014666575e-09
6.78501945525	1.49817626712e-09
6.79961089494	1.28913359469e-09
6.81420233463	1.1086417847e-09
6.82879377432	9.52890967185e-10
6.84338521401	8.1856688274e-10
6.8579766537	7.0278820273e-10
6.87256809339	6.03051530143e-10
6.88715953308	5.17183172888e-10
6.90175097276	4.43296884997e-10
6.91634241245	3.79756862029e-10
6.93093385214	3.25145360097e-10
6.94552529183	2.78234379585e-10
6.96011673152	2.3796092031e-10
6.97470817121	2.03405372037e-10
6.9892996109	1.73772655976e-10
7.00389105058	1.48375777822e-10
7.01848249027	1.26621493736e-10
7.03307392996	1.07997825839e-10
7.04766536965	9.20631960874e-11
7.06225680934	7.84369747204e-11
7.07684824903	6.67912646666e-11
7.09143968872	5.68437648898e-11
7.10603112841	4.83515750921e-11
7.12062256809	4.11058210217e-11
7.13521400778	3.49269948261e-11
7.14980544747	2.96609177773e-11
7.16439688716	2.5175244663e-11
7.17898832685	2.13564390045e-11
7.19357976654	1.81071574053e-11
7.20817120623	1.53439891117e-11
7.22276264592	1.29955038286e-11
7.2373540856	1.10005667765e-11
7.25194552529	9.30688537812e-12
7.26653696498	7.86975645846e-12
7.28112840467	6.65098705042e-12
7.29571984436	5.61796526687e-12
7.31031128405	4.74286091799e-12
7.32490272374	4.00193814897e-12
7.33949416343	3.37496480059e-12
7.35408560311	2.84470517414e-12
7.3686770428	2.39648471316e-12
7.38326848249	2.01781660416e-12
7.39785992218	1.69808172871e-12
7.41245136187	1.42825447798e-12
7.42704280156	1.20066802424e-12
7.44163424125	1.00881347563e-12
7.45622568094	8.47168146958e-13
7.47081712062	7.1104879557e-13
7.48540856031	5.96486291774e-13
7.5	5.00118622557e-13
7.51459143969	4.19099636763e-13
7.52918287938	3.51021308602e-13
7.54377431907	2.93847394064e-13
7.55836575876	2.45857006293e-13
7.57295719844	2.05596603662e-13
7.58754863813	1.71839143307e-13
7.60214007782	1.43549370867e-13
7.61673151751	1.19854330636e-13
7.6313229572	1.00018335488e-13
7.64591439689	8.34217270696e-14
7.66050583658	6.95428685752e-14
7.67509727627	5.79428828625e-14
7.68968871595	4.82527284342e-14
7.70428015564	4.0162258693e-14
7.71887159533	3.3410968616e-14
7.73346303502	2.77801690008e-14
7.74805447471	2.30863767653e-14
7.7626459144	1.91757318677e-14
7.77723735409	1.59192860231e-14
7.79182879378	1.32090286059e-14
7.80642023346	1.09545370475e-14
7.82101167315	9.08015395581e-15
7.83560311284	7.52261143192e-15
7.85019455253	6.22903062427e-15
7.86478599222	5.15524025721e-15
7.87937743191	4.2643627406e-15
7.8939688716	3.52562683864e-15
7.90856031129	2.91337033961e-15
7.92315175097	2.406203619e-15
7.93774319066	1.98630785341e-15
7.95233463035	1.63884710903e-15
7.96692607004	1.35147551177e-15
7.98151750973	1.11392503608e-15
7.99610894942	9.17660338499e-16
8.01070038911	7.55590264561e-16
8.0252918288	6.21826594591e-16
8.03988326848	5.11482705876e-16
8.05447470817	4.20505311535e-16
8.06906614786	3.45534251892e-16
8.08365758755	2.83785337013e-16
8.09824902724	2.32952948587e-16
8.11284046693	1.9112875739e-16
8.12743190662	1.5673413986e-16
8.1420233463	1.2846387763e-16
8.15661478599	1.05239430805e-16
8.17120622568	8.61700024374e-17
8.18579766537	7.05202973151e-17
8.20038910506	5.76836484596e-17
8.21498054475	4.71598080467e-17
8.22957198444	3.85364922665e-17
8.24416342413	3.1474105218e-17
8.25875486381	2.56930538634e-17
8.2733463035	2.09632880299e-17
8.28793774319	1.70956049974e-17
8.30252918288	1.39344957265e-17
8.31712062257	1.13521943889e-17
8.33171206226	9.24379705306e-18
8.34630350195	7.52320836426e-18
8.36089494164	6.11981233809e-18
8.37548638132	4.97571441356e-18
8.39007782101	4.04348043112e-18
8.4046692607	3.28426136541e-18
8.41926070039	2.66626428264e-18
8.43385214008	2.16347437204e-18
8.44844357977	1.75462237476e-18
8.46303501946	1.42232529117e-18
8.47762645915	1.15238599132e-18
8.49221789883	9.3321227285e-19
8.50680933852	7.55347696237e-19
8.52140077821	6.1107848052e-19
8.5359922179	4.94119168899e-19
8.55058365759	3.99347588586e-19
8.56517509728	3.22593260451e-19
8.57976653697	2.60461746352e-19
8.59435797666	2.101928729e-19
8.60894941634	1.69541724832e-19
8.62354085603	1.36684878077e-19
8.63813229572	1.10140938007e-19
8.65272373541	8.87082268021e-20
8.6673151751	7.1410945766e-20
8.68190661479	5.74583262881e-20
8.69649805448	4.62091188251e-20
8.71108949416	3.71441081979e-20
8.72568093385	2.98427085793e-20
8.74027237354	2.3964812148e-20
8.75486381323	1.92351437751e-20
8.76945525292	1.54314763458e-20
8.78404669261	1.23739399533e-20
8.7986381323	9.91743306617e-21
8.81322957199	7.94473778559e-21
8.82782101167	6.36136869043e-21
8.84241245136	5.09104648885e-21
8.85700389105	4.07244876708e-21
8.87159533074	3.25602865844e-21
8.88618677043	2.60205827029e-21
8.90077821012	2.07845529962e-21
8.91536964981	1.65944355063e-21
8.9299610895	1.32426990765e-21
8.94455252918	1.05630600775e-21
8.95914396887	8.42156243088e-22
8.97373540856	6.71116204887e-22
8.98832684825	5.34543250843e-22
9.00291828794	4.2558056238e-22
9.01750972763	3.38674141331e-22
9.03210116732	2.69398720416e-22
9.04669260701	2.14192757672e-22
9.06128404669	1.70223916513e-22
9.07587548638	1.35212978473e-22
9.09046692607	1.07357126882e-22
9.10505836576	8.5191295077e-23
9.11964980545	6.75792260123e-23
9.13424124514	5.35863181077e-23
9.14883268483	4.24756991328e-23
9.16342412452	3.36532898087e-23
9.1780155642	2.66545943536e-23
9.19260700389	2.1100353005e-23
9.20719844358	1.66980006845e-23
9.22178988327	1.32056721483e-23
9.23638132296	1.04414808059e-23
9.25097276265	8.2526793136e-24
9.26556420234	6.52201037177e-24
9.28015564202	5.15193105651e-24
9.29474708171	4.06916733313e-24
9.3093385214	3.21243094547e-24
9.32392996109	2.53579100134e-24
9.33852140078	1.99962725728e-24
9.35311284047	1.5774670343e-24
9.36770428016	1.24432245165e-24
9.38229571985	9.81806992462e-25
9.39688715953	7.74334480124e-25
9.41147859922	6.10878659078e-25
9.42607003891	4.81497046728e-25
9.4406614786	3.7978801311e-25
9.45525291829	2.9908519914e-25
9.46984435798	2.35829111534e-25
9.48443579767	1.86084287838e-25
9.49902723736	1.47060599425e-25
9.51361867704	1.16128327454e-25
9.52821011673	9.18887570402e-26
9.54280155642	7.26083839492e-26
9.55739299611	5.74636838802e-26
9.5719844358	4.53175344292e-26
9.58657587549	3.58640456029e-26
9.60116731518	2.8413897798e-26
9.61575875487	2.26151543478e-26
9.63035019455	1.79910425611e-26
9.64494163424	1.43569867539e-26
9.65953307393	1.14128527959e-26
9.67412451362	9.11130684518e-27
9.68871595331	7.21185159162e-27
9.703307393	5.77887078561e-27
9.71789883269	4.63835908731e-27
9.73249027237	3.76152406662e-27
9.74708171206	3.05056757559e-27
9.76167315175	2.49100470199e-27
9.77626459144	2.00864729838e-27
9.79085603113	1.64020180324e-27
9.80544747082	1.32567585877e-27
9.82003891051	1.10255458211e-27
9.8346303502	9.30006342903e-28
9.84922178988	8.0576639225e-28
9.86381322957	6.99163711458e-28
9.87840466926	6.21655864845e-28
9.89299610895	5.54219424904e-28
9.90758754864	5.03506172817e-28
9.92217898833	4.68894433309e-28
9.93677042802	4.40948996679e-28
9.95136186771	4.12479444494e-28
9.96595330739	3.9263544354e-28
9.98054474708	3.77102698174e-28
9.99513618677	3.61879034623e-28
10.0097276265	3.52404827627e-28
10.0243190661	3.53590202876e-28
10.0389105058	3.66310280269e-28
10.0535019455	3.73159003675e-28
10.0680933852	3.77238143289e-28
10.0826848249	3.76800915042e-28
10.0972762646	3.81365887099e-28
10.1118677043	3.79822254059e-28
10.126459144	3.84157409519e-28
10.1410505837	3.96725566022e-28
10.1556420233	4.26866802804e-28
10.170233463	4.43834158681e-28
10.1848249027	4.58246549706e-28
10.1994163424	4.60726541001e-28
10.2140077821	4.66787874578e-28
10.2285992218	4.72507095568e-28
10.2431906615	4.89984714105e-28
10.2577821012	5.10807726448e-28
10.2723735409	5.52292317539e-28
10.2869649805	5.70428849811e-28
10.3015564202	5.8548768157e-28
10.3161478599	5.91605447578e-28
10.3307392996	5.99144041815e-28
10.3453307393	5.96487016556e-28
10.359922179	6.06148960059e-28
10.3745136187	6.21478332357e-28
10.3891050584	6.62595069473e-28
10.4036964981	6.81624248354e-28
10.4182879377	6.95503914205e-28
10.4328793774	6.99635853751e-28
10.4474708171	7.09114530965e-28
10.4620622568	7.06889178777e-28
10.4766536965	7.2008978787e-28
10.4912451362	7.38717138194e-28
10.5058365759	7.89281351614e-28
10.5204280156	8.09279014603e-28
10.5350194553	8.20831393986e-28
10.5496108949	8.18108168429e-28
10.5642023346	8.20870337298e-28
10.5787937743	8.12845935998e-28
10.593385214	8.17305251941e-28
10.6079766537	8.27059532194e-28
10.6225680934	8.69244388886e-28
10.6371595331	8.74507764481e-28
10.6517509728	8.7404725042e-28
10.6663424125	8.65267184638e-28
10.6809338521	8.6214874415e-28
10.6955252918	8.51695720789e-28
10.7101167315	8.59551444156e-28
10.7247081712	8.6440524675e-28
10.7392996109	9.00357546559e-28
10.7538910506	9.08419849464e-28
10.7684824903	9.1724190844e-28
10.78307393	9.1700886153e-28
10.7976653697	9.28487094418e-28
10.8122568093	9.23165863906e-28
10.826848249	9.2535393186e-28
10.8414396887	9.33729777549e-28
10.8560311284	9.75469186205e-28
10.8706225681	9.83377451566e-28
10.8852140078	9.81225079211e-28
10.8998054475	9.66204427953e-28
10.9143968872	9.6852977741e-28
10.9289883268	9.58831436199e-28
10.9435797665	9.55737265649e-28
10.9581712062	9.52156140276e-28
10.9727626459	9.90382719817e-28
10.9873540856	9.96124416455e-28
11.0019455253	9.94983944125e-28
11.016536965	9.93876019607e-28
11.0311284047	1.00323519846e-27
11.0457198444	1.02201322965e-27
11.060311284	1.06435517816e-27
11.0749027237	1.11740554696e-27
11.0894941634	1.22488543093e-27
11.1040856031	1.33985251328e-27
11.1186770428	1.50193404527e-27
11.1332684825	1.71094617301e-27
11.1478599222	2.01344786698e-27
11.1624513619	2.42602144364e-27
11.1770428016	3.00974260863e-27
11.1916342412	3.81112364045e-27
11.2062256809	4.93494522245e-27
11.2208171206	6.36397178824e-27
11.2354085603	8.43605180165e-27
11.25	1.03493654942e-26
11.2645914397	8.42707915601e-27
11.2791828794	6.32680402759e-27
11.2937743191	4.85807045242e-27
11.3083657588	3.72017732567e-27
11.3229571984	2.87156426505e-27
11.3375486381	2.23175921656e-27
11.3521400778	1.75118114966e-27
11.3667315175	1.38269248733e-27
11.3813229572	1.10900625211e-27
11.3959143969	9.10198098116e-28
11.4105058366	7.63905722347e-28
11.4250972763	6.60792992886e-28
11.439688716	5.82466200804e-28
11.4542801556	5.24477055797e-28
11.4688715953	4.81478849423e-28
11.483463035	4.49535862199e-28
11.4980544747	4.22404780554e-28
11.5126459144	4.10858832498e-28
11.5272373541	3.97581641258e-28
11.5418287938	3.88676353805e-28
11.5564202335	3.81858415158e-28
11.5710116732	3.81157134008e-28
11.5856031128	3.78076515054e-28
11.6001945525	3.79029530223e-28
11.6147859922	3.76848677426e-28
11.6293774319	3.7848720269e-28
11.6439688716	3.78930839507e-28
11.6585603113	3.80393884363e-28
11.673151751	3.65249251397e-28
11.6877431907	3.66696818139e-28
11.7023346304	3.68706542119e-28
11.71692607	3.70884190985e-28
11.7315175097	3.72073178074e-28
11.7461089494	3.84100600107e-28
11.7607003891	3.99459917937e-28
11.7752918288	4.22608581977e-28
11.7898832685	4.38176654241e-28
11.8044747082	4.58980867927e-28
11.8190661479	4.78678832364e-28
11.8336575876	4.99526911191e-28
11.8482490272	5.18953027378e-28
11.8628404669	5.47337574896e-28
11.8774319066	5.77729376224e-28
11.8920233463	6.04176416302e-28
11.906614786	6.21953123713e-28
11.9212062257	6.38695275985e-28
11.9357976654	6.45803195686e-28
11.9503891051	6.52738088156e-28
11.9649805447	6.51394062979e-28
11.9795719844	6.51290002942e-28
11.9941634241	6.47861167672e-28
12.0087548638	6.42555337275e-28
12.0233463035	6.27303344655e-28
12.0379377432	6.26206867011e-28
12.0525291829	6.21890302549e-28
12.0671206226	6.11563399194e-28
12.0817120623	6.01432937819e-28
12.0963035019	6.01662490303e-28
12.1108949416	6.06454682046e-28
12.1254863813	6.20965133923e-28
12.140077821	6.38178462187e-28
12.1546692607	6.52883919982e-28
12.1692607004	6.61254079337e-28
12.1838521401	6.64931398517e-28
12.1984435798	6.61438195559e-28
12.2130350195	6.62149768777e-28
12.2276264591	6.67115992771e-28
12.2422178988	6.74150092719e-28
12.2568093385	6.83404866509e-28
12.2714007782	6.96536223239e-28
12.2859922179	7.06684153835e-28
12.3005836576	7.1776730985e-28
12.3151750973	7.19974664562e-28
12.329766537	7.23389853924e-28
12.3443579767	7.28252204247e-28
12.3589494163	7.31883936863e-28
12.373540856	7.40992056396e-28
12.3881322957	7.56490274347e-28
12.4027237354	7.68053245705e-28
12.4173151751	7.68861727051e-28
12.4319066148	7.63604481485e-28
12.4464980545	7.61720732918e-28
12.4610894942	7.6723093245e-28
12.4756809339	7.82444958273e-28
12.4902723735	8.01214315175e-28
12.5048638132	8.16987993573e-28
12.5194552529	8.30948972924e-28
12.5340466926	8.33873068966e-28
12.5486381323	8.266304356e-28
12.563229572	8.25128881967e-28
12.5778210117	8.22954705408e-28
12.5924124514	8.19928111009e-28
12.6070038911	8.23752590068e-28
12.6215953307	8.17191239703e-28
12.6361867704	8.06867920819e-28
12.6507782101	7.89602586774e-28
12.6653696498	7.72156956519e-28
12.6799610895	7.67575895307e-28
12.6945525292	7.74689588815e-28
12.7091439689	7.90827201828e-28
12.7237354086	8.24051063698e-28
12.7383268483	8.4417029487e-28
12.7529182879	8.49903732289e-28
12.7675097276	8.40670531167e-28
12.7821011673	8.36924930835e-28
12.796692607	8.28983432811e-28
12.8112840467	8.34175711365e-28
12.8258754864	8.52777296881e-28
12.8404669261	8.84098852601e-28
12.8550583658	8.95259997081e-28
12.8696498054	9.01339863896e-28
12.8842412451	8.9206253483e-28
12.8988326848	8.76952167229e-28
12.9134241245	8.67004060085e-28
12.9280155642	8.70142542567e-28
12.9426070039	8.73220269414e-28
12.9571984436	8.85202805575e-28
12.9717898833	8.84079237549e-28
12.986381323	8.80042914684e-28
13.0009727626	8.62341081029e-28
13.0155642023	8.45815259027e-28
13.030155642	8.30606285399e-28
13.0447470817	8.28912043506e-28
13.0593385214	8.31643247217e-28
13.0739299611	8.61768227033e-28
13.0885214008	8.74901894619e-28
13.1031128405	8.74308220933e-28
13.1177042802	8.6052174864e-28
13.1322957198	8.49347259722e-28
13.1468871595	8.35928712895e-28
13.1614785992	8.43005885813e-28
13.1760700389	8.61625614767e-28
13.1906614786	8.98989802265e-28
13.2052529183	9.06807348892e-28
13.219844358	9.16045781757e-28
13.2344357977	9.06748976481e-28
13.2490272374	8.92257421709e-28
13.263618677	8.86451675166e-28
13.2782101167	8.90278144972e-28
13.2928015564	8.88009054932e-28
13.3073929961	9.14970390575e-28
13.3219844358	9.25332883631e-28
13.3365758755	9.29704412901e-28
13.3511673152	9.11964276036e-28
13.3657587549	8.96950209957e-28
13.3803501946	8.79277918018e-28
13.3949416342	8.75739903273e-28
13.4095330739	8.84098294029e-28
13.4241245136	9.18258346412e-28
13.4387159533	9.24486151607e-28
13.453307393	9.32859607791e-28
13.4678988327	9.28149011704e-28
13.4824902724	9.24297083405e-28
13.4970817121	9.08129234952e-28
13.5116731518	9.13613936047e-28
13.5262645914	9.26016368402e-28
13.5408560311	9.60671611211e-28
13.5554474708	9.76102321241e-28
13.5700389105	9.90105496757e-28
13.5846303502	9.81827429569e-28
13.5992217899	9.70676887637e-28
13.6138132296	9.61513780736e-28
13.6284046693	9.69740261025e-28
13.642996109	9.7394039648e-28
13.6575875486	1.01826911798e-27
13.6721789883	1.03500574331e-27
13.686770428	1.03949405976e-27
13.7013618677	1.03254793831e-27
13.7159533074	1.03587097653e-27
13.7305447471	1.03204824374e-27
13.7451361868	1.03575928724e-27
13.7597276265	1.04410739906e-27
13.7743190661	1.08341718736e-27
13.7889105058	1.08826608033e-27
13.8035019455	1.0923773816e-27
13.8180933852	1.07298821518e-27
13.8326848249	1.05918153848e-27
13.8472762646	1.04920636131e-27
13.8618677043	1.06069061591e-27
13.876459144	1.07001614264e-27
13.8910505837	1.10690507123e-27
13.9056420233	1.11581751934e-27
13.920233463	1.12365554579e-27
13.9348249027	1.10763839962e-27
13.9494163424	1.10567226718e-27
13.9640077821	1.1026190469e-27
13.9785992218	1.11333155389e-27
13.9931906615	1.12021992484e-27
14.0077821012	1.16779972607e-27
14.0223735409	1.17568228313e-27
14.0369649805	1.17071941148e-27
14.0515564202	1.15458272332e-27
14.0661478599	1.14998672363e-27
14.0807392996	1.13125239406e-27
14.0953307393	1.1379494074e-27
14.109922179	1.15103753869e-27
14.1245136187	1.19783284336e-27
14.1391050584	1.20060115488e-27
14.1536964981	1.20226782798e-27
14.1682879377	1.18270242414e-27
14.1828793774	1.17002454268e-27
14.1974708171	1.15382573466e-27
14.2120622568	1.15426014969e-27
14.2266536965	1.15459797256e-27
14.2412451362	1.19984669955e-27
14.2558365759	1.21337801807e-27
14.2704280156	1.21936496982e-27
14.2850194553	1.19763451534e-27
14.2996108949	1.1921839556e-27
14.3142023346	1.1797432123e-27
14.3287937743	1.18118861823e-27
14.343385214	1.18764479382e-27
14.3579766537	1.23896672592e-27
14.3725680934	1.24578667243e-27
14.3871595331	1.23690783775e-27
14.4017509728	1.21216674645e-27
14.4163424125	1.20181765495e-27
14.4309338521	1.17764572818e-27
14.4455252918	1.17753324627e-27
14.4601167315	1.18003239952e-27
14.4747081712	1.2157293932e-27
14.4892996109	1.21934774732e-27
14.5038910506	1.22547197674e-27
14.5184824903	1.21177468779e-27
14.53307393	1.20589839303e-27
14.5476653697	1.1975796024e-27
14.5622568093	1.19870716507e-27
14.576848249	1.19119225111e-27
14.5914396887	1.23213730962e-27
14.6060311284	1.23499711512e-27
14.6206225681	1.2343558503e-27
14.6352140078	1.20533687899e-27
14.6498054475	1.18738943081e-27
14.6643968872	1.16416173508e-27
14.6789883268	1.15081874334e-27
14.6935797665	1.13570697475e-27
14.7081712062	1.15461728166e-27
14.7227626459	1.13669384496e-27
14.7373540856	1.12155038566e-27
14.7519455253	1.0870471664e-27
14.766536965	1.06785485806e-27
14.7811284047	1.02536834087e-27
14.7957198444	1.00298269248e-27
14.810311284	9.76414923561e-28
14.8249027237	9.64278669008e-28
14.8394941634	9.16970795866e-28
14.8540856031	8.66951647394e-28
14.8686770428	8.02112831014e-28
14.8832684825	7.5719535255e-28
14.8978599222	7.22072196149e-28
14.9124513619	7.21124892472e-28
14.9270428016	7.56075138067e-28
14.9416342412	8.85431316912e-28
14.9562256809	1.10666474738e-27
14.9708171206	1.48820287099e-27
14.9854085603	2.21357727257e-27
15.0	2.99734168996e-27
