-14.9854085603	7.84470347717e-28
-14.9708171206	4.5722606918e-28
-14.9562256809	2.74164985301e-28
-14.9416342412	1.66039968642e-28
-14.9270428016	1.04768806444e-28
-14.9124513619	6.80695284542e-29
-14.8978599222	5.05968789713e-29
-14.8832684825	4.06738420962e-29
-14.8686770428	3.98817418643e-29
-14.8540856031	4.14361744756e-29
-14.8394941634	4.51531848371e-29
-14.8249027237	4.41942664892e-29
-14.810311284	4.89588716757e-29
-14.7957198444	5.28151637879e-29
-14.7811284047	6.03403695394e-29
-14.766536965	6.61087878833e-29
-14.7519455253	7.37530544821e-29
-14.7373540856	8.23448453102e-29
-14.7227626459	9.05803734632e-29
-14.7081712062	9.20947021473e-29
-14.6935797665	1.03314003236e-28
-14.6789883268	1.12370634154e-28
-14.6643968872	1.24930171368e-28
-14.6498054475	1.3292302328e-28
-14.6352140078	1.44541116044e-28
-14.6206225681	1.52589287066e-28
-14.6060311284	1.61085397171e-28
-14.5914396887	1.57727929993e-28
-14.576848249	1.6331133129e-28
-14.5622568093	1.68872879686e-28
-14.5476653696	1.79559619857e-28
-14.53307393	1.82237489771e-28
-14.5184824903	1.89992202912e-28
-14.5038910506	1.95255383596e-28
-14.4892996109	2.01497148879e-28
-14.4747081712	2.02154611195e-28
-14.4601167315	2.13580010993e-28
-14.4455252918	2.23303161994e-28
-14.4309338521	2.40700631174e-28
-14.4163424125	2.52687476518e-28
-14.4017509728	2.71565903695e-28
-14.3871595331	2.93245475226e-28
-14.3725680934	3.17821041166e-28
-14.3579766537	3.30388645801e-28
-14.343385214	3.53785729343e-28
-14.3287937743	3.73553321377e-28
-14.3142023346	3.95711770507e-28
-14.2996108949	4.11399580866e-28
-14.2850194553	4.28739612589e-28
-14.2704280156	4.39125217945e-28
-14.2558365759	4.52628984424e-28
-14.2412451362	4.57932471161e-28
-14.2266536965	4.73374710159e-28
-14.2120622568	4.90517598525e-28
-14.1974708171	5.10355220202e-28
-14.1828793774	5.20461804095e-28
-14.1682879377	5.35860271488e-28
-14.1536964981	5.48512675683e-28
-14.1391050584	5.63606259343e-28
-14.1245136187	5.75019871766e-28
-14.109922179	5.97059791969e-28
-14.0953307393	6.19350661874e-28
-14.0807392996	6.42983331357e-28
-14.0661478599	6.53607665683e-28
-14.0515564202	6.69405464989e-28
-14.0369649805	6.8364255951e-28
-14.0223735409	7.06084257344e-28
-14.0077821012	7.18231853767e-28
-13.9931906615	7.48059455078e-28
-13.9785992218	7.72510717741e-28
-13.9640077821	7.96447458467e-28
-13.9494163424	8.19132210029e-28
-13.9348249027	8.43356000979e-28
-13.920233463	8.58482534737e-28
-13.9056420233	8.8081870453e-28
-13.8910505837	8.9698660746e-28
-13.876459144	9.20506107324e-28
-13.8618677043	9.48328239827e-28
-13.8472762646	9.81276048764e-28
-13.8326848249	9.97703336233e-28
-13.8180933852	1.01711816415e-27
-13.8035019455	1.03445778356e-27
-13.7889105058	1.06312492132e-27
-13.7743190661	1.08953254772e-27
-13.7597276265	1.11528161888e-27
-13.7451361868	1.1389200211e-27
-13.7305447471	1.16034810091e-27
-13.7159533074	1.166807855e-27
-13.7013618677	1.1675911838e-27
-13.686770428	1.16229365541e-27
-13.6721789883	1.14956894212e-27
-13.6575875486	1.11870327974e-27
-13.6429961089	1.10399983079e-27
-13.6284046693	1.08837203907e-27
-13.6138132296	1.07644541823e-27
-13.5992217899	1.06295990456e-27
-13.5846303502	1.05360626399e-27
-13.5700389105	1.04618806455e-27
-13.5554474708	1.05024211273e-27
-13.5408560311	1.05323641547e-27
-13.5262645914	1.06920414254e-27
-13.5116731518	1.09115949686e-27
-13.4970817121	1.1092787526e-27
-13.4824902724	1.11964628677e-27
-13.4678988327	1.13581725084e-27
-13.453307393	1.14936583575e-27
-13.4387159533	1.17668407924e-27
-13.4241245136	1.21447546373e-27
-13.4095330739	1.24668995486e-27
-13.3949416342	1.26787601538e-27
-13.3803501946	1.28570800091e-27
-13.3657587549	1.28631466565e-27
-13.3511673152	1.28107811653e-27
-13.3365758755	1.26245487802e-27
-13.3219844358	1.24533587567e-27
-13.3073929961	1.21124153883e-27
-13.2928015564	1.19604557793e-27
-13.2782101167	1.18644866654e-27
-13.263618677	1.18060664858e-27
-13.2490272374	1.17903498142e-27
-13.2344357977	1.18212118485e-27
-13.219844358	1.18475127511e-27
-13.2052529183	1.20303507222e-27
-13.1906614786	1.23456777216e-27
-13.1760700389	1.26204669397e-27
-13.1614785992	1.28676187739e-27
-13.1468871595	1.30805793759e-27
-13.1322957198	1.32115286568e-27
-13.1177042802	1.33413913409e-27
-13.1031128405	1.33899970014e-27
-13.0885214008	1.34741308324e-27
-13.0739299611	1.35928191806e-27
-13.0593385214	1.3769062046e-27
-13.0447470817	1.3921516981e-27
-13.030155642	1.39874717413e-27
-13.0155642023	1.40326370979e-27
-13.0009727626	1.40594357008e-27
-12.986381323	1.40341713656e-27
-12.9717898833	1.40549586696e-27
-12.9571984436	1.41287830392e-27
-12.9426070039	1.41699054496e-27
-12.9280155642	1.42750213572e-27
-12.9134241245	1.42405102715e-27
-12.8988326848	1.41516029729e-27
-12.8842412451	1.4080356842e-27
-12.8696498054	1.39444712442e-27
-12.8550583658	1.38691129337e-27
-12.8404669261	1.38391454776e-27
-12.8258754864	1.38687896787e-27
-12.8112840467	1.39570452431e-27
-12.796692607	1.39706157788e-27
-12.7821011673	1.39658964102e-27
-12.7675097276	1.39290561188e-27
-12.7529182879	1.38979084668e-27
-12.7383268482	1.39013385754e-27
-12.7237354086	1.38867723612e-27
-12.7091439689	1.38848235142e-27
-12.6945525292	1.39810611207e-27
-12.6799610895	1.40205187144e-27
-12.6653696498	1.41009133456e-27
-12.6507782101	1.41895432552e-27
-12.6361867704	1.43038051562e-27
-12.6215953307	1.44907391777e-27
-12.6070038911	1.46868516634e-27
-12.5924124514	1.48730111538e-27
-12.5778210117	1.51508268086e-27
-12.563229572	1.52894767486e-27
-12.5486381323	1.54581767805e-27
-12.5340466926	1.57302676347e-27
-12.5194552529	1.60745222234e-27
-12.5048638132	1.64768230792e-27
-12.4902723735	1.70390925893e-27
-12.4756809339	1.7476607225e-27
-12.4610894942	1.78157490258e-27
-12.4464980545	1.78792633639e-27
-12.4319066148	1.78555722513e-27
-12.4173151751	1.77416566843e-27
-12.4027237354	1.75042381237e-27
-12.3881322957	1.70766197692e-27
-12.373540856	1.65116827297e-27
-12.3589494163	1.61253622812e-27
-12.3443579767	1.58598124317e-27
-12.329766537	1.54434097455e-27
-12.3151750973	1.52139831274e-27
-12.3005836576	1.50250518859e-27
-12.2859922179	1.49344291217e-27
-12.2714007782	1.48419553372e-27
-12.2568093385	1.48634859052e-27
-12.2422178988	1.48455697774e-27
-12.2276264591	1.50012982895e-27
-12.2130350195	1.49559005388e-27
-12.1984435798	1.49867410505e-27
-12.1838521401	1.50281848432e-27
-12.1692607004	1.50838528589e-27
-12.1546692607	1.51517993823e-27
-12.140077821	1.53737389664e-27
-12.1254863813	1.54433412338e-27
-12.1108949416	1.55444359769e-27
-12.0963035019	1.54316146023e-27
-12.0817120623	1.53823758691e-27
-12.0671206226	1.53008301474e-27
-12.0525291829	1.53252511962e-27
-12.0379377432	1.52673615508e-27
-12.0233463035	1.52669362893e-27
-12.0087548638	1.5257943827e-27
-11.9941634241	1.54084191856e-27
-11.9795719844	1.5455943814e-27
-11.9649805447	1.56742426441e-27
-11.9503891051	1.5912239009e-27
-11.9357976654	1.62824125259e-27
-11.9212062257	1.6879952838e-27
-11.906614786	1.78875704654e-27
-11.8920233463	1.85595227277e-27
-11.8774319066	1.91756179503e-27
-11.8628404669	1.94103105601e-27
-11.8482490272	1.96478924473e-27
-11.8336575875	1.98655657536e-27
-11.8190661479	2.01856860179e-27
-11.8044747082	2.02943700764e-27
-11.7898832685	2.05012363741e-27
-11.7752918288	2.04942937076e-27
-11.7607003891	2.05123111798e-27
-11.7461089494	2.03437104093e-27
-11.7315175097	2.03079608477e-27
-11.71692607	2.02728064475e-27
-11.7023346304	2.0263831993e-27
-11.6877431907	2.00759778652e-27
-11.673151751	2.00594453003e-27
-11.6585603113	2.00224340616e-27
-11.6439688716	2.01084104252e-27
-11.6293774319	1.9955991539e-27
-11.6147859922	1.993311068e-27
-11.6001945525	1.9868651688e-27
-11.5856031128	2.00894854025e-27
-11.5710116732	2.03027904509e-27
-11.5564202335	2.0778294967e-27
-11.5418287938	2.09483933026e-27
-11.5272373541	2.12536075705e-27
-11.5126459144	2.13137921609e-27
-11.4980544747	2.13863183748e-27
-11.483463035	2.1525639341e-27
-11.4688715953	2.17459621171e-27
-11.4542801556	2.18134245847e-27
-11.439688716	2.20759194792e-27
-11.4250972763	2.22731850833e-27
-11.4105058366	2.27896106733e-27
-11.3959143969	2.32747695277e-27
-11.3813229572	2.41695356098e-27
-11.3667315175	2.53666130748e-27
-11.3521400778	2.72202569891e-27
-11.3375486381	2.93242803399e-27
-11.3229571984	3.22400766411e-27
-11.3083657588	3.58228924292e-27
-11.2937743191	4.08465206353e-27
-11.2791828794	4.71120285185e-27
-11.2645914397	5.62812701782e-27
-11.25	6.46980788314e-27
-11.2354085603	5.68200643037e-27
-11.2208171206	4.77614661253e-27
-11.2062256809	4.15583433594e-27
-11.1916342412	3.63322751354e-27
-11.1770428016	3.23116835416e-27
-11.1624513619	2.87917566357e-27
-11.1478599222	2.60350820798e-27
-11.1332684825	2.36759621893e-27
-11.1186770428	2.1784431428e-27
-11.1040856031	2.01134500129e-27
-11.0894941634	1.87291945289e-27
-11.0749027237	1.75474741146e-27
-11.060311284	1.66834948699e-27
-11.0457198444	1.58079836361e-27
-11.0311284047	1.51985630427e-27
-11.016536965	1.46940544608e-27
-11.0019455253	1.43538089268e-27
-10.9873540856	1.40207628202e-27
-10.9727626459	1.37506127702e-27
-10.9581712062	1.34722230399e-27
-10.9435797665	1.33849238e-27
-10.9289883268	1.32266444761e-27
-10.9143968872	1.32018367342e-27
-10.8998054475	1.32284176996e-27
-10.8852140078	1.34059520171e-27
-10.8706225681	1.35485059296e-27
-10.8560311284	1.38126953589e-27
-10.8414396887	1.39828124878e-27
-10.826848249	1.41678606791e-27
-10.8122568093	1.42493273284e-27
-10.7976653696	1.43695755948e-27
-10.78307393	1.44508794331e-27
-10.7684824903	1.45991365758e-27
-10.7538910506	1.46516169485e-27
-10.7392996109	1.4810553075e-27
-10.7247081712	1.49261654337e-27
-10.7101167315	1.5065796975e-27
-10.6955252918	1.51466697504e-27
-10.6809338521	1.53253302134e-27
-10.6663424125	1.54404759989e-27
-10.6517509728	1.56914587093e-27
-10.6371595331	1.59296256612e-27
-10.6225680934	1.62797111561e-27
-10.6079766537	1.63922987123e-27
-10.593385214	1.64839478628e-27
-10.5787937743	1.6345184455e-27
-10.5642023346	1.62104208143e-27
-10.5496108949	1.60444233556e-27
-10.5350194553	1.58109092586e-27
-10.5204280156	1.54101388174e-27
-10.5058365759	1.5012327362e-27
-10.4912451362	1.45081176043e-27
-10.4766536965	1.4069110291e-27
-10.4620622568	1.35570914267e-27
-10.4474708171	1.30930014045e-27
-10.4328793774	1.25360682623e-27
-10.4182879377	1.20401130049e-27
-10.4036964981	1.14166469848e-27
-10.3891050584	1.08018045665e-27
-10.3745136187	1.02990978653e-27
-10.359922179	9.89540109921e-28
-10.3453307393	9.51111979006e-28
-10.3307392996	9.26893992154e-28
-10.3161478599	9.03819649258e-28
-10.3015564202	8.91594956896e-28
-10.2869649805	8.77167291089e-28
-10.2723735409	8.73679495908e-28
-10.2577821012	8.58176750696e-28
-10.2431906615	8.49047432007e-28
-10.2285992218	8.34545446844e-28
-10.2140077821	8.21682030101e-28
-10.1994163424	8.080607652e-28
-10.1848249027	8.01034139598e-28
-10.170233463	7.76663262672e-28
-10.1556420233	7.58386763536e-28
-10.1410505837	7.38370393488e-28
-10.126459144	7.18878059675e-28
-10.1118677043	7.04060412169e-28
-10.0972762646	6.92550116319e-28
-10.0826848249	6.7472183275e-28
-10.0680933852	6.64098965288e-28
-10.0535019455	6.48903513734e-28
-10.0389105058	6.39271104787e-28
-10.0243190661	6.29974417075e-28
-10.0097276265	6.26287780096e-28
-9.99513618677	6.26757608988e-28
-9.98054474708	6.36242308754e-28
-9.96595330739	6.48545342996e-28
-9.9513618677	6.73203803048e-28
-9.93677042802	7.0149680811e-28
-9.92217898833	7.42301585856e-28
-9.90758754864	7.76516313004e-28
-9.89299610895	8.1413570369e-28
-9.87840466926	8.42855753536e-28
-9.86381322957	8.77429096556e-28
-9.84922178988	9.17101876031e-28
-9.83463035019	9.66641055142e-28
-9.82003891051	1.01752004453e-27
-9.80544747082	1.08256799482e-27
-9.79085603113	1.14148737867e-27
-9.77626459144	1.20654315615e-27
-9.76167315175	1.27002055e-27
-9.74708171206	1.33347066989e-27
-9.73249027237	1.39119827957e-27
-9.71789883268	1.46216716371e-27
-9.703307393	1.53159566757e-27
-9.68871595331	1.61717501275e-27
-9.67412451362	1.69113405229e-27
-9.65953307393	1.75907210042e-27
-9.64494163424	1.81380019037e-27
-9.63035019455	1.87072489632e-27
-9.61575875486	1.92413190182e-27
-9.60116731517	1.98648754864e-27
-9.58657587549	2.04546226594e-27
-9.5719844358	2.11637989222e-27
-9.55739299611	2.16232410098e-27
-9.54280155642	2.20422797148e-27
-9.52821011673	2.2322497974e-27
-9.51361867704	2.26394914656e-27
-9.49902723735	2.29470759642e-27
-9.48443579767	2.33181594224e-27
-9.46984435798	2.3524721306e-27
-9.45525291829	2.40052503811e-27
-9.4406614786	2.42911123666e-27
-9.42607003891	2.4478539134e-27
-9.41147859922	2.46235662624e-27
-9.39688715953	2.48211221026e-27
-9.38229571984	2.49886180868e-27
-9.36770428016	2.53664365808e-27
-9.35311284047	2.57393844472e-27
-9.33852140078	2.63270352668e-27
-9.32392996109	2.67620998059e-27
-9.3093385214	2.70571000345e-27
-9.29474708171	2.71701817954e-27
-9.28015564202	2.73690249754e-27
-9.26556420233	2.75364765038e-27
-9.25097276265	2.77798585849e-27
-9.23638132296	2.80163261159e-27
-9.22178988327	2.84583289276e-27
-9.20719844358	2.86951001314e-27
-9.19260700389	2.89062056433e-27
-9.1780155642	2.90449387716e-27
-9.16342412451	2.93383433984e-27
-9.14883268482	2.96879516465e-27
-9.13424124514	3.0202032385e-27
-9.11964980545	3.08433523332e-27
-9.10505836576	3.19133797841e-27
-9.09046692607	3.27646012948e-27
-9.07587548638	3.35277132227e-27
-9.06128404669	3.41206928213e-27
-9.046692607	3.47954089314e-27
-9.03210116731	3.55230925965e-27
-9.01750972763	3.64061080345e-27
-9.00291828794	3.7455500548e-27
-8.98832684825	3.89480907978e-27
-8.97373540856	3.99891178479e-27
-8.95914396887	4.09027043515e-27
-8.94455252918	4.16066169954e-27
-8.92996108949	4.22783386107e-27
-8.91536964981	4.30004222315e-27
-8.90077821012	4.40528525276e-27
-8.88618677043	4.52129415422e-27
-8.87159533074	4.68345028223e-27
-8.85700389105	4.80011567247e-27
-8.84241245136	4.91485936338e-27
-8.82782101167	5.03047382735e-27
-8.81322957198	5.15189502142e-27
-8.7986381323	5.27741921062e-27
-8.78404669261	5.45159751878e-27
-8.76945525292	5.65092838378e-27
-8.75486381323	5.91660937811e-27
-8.74027237354	6.09574514019e-27
-8.72568093385	6.23807780961e-27
-8.71108949416	6.334824899e-27
-8.69649805447	6.42184521613e-27
-8.68190661479	6.46518619401e-27
-8.6673151751	6.51673284939e-27
-8.65272373541	6.57021581669e-27
-8.63813229572	6.64206244862e-27
-8.62354085603	6.66417270578e-27
-8.60894941634	6.70217638384e-27
-8.59435797665	6.73380255486e-27
-8.57976653696	6.78847440985e-27
-8.56517509728	6.88152973729e-27
-8.55058365759	6.99820153304e-27
-8.5359922179	7.1614185769e-27
-8.52140077821	7.43768353362e-27
-8.50680933852	7.63418630656e-27
-8.49221789883	7.780367333e-27
-8.47762645914	7.88905257004e-27
-8.46303501945	7.97636224951e-27
-8.44844357977	8.06462303976e-27
-8.43385214008	8.17272073808e-27
-8.41926070039	8.27984929653e-27
-8.4046692607	8.43296510642e-27
-8.39007782101	8.5225960972e-27
-8.37548638132	8.61325959055e-27
-8.36089494163	8.68633150099e-27
-8.34630350195	8.77649224671e-27
-8.33171206226	8.87289516951e-27
-8.31712062257	9.03778390066e-27
-8.30252918288	9.2369724971e-27
-8.28793774319	9.52294098935e-27
-8.2733463035	9.70783674473e-27
-8.25875486381	9.86803752819e-27
-8.24416342412	9.99023982204e-27
-8.22957198444	1.01058281595e-26
-8.21498054475	1.02175357428e-26
-8.20038910506	1.036644335e-26
-8.18579766537	1.05459400561e-26
-8.17120622568	1.07890031765e-26
-8.15661478599	1.09780733359e-26
-8.1420233463	1.11957320908e-26
-8.12743190661	1.14634175079e-26
-8.11284046693	1.17829599525e-26
-8.09824902724	1.21830131647e-26
-8.08365758755	1.27257753934e-26
-8.06906614786	1.34071288735e-26
-8.05447470817	1.43200759896e-26
-8.03988326848	1.51888493714e-26
-8.02529182879	1.60982562241e-26
-8.0107003891	1.70560100155e-26
-7.99610894942	1.81415390217e-26
-7.98151750973	1.94317060717e-26
-7.96692607004	2.10109274284e-26
-7.95233463035	2.28757017433e-26
-7.93774319066	2.5100846082e-26
-7.92315175097	2.73826734158e-26
-7.90856031128	2.99311617218e-26
-7.89396887159	3.2782380436e-26
-7.87937743191	3.61004583687e-26
-7.86478599222	3.99792371685e-26
-7.85019455253	4.46289175872e-26
-7.83560311284	5.0214983745e-26
-7.82101167315	5.69376446631e-26
-7.80642023346	6.46994542388e-26
-7.79182879377	7.39096219356e-26
-7.77723735409	8.49673828936e-26
-7.7626459144	9.83208101024e-26
-7.74805447471	1.14508541809e-25
-7.73346303502	1.34477143615e-25
-7.71887159533	1.58968146291e-25
-7.70428015564	1.89303672523e-25
-7.68968871595	2.25675909529e-25
-7.67509727626	2.69515119315e-25
-7.66050583658	3.22896148656e-25
-7.64591439689	3.88303903479e-25
-7.6313229572	4.6868414838e-25
-7.61673151751	5.67441116994e-25
-7.60214007782	6.88895595719e-25
-7.58754863813	8.38893520599e-25
-7.57295719844	1.02302801031e-24
-7.55836575875	1.249627179e-24
-7.54377431907	1.52861010657e-24
-7.52918287938	1.87175030522e-24
-7.51459143969	2.29622561954e-24
-7.5	2.81307169074e-24
-7.48540856031	3.41239280573e-24
-7.47081712062	4.14757731036e-24
-7.45622568093	5.05650139645e-24
-7.44163424124	6.17909816725e-24
-7.42704280156	7.56575151873e-24
-7.41245136187	9.27788208324e-24
-7.39785992218	1.139271898e-23
-7.38326848249	1.40034084319e-23
-7.3686770428	1.7225196935e-23
-7.35408560311	2.1202243749e-23
-7.33949416342	2.6102698863e-23
-7.32490272373	3.21429160602e-23
-7.31031128405	3.95844736282e-23
-7.29571984436	4.87525861475e-23
-7.28112840467	6.0041114715e-23
-7.26653696498	7.39369005022e-23
-7.25194552529	9.10353694056e-23
-7.2373540856	1.12068722019e-22
-7.22276264591	1.37907109105e-22
-7.20817120623	1.6964571368e-22
-7.19357976654	2.08615121613e-22
-7.17898832685	2.56448275846e-22
-7.16439688716	3.15142769323e-22
-7.14980544747	3.87136363399e-22
-7.13521400778	4.75402390852e-22
-7.12062256809	5.83587905556e-22
-7.1060311284	7.16104147593e-22
-7.09143968872	8.78371082901e-22
-7.07684824903	1.07698235667e-21
-7.06225680934	1.31999225801e-21
-7.04766536965	1.61718914391e-21
-7.03307392996	1.98051641648e-21
-7.01848249027	2.42448852743e-21
-7.00389105058	2.96680311217e-21
-6.98929961089	3.62884412951e-21
-6.97470817121	4.43675171747e-21
-6.96011673152	5.42222010642e-21
-6.94552529183	6.6237867279e-21
-6.93093385214	8.08821961599e-21
-6.91634241245	9.87225937497e-21
-6.90175097276	1.20447136836e-20
-6.88715953307	1.46890913659e-20
-6.87256809338	1.79061835725e-20
-6.8579766537	2.18184671622e-20
-6.84338521401	2.65741064087e-20
-6.82879377432	3.23524412484e-20
-6.81420233463	3.93703516448e-20
-6.79961089494	4.78902096206e-20
-6.78501945525	5.82288168232e-20
-6.77042801556	7.07691953709e-20
-6.75583657588	8.59734135801e-20
-6.74124513619	1.04399492658e-19
-6.7266536965	1.26720334498e-19
-6.71206225681	1.53747700403e-19
-6.69747081712	1.86459642045e-19
-6.68287937743	2.26034623258e-19
-6.66828793774	2.73891668083e-19
-6.65369649805	3.31739110422e-19
-6.63910505837	4.01630576144e-19
-6.62451361868	4.86037615852e-19
-6.60992217899	5.87930276381e-19
-6.5953307393	7.10877668515e-19
-6.58073929961	8.59165216185e-19
-6.56614785992	1.03793789687e-18
-6.55155642023	1.25336886295e-18
-6.53696498054	1.51286250677e-18
-6.52237354086	1.82529290065e-18
-6.50778210117	2.20129594155e-18
-6.49319066148	2.65360897315e-18
-6.47859922179	3.19748224872e-18
-6.4640077821	3.85116319829e-18
-6.44941634241	4.63647956608e-18
-6.43482490272	5.57952527123e-18
-6.42023346303	6.71148649809e-18
-6.40564202335	8.06960841928e-18
-6.39105058366	9.69836537451e-18
-6.37645914397	1.16508310907e-17
-6.36186770428	1.39903217593e-17
-6.34727626459	1.67923235303e-17
-6.3326848249	2.01468046384e-17
-6.31809338521	2.41609406876e-17
-6.30350194552	2.89623521414e-17
-6.28891050584	3.47029190161e-17
-6.27431906615	4.1563335989e-17
-6.25972762646	4.97584633777e-17
-6.24513618677	5.95436895419e-17
-6.23054474708	7.12224114142e-17
-6.21595330739	8.51549231111e-17
-6.2013618677	1.01768874183e-16
-6.18677042802	1.21571657196e-16
-6.17217898833	1.45164939651e-16
-6.15758754864	1.73261954082e-16
-6.14299610895	2.06707730287e-16
-6.12840466926	2.46503033634e-16
-6.11381322957	2.93832502199e-16
-6.09922178988	3.50097824876e-16
-6.08463035019	4.16956716638e-16
-6.07003891051	4.96368858121e-16
-6.05544747082	5.90649746702e-16
-6.04085603113	7.02534176525e-16
-6.02626459144	8.3525061945e-16
-6.01167315175	9.92608682014e-16
-5.99708171206	1.17910156061e-15
-5.98249027237	1.40002641447e-15
-5.96789883268	1.66162531942e-15
-5.953307393	1.97125051122e-15
-5.93871595331	2.33755771693e-15
-5.92412451362	2.77073295104e-15
-5.90953307393	3.28275729283e-15
-5.89494163424	3.88771706881e-15
-5.88035019455	4.60216599157e-15
-5.86575875486	5.44554863699e-15
-5.85116731517	6.44069483023e-15
-5.83657587549	7.61439686764e-15
-5.8219844358	8.99808258629e-15
-5.80739299611	1.06286011103e-14
-5.79280155642	1.25491378487e-14
-5.77821011673	1.48102812471e-14
-5.76361867704	1.74712644467e-14
-5.74902723735	2.06014111081e-14
-5.73443579766	2.42818168948e-14
-5.71984435798	2.86073056203e-14
-5.70525291829	3.36887016796e-14
-5.6906614786	3.96554715608e-14
-5.67607003891	4.6658789859e-14
-5.66147859922	5.48750987332e-14
-5.64688715953	6.45102359124e-14
-5.63229571984	7.58042228904e-14
-5.61770428016	8.90368127148e-14
-5.60311284047	1.04533917938e-13
-5.58852140078	1.22675051067e-13
-5.57392996109	1.43901938925e-13
-5.5593385214	1.68728483331e-13
-5.54474708171	1.97752280583e-13
-5.53015564202	2.31667930941e-13
-5.51556420233	2.71282413795e-13
-5.50097276265	3.17532837422e-13
-5.48638132296	3.71506922336e-13
-5.47178988327	4.34466622871e-13
-5.45719844358	5.07875365546e-13
-5.44260700389	5.9342942825e-13
-5.4280155642	6.93094084741e-13
-5.41342412451	8.09145207954e-13
-5.39883268482	9.44217142682e-13
-5.38424124514	1.10135775671e-12
-5.36964980545	1.28409172522e-12
-5.35505836576	1.49649323035e-12
-5.34046692607	1.74326945862e-12
-5.32587548638	2.02985642404e-12
-5.31128404669	2.36252891162e-12
-5.296692607	2.74852653348e-12
-5.28210116731	3.19619821344e-12
-5.26750972763	3.7151676911e-12
-5.25291828794	4.31652302669e-12
-5.23832684825	5.01303346504e-12
-5.22373540856	5.81939751143e-12
-5.20914396887	6.75252653549e-12
-5.19455252918	7.83186886975e-12
-5.17996108949	9.07977996423e-12
-5.1653696498	1.05219449751e-11
-5.15077821012	1.21878609321e-11
-5.13618677043	1.4111386655e-11
-5.12159533074	1.63313695731e-11
-5.10700389105	1.88923599346e-11
-5.09241245136	2.18454240793e-11
-5.07782101167	2.52490701432e-11
-5.06322957198	2.91703011425e-11
-5.0486381323	3.3685812446e-11
-5.03404669261	3.88833526709e-11
-5.01945525292	4.48632696e-11
-5.00486381323	5.17402653263e-11
-4.99027237354	5.96453880612e-11
-4.97568093385	6.87282912272e-11
-4.96108949416	7.91597945604e-11
-4.94649805447	9.11347860103e-11
-4.93190661479	1.04875508267e-10
-4.9173151751	1.20635278888e-10
-4.90272373541	1.3870269921e-10
-4.88813229572	1.59406413728e-10
-4.87354085603	1.83120489453e-10
-4.85894941634	2.10270492607e-10
-4.84435797665	2.41340349846e-10
-4.82976653696	2.76880091157e-10
-4.81517509728	3.17514583453e-10
-4.80058365759	3.63953376441e-10
-4.7859922179	4.17001796902e-10
-4.77140077821	4.77573443069e-10
-4.75680933852	5.46704248972e-10
-4.74221789883	6.2556830739e-10
-4.72762645914	7.15495662663e-10
-4.71303501945	8.17992307851e-10
-4.69844357977	9.34762648222e-10
-4.68385214008	1.06773472176e-09
-4.66926070039	1.21908850083e-09
-4.6546692607	1.39128763458e-09
-4.64007782101	1.58711503256e-09
-4.62548638132	1.80971273274e-09
-4.61089494163	2.0626265474e-09
-4.59630350194	2.3498560328e-09
-4.58171206226	2.67591038871e-09
-4.56712062257	3.04587095837e-09
-4.55252918288	3.46546107189e-09
-4.53793774319	3.94112405454e-09
-4.5233463035	4.4801103095e-09
-4.50875486381	5.09057447798e-09
-4.49416342412	5.78168378683e-09
-4.47957198444	6.56373880701e-09
-4.46498054475	7.44830797414e-09
-4.45038910506	8.44837735859e-09
-4.43579766537	9.5785173263e-09
-4.42120622568	1.08550678946e-08
-4.40661478599	1.22963447724e-08
-4.3920233463	1.39228682676e-08
-4.37743190661	1.57576174639e-08
-4.36284046693	1.78263123051e-08
-4.34824902724	2.01577264817e-08
-4.33365758755	2.27840342955e-08
-4.31906614786	2.57411949824e-08
-4.30447470817	2.90693783094e-08
-4.28988326848	3.28134356204e-08
-4.27529182879	3.70234208987e-08
-4.2607003891	4.17551668423e-08
-4.24610894942	4.70709214105e-08
-4.23151750973	5.30400508018e-08
-4.21692607004	5.97398153683e-08
-4.20233463035	6.72562255597e-08
-4.18774319066	7.56849856251e-08
-4.17315175097	8.51325334989e-08
-4.15856031128	9.57171860234e-08
-4.14396887159	1.07570399481e-07
-4.12937743191	1.20838156264e-07
-4.11478599222	1.35682489443e-07
-4.10019455253	1.52283158013e-07
-4.08560311284	1.70839486644e-07
-4.07101167315	1.91572384961e-07
-4.05642023346	2.14726562611e-07
-4.04182879377	2.40572957684e-07
-4.02723735408	2.69411397547e-07
-4.0126459144	3.01573512624e-07
-3.99805447471	3.37425925341e-07
-3.98346303502	3.77373738193e-07
-3.96887159533	4.2186434677e-07
-3.95428015564	4.71391605578e-07
-3.93968871595	5.26500376641e-07
-3.92509727626	5.87791493112e-07
-3.91050583658	6.55927172577e-07
-3.89591439689	7.31636917278e-07
-3.8813229572	8.15723941229e-07
-3.86673151751	9.09072167087e-07
-3.85214007782	1.01265383871e-06
-3.83754863813	1.12753779859e-06
-3.82295719844	1.25489848273e-06
-3.80836575875	1.39602568935e-06
-3.79377431907	1.55233518124e-06
-3.77918287938	1.72538018612e-06
-3.76459143969	1.91686386316e-06
-3.75	2.12865280859e-06
-3.73540856031	2.36279167771e-06
-3.72081712062	2.62151900595e-06
-3.70622568093	2.90728431615e-06
-3.69163424124	3.2227666052e-06
-3.67704280156	3.57089430844e-06
-3.66245136187	3.95486684614e-06
-3.64785992218	4.37817786243e-06
-3.63326848249	4.84464027342e-06
-3.6186770428	5.35841324773e-06
-3.60408560311	5.92403124949e-06
-3.58949416342	6.54643528083e-06
-3.57490272373	7.23100646797e-06
-3.56031128405	7.98360214287e-06
-3.54571984436	8.81059457944e-06
-3.53112840467	9.7189125516e-06
-3.51653696498	1.07160858883e-05
-3.50194552529	1.18102932085e-05
-3.4873540856	1.30104130287e-05
-3.47276264591	1.43260784406e-05
-3.45817120623	1.57677355706e-05
-3.44357976654	1.73467060353e-05
-3.42898832685	1.90752536197e-05
-3.41439688716	2.09666554127e-05
-3.39980544747	2.30352776412e-05
-3.38521400778	2.52966564549e-05
-3.37062256809	2.77675839211e-05
-3.3560311284	3.04661994957e-05
-3.34143968872	3.34120872475e-05
-3.32684824903	3.66263791167e-05
-3.31225680934	4.01318644992e-05
-3.29766536965	4.39531064519e-05
-3.28307392996	4.81165648231e-05
-3.26848249027	5.26507266155e-05
-3.25389105058	5.75862438956e-05
-3.23929961089	6.29560795678e-05
-3.22470817121	6.87956613322e-05
-3.21011673152	7.5143044151e-05
-3.19552529183	8.20390815476e-05
-3.18093385214	8.95276060617e-05
-3.16634241245	9.76556191857e-05
-3.15175097276	0.000106473491101
-3.13715953307	0.000116035170533
-3.12256809338	0.000126398405033
-3.1079766537	0.000137624971991
-3.09338521401	0.000149780920679
-3.07879377432	0.00016293682559
-3.06420233463	0.000177168051366
-3.04961089494	0.000192555029542
-3.03501945525	0.000209183547362
-3.02042801556	0.000227145048857
-3.00583657587	0.000246536948395
-2.99124513619	0.000267462956856
-2.9766536965	0.000290033420551
-2.96206225681	0.000314365673011
-2.94747081712	0.000340584399688
-2.93287937743	0.000368822015593
-2.91828793774	0.000399219055862
-2.90369649805	0.000431924579172
-2.88910505837	0.000467096583897
-2.87451361868	0.000504902436823
-2.85992217899	0.000545519314206
-2.8453307393	0.000589134654867
-2.83073929961	0.000635946624976
-2.81614785992	0.00068616459409
-2.80155642023	0.000740009621947
-2.78696498054	0.000797714955434
-2.77237354086	0.000859526535069
-2.75778210117	0.000925703510245
-2.74319066148	0.000996518762403
-2.72859922179	0.0010722594352
-2.7140077821	0.00115322747064
-2.69941634241	0.00123974015007
-2.68482490272	0.00133213063874
-2.67023346303	0.00143074853271
-2.65564202335	0.00153596040649
-2.64105058366	0.00164815036006
-2.62645914397	0.00176772056344
-2.61186770428	0.00189509179707
-2.59727626459	0.00203070398617
-2.5826848249	0.002175016727
-2.56809338521	0.00232850980294
-2.55350194552	0.00249168368804
-2.53891050584	0.00266506003591
-2.52431906615	0.00284918215125
-2.50972762646	0.00304461544158
-2.49513618677	0.00325194784646
-2.48054474708	0.00347179024147
-2.46595330739	0.00370477681397
-2.4513618677	0.00395156540779
-2.43677042801	0.00421283783378
-2.42217898833	0.00448930014301
-2.40758754864	0.00478168285962
-2.39299610895	0.00509074116986
-2.37840466926	0.00541725506427
-2.36381322957	0.00576202942942
-2.34922178988	0.00612589408611
-2.33463035019	0.00650970377051
-2.32003891051	0.00691433805502
-2.30544747082	0.00734070120536
-2.29085603113	0.00778972197084
-2.27626459144	0.00826235330431
-2.26167315175	0.00875957200892
-2.24708171206	0.00928237830833
-2.23249027237	0.00983179533763
-2.21789883268	0.0104088685521
-2.203307393	0.011014665051
-2.18871595331	0.011650272814
-2.17412451362	0.0123167998482
-2.15953307393	0.0130153732429
-2.14494163424	0.0137471381311
-2.13035019455	0.0145132565556
-2.11575875486	0.0153149062388
-2.10116731517	0.016153279254
-2.08657587549	0.0170295806
-2.0719844358	0.0179450266752
-2.05739299611	0.0189008436546
-2.04280155642	0.0198982657674
-2.02821011673	0.0209385334773
-2.01361867704	0.0220228915668
-1.99902723735	0.0231525871265
-1.98443579766	0.0243288674508
-1.96984435798	0.0255529778449
-1.95525291829	0.0268261593424
-1.9406614786	0.0281496463407
-1.92607003891	0.0295246641549
-1.91147859922	0.0309524264963
-1.89688715953	0.0324341328796
-1.88229571984	0.0339709659641
-1.86770428015	0.0355640888347
-1.85311284047	0.0372146422289
-1.83852140078	0.0389237417153
-1.82392996109	0.0406924748326
-1.8093385214	0.0425218981942
-1.79474708171	0.0444130345675
-1.78015564202	0.0463668699356
-1.76556420233	0.0483843505498
-1.75097276265	0.0504663799813
-1.73638132296	0.0526138161815
-1.72178988327	0.0548274685592
-1.70719844358	0.0571080950857
-1.69260700389	0.059456399435
-1.6780155642	0.0618730281705
-1.66342412451	0.0643585679871
-1.64883268482	0.0669135430184
-1.63424124514	0.0695384122184
-1.61964980545	0.0722335668277
-1.60505836576	0.0749993279338
-1.59046692607	0.0778359441331
-1.57587548638	0.0807435893059
-1.56128404669	0.0837223605118
-1.546692607	0.0867722760136
-1.53210116731	0.0898932734388
-1.51750972763	0.0930852080857
-1.50291828794	0.0963478513811
-1.48832684825	0.0996808894969
-1.47373540856	0.103083922131
-1.45914396887	0.106556461459
-1.44455252918	0.110097931262
-1.42996108949	0.113707666229
-1.4153696498	0.117384911452
-1.40077821012	0.121128822097
-1.38618677043	0.124938463274
-1.37159533074	0.128812810084
-1.35700389105	0.132750747875
-1.34241245136	0.13675107267
-1.32782101167	0.1408124918
-1.31322957198	0.144933624723
-1.29863813229	0.149113004024
-1.28404669261	0.153349076607
-1.26945525292	0.157640205068
-1.25486381323	0.161984669242
-1.24027237354	0.16638066792
-1.22568093385	0.170826320744
-1.21108949416	0.175319670248
-1.19649805447	0.179858684069
-1.18190661479	0.184441257294
-1.1673151751	0.189065214953
-1.15272373541	0.193728314641
-1.13813229572	0.198428249268
-1.12354085603	0.203162649922
-1.10894941634	0.207929088834
-1.09435797665	0.212725082448
-1.07976653696	0.217548094571
-1.06517509728	0.222395539606
-1.05058365759	0.227264785848
-1.0359922179	0.232153158845
-1.02140077821	0.2370579448
-1.00680933852	0.241976394014
-0.992217898832	0.246905724363
-0.977626459143	0.251843124785
-0.963035019454	0.256785758783
-0.948443579766	0.261730767929
-0.933852140077	0.266675275353
-0.919260700388	0.271616389225
-0.9046692607	0.276551206197
-0.890077821011	0.281476814827
-0.875486381322	0.286390298951
-0.860894941633	0.291288741008
-0.846303501945	0.29616922531
-0.831712062256	0.301028841253
-0.817120622567	0.30586468645
-0.802529182879	0.310673869804
-0.78793774319	0.315453514487
-0.773346303501	0.320200760847
-0.758754863812	0.324912769221
-0.744163424124	0.329586722656
-0.729571984435	0.334219829539
-0.714980544746	0.338809326125
-0.700389105058	0.34335247897
-0.685797665369	0.347846587256
-0.67120622568	0.352288985019
-0.656614785991	0.356677043269
-0.642023346303	0.361008172007
-0.627431906614	0.365279822138
-0.612840466925	0.369489487278
-0.598249027237	0.37363470546
-0.583657587548	0.377713060736
-0.569066147859	0.381722184675
-0.55447470817	0.385659757768
-0.539883268482	0.389523510732
-0.525291828793	0.393311225716
-0.510700389104	0.397020737421
-0.496108949416	0.400649934125
-0.481517509727	0.404196758624
-0.466926070038	0.407659209085
-0.452334630349	0.411035339827
-0.437743190661	0.414323262014
-0.423151750972	0.417521144286
-0.408560311283	0.420627213311
-0.393968871594	0.423639754277
-0.379377431906	0.426557111319
-0.364785992217	0.429377687889
-0.350194552528	0.432099947071
-0.33560311284	0.434722411847
-0.321011673151	0.437243665314
-0.306420233462	0.43966235086
-0.291828793773	0.441977172298
-0.277237354085	0.444186893973
-0.262645914396	0.446290340826
-0.248054474707	0.448286398438
-0.233463035019	0.450174013046
-0.21887159533	0.451952191538
-0.204280155641	0.453620001435
-0.189688715952	0.455176570845
-0.175097276264	0.456621088424
-0.160505836575	0.457952803308
-0.145914396886	0.459171025055
-0.131322957198	0.46027512357
-0.116731517509	0.461264529039
-0.10214007782	0.462138731855
-0.0875486381314	0.462897282548
-0.0729571984427	0.463539791726
-0.058365758754	0.464065930008
-0.0437743190653	0.464475427979
-0.0291828793766	0.464768076139
-0.0145914396879	0.464943724875
8.5975671027e-13	0.465002284426
0.0145914396896	0.464943724875
0.0291828793783	0.46476807614
0.043774319067	0.464475427979
0.0583657587557	0.464065930008
0.0729571984444	0.463539791726
0.0875486381332	0.462897282549
0.102140077822	0.462138731856
0.116731517511	0.46126452904
0.131322957199	0.460275123571
0.145914396888	0.459171025056
0.160505836577	0.457952803309
0.175097276265	0.456621088425
0.189688715954	0.455176570847
0.204280155643	0.453620001436
0.218871595332	0.45195219154
0.23346303502	0.450174013048
0.248054474709	0.44828639844
0.262645914398	0.446290340828
0.277237354086	0.444186893975
0.291828793775	0.4419771723
0.306420233464	0.439662350862
0.321011673153	0.437243665317
0.335603112841	0.43472241185
0.35019455253	0.432099947074
0.364785992219	0.429377687891
0.379377431907	0.426557111322
0.393968871596	0.42363975428
0.408560311285	0.420627213314
0.423151750974	0.417521144289
0.437743190662	0.414323262017
0.452334630351	0.41103533983
0.46692607004	0.407659209089
0.481517509729	0.404196758627
0.496108949417	0.400649934129
0.510700389106	0.397020737424
0.525291828795	0.393311225719
0.539883268483	0.389523510735
0.554474708172	0.385659757772
0.569066147861	0.381722184679
0.58365758755	0.37771306074
0.598249027238	0.373634705464
0.612840466927	0.369489487282
0.627431906616	0.365279822142
0.642023346304	0.361008172011
0.656614785993	0.356677043273
0.671206225682	0.352288985024
0.685797665371	0.347846587261
0.700389105059	0.343352478974
0.714980544748	0.33880932613
0.729571984437	0.334219829543
0.744163424125	0.32958672266
0.758754863814	0.324912769225
0.773346303503	0.320200760852
0.787937743192	0.315453514491
0.80252918288	0.310673869808
0.817120622569	0.305864686455
0.831712062258	0.301028841257
0.846303501946	0.296169225315
0.860894941635	0.291288741013
0.875486381324	0.286390298956
0.890077821013	0.281476814832
0.904669260701	0.276551206202
0.91926070039	0.27161638923
0.933852140079	0.266675275358
0.948443579767	0.261730767934
0.963035019456	0.256785758788
0.977626459145	0.25184312479
0.992217898834	0.246905724368
1.00680933852	0.241976394019
1.02140077821	0.237057944805
1.0359922179	0.23215315885
1.05058365759	0.227264785853
1.06517509728	0.222395539611
1.07976653697	0.217548094576
1.09435797665	0.212725082453
1.10894941634	0.207929088839
1.12354085603	0.203162649927
1.13813229572	0.198428249273
1.15272373541	0.193728314646
1.1673151751	0.189065214958
1.18190661479	0.184441257299
1.19649805448	0.179858684074
1.21108949416	0.175319670253
1.22568093385	0.170826320749
1.24027237354	0.166380667925
1.25486381323	0.161984669247
1.26945525292	0.157640205073
1.28404669261	0.153349076611
1.2986381323	0.149113004028
1.31322957199	0.144933624728
1.32782101167	0.140812491805
1.34241245136	0.136751072674
1.35700389105	0.132750747879
1.37159533074	0.128812810089
1.38618677043	0.124938463278
1.40077821012	0.121128822102
1.41536964981	0.117384911456
1.4299610895	0.113707666233
1.44455252918	0.110097931266
1.45914396887	0.106556461463
1.47373540856	0.103083922135
1.48832684825	0.0996808895007
1.50291828794	0.0963478513849
1.51750972763	0.0930852080894
1.53210116732	0.0898932734424
1.546692607	0.0867722760171
1.56128404669	0.0837223605152
1.57587548638	0.0807435893093
1.59046692607	0.0778359441364
1.60505836576	0.074999327937
1.61964980545	0.0722335668309
1.63424124514	0.0695384122214
1.64883268483	0.0669135430214
1.66342412451	0.0643585679901
1.6780155642	0.0618730281734
1.69260700389	0.0594563994378
1.70719844358	0.0571080950884
1.72178988327	0.0548274685618
1.73638132296	0.052613816184
1.75097276265	0.0504663799839
1.76556420234	0.0483843505523
1.78015564202	0.046366869938
1.79474708171	0.0444130345698
1.8093385214	0.0425218981965
1.82392996109	0.0406924748348
1.83852140078	0.0389237417174
1.85311284047	0.0372146422309
1.86770428016	0.0355640888367
1.88229571985	0.033970965966
1.89688715953	0.0324341328815
1.91147859922	0.0309524264981
1.92607003891	0.0295246641567
1.9406614786	0.0281496463424
1.95525291829	0.026826159344
1.96984435798	0.0255529778464
1.98443579767	0.0243288674524
1.99902723736	0.0231525871279
2.01361867704	0.0220228915682
2.02821011673	0.0209385334786
2.04280155642	0.0198982657687
2.05739299611	0.0189008436559
2.0719844358	0.0179450266764
2.08657587549	0.0170295806011
2.10116731518	0.0161532792551
2.11575875486	0.0153149062398
2.13035019455	0.0145132565567
2.14494163424	0.0137471381321
2.15953307393	0.0130153732438
2.17412451362	0.0123167998491
2.18871595331	0.0116502728148
2.203307393	0.0110146650518
2.21789883269	0.0104088685529
2.23249027237	0.0098317953384
2.24708171206	0.00928237830906
2.26167315175	0.00875957200962
2.27626459144	0.00826235330498
2.29085603113	0.00778972197148
2.30544747082	0.00734070120597
2.32003891051	0.0069143380556
2.3346303502	0.00650970377107
2.34922178988	0.00612589408663
2.36381322957	0.00576202942992
2.37840466926	0.00541725506475
2.39299610895	0.00509074117032
2.40758754864	0.00478168286005
2.42217898833	0.00448930014342
2.43677042802	0.00421283783417
2.45136186771	0.00395156540817
2.46595330739	0.00370477681432
2.48054474708	0.0034717902418
2.49513618677	0.00325194784677
2.50972762646	0.00304461544188
2.52431906615	0.00284918215153
2.53891050584	0.00266506003618
2.55350194553	0.00249168368829
2.56809338522	0.00232850980318
2.5826848249	0.00217501672723
2.59727626459	0.00203070398638
2.61186770428	0.00189509179727
2.62645914397	0.00176772056363
2.64105058366	0.00164815036024
2.65564202335	0.00153596040666
2.67023346304	0.00143074853287
2.68482490272	0.00133213063889
2.69941634241	0.00123974015021
2.7140077821	0.00115322747077
2.72859922179	0.00107225943532
2.74319066148	0.00099651876252
2.75778210117	0.000925703510355
2.77237354086	0.000859526535172
2.78696498055	0.000797714955531
2.80155642023	0.000740009622038
2.81614785992	0.000686164594176
2.83073929961	0.000635946625056
2.8453307393	0.000589134654942
2.85992217899	0.000545519314276
2.87451361868	0.000504902436888
2.88910505837	0.000467096583958
2.90369649806	0.00043192457923
2.91828793774	0.000399219055916
2.93287937743	0.000368822015643
2.94747081712	0.000340584399735
2.96206225681	0.000314365673055
2.9766536965	0.000290033420591
2.99124513619	0.000267462956894
3.00583657588	0.000246536948431
3.02042801557	0.000227145048889
3.03501945525	0.000209183547392
3.04961089494	0.000192555029571
3.06420233463	0.000177168051392
3.07879377432	0.000162936825614
3.09338521401	0.000149780920702
3.1079766537	0.000137624972013
3.12256809339	0.000126398405052
3.13715953307	0.000116035170551
3.15175097276	0.000106473491118
3.16634241245	9.76556192012e-05
3.18093385214	8.9527606076e-05
3.19552529183	8.20390815608e-05
3.21011673152	7.51430441632e-05
3.22470817121	6.87956613435e-05
3.2392996109	6.29560795782e-05
3.25389105058	5.75862439052e-05
3.26848249027	5.26507266243e-05
3.28307392996	4.81165648313e-05
3.29766536965	4.39531064594e-05
3.31225680934	4.01318645061e-05
3.32684824903	3.6626379123e-05
3.34143968872	3.34120872533e-05
3.35603112841	3.0466199501e-05
3.37062256809	2.7767583926e-05
3.38521400778	2.52966564594e-05
3.39980544747	2.30352776453e-05
3.41439688716	2.09666554165e-05
3.42898832685	1.90752536232e-05
3.44357976654	1.73467060384e-05
3.45817120623	1.57677355735e-05
3.47276264592	1.43260784432e-05
3.4873540856	1.30104130311e-05
3.50194552529	1.18102932107e-05
3.51653696498	1.07160858902e-05
3.53112840467	9.71891255338e-06
3.54571984436	8.81059458106e-06
3.56031128405	7.98360214433e-06
3.57490272374	7.23100646929e-06
3.58949416343	6.54643528202e-06
3.60408560311	5.92403125058e-06
3.6186770428	5.35841324871e-06
3.63326848249	4.84464027431e-06
3.64785992218	4.37817786323e-06
3.66245136187	3.95486684687e-06
3.67704280156	3.57089430909e-06
3.69163424125	3.22276660578e-06
3.70622568093	2.90728431667e-06
3.72081712062	2.62151900642e-06
3.73540856031	2.36279167813e-06
3.75	2.12865280897e-06
3.76459143969	1.9168638635e-06
3.77918287938	1.72538018642e-06
3.79377431907	1.55233518151e-06
3.80836575876	1.39602568959e-06
3.82295719844	1.25489848294e-06
3.83754863813	1.12753779876e-06
3.85214007782	1.01265383887e-06
3.86673151751	9.09072167223e-07
3.8813229572	8.15723941346e-07
3.89591439689	7.31636917379e-07
3.91050583658	6.55927172664e-07
3.92509727627	5.87791493186e-07
3.93968871595	5.26500376704e-07
3.95428015564	4.71391605631e-07
3.96887159533	4.21864346814e-07
3.98346303502	3.7737373823e-07
3.99805447471	3.37425925371e-07
4.0126459144	3.01573512649e-07
4.02723735409	2.69411397566e-07
4.04182879378	2.40572957698e-07
4.05642023346	2.14726562621e-07
4.07101167315	1.91572384968e-07
4.08560311284	1.70839486647e-07
4.10019455253	1.52283158015e-07
4.11478599222	1.35682489443e-07
4.12937743191	1.20838156262e-07
4.1439688716	1.07570399478e-07
4.15856031129	9.57171860192e-08
4.17315175097	8.51325334935e-08
4.18774319066	7.56849856189e-08
4.20233463035	6.72562255525e-08
4.21692607004	5.97398153613e-08
4.23151750973	5.30400507945e-08
4.24610894942	4.7070921403e-08
4.26070038911	4.17551668346e-08
4.27529182879	3.7023420891e-08
4.28988326848	3.28134356126e-08
4.30447470817	2.90693783016e-08
4.31906614786	2.57411949745e-08
4.33365758755	2.2784034288e-08
4.34824902724	2.01577264744e-08
4.36284046693	1.7826312298e-08
4.37743190662	1.57576174571e-08
4.3920233463	1.39228682611e-08
4.40661478599	1.22963447662e-08
4.42120622568	1.08550678886e-08
4.43579766537	9.57851732049e-09
4.45038910506	8.44837735328e-09
4.46498054475	7.44830796914e-09
4.47957198444	6.56373880237e-09
4.49416342413	5.78168378248e-09
4.50875486381	5.09057447398e-09
4.5233463035	4.48011030574e-09
4.53793774319	3.94112405101e-09
4.55252918288	3.46546106851e-09
4.56712062257	3.0458709553e-09
4.58171206226	2.67591038586e-09
4.59630350195	2.34985603018e-09
4.61089494164	2.06262654497e-09
4.62548638132	1.8097127305e-09
4.64007782101	1.58711503047e-09
4.6546692607	1.39128763264e-09
4.66926070039	1.21908849898e-09
4.68385214008	1.06773472008e-09
4.69844357977	9.34762646682e-10
4.71303501946	8.17992306443e-10
4.72762645915	7.15495661359e-10
4.74221789883	6.25568306204e-10
4.75680933852	5.4670424787e-10
4.77140077821	4.77573442058e-10
4.7859922179	4.17001795945e-10
4.80058365759	3.63953375579e-10
4.81517509728	3.17514582663e-10
4.82976653697	2.76880090443e-10
4.84435797665	2.41340349198e-10
4.85894941634	2.10270492028e-10
4.87354085603	1.83120488922e-10
4.88813229572	1.59406413249e-10
4.90272373541	1.38702698765e-10
4.9173151751	1.20635278501e-10
4.93190661479	1.04875507922e-10
4.94649805448	9.11347857107e-11
4.96108949416	7.91597942972e-11
4.97568093385	6.87282910048e-11
4.99027237354	5.96453878674e-11
5.00486381323	5.17402651643e-11
5.01945525292	4.48632694605e-11
5.03404669261	3.88833525654e-11
5.0486381323	3.36858123643e-11
5.06322957199	2.91703010836e-11
5.07782101167	2.52490701026e-11
5.09241245136	2.18454240575e-11
5.10700389105	1.88923599238e-11
5.12159533074	1.63313695734e-11
5.13618677043	1.41113866608e-11
5.15077821012	1.21878609506e-11
5.16536964981	1.05219450006e-11
5.1799610895	9.07977999637e-12
5.19455252918	7.83186890558e-12
5.20914396887	6.75252657583e-12
5.22373540856	5.81939755245e-12
5.23832684825	5.013033507e-12
5.25291828794	4.31652306638e-12
5.26750972763	3.71516773282e-12
5.28210116732	3.19619825545e-12
5.29669260701	2.74852657593e-12
5.31128404669	2.36252895341e-12
5.32587548638	2.02985646566e-12
5.34046692607	1.74326949861e-12
5.35505836576	1.49649326946e-12
5.36964980545	1.28409176218e-12
5.38424124514	1.10135779364e-12
5.39883268483	9.44217178434e-13
5.41342412451	8.09145242969e-13
5.4280155642	6.93094118357e-13
5.44260700389	5.93429460663e-13
5.45719844358	5.07875396029e-13
5.47178988327	4.34466651924e-13
5.48638132296	3.71506949178e-13
5.50097276265	3.17532863307e-13
5.51556420234	2.71282438338e-13
5.53015564202	2.31667954304e-13
5.54474708171	1.97752302599e-13
5.5593385214	1.68728504252e-13
5.57392996109	1.43901958413e-13
5.58852140078	1.22675069342e-13
5.60311284047	1.04533934813e-13
5.61770428016	8.90368288749e-14
5.63229571985	7.58042380684e-14
5.64688715953	6.45102502213e-14
5.66147859922	5.48751120445e-14
5.67607003891	4.66588023444e-14
5.6906614786	3.96554830332e-14
5.70525291829	3.36887122786e-14
5.71984435798	2.86073152078e-14
5.73443579767	2.42818258734e-14
5.74902723736	2.06014193875e-14
5.76361867704	1.74712721057e-14
5.77821011673	1.48102882604e-14
5.79280155642	1.25491443084e-14
5.80739299611	1.06286069644e-14
5.8219844358	8.99808792027e-15
5.83657587549	7.61440163015e-15
5.85116731518	6.44069922621e-15
5.86575875487	5.44555266784e-15
5.88035019455	4.60216972239e-15
5.89494163424	3.88772049943e-15
5.90953307393	3.282760468e-15
5.92412451362	2.77073585061e-15
5.93871595331	2.33756040128e-15
5.953307393	1.97125295467e-15
5.96789883269	1.66162761592e-15
5.98249027237	1.40002853111e-15
5.99708171206	1.17910351346e-15
6.01167315175	9.92610463487e-16
6.02626459144	8.35252251156e-16
6.04085603113	7.02535634735e-16
6.05544747082	5.90651053627e-16
6.07003891051	4.9637000954e-16
6.0846303502	4.16957763029e-16
6.09922178988	3.50098765118e-16
6.11381322957	2.93833356299e-16
6.12840466926	2.4650380502e-16
6.14299610895	2.06708433861e-16
6.15758754864	1.73262584278e-16
6.17217898833	1.45165510245e-16
6.18677042802	1.21572166025e-16
6.20136186771	1.01769346113e-16
6.21595330739	8.51553530576e-17
6.23054474708	7.12228040422e-17
6.24513618677	5.9544044506e-17
6.25972762646	4.97587867924e-17
6.27431906615	4.15636240644e-17
6.28891050584	3.4703176685e-17
6.30350194553	2.89625777517e-17
6.31809338522	2.41611464706e-17
6.3326848249	2.01469899208e-17
6.34727626459	1.67924911959e-17
6.36186770428	1.39904728824e-17
6.37645914397	1.1650968477e-17
6.39105058366	9.6984874647e-18
6.40564202335	8.06971757872e-18
6.42023346304	6.71158219085e-18
6.43482490272	5.57961292355e-18
6.44941634241	4.63655800123e-18
6.4640077821	3.85123345751e-18
6.47859922179	3.19754410893e-18
6.49319066148	2.65366319343e-18
6.50778210117	2.20134193714e-18
6.52237354086	1.82533174196e-18
6.53696498055	1.5128937632e-18
6.55155642023	1.25339517898e-18
6.56614785992	1.03795989153e-18
6.58073929961	8.59183964309e-19
6.5953307393	7.10893736954e-19
6.60992217899	5.87944547253e-19
6.62451361868	4.86049831408e-19
6.63910505837	4.0164142467e-19
6.65369649806	3.31748630956e-19
6.66828793774	2.73900857356e-19
6.68287937743	2.26043024118e-19
6.69747081712	1.8646726426e-19
6.71206225681	1.53754403199e-19
6.7266536965	1.26726149331e-19
6.74124513619	1.0440417096e-19
6.75583657588	8.59770877798e-20
6.77042801557	7.07717651697e-20
6.78501945525	5.82308336817e-20
6.79961089494	4.78917463302e-20
6.81420233463	3.937164157e-20
6.82879377432	3.23535587003e-20
6.84338521401	2.65752317749e-20
6.8579766537	2.18195673933e-20
6.87256809339	1.79073614614e-20
6.88715953308	1.46902824098e-20
6.90175097276	1.20460719135e-20
6.91634241245	9.87365609754e-21
6.93093385214	8.08961540636e-21
6.94552529183	6.62511096627e-21
6.96011673152	5.42345168117e-21
6.97470817121	4.43782931504e-21
6.9892996109	3.62977381946e-21
7.00389105058	2.96754573546e-21
7.01848249027	2.42514613651e-21
7.03307392996	1.98105345557e-21
7.04766536965	1.61761520494e-21
7.06225680934	1.32030819252e-21
7.07684824903	1.07721325846e-21
7.09143968872	8.78505379414e-22
7.10603112841	7.16156365157e-22
7.12062256809	5.83553418212e-22
7.13521400778	4.75325955366e-22
7.14980544747	3.87027149939e-22
7.16439688716	3.15018380825e-22
7.17898832685	2.56319164373e-22
7.19357976654	2.08491736758e-22
7.20817120623	1.69530563012e-22
7.22276264592	1.37808489743e-22
7.2373540856	1.11986405857e-22
7.25194552529	9.09810754341e-23
7.26653696498	7.38962830956e-23
7.28112840467	6.00083250701e-23
7.29571984436	4.87199396389e-23
7.31031128405	3.95526052956e-23
7.32490272374	3.21068182863e-23
7.33949416343	2.606254123e-23
7.35408560311	2.11548832289e-23
7.3686770428	1.71788408866e-23
7.38326848249	1.39576633951e-23
7.39785992218	1.1349466657e-23
7.41245136187	9.23734562946e-24
7.42704280156	7.52827078034e-24
7.44163424125	6.14435966668e-24
7.45622568094	5.02604731648e-24
7.47081712062	4.12095130156e-24
7.48540856031	3.39215891366e-24
7.5	2.79657595928e-24
7.51459143969	2.28093280626e-24
7.52918287938	1.8569992212e-24
7.54377431907	1.51437196561e-24
7.55836575876	1.23550415514e-24
7.57295719844	1.00927880402e-24
7.58754863813	8.25227648347e-25
7.60214007782	6.76413716598e-25
7.61673151751	5.55664501938e-25
7.6313229572	4.57744479777e-25
7.64591439689	3.78210508436e-25
7.66050583658	3.1362958167e-25
7.67509727627	2.60778232654e-25
7.68968871595	2.17591290866e-25
7.70428015564	1.81942550343e-25
7.71887159533	1.52922306494e-25
7.73346303502	1.29145365954e-25
7.74805447471	1.09659633778e-25
7.7626459144	9.36997698721e-26
7.77723735409	8.04561320791e-26
7.79182879378	6.93657340055e-26
7.80642023346	6.00989071781e-26
7.82101167315	5.21498699432e-26
7.83560311284	4.56723101168e-26
7.85019455253	4.0341416697e-26
7.86478599222	3.60095836532e-26
7.87937743191	3.23933003063e-26
7.8939688716	2.93828132878e-26
7.90856031129	2.67892161867e-26
7.92315175097	2.45434241909e-26
7.93774319066	2.25664530251e-26
7.95233463035	2.09121310854e-26
7.96692607004	1.94710210785e-26
7.98151750973	1.82420974708e-26
7.99610894942	1.71637241255e-26
8.01070038911	1.62311331791e-26
8.0252918288	1.53533997874e-26
8.03988326848	1.44997392785e-26
8.05447470817	1.36398085644e-26
8.06906614786	1.29465126036e-26
8.08365758755	1.23300244673e-26
8.09824902724	1.18192370882e-26
8.11284046693	1.13794650844e-26
8.12743190662	1.09995777533e-26
8.1420233463	1.0588580021e-26
8.15661478599	1.01522137694e-26
8.17120622568	9.66790365179e-27
8.18579766537	9.31612038393e-27
8.20038910506	9.06201194549e-27
8.21498054475	8.89043018427e-27
8.22957198444	8.75902975407e-27
8.24416342413	8.69373316809e-27
8.25875486381	8.6340674344e-27
8.2733463035	8.58710828772e-27
8.28793774319	8.52121278153e-27
8.30252918288	8.48708057688e-27
8.31712062257	8.44516649474e-27
8.33171206226	8.41925889061e-27
8.34630350195	8.38931401974e-27
8.36089494164	8.35200844899e-27
8.37548638132	8.27997988281e-27
8.39007782101	8.16957777316e-27
8.4046692607	7.98612974208e-27
8.41926070039	7.87273535191e-27
8.43385214008	7.79000652172e-27
8.44844357977	7.75734968355e-27
8.46303501946	7.72577070594e-27
8.47762645915	7.72445163103e-27
8.49221789883	7.68772582431e-27
8.50680933852	7.64601701602e-27
8.52140077821	7.56480225484e-27
8.5359922179	7.52638039986e-27
8.55058365759	7.49759533257e-27
8.56517509728	7.48745034071e-27
8.57976653697	7.45588814994e-27
8.59435797666	7.43784078647e-27
8.60894941634	7.38488743059e-27
8.62354085603	7.29174485323e-27
8.63813229572	7.14887439947e-27
8.65272373541	7.07260473997e-27
8.6673151751	7.01488548636e-27
8.68190661479	6.99796152656e-27
8.69649805448	6.99091182847e-27
8.71108949416	6.99922592707e-27
8.72568093385	6.98514416238e-27
8.74027237354	6.96752012423e-27
8.75486381323	6.92110202043e-27
8.76945525292	6.90783038971e-27
8.78404669261	6.87408087377e-27
8.7986381323	6.84032261706e-27
8.81322957199	6.79152424841e-27
8.82782101167	6.72559867501e-27
8.84241245136	6.59895751389e-27
8.85700389105	6.43048272948e-27
8.87159533074	6.19065469645e-27
8.88618677043	6.01748750548e-27
8.90077821012	5.87576759024e-27
8.91536964981	5.77933134876e-27
8.9299610895	5.6935676574e-27
8.94455252918	5.6205785364e-27
8.95914396887	5.5362511028e-27
8.97373540856	5.4504794399e-27
8.98832684825	5.32128769304e-27
9.00291828794	5.2338381252e-27
9.01750972763	5.15869728257e-27
9.03210116732	5.10705011107e-27
9.04669260701	5.04009914438e-27
9.06128404669	4.97316819649e-27
9.07587548638	4.88561374652e-27
9.09046692607	4.78308538929e-27
9.10505836576	4.63033563299e-27
9.11964980545	4.53775889607e-27
9.13424124514	4.46158184191e-27
9.14883268483	4.40090182941e-27
9.16342412452	4.33766174649e-27
9.1780155642	4.28605439061e-27
9.19260700389	4.20012142392e-27
9.20719844358	4.1182722914e-27
9.22178988327	3.99848481104e-27
9.23638132296	3.92305289636e-27
9.25097276265	3.86041749569e-27
9.26556420234	3.82712740453e-27
9.28015564202	3.78940304025e-27
9.29474708171	3.76485148753e-27
9.3093385214	3.73307249729e-27
9.32392996109	3.69987375477e-27
9.33852140078	3.63792254253e-27
9.35311284047	3.62332769428e-27
9.36770428016	3.60200825828e-27
9.38229571985	3.59392721796e-27
9.39688715953	3.57714760218e-27
9.41147859922	3.56305917465e-27
9.42607003891	3.52895596887e-27
9.4406614786	3.49683090042e-27
9.45525291829	3.42668036867e-27
9.46984435798	3.39218134114e-27
9.48443579767	3.36409609539e-27
9.49902723736	3.35034825605e-27
9.51361867704	3.31408967969e-27
9.52821011673	3.28881020118e-27
9.54280155642	3.24902499076e-27
9.55739299611	3.20928433744e-27
9.5719844358	3.13960085668e-27
9.58657587549	3.09042102407e-27
9.60116731518	3.03847250346e-27
9.61575875487	3.00495648507e-27
9.63035019455	2.95727333693e-27
9.64494163424	2.90598847291e-27
9.65953307393	2.83863856569e-27
9.67412451362	2.76897323738e-27
9.68871595331	2.67127397538e-27
9.703307393	2.60355150341e-27
9.71789883269	2.53784665777e-27
9.73249027237	2.47853557026e-27
9.74708171206	2.40393593378e-27
9.76167315175	2.32696899982e-27
9.77626459144	2.21914699586e-27
9.79085603113	2.11853216843e-27
9.80544747082	1.98977988896e-27
9.82003891051	1.89479655158e-27
9.8346303502	1.81479764501e-27
9.84922178988	1.75513802228e-27
9.86381322957	1.69126845599e-27
9.87840466926	1.64023180172e-27
9.89299610895	1.57382116927e-27
9.90758754864	1.51287025564e-27
9.92217898833	1.44174519622e-27
9.93677042802	1.39233909968e-27
9.95136186771	1.34102682891e-27
9.96595330739	1.30779390311e-27
9.98054474708	1.270634882e-27
9.99513618677	1.24198682663e-27
10.0097276265	1.20517901528e-27
10.0243190661	1.18259111713e-27
10.0389105058	1.15019663416e-27
10.0535019455	1.13942926178e-27
10.0680933852	1.13800274117e-27
10.0826848249	1.14867807356e-27
10.0972762646	1.16197031056e-27
10.1118677043	1.17335403677e-27
10.126459144	1.17108337553e-27
10.1410505837	1.18679914259e-27
10.1556420233	1.19335760126e-27
10.170233463	1.21530197298e-27
10.1848249027	1.23866223573e-27
10.1994163424	1.26121689647e-27
10.2140077821	1.27813206241e-27
10.2285992218	1.30690227392e-27
10.2431906615	1.32673194149e-27
10.2577821012	1.34944418608e-27
10.2723735409	1.36552885239e-27
10.2869649805	1.38625732824e-27
10.3015564202	1.40846339472e-27
10.3161478599	1.43331608951e-27
10.3307392996	1.44770040456e-27
10.3453307393	1.45810812708e-27
10.359922179	1.45557797972e-27
10.3745136187	1.45194729409e-27
10.3891050584	1.43609720129e-27
10.4036964981	1.44565616245e-27
10.4182879377	1.45627250534e-27
10.4328793774	1.48175880426e-27
10.4474708171	1.50628314367e-27
10.4620622568	1.54321503106e-27
10.4766536965	1.58000055108e-27
10.4912451362	1.6381082681e-27
10.5058365759	1.70295985269e-27
10.5204280156	1.76185420555e-27
10.5350194553	1.81908404608e-27
10.5496108949	1.87469562015e-27
10.5642023346	1.919341751e-27
10.5787937743	1.97160364665e-27
10.593385214	2.01168016822e-27
10.6079766537	2.04295777574e-27
10.6225680934	2.06908705866e-27
10.6371595331	2.09437586062e-27
10.6517509728	2.10650827622e-27
10.6663424125	2.11547943293e-27
10.6809338521	2.10894261114e-27
10.6955252918	2.09753764738e-27
10.7101167315	2.07001559023e-27
10.7247081712	2.04892572272e-27
10.7392996109	1.9930756038e-27
10.7538910506	1.9579837089e-27
10.7684824903	1.93038298516e-27
10.78307393	1.91655916616e-27
10.7976653697	1.90233323867e-27
10.8122568093	1.89431478021e-27
10.826848249	1.87736661351e-27
10.8414396887	1.86544001206e-27
10.8560311284	1.84517024786e-27
10.8706225681	1.83553119152e-27
10.8852140078	1.82906378104e-27
10.8998054475	1.82350156615e-27
10.9143968872	1.81477727679e-27
10.9289883268	1.80916297108e-27
10.9435797665	1.79489238923e-27
10.9581712062	1.78280491414e-27
10.9727626459	1.76194435062e-27
10.9873540856	1.75769749975e-27
11.0019455253	1.75894271565e-27
11.016536965	1.77694645381e-27
11.0311284047	1.81122735691e-27
11.0457198444	1.8790781431e-27
11.060311284	1.95288522192e-27
11.0749027237	2.04274584649e-27
11.0894941634	2.14620473759e-27
11.1040856031	2.28441144118e-27
11.1186770428	2.45857454821e-27
11.1332684825	2.66682302436e-27
11.1478599222	2.92010596802e-27
11.1624513619	3.24310851788e-27
11.1770428016	3.64592807194e-27
11.1916342412	4.14859300329e-27
11.2062256809	4.78020049366e-27
11.2208171206	5.55314813518e-27
11.2354085603	6.58615839942e-27
11.25	7.49080055625e-27
11.2645914397	6.57229462878e-27
11.2791828794	5.56471815516e-27
11.2937743191	4.81865142608e-27
11.3083657588	4.20732281388e-27
11.3229571984	3.69425518741e-27
11.3375486381	3.31047574982e-27
11.3521400778	3.02036375736e-27
11.3667315175	2.79720576327e-27
11.3813229572	2.60967634885e-27
11.3959143969	2.4738992333e-27
11.4105058366	2.36769763173e-27
11.4250972763	2.28916607051e-27
11.439688716	2.21003012269e-27
11.4542801556	2.16208335602e-27
11.4688715953	2.13087229237e-27
11.483463035	2.11318552813e-27
11.4980544747	2.0926052863e-27
11.5126459144	2.10322797882e-27
11.5272373541	2.10410080036e-27
11.5418287938	2.10885367395e-27
11.5564202335	2.11478242825e-27
11.5710116732	2.1354697542e-27
11.5856031128	2.14442392034e-27
11.6001945525	2.15332934229e-27
11.6147859922	2.15055085537e-27
11.6293774319	2.15417183923e-27
11.6439688716	2.13524710477e-27
11.6585603113	2.11041021748e-27
11.673151751	2.05046824869e-27
11.6877431907	2.02816975226e-27
11.7023346304	2.01494599135e-27
11.71692607	2.00376124586e-27
11.7315175097	1.98866059695e-27
11.7461089494	1.99119999716e-27
11.7607003891	1.99653893971e-27
11.7752918288	2.01063822823e-27
11.7898832685	2.00774708033e-27
11.8044747082	2.02110015347e-27
11.8190661479	2.03169861753e-27
11.8336575876	2.04040175277e-27
11.8482490272	2.03882084119e-27
11.8628404669	2.05925823176e-27
11.8774319066	2.06842568225e-27
11.8920233463	2.07218984002e-27
11.906614786	2.05559006621e-27
11.9212062257	2.04696560836e-27
11.9357976654	2.03281281613e-27
11.9503891051	2.02282121147e-27
11.9649805447	1.99399252235e-27
11.9795719844	1.96768161331e-27
11.9941634241	1.92771699438e-27
12.0087548638	1.88085973188e-27
12.0233463035	1.80146186543e-27
12.0379377432	1.76111278744e-27
12.0525291829	1.72859820649e-27
12.0671206226	1.70650308068e-27
12.0817120623	1.68404755616e-27
12.0963035019	1.68342174157e-27
12.1108949416	1.68007835472e-27
12.1254863813	1.69069716905e-27
12.140077821	1.69053888806e-27
12.1546692607	1.70460565288e-27
12.1692607004	1.71532754778e-27
12.1838521401	1.71991772292e-27
12.1984435798	1.70829848478e-27
12.2130350195	1.7115581106e-27
12.2276264591	1.70223428946e-27
12.2422178988	1.69124332001e-27
12.2568093385	1.65918409626e-27
12.2714007782	1.65079722355e-27
12.2859922179	1.64449972955e-27
12.3005836576	1.6442919055e-27
12.3151750973	1.63998373586e-27
12.329766537	1.64632291193e-27
12.3443579767	1.64830628593e-27
12.3589494163	1.65179847989e-27
12.373540856	1.63500928965e-27
12.3881322957	1.6484357303e-27
12.4027237354	1.66542232097e-27
12.4173151751	1.673489089e-27
12.4319066148	1.68301479327e-27
12.4464980545	1.71584973253e-27
12.4610894942	1.75447619151e-27
12.4756809339	1.80091953706e-27
12.4902723735	1.83725112255e-27
12.5048638132	1.8787681827e-27
12.5194552529	1.90317470553e-27
12.5340466926	1.91632694956e-27
12.5486381323	1.90405868045e-27
12.563229572	1.8996804732e-27
12.5778210117	1.87234612622e-27
12.5924124514	1.82697543216e-27
12.6070038911	1.74709010116e-27
12.6215953307	1.69390335835e-27
12.6361867704	1.64471136745e-27
12.6507782101	1.60526739182e-27
12.6653696498	1.56553326396e-27
12.6799610895	1.54531502846e-27
12.6945525292	1.53147316928e-27
12.7091439689	1.52445371609e-27
12.7237354086	1.50964642328e-27
12.7383268483	1.5097633865e-27
12.7529182879	1.50567728406e-27
12.7675097276	1.49958751444e-27
12.7821011673	1.49051251864e-27
12.796692607	1.48711676285e-27
12.8112840467	1.48236793486e-27
12.8258754864	1.48256488907e-27
12.8404669261	1.47041017063e-27
12.8550583658	1.46988793264e-27
12.8696498054	1.47256567082e-27
12.8842412451	1.47400564802e-27
12.8988326848	1.47239647223e-27
12.9134241245	1.48424863076e-27
12.9280155642	1.49966330466e-27
12.9426070039	1.51959785932e-27
12.9571984436	1.53438939329e-27
12.9717898833	1.55067521237e-27
12.986381323	1.56482714227e-27
13.0009727626	1.56999590747e-27
13.0155642023	1.5682344707e-27
13.030155642	1.57740461416e-27
13.0447470817	1.5852184198e-27
13.0593385214	1.59691667842e-27
13.0739299611	1.59702355953e-27
13.0885214008	1.60667224722e-27
13.1031128405	1.61205662408e-27
13.1177042802	1.61319045773e-27
13.1322957198	1.60574139459e-27
13.1468871595	1.60439714392e-27
13.1614785992	1.59851211427e-27
13.1760700389	1.59678676004e-27
13.1906614786	1.59269200509e-27
13.2052529183	1.59044852601e-27
13.219844358	1.58675607375e-27
13.2344357977	1.57676581287e-27
13.2490272374	1.55967152152e-27
13.263618677	1.54974840976e-27
13.2782101167	1.54029277602e-27
13.2928015564	1.52815906312e-27
13.3073929961	1.5111133082e-27
13.3219844358	1.50667228452e-27
13.3365758755	1.5031672187e-27
13.3511673152	1.50098916692e-27
13.3657587549	1.50445577202e-27
13.3803501946	1.51941332543e-27
13.3949416342	1.54464650549e-27
13.4095330739	1.58471050498e-27
13.4241245136	1.63473005207e-27
13.4387159533	1.67230416707e-27
13.453307393	1.70256351847e-27
13.4678988327	1.72407101756e-27
13.4824902724	1.73091757573e-27
13.4970817121	1.73799511752e-27
13.5116731518	1.73793143333e-27
13.5262645914	1.73164234919e-27
13.5408560311	1.71240135009e-27
13.5554474708	1.70292003065e-27
13.5700389105	1.70183596346e-27
13.5846303502	1.69672280784e-27
13.5992217899	1.68679263178e-27
13.6138132296	1.68817337033e-27
13.6284046693	1.69536935484e-27
13.642996109	1.70066777208e-27
13.6575875486	1.71810542932e-27
13.6721789883	1.73631858361e-27
13.686770428	1.74826020875e-27
13.7013618677	1.75654261939e-27
13.7159533074	1.77335453955e-27
13.7305447471	1.78997335617e-27
13.7451361868	1.81179652979e-27
13.7597276265	1.84024611104e-27
13.7743190661	1.89123861152e-27
13.7889105058	1.91680297797e-27
13.8035019455	1.93620574586e-27
13.8180933852	1.94668556203e-27
13.8326848249	1.94772498519e-27
13.8472762646	1.95552851266e-27
13.8618677043	1.96227177112e-27
13.876459144	1.95944748782e-27
13.8910505837	1.96671545403e-27
13.9056420233	1.9679857322e-27
13.920233463	1.97168671713e-27
13.9348249027	1.9619057685e-27
13.9494163424	1.95860879011e-27
13.9640077821	1.96077264322e-27
13.9785992218	1.96474640886e-27
13.9931906615	1.9626911587e-27
14.0077821012	1.98329354825e-27
14.0223735409	1.99755162417e-27
14.0369649805	1.99484424126e-27
14.0515564202	1.98294833196e-27
14.0661478599	1.97869186423e-27
14.0807392996	1.96218535371e-27
14.0953307393	1.9642668391e-27
14.109922179	1.97410883285e-27
14.1245136187	2.00100961594e-27
14.1391050584	2.00090395639e-27
14.1536964981	2.00226409402e-27
14.1682879377	1.99326848528e-27
14.1828793774	1.9739187283e-27
14.1974708171	1.96650469561e-27
14.2120622568	1.96241233463e-27
14.2266536965	1.95834961412e-27
14.2412451362	2.00173205384e-27
14.2558365759	2.02757957086e-27
14.2704280156	2.04022714789e-27
14.2850194553	2.02946908426e-27
14.2996108949	2.02519361583e-27
14.3142023346	2.01436672309e-27
14.3287937743	2.01048160973e-27
14.343385214	2.02390218297e-27
14.3579766537	2.07890632452e-27
14.3725680934	2.09389431509e-27
14.3871595331	2.07713100867e-27
14.4017509728	2.05615138653e-27
14.4163424125	2.03945134228e-27
14.4309338521	2.00378810145e-27
14.4455252918	1.9867752401e-27
14.4601167315	1.97957465939e-27
14.4747081712	1.99669920235e-27
14.4892996109	2.00118584016e-27
14.5038910506	2.01483337556e-27
14.5184824903	2.01293488235e-27
14.53307393	2.00349841988e-27
14.5476653697	1.99209097813e-27
14.5622568093	1.98594769882e-27
14.576848249	1.97835544907e-27
14.5914396887	2.02807563297e-27
14.6060311284	2.05404018102e-27
14.6206225681	2.06567696228e-27
14.6352140078	2.03771356678e-27
14.6498054475	2.016925787e-27
14.6643968872	1.99125215229e-27
14.6789883268	1.96161875775e-27
14.6935797665	1.94394676961e-27
14.7081712062	1.96472526956e-27
14.7227626459	1.95212488224e-27
14.7373540856	1.94695820411e-27
14.7519455253	1.92504557912e-27
14.766536965	1.90763274926e-27
14.7811284047	1.85506040893e-27
14.7957198444	1.81389099118e-27
14.810311284	1.77442973582e-27
14.8249027237	1.74466420123e-27
14.8394941634	1.69277777334e-27
14.8540856031	1.6343963179e-27
14.8686770428	1.5503401531e-27
14.8832684825	1.47751997531e-27
14.8978599222	1.39554442244e-27
14.9124513619	1.30307670042e-27
14.9270428016	1.19891040646e-27
14.9416342412	1.13808225121e-27
14.9562256809	1.07480303241e-27
14.9708171206	1.02774772508e-27
14.9854085603	1.08498461046e-27
15.0	1.17702631564e-27
