-14.9854085603	2.71333815087e-27
-14.9708171206	1.62382289191e-27
-14.9562256809	9.92812477495e-28
-14.9416342412	5.81713032171e-28
-14.9270428016	3.46611132979e-28
-14.9124513619	2.12028525399e-28
-14.8978599222	1.48672338162e-28
-14.8832684825	1.21222859614e-28
-14.8686770428	1.22958302609e-28
-14.8540856031	1.33622837896e-28
-14.8394941634	1.52092817135e-28
-14.8249027237	1.5874049528e-28
-14.810311284	1.80199355927e-28
-14.7957198444	1.98835785923e-28
-14.7811284047	2.24402936142e-28
-14.766536965	2.44314301159e-28
-14.7519455253	2.63142673089e-28
-14.7373540856	2.73731593065e-28
-14.7227626459	2.7870626532e-28
-14.7081712062	2.6228049671e-28
-14.6935797665	2.6664678781e-28
-14.6789883268	2.72396572356e-28
-14.6643968872	2.85468662124e-28
-14.6498054475	2.92737555002e-28
-14.6352140078	3.07148470454e-28
-14.6206225681	3.09952480393e-28
-14.6060311284	3.08639426858e-28
-14.5914396887	2.88466640715e-28
-14.576848249	2.85594455121e-28
-14.5622568093	2.865450789e-28
-14.5476653696	2.98767514777e-28
-14.53307393	3.0353046705e-28
-14.5184824903	3.13048883035e-28
-14.5038910506	3.14593173057e-28
-14.4892996109	3.14362659321e-28
-14.4747081712	2.92245375528e-28
-14.4601167315	2.90389665092e-28
-14.4455252918	2.90928998028e-28
-14.4309338521	3.01936566164e-28
-14.4163424125	3.05254468317e-28
-14.4017509728	3.11712405084e-28
-14.3871595331	3.08459704713e-28
-14.3725680934	3.05072291767e-28
-14.3579766537	2.79744833754e-28
-14.343385214	2.74972012023e-28
-14.3287937743	2.72553709012e-28
-14.3142023346	2.8115698942e-28
-14.2996108949	2.85641644797e-28
-14.2850194553	2.94587025009e-28
-14.2704280156	2.94767809989e-28
-14.2558365759	2.93449472254e-28
-14.2412451362	2.7031641926e-28
-14.2266536965	2.66264340501e-28
-14.2120622568	2.63784351861e-28
-14.1974708171	2.71321001623e-28
-14.1828793774	2.72906413115e-28
-14.1682879377	2.79034376999e-28
-14.1536964981	2.75912194945e-28
-14.1391050584	2.70082523847e-28
-14.1245136187	2.43370292517e-28
-14.109922179	2.37206085208e-28
-14.0953307393	2.324256783e-28
-14.0807392996	2.37551796746e-28
-14.0661478599	2.38716197356e-28
-14.0515564202	2.44643931247e-28
-14.0369649805	2.40879829578e-28
-14.0223735409	2.35533680291e-28
-14.0077821012	2.10225570277e-28
-13.9931906615	2.03572113658e-28
-13.9785992218	1.98449431535e-28
-13.9640077821	2.02034067891e-28
-13.9494163424	1.99846000458e-28
-13.9348249027	2.0300807806e-28
-13.920233463	1.9851418625e-28
-13.9056420233	1.92162527333e-28
-13.8910505837	1.68942544417e-28
-13.876459144	1.63536982872e-28
-13.8618677043	1.5911400212e-28
-13.8472762646	1.62693468228e-28
-13.8326848249	1.62365880115e-28
-13.8180933852	1.66773885122e-28
-13.8035019455	1.64133024572e-28
-13.7889105058	1.57383142015e-28
-13.7743190661	1.35831010024e-28
-13.7597276265	1.30620837925e-28
-13.7451361868	1.26636324305e-28
-13.7305447471	1.28639131171e-28
-13.7159533074	1.27592812644e-28
-13.7013618677	1.30499897976e-28
-13.686770428	1.25774353436e-28
-13.6721789883	1.20638241775e-28
-13.6575875486	1.02069017357e-28
-13.6429961089	9.69207042478e-29
-13.6284046693	9.36533412114e-29
-13.6138132296	9.48653762659e-29
-13.5992217899	9.48622734315e-29
-13.5846303502	9.91946160317e-29
-13.5700389105	9.70703470335e-29
-13.5554474708	9.32423264345e-29
-13.5408560311	7.89704164768e-29
-13.5262645914	7.6538590425e-29
-13.5116731518	7.54022112756e-29
-13.4970817121	7.83582490272e-29
-13.4824902724	7.97512174295e-29
-13.4678988327	8.31614767871e-29
-13.453307393	8.19260512616e-29
-13.4387159533	7.81999617923e-29
-13.4241245136	6.56505609989e-29
-13.4095330739	6.2748664581e-29
-13.3949416342	6.09497390337e-29
-13.3803501946	6.26441407769e-29
-13.3657587549	6.34700100032e-29
-13.3511673152	6.70269670069e-29
-13.3365758755	6.80055151988e-29
-13.3219844358	6.87438614588e-29
-13.3073929961	6.48314257361e-29
-13.2928015564	6.63807011587e-29
-13.2782101167	6.69869757859e-29
-13.263618677	6.81759790549e-29
-13.2490272374	6.77919142149e-29
-13.2344357977	6.96606098031e-29
-13.219844358	6.79774235981e-29
-13.2052529183	6.6013757533e-29
-13.1906614786	6.18597717232e-29
-13.1760700389	6.13471244603e-29
-13.1614785992	6.01699858811e-29
-13.1468871595	5.91473941642e-29
-13.1322957198	5.75435957737e-29
-13.1177042802	5.75773932688e-29
-13.1031128405	5.65854936018e-29
-13.0885214008	5.33142697543e-29
-13.0739299611	4.94489311961e-29
-13.0593385214	4.79721215779e-29
-13.0447470817	4.74595126445e-29
-13.030155642	4.5492426487e-29
-13.0155642023	4.45194153528e-29
-13.0009727626	4.39440533223e-29
-12.986381323	4.25454937983e-29
-12.9717898833	4.26693290548e-29
-12.9571984436	4.39507495191e-29
-12.9426070039	4.42299389773e-29
-12.9280155642	4.48490215853e-29
-12.9134241245	4.37023939314e-29
-12.8988326848	4.37444441621e-29
-12.8842412451	4.42405121446e-29
-12.8696498054	4.66556438641e-29
-12.8550583658	5.00734695175e-29
-12.8404669261	5.98241236706e-29
-12.8258754864	6.71175815632e-29
-12.8112840467	7.33039044092e-29
-12.796692607	7.55046978657e-29
-12.7821011673	7.82438548365e-29
-12.7675097276	7.91986631708e-29
-12.7529182879	8.16519620274e-29
-12.7383268482	8.43297053934e-29
-12.7237354086	9.35120406711e-29
-12.7091439689	9.78129991275e-29
-12.6945525292	1.02243058299e-28
-12.6799610895	1.00362727704e-28
-12.6653696498	1.00217390811e-28
-12.6507782101	9.89284222725e-29
-12.6361867704	1.02565511961e-28
-12.6215953307	1.08455411331e-28
-12.6070038911	1.22787163769e-28
-12.5924124514	1.28974395236e-28
-12.5778210117	1.34967480812e-28
-12.563229572	1.32069354318e-28
-12.5486381323	1.32409152906e-28
-12.5340466926	1.32657908526e-28
-12.5194552529	1.38676295774e-28
-12.5048638132	1.475018538e-28
-12.4902723735	1.7180586506e-28
-12.4756809339	1.82669372922e-28
-12.4610894942	1.93109419642e-28
-12.4464980545	1.95098004771e-28
-12.4319066148	1.99959342989e-28
-12.4173151751	2.01401001957e-28
-12.4027237354	2.12337940166e-28
-12.3881322957	2.24820377256e-28
-12.373540856	2.56436674656e-28
-12.3589494163	2.71777300812e-28
-12.3443579767	2.85532453847e-28
-12.329766537	2.86847992037e-28
-12.3151750973	2.95593239112e-28
-12.3005836576	2.9953293841e-28
-12.2859922179	3.13530963814e-28
-12.2714007782	3.32070493488e-28
-12.2568093385	3.74760166838e-28
-12.2422178988	3.94195997653e-28
-12.2276264591	4.11959965493e-28
-12.2130350195	4.12695698246e-28
-12.1984435798	4.19130859931e-28
-12.1838521401	4.2116612686e-28
-12.1692607004	4.31769870956e-28
-12.1546692607	4.44156124405e-28
-12.140077821	4.83616195001e-28
-12.1254863813	4.97747899457e-28
-12.1108949416	5.06723347513e-28
-12.0963035019	4.9639393605e-28
-12.0817120623	4.95086715603e-28
-12.0671206226	4.94038458235e-28
-12.0525291829	5.03188085996e-28
-12.0379377432	5.14373262522e-28
-12.0233463035	5.58197983529e-28
-12.0087548638	5.73607621828e-28
-11.9941634241	5.8767436641e-28
-11.9795719844	5.8622421803e-28
-11.9649805447	5.91862799026e-28
-11.9503891051	5.9165756975e-28
-11.9357976654	6.07094385303e-28
-11.9212062257	6.2958772413e-28
-11.906614786	6.79162503748e-28
-11.8920233463	6.99366715461e-28
-11.8774319066	7.15221811192e-28
-11.8628404669	7.08837239407e-28
-11.8482490272	7.09490288029e-28
-11.8336575875	7.04931866814e-28
-11.8190661479	7.14996211602e-28
-11.8044747082	7.30693422346e-28
-11.7898832685	7.81327690339e-28
-11.7752918288	7.92879214573e-28
-11.7607003891	7.94679026964e-28
-11.7461089494	7.80015217641e-28
-11.7315175097	7.77087388107e-28
-11.71692607	7.72871541921e-28
-11.7023346304	7.89018723771e-28
-11.6877431907	7.99906333316e-28
-11.673151751	8.40815924788e-28
-11.6585603113	8.47028438246e-28
-11.6439688716	8.43420702017e-28
-11.6293774319	8.22922808049e-28
-11.6147859922	8.0935356989e-28
-11.6001945525	7.88341085451e-28
-11.5856031128	7.86842226821e-28
-11.5710116732	7.86536431416e-28
-11.5564202335	8.10239518858e-28
-11.5418287938	7.88969084772e-28
-11.5272373541	7.66031513256e-28
-11.5126459144	7.21763489049e-28
-11.4980544747	6.79146480596e-28
-11.483463035	6.40315287369e-28
-11.4688715953	6.16936317769e-28
-11.4542801556	6.03817799826e-28
-11.439688716	6.24101108426e-28
-11.4250972763	6.05441973536e-28
-11.4105058366	5.98090264237e-28
-11.3959143969	6.00274918273e-28
-11.3813229572	6.59547195239e-28
-11.3667315175	7.79197990899e-28
-11.3521400778	9.94111821079e-28
-11.3375486381	1.31856529356e-27
-11.3229571984	1.82195015749e-27
-11.3083657588	2.51446196411e-27
-11.2937743191	3.52430984142e-27
-11.2791828794	4.88402981506e-27
-11.2645914397	6.9595703409e-27
-11.25	8.9096522951e-27
-11.2354085603	6.83014124583e-27
-11.2208171206	4.66414876391e-27
-11.2062256809	3.21741072064e-27
-11.1916342412	2.15760754245e-27
-11.1770428016	1.4245931731e-27
-11.1624513619	9.16943916578e-28
-11.1478599222	5.84437904363e-28
-11.1332684825	3.69587806833e-28
-11.1186770428	2.40659019031e-28
-11.1040856031	1.72115667549e-28
-11.0894941634	1.34894946134e-28
-11.0749027237	1.42363439444e-28
-11.060311284	1.69002420499e-28
-11.0457198444	2.12460472604e-28
-11.0311284047	2.5489657692e-28
-11.016536965	3.0072474168e-28
-11.0019455253	3.31467152051e-28
-10.9873540856	3.58797835693e-28
-10.9727626459	3.5759108269e-28
-10.9581712062	3.7017952282e-28
-10.9435797665	3.78005216992e-28
-10.9289883268	3.89915420944e-28
-10.9143968872	3.88084898143e-28
-10.8998054475	3.78304277646e-28
-10.8852140078	3.54365273389e-28
-10.8706225681	3.16038719016e-28
-10.8560311284	2.49650225956e-28
-10.8414396887	2.06666122368e-28
-10.826848249	1.67046673462e-28
-10.8122568093	1.44496694754e-28
-10.7976653696	1.28639269508e-28
-10.78307393	1.32029019054e-28
-10.7684824903	1.62100646214e-28
-10.7538910506	2.42202657998e-28
-10.7392996109	3.97368474679e-28
-10.7247081712	6.64926073908e-28
-10.7101167315	1.07314104117e-27
-10.6955252918	1.66472464127e-27
-10.6809338521	2.51760785796e-27
-10.6663424125	3.70756243173e-27
-10.6517509728	5.36027063975e-27
-10.6371595331	7.64931778207e-27
-10.6225680934	1.08068195229e-26
-10.6079766537	1.49452602946e-26
-10.593385214	2.04310784877e-26
-10.5787937743	2.75987538784e-26
-10.5642023346	3.70717284223e-26
-10.5496108949	4.95407819631e-26
-10.5350194553	6.59126179067e-26
-10.5204280156	8.73009933985e-26
-10.5058365759	1.15411647783e-25
-10.4912451362	1.51859606351e-25
-10.4766536965	1.99194306675e-25
-10.4620622568	2.60497040551e-25
-10.4474708171	3.3999119469e-25
-10.4328793774	4.42698827458e-25
-10.4182879377	5.75684341797e-25
-10.4036964981	7.47534859985e-25
-10.3891050584	9.70023126158e-25
-10.3745136187	1.25586268183e-24
-10.359922179	1.62311668114e-24
-10.3453307393	2.09409221984e-24
-10.3307392996	2.69875836673e-24
-10.3161478599	3.47369516803e-24
-10.3015564202	4.46725482453e-24
-10.2869649805	5.73987539995e-24
-10.2723735409	7.37042852274e-24
-10.2577821012	9.45344679506e-24
-10.2431906615	1.21160802337e-23
-10.2285992218	1.55160185834e-23
-10.2140077821	1.98570020752e-23
-10.1994163424	2.53958369037e-23
-10.1848249027	3.24589710229e-23
-10.170233463	4.14599059796e-23
-10.1556420233	5.29295249972e-23
-10.1410505837	6.75235309336e-23
-10.126459144	8.60858191502e-23
-10.1118677043	1.09687663935e-22
-10.0972762646	1.39680380528e-22
-10.0826848249	1.77763570072e-22
-10.0680933852	2.2610811886e-22
-10.0535019455	2.87448384321e-22
-10.0389105058	3.65246599437e-22
-10.0243190661	4.63830527301e-22
-10.0097276265	5.8869321448e-22
-9.99513618677	7.46761409055e-22
-9.98054474708	9.46769993366e-22
-9.96595330739	1.19969746871e-21
-9.9513618677	1.5193881673e-21
-9.93677042802	1.92326160313e-21
-9.92217898833	2.43321125303e-21
-9.90758754864	3.07666568593e-21
-9.89299610895	3.88819995229e-21
-9.87840466926	4.91112925761e-21
-9.86381322957	6.19990608137e-21
-9.84922178988	7.8227288535e-21
-9.83463035019	9.8651284112e-21
-9.82003891051	1.24342481662e-20
-9.80544747082	1.56642312379e-20
-9.79085603113	1.97227113531e-20
-9.77626459144	2.48195360602e-20
-9.76167315175	3.12169097325e-20
-9.74708171206	3.92424481827e-20
-9.73249027237	4.93050122886e-20
-9.71789883268	6.19151523878e-20
-9.703307393	7.77092284569e-20
-9.68871595331	9.7480715062e-20
-9.67412451362	1.22217409502e-19
-9.65953307393	1.5314974449e-19
-9.64494163424	1.91808559268e-19
-9.63035019455	2.40098173031e-19
-9.61575875486	3.00385021617e-19
-9.60116731517	3.75609568749e-19
-9.58657587549	4.69422317687e-19
-9.5719844358	5.86353382819e-19
-9.55739299611	7.32019454225e-19
-9.54280155642	9.13384218674e-19
-9.52821011673	1.13907372619e-18
-9.51361867704	1.41976956694e-18
-9.49902723735	1.76868794045e-18
-9.48443579767	2.20217492646e-18
-9.46984435798	2.74043438374e-18
-9.45525291829	3.40842662289e-18
-9.4406614786	4.23696448194e-18
-9.42607003891	5.26407461141e-18
-9.41147859922	6.53665159002e-18
-9.39688715953	8.11249817795e-18
-9.38229571984	1.00628173451e-17
-9.36770428016	1.24752759993e-17
-9.35311284047	1.54577431326e-17
-9.33852140078	1.91428758503e-17
-9.32392996109	2.36937096279e-17
-9.3093385214	2.93105220984e-17
-9.29474708171	3.62391871673e-17
-9.28015564202	4.47813927649e-17
-9.26556420233	5.53070787223e-17
-9.25097276265	6.82696428481e-17
-9.23638132296	8.4224433444e-17
-9.22178988327	1.03851293222e-16
-9.20719844358	1.27981957191e-16
-9.19260700389	1.57633464244e-16
-9.1780155642	1.94048676824e-16
-9.16342412451	2.38745577787e-16
-9.14883268482	2.93577059494e-16
-9.13424124514	3.60803550257e-16
-9.11964980545	4.43181008851e-16
-9.10505836576	5.44067652982e-16
-9.09046692607	6.67553095071e-16
-9.07587548638	8.18614867945e-16
-9.06128404669	1.0033075843e-15
-9.046692607	1.2289917706e-15
-9.03210116731	1.50461021186e-15
-9.01750972763	1.84102183505e-15
-9.00291828794	2.251404415e-15
-8.98832684825	2.75174048093e-15
-8.97373540856	3.36140265789e-15
-8.95914396887	4.10385924041e-15
-8.94455252918	5.00752300844e-15
-8.92996108949	6.10677286166e-15
-8.91536964981	7.44318175168e-15
-8.90077821012	9.06699247894e-15
-8.88618677043	1.10388894365e-14
-8.87159533074	1.34321252366e-14
-8.85700389105	1.63350705412e-14
-8.84241245136	1.9854271255e-14
-8.82782101167	2.41181091723e-14
-8.81322957198	2.92811848432e-14
-8.7986381323	3.55295599993e-14
-8.78404669261	4.30870257943e-14
-8.76945525292	5.22225907094e-14
-8.75486381323	6.32594224186e-14
-8.74027237354	7.6585515896e-14
-8.72568093385	9.26664174236e-14
-8.71108949416	1.12060384946e-13
-8.69649805447	1.35436445653e-13
-8.68190661479	1.63595885324e-13
-8.6673151751	1.97497810324e-13
-8.65272373541	2.38289528651e-13
-8.63813229572	2.87342641191e-13
-8.62354085603	3.46295881665e-13
-8.60894941634	4.17105943886e-13
-8.59435797665	5.02107732064e-13
-8.57976653696	6.04085749192e-13
-8.56517509728	7.26358613748e-13
-8.55058365759	8.72879063902e-13
-8.5359922179	1.04835219998e-12
-8.52140077821	1.25837520696e-12
-8.50680933852	1.50960233622e-12
-8.49221789883	1.80993960679e-12
-8.47762645914	2.1687743944e-12
-8.46303501945	2.59724600604e-12
-8.44844357977	3.10856432097e-12
-8.43385214008	3.7183848012e-12
-8.41926070039	4.4452495259e-12
-8.4046692607	5.31110554578e-12
-8.39007782101	6.34191366226e-12
-8.37548638132	7.56836296747e-12
-8.36089494163	9.02670888242e-12
-8.34630350195	1.07597554197e-11
-8.33171206226	1.28180056454e-11
-8.31712062257	1.52610082574e-11
-8.30252918288	1.81589325654e-11
-8.28793774319	2.15944093892e-11
-8.2733463035	2.56646811897e-11
-8.25875486381	3.04841117181e-11
-8.24416342412	3.61871131053e-11
-8.22957198444	4.29315575358e-11
-8.21498054475	5.09027508057e-11
-8.20038910506	6.03180570914e-11
-8.18579766537	7.14322777269e-11
-8.17120622568	8.45439025221e-11
-8.15661478599	1.00002369785e-10
-8.1420233463	1.18216491953e-10
-8.12743190661	1.39664226576e-10
-8.11284046693	1.6490399945e-10
-8.09824902724	1.94587816715e-10
-8.08365758755	2.2947643749e-10
-8.06906614786	2.70456917781e-10
-8.05447470817	3.18562881395e-10
-8.03988326848	3.74997924043e-10
-8.02529182879	4.41162615112e-10
-8.0107003891	5.18685626219e-10
-7.99610894942	6.09459590671e-10
-7.98151750973	7.15682381089e-10
-7.96692607004	8.3990458806e-10
-7.95233463035	9.85084089208e-10
-7.93774319066	1.15464871974e-09
-7.92315175097	1.35256819111e-09
-7.90856031128	1.58343655918e-09
-7.89396887159	1.85256671444e-09
-7.87937743191	2.16609856308e-09
-7.86478599222	2.53112278392e-09
-7.85019455253	2.95582229226e-09
-7.83560311284	3.44963381461e-09
-7.82101167315	4.02343228588e-09
-7.80642023346	4.68974112241e-09
-7.79182879377	5.46297180859e-09
-7.77723735409	6.3596966592e-09
-7.7626459144	7.39895909806e-09
-7.74805447471	8.60262632063e-09
-7.73346303502	9.99578979829e-09
-7.71887159533	1.16072197324e-08
-7.70428015564	1.34698802937e-08
-7.68968871595	1.5621513281e-08
-7.67509727626	1.81052987217e-08
-7.66050583658	2.09706019148e-08
-7.64591439689	2.42738174983e-08
-7.6313229572	2.80793223096e-08
-7.61673151751	3.24605501217e-08
-7.60214007782	3.7501202769e-08
-7.58754863813	4.3296613759e-08
-7.57295719844	4.99552821882e-08
-7.55836575875	5.76005966752e-08
-7.54377431907	6.63727710789e-08
-7.52918287938	7.64310160242e-08
-7.51459143969	8.79559727029e-08
-7.5	1.0115243807e-07
-7.48540856031	1.16252413446e-07
-7.47081712062	1.33518511709e-07
-7.45622568093	1.53247761461e-07
-7.44163424124	1.75775850451e-07
-7.42704280156	2.01481854247e-07
-7.41245136187	2.30793500465e-07
-7.39785992218	2.64193023337e-07
-7.38326848249	3.0222366825e-07
-7.3686770428	3.45496911022e-07
-7.35408560311	3.94700462189e-07
-7.33949416342	4.50607132383e-07
-7.32490272373	5.14084641065e-07
-7.31031128405	5.86106457375e-07
-7.29571984436	6.67763768736e-07
-7.28112840467	7.6027868002e-07
-7.26653696498	8.65018753639e-07
-7.25194552529	9.83513008729e-07
-7.2373540856	1.11746950574e-06
-7.22276264591	1.26879465115e-06
-7.20817120623	1.43961436564e-06
-7.19357976654	1.63229726788e-06
-7.17898832685	1.84948003513e-06
-7.16439688716	2.09409511075e-06
-7.14980544747	2.36940093797e-06
-7.13521400778	2.67901490814e-06
-7.12062256809	3.02694922062e-06
-7.1060311284	3.41764986002e-06
-7.09143968872	3.85603890472e-06
-7.07684824903	4.34756038824e-06
-7.06225680934	4.89822994226e-06
-7.04766536965	5.514688456e-06
-7.03307392996	6.20425999217e-06
-7.01848249027	6.97501420344e-06
-7.00389105058	7.83583349628e-06
-6.98929961089	8.79648518941e-06
-6.97470817121	9.86769891381e-06
-6.96011673152	1.10612494974e-05
-6.94552529183	1.23900455726e-05
-6.93093385214	1.38682241352e-05
-6.91634241245	1.55112512744e-05
-6.90175097276	1.7336029275e-05
-6.88715953307	1.93610102776e-05
-6.87256809338	2.1606316659e-05
-6.8579766537	2.40938682662e-05
-6.84338521401	2.68475166091e-05
-6.82879377432	2.98931860758e-05
-6.81420233463	3.32590221964e-05
-6.79961089494	3.69755469292e-05
-6.78501945525	4.10758208925e-05
-6.77042801556	4.55956124012e-05
-6.75583657588	5.05735731044e-05
-6.74124513619	5.60514199437e-05
-6.7266536965	6.20741230718e-05
-6.71206225681	6.86900992864e-05
-6.69747081712	7.59514104357e-05
-6.68287937743	8.39139661576e-05
-6.66828793774	9.26377302e-05
-6.65369649805	0.000102186929464
-6.63910505837	0.000112630264788
-6.62451361868	0.000124041122369
-6.60992217899	0.000136497784585
-6.5953307393	0.000150083638869
-6.58073929961	0.000164887383116
-6.56614785992	0.000181003226012
-6.55155642023	0.000198531080516
-6.53696498054	0.000217576748578
-6.52237354086	0.000238252095109
-6.50778210117	0.000260675209013
-6.49319066148	0.000284970549049
-6.47859922179	0.000311269072149
-6.4640077821	0.000339708341741
-6.44941634241	0.000370432613537
-6.43482490272	0.00040359289621
-6.42023346303	0.000439346984331
-6.40564202335	0.000477859460923
-6.39105058366	0.000519301667009
-6.37645914397	0.00056385163558
-6.36186770428	0.000611693987445
-6.34727626459	0.000663019786593
-6.3326848249	0.000718026352767
-6.31809338521	0.000776917029191
-6.30350194552	0.00083990090357
-6.28891050584	0.000907192480745
-6.27431906615	0.000979011305708
-6.25972762646	0.00105558153598
-6.24513618677	0.00113713146273
-6.23054474708	0.00122389298053
-6.21595330739	0.00131610100585
-6.2013618677	0.00141399284515
-6.18677042802	0.00151780751377
-6.17217898833	0.00162778500738
-6.15758754864	0.00174416552822
-6.14299610895	0.0018671886692
-6.12840466926	0.00199709255903
-6.11381322957	0.00213411297261
-6.09922178988	0.00227848241103
-6.08463035019	0.00243042915634
-6.07003891051	0.00259017630663
-6.05544747082	0.00275794079747
-6.04085603113	0.00293393241607
-6.02626459144	0.00311835281509
-6.01167315175	0.0033113945331
-5.99708171206	0.00351324002908
-5.98249027237	0.00372406073847
-5.96789883268	0.00394401615827
-5.953307393	0.00417325296884
-5.93871595331	0.0044119041998
-5.92412451362	0.00466008844721
-5.90953307393	0.00491790914924
-5.89494163424	0.00518545392665
-5.88035019455	0.00546279399439
-5.86575875486	0.00574998364986
-5.85116731517	0.00604705984277
-5.83657587549	0.00635404183097
-5.8219844358	0.00667093092551
-5.80739299611	0.00699771032804
-5.79280155642	0.007334345062
-5.77821011673	0.00768078199883
-5.76361867704	0.00803694997929
-5.74902723735	0.00840276002899
-5.73443579766	0.00877810566649
-5.71984435798	0.00916286330156
-5.70525291829	0.00955689271996
-5.6906614786	0.00996003765097
-5.67607003891	0.0103721264125
-5.66147859922	0.0107929726282
-5.64688715953	0.0112223760111
-5.63229571984	0.0116601232065
-5.61770428016	0.0121059886868
-5.60311284047	0.0125597356926
-5.58852140078	0.0130211172101
-5.57392996109	0.0134898769793
-5.5593385214	0.013965750524
-5.54474708171	0.0144484661958
-5.53015564202	0.0149377462254
-5.51556420233	0.0154333077733
-5.50097276265	0.0159348639725
-5.48638132296	0.0164421249565
-5.47178988327	0.0169547988677
-5.45719844358	0.0174725928374
-5.44260700389	0.0179952139352
-5.4280155642	0.0185223700805
-5.41342412451	0.0190537709128
-5.39883268482	0.0195891286174
-5.38424124514	0.0201281587022
-5.36964980545	0.0206705807245
-5.35505836576	0.0212161189636
-5.34046692607	0.0217645030406
-5.32587548638	0.0223154684816
-5.31128404669	0.022868757226
-5.296692607	0.0234241180783
-5.28210116731	0.0239813071053
-5.26750972763	0.0245400879785
-5.25291828794	0.0251002322638
-5.23832684825	0.025661519659
-5.22373540856	0.0262237381824
-5.20914396887	0.0267866843129
-5.19455252918	0.0273501630861
-5.17996108949	0.0279139881466
-5.1653696498	0.0284779817606
-5.15077821012	0.0290419747914
-5.13618677043	0.0296058066397
-5.12159533074	0.030169325153
-5.10700389105	0.0307323865051
-5.09241245136	0.0312948550505
-5.07782101167	0.0318566031548
-5.06322957198	0.0324175110046
-5.0486381323	0.0329774663999
-5.03404669261	0.0335363645301
-5.01945525292	0.0340941077379
-5.00486381323	0.0346506052719
-4.99027237354	0.0352057730308
-4.97568093385	0.035759533301
-4.96108949416	0.0363118144894
-4.94649805447	0.036862550854
-4.93190661479	0.0374116822322
-4.9173151751	0.0379591537702
-4.90272373541	0.0385049156537
-4.88813229572	0.0390489228408
-4.87354085603	0.0395911348
-4.85894941634	0.0401315152518
-4.84435797665	0.0406700319165
-4.82976653696	0.0412066562685
-4.81517509728	0.0417413632974
-4.80058365759	0.0422741312764
-4.7859922179	0.0428049415389
-4.77140077821	0.0433337782637
-4.75680933852	0.0438606282676
-4.74221789883	0.0443854808079
-4.72762645914	0.0449083273933
-4.71303501945	0.0454291616029
-4.69844357977	0.0459479789155
-4.68385214008	0.046464776546
-4.66926070039	0.0469795532922
-4.6546692607	0.0474923093888
-4.64007782101	0.0480030463703
-4.62548638132	0.0485117669424
-4.61089494163	0.0490184748606
-4.59630350194	0.0495231748174
-4.58171206226	0.0500258723362
-4.56712062257	0.0505265736729
-4.55252918288	0.0510252857241
-4.53793774319	0.0515220159421
-4.5233463035	0.0520167722562
-4.50875486381	0.0525095630001
-4.49416342412	0.0530003968445
-4.47957198444	0.0534892827363
-4.46498054475	0.0539762298415
-4.45038910506	0.0544612474943
-4.43579766537	0.05494434515
-4.42120622568	0.0554255323422
-4.40661478599	0.0559048186445
-4.3920233463	0.0563822136358
-4.37743190661	0.0568577268691
-4.36284046693	0.0573313678433
-4.34824902724	0.0578031459789
-4.33365758755	0.0582730705955
-4.31906614786	0.0587411508931
-4.30447470817	0.0592073959348
-4.28988326848	0.0596718146324
-4.27529182879	0.0601344157338
-4.2607003891	0.0605952078123
-4.24610894942	0.0610541992583
-4.23151750973	0.0615113982712
-4.21692607004	0.0619668128543
-4.20233463035	0.06242045081
-4.18774319066	0.0628723197367
-4.17315175097	0.0633224270263
-4.15856031128	0.0637707798634
-4.14396887159	0.0642173852245
-4.12937743191	0.064662249879
-4.11478599222	0.0651053803898
-4.10019455253	0.0655467831152
-4.08560311284	0.0659864642113
-4.07101167315	0.0664244296347
-4.05642023346	0.0668606851455
-4.04182879377	0.067295236311
-4.02723735408	0.0677280885094
-4.0126459144	0.0681592469338
-3.99805447471	0.0685887165966
-3.98346303502	0.0690165023337
-3.96887159533	0.0694426088094
-3.95428015564	0.0698670405205
-3.93968871595	0.0702898018016
-3.92509727626	0.0707108968294
-3.91050583658	0.0711303296277
-3.89591439689	0.0715481040723
-3.8813229572	0.0719642238952
-3.86673151751	0.0723786926901
-3.85214007782	0.0727915139163
-3.83754863813	0.0732026909038
-3.82295719844	0.0736122268578
-3.80836575875	0.0740201248627
-3.79377431907	0.0744263878871
-3.77918287938	0.0748310187875
-3.76459143969	0.0752340203127
-3.75	0.075635395108
-3.73540856031	0.0760351457187
-3.72081712062	0.0764332745944
-3.70622568093	0.0768297840924
-3.69163424124	0.0772246764815
-3.67704280156	0.0776179539454
-3.66245136187	0.0780096185858
-3.64785992218	0.0783996724263
-3.63326848249	0.0787881174148
-3.6186770428	0.0791749554271
-3.60408560311	0.0795601882697
-3.58949416342	0.0799438176822
-3.57490272373	0.0803258453405
-3.56031128405	0.0807062728594
-3.54571984436	0.0810851017946
-3.53112840467	0.0814623336457
-3.51653696498	0.0818379698582
-3.50194552529	0.0822120118256
-3.4873540856	0.082584460892
-3.47276264591	0.0829553183534
-3.45817120623	0.0833245854603
-3.44357976654	0.0836922634196
-3.42898832685	0.0840583533956
-3.41439688716	0.0844228565127
-3.39980544747	0.0847857738563
-3.38521400778	0.085147106475
-3.37062256809	0.0855068553814
-3.3560311284	0.0858650215542
-3.34143968872	0.0862216059391
-3.32684824903	0.0865766094504
-3.31225680934	0.0869300329723
-3.29766536965	0.0872818773597
-3.28307392996	0.0876321434398
-3.26848249027	0.087980832013
-3.25389105058	0.0883279438541
-3.23929961089	0.0886734797129
-3.22470817121	0.0890174403157
-3.21011673152	0.0893598263659
-3.19552529183	0.089700638545
-3.18093385214	0.0900398775134
-3.16634241245	0.090377543911
-3.15175097276	0.0907136383585
-3.13715953307	0.0910481614575
-3.12256809338	0.0913811137918
-3.1079766537	0.0917124959275
-3.09338521401	0.0920423084143
-3.07879377432	0.0923705517853
-3.06420233463	0.0926972265584
-3.04961089494	0.0930223332363
-3.03501945525	0.0933458723073
-3.02042801556	0.093667844246
-3.00583657587	0.0939882495131
-2.99124513619	0.0943070885567
-2.9766536965	0.0946243618123
-2.96206225681	0.0949400697032
-2.94747081712	0.0952542126412
-2.93287937743	0.0955667910268
-2.91828793774	0.0958778052496
-2.90369649805	0.0961872556888
-2.88910505837	0.0964951427132
-2.87451361868	0.0968014666822
-2.85992217899	0.0971062279453
-2.8453307393	0.097409426843
-2.83073929961	0.0977110637071
-2.81614785992	0.0980111388604
-2.80155642023	0.0983096526179
-2.78696498054	0.0986066052862
-2.77237354086	0.0989019971643
-2.75778210117	0.0991958285434
-2.74319066148	0.0994880997078
-2.72859922179	0.0997788109343
-2.7140077821	0.100067962493
-2.69941634241	0.100355554648
-2.68482490272	0.100641587656
-2.67023346303	0.100926061767
-2.65564202335	0.101208977227
-2.64105058366	0.101490334274
-2.62645914397	0.101770133142
-2.61186770428	0.102048374057
-2.59727626459	0.102325057244
-2.5826848249	0.102600182917
-2.56809338521	0.10287375129
-2.55350194552	0.103145762569
-2.53891050584	0.103416216957
-2.52431906615	0.103685114651
-2.50972762646	0.103952455845
-2.49513618677	0.104218240726
-2.48054474708	0.10448246948
-2.46595330739	0.104745142287
-2.4513618677	0.105006259322
-2.43677042801	0.105265820759
-2.42217898833	0.105523826765
-2.40758754864	0.105780277506
-2.39299610895	0.106035173143
-2.37840466926	0.106288513832
-2.36381322957	0.106540299729
-2.34922178988	0.106790530985
-2.33463035019	0.107039207746
-2.32003891051	0.107286330157
-2.30544747082	0.10753189836
-2.29085603113	0.107775912493
-2.27626459144	0.108018372691
-2.26167315175	0.108259279087
-2.24708171206	0.108498631811
-2.23249027237	0.108736430989
-2.21789883268	0.108972676746
-2.203307393	0.109207369204
-2.18871595331	0.109440508482
-2.17412451362	0.109672094697
-2.15953307393	0.109902127963
-2.14494163424	0.110130608392
-2.13035019455	0.110357536094
-2.11575875486	0.110582911178
-2.10116731517	0.110806733747
-2.08657587549	0.111029003906
-2.0719844358	0.111249721755
-2.05739299611	0.111468887394
-2.04280155642	0.11168650092
-2.02821011673	0.111902562428
-2.01361867704	0.112117072011
-1.99902723735	0.112330029762
-1.98443579766	0.112541435769
-1.96984435798	0.112751290121
-1.95525291829	0.112959592904
-1.9406614786	0.113166344202
-1.92607003891	0.113371544098
-1.91147859922	0.113575192674
-1.89688715953	0.11377729001
-1.88229571984	0.113977836183
-1.86770428015	0.11417683127
-1.85311284047	0.114374275346
-1.83852140078	0.114570168486
-1.82392996109	0.11476451076
-1.8093385214	0.114957302241
-1.79474708171	0.115148542999
-1.78015564202	0.1153382331
-1.76556420233	0.115526372612
-1.75097276265	0.115712961602
-1.73638132296	0.115898000132
-1.72178988327	0.116081488268
-1.70719844358	0.11626342607
-1.69260700389	0.116443813599
-1.6780155642	0.116622650916
-1.66342412451	0.116799938079
-1.64883268482	0.116975675145
-1.63424124514	0.117149862171
-1.61964980545	0.117322499213
-1.60505836576	0.117493586324
-1.59046692607	0.117663123558
-1.57587548638	0.117831110967
-1.56128404669	0.117997548603
-1.546692607	0.118162436517
-1.53210116731	0.118325774757
-1.51750972763	0.118487563372
-1.50291828794	0.11864780241
-1.48832684825	0.118806491918
-1.47373540856	0.118963631942
-1.45914396887	0.119119222526
-1.44455252918	0.119273263715
-1.42996108949	0.119425755552
-1.4153696498	0.119576698081
-1.40077821012	0.119726091341
-1.38618677043	0.119873935376
-1.37159533074	0.120020230225
-1.35700389105	0.120164975927
-1.34241245136	0.120308172521
-1.32782101167	0.120449820046
-1.31322957198	0.120589918538
-1.29863813229	0.120728468035
-1.28404669261	0.120865468571
-1.26945525292	0.121000920184
-1.25486381323	0.121134822906
-1.24027237354	0.121267176773
-1.22568093385	0.121397981817
-1.21108949416	0.121527238072
-1.19649805447	0.121654945568
-1.18190661479	0.121781104339
-1.1673151751	0.121905714414
-1.15272373541	0.122028775823
-1.13813229572	0.122150288597
-1.12354085603	0.122270252765
-1.10894941634	0.122388668355
-1.09435797665	0.122505535396
-1.07976653696	0.122620853914
-1.06517509728	0.122734623936
-1.05058365759	0.12284684549
-1.0359922179	0.1229575186
-1.02140077821	0.123066643293
-1.00680933852	0.123174219592
-0.992217898832	0.123280247523
-0.977626459143	0.123384727109
-0.963035019454	0.123487658374
-0.948443579766	0.123589041341
-0.933852140077	0.123688876031
-0.919260700388	0.123787162467
-0.9046692607	0.123883900671
-0.890077821011	0.123979090663
-0.875486381322	0.124072732464
-0.860894941633	0.124164826095
-0.846303501945	0.124255371574
-0.831712062256	0.124344368922
-0.817120622567	0.124431818156
-0.802529182879	0.124517719297
-0.78793774319	0.12460207236
-0.773346303501	0.124684877366
-0.758754863812	0.124766134329
-0.744163424124	0.124845843268
-0.729571984435	0.124924004199
-0.714980544746	0.125000617138
-0.700389105058	0.1250756821
-0.685797665369	0.125149199101
-0.67120622568	0.125221168156
-0.656614785991	0.125291589279
-0.642023346303	0.125360462484
-0.627431906614	0.125427787786
-0.612840466925	0.125493565197
-0.598249027237	0.125557794731
-0.583657587548	0.1256204764
-0.569066147859	0.125681610218
-0.55447470817	0.125741196195
-0.539883268482	0.125799234344
-0.525291828793	0.125855724676
-0.510700389104	0.125910667203
-0.496108949416	0.125964061933
-0.481517509727	0.126015908879
-0.466926070038	0.12606620805
-0.452334630349	0.126114959456
-0.437743190661	0.126162163106
-0.423151750972	0.126207819009
-0.408560311283	0.126251927174
-0.393968871594	0.126294487609
-0.379377431906	0.126335500323
-0.364785992217	0.126374965323
-0.350194552528	0.126412882617
-0.33560311284	0.126449252211
-0.321011673151	0.126484074114
-0.306420233462	0.126517348331
-0.291828793773	0.126549074868
-0.277237354085	0.126579253732
-0.262645914396	0.126607884928
-0.248054474707	0.126634968462
-0.233463035019	0.126660504338
-0.21887159533	0.126684492562
-0.204280155641	0.126706933138
-0.189688715952	0.126727826069
-0.175097276264	0.126747171361
-0.160505836575	0.126764969016
-0.145914396886	0.126781219038
-0.131322957198	0.126795921429
-0.116731517509	0.126809076194
-0.10214007782	0.126820683333
-0.0875486381314	0.126830742849
-0.0729571984427	0.126839254744
-0.058365758754	0.12684621902
-0.0437743190653	0.126851635678
-0.0291828793766	0.126855504718
-0.0145914396879	0.126857826142
8.5975671027e-13	0.12685859995
0.0145914396896	0.126857826142
0.0291828793783	0.126855504718
0.043774319067	0.126851635678
0.0583657587557	0.12684621902
0.0729571984444	0.126839254744
0.0875486381332	0.126830742849
0.102140077822	0.126820683333
0.116731517511	0.126809076194
0.131322957199	0.126795921429
0.145914396888	0.126781219038
0.160505836577	0.126764969016
0.175097276265	0.126747171361
0.189688715954	0.126727826069
0.204280155643	0.126706933138
0.218871595332	0.126684492562
0.23346303502	0.126660504338
0.248054474709	0.126634968462
0.262645914398	0.126607884928
0.277237354086	0.126579253732
0.291828793775	0.126549074868
0.306420233464	0.126517348331
0.321011673153	0.126484074114
0.335603112841	0.126449252211
0.35019455253	0.126412882617
0.364785992219	0.126374965323
0.379377431907	0.126335500323
0.393968871596	0.126294487609
0.408560311285	0.126251927174
0.423151750974	0.126207819009
0.437743190662	0.126162163106
0.452334630351	0.126114959456
0.46692607004	0.12606620805
0.481517509729	0.126015908879
0.496108949417	0.125964061933
0.510700389106	0.125910667203
0.525291828795	0.125855724676
0.539883268483	0.125799234344
0.554474708172	0.125741196195
0.569066147861	0.125681610218
0.58365758755	0.1256204764
0.598249027238	0.125557794731
0.612840466927	0.125493565197
0.627431906616	0.125427787786
0.642023346304	0.125360462484
0.656614785993	0.125291589279
0.671206225682	0.125221168156
0.685797665371	0.125149199101
0.700389105059	0.1250756821
0.714980544748	0.125000617138
0.729571984437	0.124924004199
0.744163424125	0.124845843268
0.758754863814	0.124766134329
0.773346303503	0.124684877366
0.787937743192	0.12460207236
0.80252918288	0.124517719297
0.817120622569	0.124431818156
0.831712062258	0.124344368922
0.846303501946	0.124255371574
0.860894941635	0.124164826095
0.875486381324	0.124072732464
0.890077821013	0.123979090663
0.904669260701	0.123883900671
0.91926070039	0.123787162467
0.933852140079	0.123688876031
0.948443579767	0.123589041341
0.963035019456	0.123487658374
0.977626459145	0.123384727109
0.992217898834	0.123280247523
1.00680933852	0.123174219592
1.02140077821	0.123066643293
1.0359922179	0.1229575186
1.05058365759	0.12284684549
1.06517509728	0.122734623936
1.07976653697	0.122620853914
1.09435797665	0.122505535396
1.10894941634	0.122388668355
1.12354085603	0.122270252765
1.13813229572	0.122150288597
1.15272373541	0.122028775823
1.1673151751	0.121905714414
1.18190661479	0.121781104339
1.19649805448	0.121654945568
1.21108949416	0.121527238072
1.22568093385	0.121397981817
1.24027237354	0.121267176773
1.25486381323	0.121134822906
1.26945525292	0.121000920184
1.28404669261	0.120865468571
1.2986381323	0.120728468035
1.31322957199	0.120589918538
1.32782101167	0.120449820046
1.34241245136	0.120308172521
1.35700389105	0.120164975927
1.37159533074	0.120020230225
1.38618677043	0.119873935376
1.40077821012	0.119726091341
1.41536964981	0.119576698081
1.4299610895	0.119425755552
1.44455252918	0.119273263715
1.45914396887	0.119119222526
1.47373540856	0.118963631942
1.48832684825	0.118806491918
1.50291828794	0.11864780241
1.51750972763	0.118487563372
1.53210116732	0.118325774757
1.546692607	0.118162436517
1.56128404669	0.117997548603
1.57587548638	0.117831110967
1.59046692607	0.117663123558
1.60505836576	0.117493586324
1.61964980545	0.117322499213
1.63424124514	0.117149862171
1.64883268483	0.116975675145
1.66342412451	0.116799938079
1.6780155642	0.116622650916
1.69260700389	0.116443813599
1.70719844358	0.11626342607
1.72178988327	0.116081488268
1.73638132296	0.115898000132
1.75097276265	0.115712961602
1.76556420234	0.115526372612
1.78015564202	0.1153382331
1.79474708171	0.115148542999
1.8093385214	0.114957302241
1.82392996109	0.11476451076
1.83852140078	0.114570168486
1.85311284047	0.114374275346
1.86770428016	0.11417683127
1.88229571985	0.113977836183
1.89688715953	0.11377729001
1.91147859922	0.113575192674
1.92607003891	0.113371544098
1.9406614786	0.113166344202
1.95525291829	0.112959592904
1.96984435798	0.112751290121
1.98443579767	0.112541435769
1.99902723736	0.112330029762
2.01361867704	0.112117072011
2.02821011673	0.111902562428
2.04280155642	0.11168650092
2.05739299611	0.111468887394
2.0719844358	0.111249721755
2.08657587549	0.111029003906
2.10116731518	0.110806733747
2.11575875486	0.110582911178
2.13035019455	0.110357536094
2.14494163424	0.110130608392
2.15953307393	0.109902127963
2.17412451362	0.109672094697
2.18871595331	0.109440508482
2.203307393	0.109207369204
2.21789883269	0.108972676746
2.23249027237	0.108736430989
2.24708171206	0.108498631811
2.26167315175	0.108259279087
2.27626459144	0.108018372691
2.29085603113	0.107775912493
2.30544747082	0.10753189836
2.32003891051	0.107286330157
2.3346303502	0.107039207746
2.34922178988	0.106790530985
2.36381322957	0.106540299729
2.37840466926	0.106288513832
2.39299610895	0.106035173143
2.40758754864	0.105780277506
2.42217898833	0.105523826765
2.43677042802	0.105265820759
2.45136186771	0.105006259322
2.46595330739	0.104745142287
2.48054474708	0.10448246948
2.49513618677	0.104218240726
2.50972762646	0.103952455845
2.52431906615	0.103685114651
2.53891050584	0.103416216957
2.55350194553	0.103145762569
2.56809338522	0.10287375129
2.5826848249	0.102600182917
2.59727626459	0.102325057244
2.61186770428	0.102048374057
2.62645914397	0.101770133142
2.64105058366	0.101490334274
2.65564202335	0.101208977227
2.67023346304	0.100926061767
2.68482490272	0.100641587656
2.69941634241	0.100355554648
2.7140077821	0.100067962493
2.72859922179	0.0997788109343
2.74319066148	0.0994880997078
2.75778210117	0.0991958285434
2.77237354086	0.0989019971643
2.78696498055	0.0986066052862
2.80155642023	0.0983096526179
2.81614785992	0.0980111388604
2.83073929961	0.097711063707
2.8453307393	0.097409426843
2.85992217899	0.0971062279452
2.87451361868	0.0968014666822
2.88910505837	0.0964951427132
2.90369649806	0.0961872556888
2.91828793774	0.0958778052496
2.93287937743	0.0955667910268
2.94747081712	0.0952542126412
2.96206225681	0.0949400697032
2.9766536965	0.0946243618122
2.99124513619	0.0943070885567
3.00583657588	0.0939882495131
3.02042801557	0.093667844246
3.03501945525	0.0933458723073
3.04961089494	0.0930223332363
3.06420233463	0.0926972265583
3.07879377432	0.0923705517853
3.09338521401	0.0920423084143
3.1079766537	0.0917124959275
3.12256809339	0.0913811137918
3.13715953307	0.0910481614575
3.15175097276	0.0907136383585
3.16634241245	0.090377543911
3.18093385214	0.0900398775134
3.19552529183	0.089700638545
3.21011673152	0.0893598263659
3.22470817121	0.0890174403157
3.2392996109	0.0886734797129
3.25389105058	0.0883279438541
3.26848249027	0.087980832013
3.28307392996	0.0876321434398
3.29766536965	0.0872818773597
3.31225680934	0.0869300329723
3.32684824903	0.0865766094504
3.34143968872	0.0862216059391
3.35603112841	0.0858650215542
3.37062256809	0.0855068553814
3.38521400778	0.085147106475
3.39980544747	0.0847857738563
3.41439688716	0.0844228565127
3.42898832685	0.0840583533956
3.44357976654	0.0836922634196
3.45817120623	0.0833245854603
3.47276264592	0.0829553183533
3.4873540856	0.0825844608919
3.50194552529	0.0822120118256
3.51653696498	0.0818379698582
3.53112840467	0.0814623336457
3.54571984436	0.0810851017946
3.56031128405	0.0807062728594
3.57490272374	0.0803258453405
3.58949416343	0.0799438176821
3.60408560311	0.0795601882697
3.6186770428	0.0791749554271
3.63326848249	0.0787881174148
3.64785992218	0.0783996724263
3.66245136187	0.0780096185858
3.67704280156	0.0776179539454
3.69163424125	0.0772246764815
3.70622568093	0.0768297840924
3.72081712062	0.0764332745944
3.73540856031	0.0760351457187
3.75	0.075635395108
3.76459143969	0.0752340203127
3.77918287938	0.0748310187875
3.79377431907	0.0744263878871
3.80836575876	0.0740201248627
3.82295719844	0.0736122268578
3.83754863813	0.0732026909038
3.85214007782	0.0727915139163
3.86673151751	0.0723786926901
3.8813229572	0.0719642238952
3.89591439689	0.0715481040723
3.91050583658	0.0711303296277
3.92509727627	0.0707108968294
3.93968871595	0.0702898018016
3.95428015564	0.0698670405205
3.96887159533	0.0694426088094
3.98346303502	0.0690165023337
3.99805447471	0.0685887165966
4.0126459144	0.0681592469338
4.02723735409	0.0677280885094
4.04182879378	0.067295236311
4.05642023346	0.0668606851455
4.07101167315	0.0664244296347
4.08560311284	0.0659864642113
4.10019455253	0.0655467831152
4.11478599222	0.0651053803898
4.12937743191	0.064662249879
4.1439688716	0.0642173852245
4.15856031129	0.0637707798634
4.17315175097	0.0633224270263
4.18774319066	0.0628723197367
4.20233463035	0.06242045081
4.21692607004	0.0619668128543
4.23151750973	0.0615113982712
4.24610894942	0.0610541992583
4.26070038911	0.0605952078123
4.27529182879	0.0601344157338
4.28988326848	0.0596718146324
4.30447470817	0.0592073959349
4.31906614786	0.0587411508931
4.33365758755	0.0582730705955
4.34824902724	0.0578031459789
4.36284046693	0.0573313678433
4.37743190662	0.0568577268691
4.3920233463	0.0563822136359
4.40661478599	0.0559048186445
4.42120622568	0.0554255323422
4.43579766537	0.05494434515
4.45038910506	0.0544612474944
4.46498054475	0.0539762298415
4.47957198444	0.0534892827363
4.49416342413	0.0530003968445
4.50875486381	0.0525095630001
4.5233463035	0.0520167722563
4.53793774319	0.0515220159421
4.55252918288	0.0510252857241
4.56712062257	0.050526573673
4.58171206226	0.0500258723363
4.59630350195	0.0495231748175
4.61089494164	0.0490184748607
4.62548638132	0.0485117669424
4.64007782101	0.0480030463704
4.6546692607	0.0474923093888
4.66926070039	0.0469795532923
4.68385214008	0.046464776546
4.69844357977	0.0459479789155
4.71303501946	0.045429161603
4.72762645915	0.0449083273933
4.74221789883	0.044385480808
4.75680933852	0.0438606282676
4.77140077821	0.0433337782637
4.7859922179	0.042804941539
4.80058365759	0.0422741312764
4.81517509728	0.0417413632974
4.82976653697	0.0412066562686
4.84435797665	0.0406700319165
4.85894941634	0.0401315152518
4.87354085603	0.0395911348001
4.88813229572	0.0390489228409
4.90272373541	0.0385049156537
4.9173151751	0.0379591537703
4.93190661479	0.0374116822322
4.94649805448	0.036862550854
4.96108949416	0.0363118144894
4.97568093385	0.035759533301
4.99027237354	0.0352057730309
5.00486381323	0.034650605272
5.01945525292	0.034094107738
5.03404669261	0.0335363645302
5.0486381323	0.0329774664
5.06322957199	0.0324175110047
5.07782101167	0.0318566031548
5.09241245136	0.0312948550506
5.10700389105	0.0307323865052
5.12159533074	0.0301693251531
5.13618677043	0.0296058066398
5.15077821012	0.0290419747915
5.16536964981	0.0284779817607
5.1799610895	0.0279139881466
5.19455252918	0.0273501630862
5.20914396887	0.0267866843129
5.22373540856	0.0262237381824
5.23832684825	0.0256615196591
5.25291828794	0.0251002322639
5.26750972763	0.0245400879786
5.28210116732	0.0239813071054
5.29669260701	0.0234241180784
5.31128404669	0.0228687572261
5.32587548638	0.0223154684817
5.34046692607	0.0217645030407
5.35505836576	0.0212161189637
5.36964980545	0.0206705807246
5.38424124514	0.0201281587023
5.39883268483	0.0195891286175
5.41342412451	0.0190537709129
5.4280155642	0.0185223700806
5.44260700389	0.0179952139353
5.45719844358	0.0174725928375
5.47178988327	0.0169547988678
5.48638132296	0.0164421249566
5.50097276265	0.0159348639726
5.51556420234	0.0154333077735
5.53015564202	0.0149377462255
5.54474708171	0.0144484661959
5.5593385214	0.0139657505241
5.57392996109	0.0134898769794
5.58852140078	0.0130211172102
5.60311284047	0.0125597356927
5.61770428016	0.0121059886869
5.63229571985	0.0116601232066
5.64688715953	0.0112223760112
5.66147859922	0.0107929726283
5.67607003891	0.0103721264126
5.6906614786	0.00996003765108
5.70525291829	0.00955689272007
5.71984435798	0.00916286330167
5.73443579767	0.0087781056666
5.74902723736	0.00840276002909
5.76361867704	0.00803694997939
5.77821011673	0.00768078199893
5.79280155642	0.0073343450621
5.80739299611	0.00699771032815
5.8219844358	0.00667093092561
5.83657587549	0.00635404183106
5.85116731518	0.00604705984287
5.86575875487	0.00574998364995
5.88035019455	0.00546279399448
5.89494163424	0.00518545392674
5.90953307393	0.00491790914933
5.92412451362	0.00466008844729
5.93871595331	0.00441190419988
5.953307393	0.00417325296893
5.96789883269	0.00394401615835
5.98249027237	0.00372406073854
5.99708171206	0.00351324002915
6.01167315175	0.00331139453317
6.02626459144	0.00311835281516
6.04085603113	0.00293393241614
6.05544747082	0.00275794079754
6.07003891051	0.0025901763067
6.0846303502	0.0024304291564
6.09922178988	0.00227848241109
6.11381322957	0.00213411297267
6.12840466926	0.00199709255908
6.14299610895	0.00186718866925
6.15758754864	0.00174416552827
6.17217898833	0.00162778500743
6.18677042802	0.00151780751382
6.20136186771	0.00141399284519
6.21595330739	0.00131610100589
6.23054474708	0.00122389298057
6.24513618677	0.00113713146277
6.25972762646	0.00105558153601
6.27431906615	0.000979011305743
6.28891050584	0.000907192480778
6.30350194553	0.000839900903601
6.31809338522	0.000776917029221
6.3326848249	0.000718026352795
6.34727626459	0.00066301978662
6.36186770428	0.000611693987471
6.37645914397	0.000563851635604
6.39105058366	0.000519301667032
6.40564202335	0.000477859460944
6.42023346304	0.000439346984351
6.43482490272	0.000403592896229
6.44941634241	0.000370432613555
6.4640077821	0.000339708341758
6.47859922179	0.000311269072165
6.49319066148	0.000284970549064
6.50778210117	0.000260675209027
6.52237354086	0.000238252095122
6.53696498055	0.00021757674859
6.55155642023	0.000198531080527
6.56614785992	0.000181003226023
6.58073929961	0.000164887383125
6.5953307393	0.000150083638878
6.60992217899	0.000136497784594
6.62451361868	0.000124041122377
6.63910505837	0.000112630264796
6.65369649806	0.000102186929471
6.66828793774	9.26377302065e-05
6.68287937743	8.39139661636e-05
6.69747081712	7.59514104414e-05
6.71206225681	6.86900992916e-05
6.7266536965	6.20741230767e-05
6.74124513619	5.60514199482e-05
6.75583657588	5.05735731086e-05
6.77042801557	4.55956124051e-05
6.78501945525	4.10758208961e-05
6.79961089494	3.69755469326e-05
6.81420233463	3.32590221995e-05
6.82879377432	2.98931860787e-05
6.84338521401	2.68475166118e-05
6.8579766537	2.40938682687e-05
6.87256809339	2.16063166613e-05
6.88715953308	1.93610102797e-05
6.90175097276	1.73360292769e-05
6.91634241245	1.55112512762e-05
6.93093385214	1.38682241368e-05
6.94552529183	1.23900455741e-05
6.96011673152	1.10612494988e-05
6.97470817121	9.86769891507e-06
6.9892996109	8.79648519056e-06
7.00389105058	7.83583349734e-06
7.01848249027	6.97501420441e-06
7.03307392996	6.20425999305e-06
7.04766536965	5.51468845681e-06
7.06225680934	4.898229943e-06
7.07684824903	4.34756038892e-06
7.09143968872	3.85603890534e-06
7.10603112841	3.41764986059e-06
7.12062256809	3.02694922113e-06
7.13521400778	2.67901490861e-06
7.14980544747	2.3694009384e-06
7.16439688716	2.09409511115e-06
7.17898832685	1.84948003549e-06
7.19357976654	1.63229726821e-06
7.20817120623	1.43961436594e-06
7.22276264592	1.26879465143e-06
7.2373540856	1.11746950599e-06
7.25194552529	9.83513008962e-07
7.26653696498	8.65018753852e-07
7.28112840467	7.60278680215e-07
7.29571984436	6.67763768914e-07
7.31031128405	5.86106457537e-07
7.32490272374	5.14084641212e-07
7.33949416343	4.50607132517e-07
7.35408560311	3.9470046231e-07
7.3686770428	3.45496911132e-07
7.38326848249	3.0222366835e-07
7.39785992218	2.64193023428e-07
7.41245136187	2.30793500547e-07
7.42704280156	2.01481854322e-07
7.44163424125	1.75775850519e-07
7.45622568094	1.53247761523e-07
7.47081712062	1.33518511764e-07
7.48540856031	1.16252413497e-07
7.5	1.01152438116e-07
7.51459143969	8.79559727452e-08
7.52918287938	7.64310160622e-08
7.54377431907	6.63727711132e-08
7.55836575876	5.76005967061e-08
7.57295719844	4.99552822161e-08
7.58754863813	4.32966137841e-08
7.60214007782	3.7501202792e-08
7.61673151751	3.24605501425e-08
7.6313229572	2.80793223285e-08
7.64591439689	2.42738175152e-08
7.66050583658	2.097060193e-08
7.67509727627	1.81052987351e-08
7.68968871595	1.5621513293e-08
7.70428015564	1.34698803042e-08
7.71887159533	1.16072197418e-08
7.73346303502	9.9957898067e-09
7.74805447471	8.60262632815e-09
7.7626459144	7.39895910468e-09
7.77723735409	6.35969666508e-09
7.79182879378	5.46297181374e-09
7.80642023346	4.68974112697e-09
7.82101167315	4.02343228983e-09
7.83560311284	3.4496338182e-09
7.85019455253	2.95582229549e-09
7.86478599222	2.53112278684e-09
7.87937743191	2.16609856568e-09
7.8939688716	1.85256671677e-09
7.90856031129	1.58343656124e-09
7.92315175097	1.35256819295e-09
7.93774319066	1.15464872135e-09
7.95233463035	9.850840907e-10
7.96692607004	8.3990458942e-10
7.98151750973	7.15682382341e-10
7.99610894942	6.09459591795e-10
8.01070038911	5.18685627238e-10
8.0252918288	4.4116261602e-10
8.03988326848	3.74997924863e-10
8.05447470817	3.18562882117e-10
8.06906614786	2.70456918462e-10
8.08365758755	2.29476438111e-10
8.09824902724	1.9458781728e-10
8.11284046693	1.64903999951e-10
8.12743190662	1.39664227026e-10
8.1420233463	1.18216492346e-10
8.15661478599	1.00002370126e-10
8.17120622568	8.45439028052e-11
8.18579766537	7.14322779832e-11
8.20038910506	6.03180573165e-11
8.21498054475	5.09027510072e-11
8.22957198444	4.29315577105e-11
8.24416342413	3.61871132598e-11
8.25875486381	3.04841118512e-11
8.2733463035	2.56646813058e-11
8.28793774319	2.15944094851e-11
8.30252918288	1.8158932654e-11
8.31712062257	1.52610083358e-11
8.33171206226	1.28180057167e-11
8.34630350195	1.07597554812e-11
8.36089494164	9.02670893711e-12
8.37548638132	7.56836301417e-12
8.39007782101	6.34191370346e-12
8.4046692607	5.3111055792e-12
8.41926070039	4.44524955761e-12
8.43385214008	3.7183848297e-12
8.44844357977	3.10856434759e-12
8.46303501946	2.59724602971e-12
8.47762645915	2.16877441623e-12
8.49221789883	1.80993962593e-12
8.50680933852	1.5096023537e-12
8.52140077821	1.25837522184e-12
8.5359922179	1.04835221492e-12
8.55058365759	8.72879077736e-13
8.56517509728	7.26358626704e-13
8.57976653697	6.04085760704e-13
8.59435797666	5.02107742509e-13
8.60894941634	4.17105952762e-13
8.62354085603	3.46295889364e-13
8.63813229572	2.87342647206e-13
8.65272373541	2.38289534408e-13
8.6673151751	1.97497815393e-13
8.68190661479	1.6359588996e-13
8.69649805448	1.35436449645e-13
8.71108949416	1.12060388558e-13
8.72568093385	9.26664204528e-14
8.74027237354	7.65855185505e-14
8.75486381323	6.32594244913e-14
8.76945525292	5.22225928104e-14
8.78404669261	4.30870277334e-14
8.7986381323	3.55295618295e-14
8.81322957199	2.92811864114e-14
8.82782101167	2.41181106019e-14
8.84241245136	1.98542724612e-14
8.85700389105	1.63350716066e-14
8.87159533074	1.3432126042e-14
8.88618677043	1.10388902465e-14
8.90077821012	9.06699322557e-15
8.91536964981	7.44318246765e-15
8.9299610895	6.10677348911e-15
8.94455252918	5.00752359834e-15
8.95914396887	4.10385976555e-15
8.97373540856	3.36140316548e-15
8.98832684825	2.75174091453e-15
9.00291828794	2.25140487765e-15
9.01750972763	1.84102228428e-15
9.03210116732	1.50461065779e-15
9.04669260701	1.22899217956e-15
9.06128404669	1.00330797108e-15
9.07587548638	8.18615209242e-16
9.09046692607	6.67553407508e-16
9.10505836576	5.44067915865e-16
9.11964980545	4.43181269815e-16
9.13424124514	3.6080379048e-16
9.14883268483	2.9357728591e-16
9.16342412452	2.38745781012e-16
9.1780155642	1.94048866442e-16
9.19260700389	1.57633631033e-16
9.20719844358	1.27982109339e-16
9.22178988327	1.03851423467e-16
9.23638132296	8.42245625804e-17
9.25097276265	6.82697623145e-17
9.26556420234	5.53071903997e-17
9.28015564202	4.47814924229e-17
9.29474708171	3.62392795709e-17
9.3093385214	2.93106039188e-17
9.32392996109	2.36937841011e-17
9.33852140078	1.91429396339e-17
9.35311284047	1.5457806114e-17
9.36770428016	1.24753346628e-17
9.38229571985	1.00628721911e-17
9.39688715953	8.11254726465e-18
9.41147859922	6.53669637417e-18
9.42607003891	5.2641139282e-18
9.4406614786	4.23699997215e-18
9.45525291829	3.40845669024e-18
9.46984435798	2.74046266796e-18
9.48443579767	2.20220068151e-18
9.49902723736	1.76871174368e-18
9.51361867704	1.41979058386e-18
9.52821011673	1.13909276212e-18
9.54280155642	9.13400887054e-19
9.55739299611	7.32034587497e-19
9.5719844358	5.86366468957e-19
9.58657587549	4.69434760103e-19
9.60116731518	3.75620859737e-19
9.61575875487	3.00395436032e-19
9.63035019455	2.4010744682e-19
9.64494163424	1.91816956735e-19
9.65953307393	1.53157060646e-19
9.67412451362	1.22223983086e-19
9.68871595331	9.74863251927e-20
9.703307393	7.7714499594e-20
9.71789883269	6.19199060429e-20
9.73249027237	4.93093507468e-20
9.74708171206	3.92462854213e-20
9.76167315175	3.12203780295e-20
9.77626459144	2.48225484981e-20
9.79085603113	1.97253855431e-20
9.80544747082	1.56665114195e-20
9.82003891051	1.24363760308e-20
9.8346303502	9.86704430216e-21
9.84922178988	7.82446434421e-21
9.86381322957	6.2014359444e-21
9.87840466926	4.91251047216e-21
9.89299610895	3.88941271174e-21
9.90758754864	3.077759319e-21
9.92217898833	2.43415749653e-21
9.93677042802	1.92415326853e-21
9.95136186771	1.52019391465e-21
9.96595330739	1.20042997163e-21
9.98054474708	9.47417184204e-22
9.99513618677	7.47340796319e-22
10.0097276265	5.89195468714e-22
10.0243190661	4.64275293225e-22
10.0389105058	3.65623103082e-22
10.0535019455	2.87792421946e-22
10.0680933852	2.26414156014e-22
10.0826848249	1.78038611929e-22
10.0972762646	1.39923493403e-22
10.1118677043	1.09907888165e-22
10.126459144	8.62799631212e-23
10.1410505837	6.76987384623e-23
10.1556420233	5.30828294493e-23
10.170233463	4.16028527045e-23
10.1848249027	3.25878245982e-23
10.1994163424	2.55129243507e-23
10.2140077821	1.99609625655e-23
10.2285992218	1.56093190947e-23
10.2431906615	1.21974703182e-23
10.2577821012	9.52566091818e-24
10.2723735409	7.431832794e-24
10.2869649805	5.79578100704e-24
10.3015564202	4.51690953217e-24
10.3161478599	3.5187107161e-24
10.3307392996	2.73882674864e-24
10.3453307393	2.1302550612e-24
10.359922179	1.65490763506e-24
10.3745136187	1.28443481796e-24
10.3891050584	9.95201937822e-25
10.4036964981	7.71011118785e-25
10.4182879377	5.96792927917e-25
10.4328793774	4.61644902423e-25
10.4474708171	3.56529532418e-25
10.4620622568	2.75030412061e-25
10.4766536965	2.11694241961e-25
10.4912451362	1.6273395917e-25
10.5058365759	1.24616655042e-25
10.5204280156	9.54395238581e-26
10.5350194553	7.30401443014e-26
10.5496108949	5.58710189647e-26
10.5642023346	4.26629009311e-26
10.5787937743	3.26311273085e-26
10.593385214	2.49154365015e-26
10.6079766537	1.90403991578e-26
10.6225680934	1.45327966203e-26
10.6371595331	1.1122368212e-26
10.6517509728	8.56195346854e-27
10.6663424125	6.65229749411e-27
10.6809338521	5.22549378721e-27
10.6955252918	4.15848787116e-27
10.7101167315	3.38028737146e-27
10.7247081712	2.81964129528e-27
10.7392996109	2.42960103847e-27
10.7538910506	2.14586546669e-27
10.7684824903	1.95968989531e-27
10.78307393	1.8248378393e-27
10.7976653697	1.75249252652e-27
10.8122568093	1.68467699936e-27
10.826848249	1.64564653506e-27
10.8414396887	1.6459084936e-27
10.8560311284	1.69869115895e-27
10.8706225681	1.71116210077e-27
10.8852140078	1.71287997497e-27
10.8998054475	1.69109466978e-27
10.9143968872	1.69708752617e-27
10.9289883268	1.67837495506e-27
10.9435797665	1.67157201396e-27
10.9581712062	1.66363527687e-27
10.9727626459	1.71425381773e-27
10.9873540856	1.71473715517e-27
11.0019455253	1.70382320249e-27
11.016536965	1.68569427713e-27
11.0311284047	1.67696262143e-27
11.0457198444	1.6709534066e-27
11.060311284	1.70019864044e-27
11.0749027237	1.73779682955e-27
11.0894941634	1.85134153386e-27
11.1040856031	1.96552040212e-27
11.1186770428	2.14317456895e-27
11.1332684825	2.37040520456e-27
11.1478599222	2.72528676963e-27
11.1624513619	3.21130199471e-27
11.1770428016	3.92252248418e-27
11.1916342412	4.91710830398e-27
11.2062256809	6.32184128189e-27
11.2208171206	8.11190355701e-27
11.2354085603	1.07268761356e-26
11.25	1.311704939e-26
11.2645914397	1.06325145346e-26
11.2791828794	7.89498924444e-27
11.2937743191	5.97250701684e-27
11.3083657588	4.49754146486e-27
11.3229571984	3.40453662143e-27
11.3375486381	2.57116058999e-27
11.3521400778	1.95336767658e-27
11.3667315175	1.46666065247e-27
11.3813229572	1.10688115971e-27
11.3959143969	8.45181345147e-28
11.4105058366	6.5255466404e-28
11.4250972763	5.10128644593e-28
11.439688716	4.09160893227e-28
11.4542801556	3.31792168792e-28
11.4688715953	2.75288743313e-28
11.483463035	2.31057696952e-28
11.4980544747	1.97367502561e-28
11.5126459144	1.77266674016e-28
11.5272373541	1.57890844333e-28
11.5418287938	1.42852530321e-28
11.5564202335	1.32887307682e-28
11.5710116732	1.29163946626e-28
11.5856031128	1.24433700659e-28
11.6001945525	1.22801893378e-28
11.6147859922	1.22125574592e-28
11.6293774319	1.25245922771e-28
11.6439688716	1.25828985393e-28
11.6585603113	1.2595670439e-28
11.673151751	1.1859249064e-28
11.6877431907	1.1999303646e-28
11.7023346304	1.21339917023e-28
11.71692607	1.23830450728e-28
11.7315175097	1.26789017039e-28
11.7461089494	1.33966785759e-28
11.7607003891	1.42113648924e-28
11.7752918288	1.52663847539e-28
11.7898832685	1.58255002104e-28
11.8044747082	1.70170325528e-28
11.8190661479	1.82514300806e-28
11.8336575876	1.9260301575e-28
11.8482490272	2.02537783507e-28
11.8628404669	2.18306034025e-28
11.8774319066	2.32737486019e-28
11.8920233463	2.4191092598e-28
11.906614786	2.42329639226e-28
11.9212062257	2.47181412217e-28
11.9357976654	2.48663366109e-28
11.9503891051	2.51631069582e-28
11.9649805447	2.4950705005e-28
11.9795719844	2.4836679835e-28
11.9941634241	2.45377684297e-28
12.0087548638	2.43191083767e-28
12.0233463035	2.38033137528e-28
12.0379377432	2.39990028247e-28
12.0525291829	2.40635593067e-28
12.0671206226	2.35354933279e-28
12.0817120623	2.30806231678e-28
12.0963035019	2.29049238331e-28
12.1108949416	2.30706852391e-28
12.1254863813	2.37710012358e-28
12.140077821	2.50033551818e-28
12.1546692607	2.61949241818e-28
12.1692607004	2.69493435292e-28
12.1838521401	2.69467839282e-28
12.1984435798	2.69414055865e-28
12.2130350195	2.70164697133e-28
12.2276264591	2.74935521468e-28
12.2422178988	2.81221612756e-28
12.2568093385	2.95421307454e-28
12.2714007782	3.09238262405e-28
12.2859922179	3.21221020692e-28
12.3005836576	3.28186661863e-28
12.3151750973	3.3315709271e-28
12.329766537	3.3480256933e-28
12.3443579767	3.3950847734e-28
12.3589494163	3.44138665965e-28
12.373540856	3.58042093864e-28
12.3881322957	3.709970395e-28
12.4027237354	3.79921105893e-28
12.4173151751	3.75749866005e-28
12.4319066148	3.72379171662e-28
12.4464980545	3.67336140474e-28
12.4610894942	3.71361761545e-28
12.4756809339	3.81155373232e-28
12.4902723735	4.0207325471e-28
12.5048638132	4.14473525982e-28
12.5194552529	4.2688889596e-28
12.5340466926	4.29557036147e-28
12.5486381323	4.31755614654e-28
12.563229572	4.34005687465e-28
12.5778210117	4.42489708756e-28
12.5924124514	4.51257599021e-28
12.6070038911	4.77905207192e-28
12.6215953307	4.8854311033e-28
12.6361867704	4.9513171206e-28
12.6507782101	4.84583836253e-28
12.6653696498	4.79415268976e-28
12.6799610895	4.79582603844e-28
12.6945525292	4.89620228135e-28
12.7091439689	5.04785243348e-28
12.7237354086	5.44064505519e-28
12.7383268483	5.65538736336e-28
12.7529182879	5.75159856416e-28
12.7675097276	5.67123302254e-28
12.7821011673	5.66504023359e-28
12.796692607	5.59714515768e-28
12.8112840467	5.69068837144e-28
12.8258754864	5.8857869283e-28
12.8404669261	6.25381912727e-28
12.8550583658	6.36616253114e-28
12.8696498054	6.45783264246e-28
12.8842412451	6.36947283863e-28
12.8988326848	6.29454664433e-28
12.9134241245	6.27282166833e-28
12.9280155642	6.37791240123e-28
12.9426070039	6.49920771933e-28
12.9571984436	6.79122423934e-28
12.9717898833	6.86502313878e-28
12.986381323	6.93961205245e-28
13.0009727626	6.86204987384e-28
13.0155642023	6.81963728378e-28
13.030155642	6.73866765591e-28
13.0447470817	6.77418946043e-28
13.0593385214	6.89161214983e-28
13.0739299611	7.32574688779e-28
13.0885214008	7.52928957037e-28
13.1031128405	7.60149656817e-28
13.1177042802	7.50960283405e-28
13.1322957198	7.46384458617e-28
13.1468871595	7.38712783551e-28
13.1614785992	7.50338693971e-28
13.1760700389	7.73549263462e-28
13.1906614786	8.18348259262e-28
13.2052529183	8.29133989076e-28
13.219844358	8.43689185451e-28
13.2344357977	8.3608689468e-28
13.2490272374	8.26422412656e-28
13.263618677	8.23069568152e-28
13.2782101167	8.34255851083e-28
13.2928015564	8.42558195267e-28
13.3073929961	8.83017279425e-28
13.3219844358	9.01041669257e-28
13.3365758755	9.12086905162e-28
13.3511673152	8.98452972791e-28
13.3657587549	8.87722925874e-28
13.3803501946	8.71766446484e-28
13.3949416342	8.69232747921e-28
13.4095330739	8.8012517886e-28
13.4241245136	9.19255384526e-28
13.4387159533	9.27118180283e-28
13.453307393	9.36018621846e-28
13.4678988327	9.27775161174e-28
13.4824902724	9.24628657584e-28
13.4970817121	9.07539981875e-28
13.5116731518	9.12579736457e-28
13.5262645914	9.29608612604e-28
13.5408560311	9.77303871543e-28
13.5554474708	9.96540847842e-28
13.5700389105	1.0112980784e-27
13.5846303502	1.00066783379e-27
13.5992217899	9.90640271354e-28
13.6138132296	9.82173492527e-28
13.6284046693	9.89213802177e-28
13.642996109	9.95041171292e-28
13.6575875486	1.04547093803e-27
13.6721789883	1.0647657397e-27
13.686770428	1.06951717812e-27
13.7013618677	1.06143942675e-27
13.7159533074	1.06537623581e-27
13.7305447471	1.06040873563e-27
13.7451361868	1.06633296584e-27
13.7597276265	1.07942145083e-27
13.7743190661	1.12641633507e-27
13.7889105058	1.13283668936e-27
13.8035019455	1.14025233785e-27
13.8180933852	1.12022739503e-27
13.8326848249	1.10723170514e-27
13.8472762646	1.09761130974e-27
13.8618677043	1.11078643056e-27
13.876459144	1.12530781937e-27
13.8910505837	1.17117363874e-27
13.9056420233	1.18309284436e-27
13.920233463	1.1918803079e-27
13.9348249027	1.17543687576e-27
13.9494163424	1.17331252169e-27
13.9640077821	1.16919261761e-27
13.9785992218	1.18035060606e-27
13.9931906615	1.19207391708e-27
14.0077821012	1.24645352967e-27
14.0223735409	1.25718176482e-27
14.0369649805	1.25404560888e-27
14.0515564202	1.2364420782e-27
14.0661478599	1.2291450856e-27
14.0807392996	1.20673901589e-27
14.0953307393	1.21186204338e-27
14.109922179	1.22638558213e-27
14.1245136187	1.27982015775e-27
14.1391050584	1.28292563587e-27
14.1536964981	1.28208364762e-27
14.1682879377	1.2588061885e-27
14.1828793774	1.24255220635e-27
14.1974708171	1.22308101092e-27
14.2120622568	1.22079505327e-27
14.2266536965	1.21999875819e-27
14.2412451362	1.27214881886e-27
14.2558365759	1.28624775964e-27
14.2704280156	1.28948163636e-27
14.2850194553	1.26459925249e-27
14.2996108949	1.25556162994e-27
14.3142023346	1.2364054643e-27
14.3287937743	1.23474971252e-27
14.343385214	1.24101258441e-27
14.3579766537	1.29478800065e-27
14.3725680934	1.30079070322e-27
14.3871595331	1.28977558718e-27
14.4017509728	1.26391629005e-27
14.4163424125	1.25089986101e-27
14.4309338521	1.22263107469e-27
14.4455252918	1.21801597648e-27
14.4601167315	1.2199855873e-27
14.4747081712	1.25900298489e-27
14.4892996109	1.25952367888e-27
14.5038910506	1.2591115922e-27
14.5184824903	1.2382316235e-27
14.53307393	1.23070782341e-27
14.5476653697	1.22007094415e-27
14.5622568093	1.21853391658e-27
14.576848249	1.21280862271e-27
14.5914396887	1.25812156336e-27
14.6060311284	1.2582910768e-27
14.6206225681	1.2535509374e-27
14.6352140078	1.21933801426e-27
14.6498054475	1.19687331643e-27
14.6643968872	1.17300284203e-27
14.6789883268	1.15882496905e-27
14.6935797665	1.14316145424e-27
14.7081712062	1.16391485244e-27
14.7227626459	1.14458527728e-27
14.7373540856	1.12415778968e-27
14.7519455253	1.08144008478e-27
14.766536965	1.05349416511e-27
14.7811284047	1.0057425901e-27
14.7957198444	9.78615196778e-28
14.810311284	9.47543821688e-28
14.8249027237	9.33789227521e-28
14.8394941634	8.80807420185e-28
14.8540856031	8.24213050344e-28
14.8686770428	7.56579239957e-28
14.8832684825	7.14333356679e-28
14.8978599222	6.91522441153e-28
14.9124513619	7.11071354184e-28
14.9270428016	7.85587711541e-28
14.9416342412	9.80139805624e-28
14.9562256809	1.30765404802e-27
14.9708171206	1.84148499209e-27
14.9854085603	2.82207485495e-27
15.0	3.87797019463e-27
