-14.9854085603	1.88891500971e-27
-14.9708171206	1.09544589681e-27
-14.9562256809	6.51406600737e-28
-14.9416342412	3.73870371324e-28
-14.9270428016	2.15230731349e-28
-14.9124513619	1.26904794761e-28
-14.8978599222	8.27438421508e-29
-14.8832684825	6.32640687613e-29
-14.8686770428	6.27207717472e-29
-14.8540856031	6.85642190993e-29
-14.8394941634	7.88456467344e-29
-14.8249027237	8.08297156079e-29
-14.810311284	9.15589365408e-29
-14.7957198444	9.91962195987e-29
-14.7811284047	1.10968858337e-28
-14.766536965	1.19606862452e-28
-14.7519455253	1.28676660217e-28
-14.7373540856	1.33926089768e-28
-14.7227626459	1.36144124846e-28
-14.7081712062	1.25093399902e-28
-14.6935797665	1.26083446589e-28
-14.6789883268	1.26940993006e-28
-14.6643968872	1.33193329861e-28
-14.6498054475	1.36329352663e-28
-14.6352140078	1.45163735346e-28
-14.6206225681	1.47513121398e-28
-14.6060311284	1.47830837951e-28
-14.5914396887	1.36956493435e-28
-14.576848249	1.37158979978e-28
-14.5622568093	1.37590266424e-28
-14.5476653696	1.4531641236e-28
-14.53307393	1.47945646077e-28
-14.5184824903	1.5419477342e-28
-14.5038910506	1.57493789367e-28
-14.4892996109	1.58241212628e-28
-14.4747081712	1.45983158565e-28
-14.4601167315	1.46205134233e-28
-14.4455252918	1.45611820608e-28
-14.4309338521	1.51799730618e-28
-14.4163424125	1.540615898e-28
-14.4017509728	1.59007943255e-28
-14.3871595331	1.59585511776e-28
-14.3725680934	1.59471076498e-28
-14.3579766537	1.45049172041e-28
-14.343385214	1.42971827967e-28
-14.3287937743	1.41983264127e-28
-14.3142023346	1.47393705126e-28
-14.2996108949	1.4978266828e-28
-14.2850194553	1.56529204169e-28
-14.2704280156	1.58094393193e-28
-14.2558365759	1.58496478999e-28
-14.2412451362	1.46268132831e-28
-14.2266536965	1.45959150559e-28
-14.2120622568	1.45883959996e-28
-14.1974708171	1.52725522932e-28
-14.1828793774	1.54906616957e-28
-14.1682879377	1.60790341315e-28
-14.1536964981	1.62760072069e-28
-14.1391050584	1.62968250338e-28
-14.1245136187	1.51469805092e-28
-14.109922179	1.50746741424e-28
-14.0953307393	1.51593438638e-28
-14.0807392996	1.57658224679e-28
-14.0661478599	1.60087598284e-28
-14.0515564202	1.65668426158e-28
-14.0369649805	1.6617539449e-28
-14.0223735409	1.66844200673e-28
-14.0077821012	1.56148299213e-28
-13.9931906615	1.55465404312e-28
-13.9785992218	1.56449355981e-28
-13.9640077821	1.62549773514e-28
-13.9494163424	1.64874842118e-28
-13.9348249027	1.72331068185e-28
-13.920233463	1.74986069431e-28
-13.9056420233	1.77065309911e-28
-13.8910505837	1.69399990867e-28
-13.876459144	1.70804634258e-28
-13.8618677043	1.75616137183e-28
-13.8472762646	1.84733522025e-28
-13.8326848249	1.89063999577e-28
-13.8180933852	1.95492233056e-28
-13.8035019455	2.02447429815e-28
-13.7889105058	2.11037408918e-28
-13.7743190661	2.15808271434e-28
-13.7597276265	2.22900597051e-28
-13.7451361868	2.32640822556e-28
-13.7305447471	2.45630383726e-28
-13.7159533074	2.53326413753e-28
-13.7013618677	2.55527571759e-28
-13.686770428	2.56445565965e-28
-13.6721789883	2.53045216009e-28
-13.6575875486	2.38868871181e-28
-13.6429961089	2.30941197949e-28
-13.6284046693	2.26286083408e-28
-13.6138132296	2.22541499289e-28
-13.5992217899	2.19063362952e-28
-13.5846303502	2.15899524916e-28
-13.5700389105	2.11727375472e-28
-13.5554474708	2.11271142223e-28
-13.5408560311	1.9997953281e-28
-13.5262645914	1.97024955613e-28
-13.5116731518	2.01128457144e-28
-13.4970817121	2.08506183117e-28
-13.4824902724	2.11098708412e-28
-13.4678988327	2.17574757001e-28
-13.453307393	2.25152295949e-28
-13.4387159533	2.34620531862e-28
-13.4241245136	2.43232361702e-28
-13.4095330739	2.51859500787e-28
-13.3949416342	2.63712830172e-28
-13.3803501946	2.74016535577e-28
-13.3657587549	2.80281815081e-28
-13.3511673152	2.87511886056e-28
-13.3365758755	2.96720878399e-28
-13.3219844358	3.01729391849e-28
-13.3073929961	3.01146006349e-28
-13.2928015564	3.0034076836e-28
-13.2782101167	3.07739240197e-28
-13.263618677	3.1752722294e-28
-13.2490272374	3.251079675e-28
-13.2344357977	3.35661508222e-28
-13.219844358	3.46975577294e-28
-13.2052529183	3.62049462178e-28
-13.1906614786	3.83760444981e-28
-13.1760700389	4.0105465692e-28
-13.1614785992	4.21616578688e-28
-13.1468871595	4.38779635053e-28
-13.1322957198	4.50169035048e-28
-13.1177042802	4.61042483875e-28
-13.1031128405	4.71261967049e-28
-13.0885214008	4.7491224791e-28
-13.0739299611	4.83725182692e-28
-13.0593385214	4.94149352292e-28
-13.0447470817	5.05944510409e-28
-13.030155642	5.10399832275e-28
-13.0155642023	5.16391852661e-28
-13.0009727626	5.21807135802e-28
-12.986381323	5.31986017735e-28
-12.9717898833	5.41848166171e-28
-12.9571984436	5.56889843456e-28
-12.9426070039	5.66349589378e-28
-12.9280155642	5.75286958058e-28
-12.9134241245	5.78073652381e-28
-12.8988326848	5.78027950145e-28
-12.8842412451	5.78099886794e-28
-12.8696498054	5.83238768131e-28
-12.8550583658	5.92332803586e-28
-12.8404669261	6.07477875179e-28
-12.8258754864	6.11676033653e-28
-12.8112840467	6.17332830139e-28
-12.796692607	6.15669132488e-28
-12.7821011673	6.13719226859e-28
-12.7675097276	6.03842448412e-28
-12.7529182879	5.96984215038e-28
-12.7383268482	5.9079870048e-28
-12.7237354086	5.85905870388e-28
-12.7091439689	5.78711580435e-28
-12.6945525292	5.75797460576e-28
-12.6799610895	5.67358276127e-28
-12.6653696498	5.62041596786e-28
-12.6507782101	5.56957565533e-28
-12.6361867704	5.51518807724e-28
-12.6215953307	5.47583285059e-28
-12.6070038911	5.53449546243e-28
-12.5924124514	5.50174774049e-28
-12.5778210117	5.49383623706e-28
-12.563229572	5.41518371744e-28
-12.5486381323	5.34623753491e-28
-12.5340466926	5.35465882635e-28
-12.5194552529	5.4083537176e-28
-12.5048638132	5.51611938561e-28
-12.4902723735	5.84427017672e-28
-12.4756809339	6.01877197829e-28
-12.4610894942	6.15163717028e-28
-12.4464980545	6.14469086174e-28
-12.4319066148	6.13240932175e-28
-12.4173151751	6.06305902385e-28
-12.4027237354	5.98505062847e-28
-12.3881322957	5.88549570151e-28
-12.373540856	5.87164817399e-28
-12.3589494163	5.79572591913e-28
-12.3443579767	5.72648310475e-28
-12.329766537	5.56014433908e-28
-12.3151750973	5.47713103504e-28
-12.3005836576	5.36269198697e-28
-12.2859922179	5.31020853155e-28
-12.2714007782	5.3351514776e-28
-12.2568093385	5.49652781163e-28
-12.2422178988	5.48901673417e-28
-12.2276264591	5.51568400474e-28
-12.2130350195	5.42766321653e-28
-12.1984435798	5.4070136735e-28
-12.1838521401	5.3384228623e-28
-12.1692607004	5.32807899428e-28
-12.1546692607	5.31722643687e-28
-12.140077821	5.49115959792e-28
-12.1254863813	5.48122586409e-28
-12.1108949416	5.43471604e-28
-12.0963035019	5.28445491766e-28
-12.0817120623	5.18448538084e-28
-12.0671206226	5.11189711348e-28
-12.0525291829	5.13535645866e-28
-12.0379377432	5.14321938058e-28
-12.0233463035	5.31325939042e-28
-12.0087548638	5.31687640668e-28
-11.9941634241	5.37704369841e-28
-11.9795719844	5.33908021057e-28
-11.9649805447	5.35277958128e-28
-11.9503891051	5.30892075304e-28
-11.9357976654	5.37038656754e-28
-11.9212062257	5.58888443398e-28
-11.906614786	6.06664579317e-28
-11.8920233463	6.22982835019e-28
-11.8774319066	6.34304218939e-28
-11.8628404669	6.21590757471e-28
-11.8482490272	6.07394831487e-28
-11.8336575875	5.91528385579e-28
-11.8190661479	5.77616786346e-28
-11.8044747082	5.63565333283e-28
-11.7898832685	5.70811039573e-28
-11.7752918288	5.5516356162e-28
-11.7607003891	5.39968552447e-28
-11.7461089494	5.14972092414e-28
-11.7315175097	4.99891274846e-28
-11.71692607	4.82556050549e-28
-11.7023346304	4.76331357734e-28
-11.6877431907	4.67424678038e-28
-11.673151751	4.77538442784e-28
-11.6585603113	4.74903257268e-28
-11.6439688716	4.71057397114e-28
-11.6293774319	4.54457044195e-28
-11.6147859922	4.44827247486e-28
-11.6001945525	4.33534128712e-28
-11.5856031128	4.39737061357e-28
-11.5710116732	4.53982648087e-28
-11.5564202335	4.9180413085e-28
-11.5418287938	5.0038002288e-28
-11.5272373541	5.13976400449e-28
-11.5126459144	5.15950149832e-28
-11.4980544747	5.19152887794e-28
-11.483463035	5.28296148076e-28
-11.4688715953	5.47581878127e-28
-11.4542801556	5.74730580391e-28
-11.439688716	6.2915133691e-28
-11.4250972763	6.73074249054e-28
-11.4105058366	7.34043527005e-28
-11.3959143969	8.09394667534e-28
-11.3813229572	9.27882252258e-28
-11.3667315175	1.0965445754e-27
-11.3521400778	1.34388032048e-27
-11.3375486381	1.67341263487e-27
-11.3229571984	2.13679583757e-27
-11.3083657588	2.75034956185e-27
-11.2937743191	3.6340076204e-27
-11.2791828794	4.81010934842e-27
-11.2645914397	6.58209275048e-27
-11.25	8.24430219236e-27
-11.2354085603	6.5823975895e-27
-11.2208171206	4.81271333637e-27
-11.2062256809	3.63333735767e-27
-11.1916342412	2.7157981431e-27
-11.1770428016	2.05211727357e-27
-11.1624513619	1.54671573584e-27
-11.1478599222	1.17261748858e-27
-11.1332684825	8.90203192913e-28
-11.1186770428	6.81053417413e-28
-11.1040856031	5.26244981267e-28
-11.0894941634	4.06215531317e-28
-11.0749027237	3.30228297582e-28
-11.060311284	2.78404180698e-28
-11.0457198444	2.46381687152e-28
-11.0311284047	2.25871682212e-28
-11.016536965	2.1716500515e-28
-11.0019455253	2.07098216574e-28
-10.9873540856	2.03264628243e-28
-10.9727626459	1.85469406384e-28
-10.9581712062	1.82624903517e-28
-10.9435797665	1.86680632011e-28
-10.9289883268	1.98501653653e-28
-10.9143968872	2.05289671959e-28
-10.8998054475	2.1789348125e-28
-10.8852140078	2.25035533971e-28
-10.8706225681	2.28021629079e-28
-10.8560311284	2.14913574788e-28
-10.8414396887	2.18747915314e-28
-10.826848249	2.20360420596e-28
-10.8122568093	2.32723098263e-28
-10.7976653696	2.41213992726e-28
-10.78307393	2.5049355451e-28
-10.7684824903	2.52332931075e-28
-10.7538910506	2.52395829582e-28
-10.7392996109	2.37563810217e-28
-10.7247081712	2.41217862012e-28
-10.7101167315	2.45359242087e-28
-10.6955252918	2.5960332619e-28
-10.6809338521	2.696642553e-28
-10.6663424125	2.81390266989e-28
-10.6517509728	2.82885878301e-28
-10.6371595331	2.84516706502e-28
-10.6225680934	2.70767267676e-28
-10.6079766537	2.71872426507e-28
-10.593385214	2.73276044996e-28
-10.5787937743	2.84040558231e-28
-10.5642023346	2.90698915795e-28
-10.5496108949	3.03218825221e-28
-10.5350194553	3.06025597526e-28
-10.5204280156	3.04043824602e-28
-10.5058365759	2.88555859619e-28
-10.4912451362	2.89125645726e-28
-10.4766536965	2.89409086381e-28
-10.4620622568	2.99912452774e-28
-10.4474708171	3.05374909333e-28
-10.4328793774	3.1309758137e-28
-10.4182879377	3.11348438909e-28
-10.4036964981	3.06302827257e-28
-10.3891050584	2.84869730231e-28
-10.3745136187	2.81647480126e-28
-10.359922179	2.79836307189e-28
-10.3453307393	2.86840636e-28
-10.3307392996	2.90389870238e-28
-10.3161478599	2.97797919211e-28
-10.3015564202	2.96445025523e-28
-10.2869649805	2.91536194085e-28
-10.2723735409	2.72242294631e-28
-10.2577821012	2.65582174605e-28
-10.2431906615	2.61480962316e-28
-10.2285992218	2.6581354791e-28
-10.2140077821	2.65148357869e-28
-10.1994163424	2.68607297121e-28
-10.1848249027	2.66743407243e-28
-10.170233463	2.58278619389e-28
-10.1556420233	2.39237748423e-28
-10.1410505837	2.3225480437e-28
-10.126459144	2.25659693058e-28
-10.1118677043	2.29766520082e-28
-10.0972762646	2.29092561977e-28
-10.0826848249	2.28235836992e-28
-10.0680933852	2.22135187648e-28
-10.0535019455	2.14874528098e-28
-10.0389105058	1.96353786768e-28
-10.0243190661	1.89583488722e-28
-10.0097276265	1.83402330769e-28
-9.99513618677	1.84252510901e-28
-9.98054474708	1.84788522428e-28
-9.96595330739	1.85838102726e-28
-9.9513618677	1.81746746492e-28
-9.93677042802	1.7843230555e-28
-9.92217898833	1.70216612244e-28
-9.90758754864	1.67226451109e-28
-9.89299610895	1.66119289049e-28
-9.87840466926	1.67046367062e-28
-9.86381322957	1.66233496628e-28
-9.84922178988	1.66386199419e-28
-9.83463035019	1.64728562132e-28
-9.82003891051	1.63035316609e-28
-9.80544747082	1.61430828334e-28
-9.79085603113	1.64317673475e-28
-9.77626459144	1.68253532393e-28
-9.76167315175	1.76153455629e-28
-9.74708171206	1.84152566839e-28
-9.73249027237	1.89508844688e-28
-9.71789883268	1.96238288271e-28
-9.703307393	2.04324971759e-28
-9.68871595331	2.17828547628e-28
-9.67412451362	2.30317245132e-28
-9.65953307393	2.41082377657e-28
-9.64494163424	2.49521561302e-28
-9.63035019455	2.58533619971e-28
-9.61575875486	2.64447830475e-28
-9.60116731517	2.72110709374e-28
-9.58657587549	2.81882048154e-28
-9.5719844358	3.01817076151e-28
-9.55739299611	3.12005229504e-28
-9.54280155642	3.19586418786e-28
-9.52821011673	3.22992916266e-28
-9.51361867704	3.2723589348e-28
-9.49902723735	3.33036586659e-28
-9.48443579767	3.41682731387e-28
-9.46984435798	3.50655360879e-28
-9.45525291829	3.7293189959e-28
-9.4406614786	3.86351588057e-28
-9.42607003891	4.02427892159e-28
-9.41147859922	4.15059905741e-28
-9.39688715953	4.33462754926e-28
-9.38229571984	4.49238031107e-28
-9.36770428016	4.76319475118e-28
-9.35311284047	5.1223125208e-28
-9.33852140078	5.73613730637e-28
-9.32392996109	6.21805283403e-28
-9.3093385214	6.7065426397e-28
-9.29474708171	7.12601457717e-28
-9.28015564202	7.70169279385e-28
-9.26556420233	8.30319293434e-28
-9.25097276265	9.07629299451e-28
-9.23638132296	1.00781864008e-27
-9.22178988327	1.14982421714e-27
-9.20719844358	1.28102087965e-27
-9.19260700389	1.42777262311e-27
-9.1780155642	1.58659577499e-27
-9.16342412451	1.78323115978e-27
-9.14883268482	2.01176326711e-27
-9.13424124514	2.30168631683e-27
-9.11964980545	2.66110062584e-27
-9.10505836576	3.14658410658e-27
-9.09046692607	3.67914735442e-27
-9.07587548638	4.29451571945e-27
-9.06128404669	5.00867985086e-27
-9.046692607	5.88475804595e-27
-9.03210116731	6.92073536871e-27
-9.01750972763	8.22503729297e-27
-9.00291828794	9.83460718229e-27
-8.98832684825	1.18906113206e-26
-8.97373540856	1.43054637665e-26
-8.95914396887	1.72390055399e-26
-8.94455252918	2.07496438554e-26
-8.92996108949	2.5118642529e-26
-8.91536964981	3.04990418792e-26
-8.90077821012	3.72032755245e-26
-8.88618677043	4.5537001712e-26
-8.87159533074	5.60699978074e-26
-8.85700389105	6.88975735588e-26
-8.84241245136	8.48550972011e-26
-8.82782101167	1.04615890322e-25
-8.81322957198	1.29356489455e-25
-8.7986381323	1.60133091087e-25
-8.78404669261	1.98899663216e-25
-8.76945525292	2.47354872057e-25
-8.75486381323	3.08436404967e-25
-8.74027237354	3.84271969283e-25
-8.72568093385	4.7919153071e-25
-8.71108949416	5.97649012385e-25
-8.69649805447	7.46289968577e-25
-8.68190661479	9.32454309495e-25
-8.6673151751	1.16615297517e-24
-8.65272373541	1.45936403971e-24
-8.63813229572	1.82763006898e-24
-8.62354085603	2.28805949313e-24
-8.60894941634	2.86563229438e-24
-8.59435797665	3.58870548067e-24
-8.57976653696	4.49580658934e-24
-8.56517509728	5.63292585339e-24
-8.55058365759	7.0588067848e-24
-8.5359922179	8.8449023568e-24
-8.52140077821	1.10853693127e-23
-8.50680933852	1.38861301327e-23
-8.49221789883	1.7389746307e-23
-8.47762645914	2.17698573159e-23
-8.46303501945	2.72479090259e-23
-8.44844357977	3.40950135144e-23
-8.43385214008	4.26537344701e-23
-8.41926070039	5.33437193418e-23
-8.4046692607	6.66968340447e-23
-8.39007782101	8.33592463955e-23
-8.37548638132	1.04150770624e-22
-8.36089494163	1.30079748291e-22
-8.34630350195	1.62413011422e-22
-8.33171206226	2.02707844992e-22
-8.31712062257	2.52914949728e-22
-8.30252918288	3.15432718231e-22
-8.28793774319	3.93258641314e-22
-8.2733463035	4.90052775646e-22
-8.25875486381	6.10413225716e-22
-8.24416342412	7.59995904665e-22
-8.22957198444	9.4583668758e-22
-8.21498054475	1.17661087028e-21
-8.20038910506	1.46306368684e-21
-8.18579766537	1.81845043263e-21
-8.17120622568	2.25920451924e-21
-8.15661478599	2.80548649443e-21
-8.1420233463	3.48230238023e-21
-8.12743190661	4.32042627089e-21
-8.11284046693	5.35786654819e-21
-8.09824902724	6.64141465106e-21
-8.08365758755	8.22878369743e-21
-8.06906614786	1.01908788649e-20
-8.05447470817	1.26151181573e-20
-8.03988326848	1.56086627389e-20
-8.02529182879	1.93035894034e-20
-8.0107003891	2.38619929811e-20
-7.99610894942	2.94832247011e-20
-7.98151750973	3.64117346991e-20
-7.96692607004	4.49476491944e-20
-7.95233463035	5.54587285682e-20
-7.93774319066	6.83959625571e-20
-7.92315175097	8.43112402805e-20
-7.90856031128	1.03881169815e-19
-7.89396887159	1.27933257386e-19
-7.87937743191	1.57480530635e-19
-7.86478599222	1.93760992368e-19
-7.85019455253	2.38288115435e-19
-7.83560311284	2.92910250548e-19
-7.82101167315	3.59884502536e-19
-7.80642023346	4.41963645907e-19
-7.79182879377	5.42506961947e-19
-7.77723735409	6.65609405752e-19
-7.7626459144	8.16260955868e-19
-7.74805447471	1.00053796224e-18
-7.73346303502	1.22583944558e-18
-7.71887159533	1.5011651993e-18
-7.70428015564	1.83746255036e-18
-7.68968871595	2.24803268582e-18
-7.67509727626	2.74903951493e-18
-7.66050583658	3.36011030416e-18
-7.64591439689	4.10506887647e-18
-7.6313229572	5.01281345377e-18
-7.61673151751	6.11838459105e-18
-7.60214007782	7.46424625092e-18
-7.58754863813	9.101837051e-18
-7.57295719844	1.10934280442e-17
-7.55836575875	1.35143788544e-17
-7.54377431907	1.64558341632e-17
-7.52918287938	2.00279770621e-17
-7.51459143969	2.43639507237e-17
-7.5	2.96244954241e-17
-7.48540856031	3.60034848256e-17
-7.47081712062	4.37352223513e-17
-7.45622568093	5.31020939109e-17
-7.44163424124	6.44444005071e-17
-7.42704280156	7.81721033703e-17
-7.41245136187	9.47788217276e-17
-7.39785992218	1.14858607537e-16
-7.38326848249	1.39126026652e-16
-7.3686770428	1.68440162469e-16
-7.35408560311	2.03833350394e-16
-7.33949416342	2.46545435331e-16
-7.32490272373	2.98064818841e-16
-7.31031128405	3.6017731903e-16
-7.29571984436	4.35024579651e-16
-7.28112840467	5.25173603623e-16
-7.26653696498	6.33699737658e-16
-7.25194552529	7.64285437583e-16
-7.2373540856	9.21337938755e-16
-7.22276264591	1.1101290945e-15
-7.20817120623	1.33696203203e-15
-7.19357976654	1.60936888219e-15
-7.17898832685	1.93634597439e-15
-7.16439688716	2.32863288319e-15
-7.14980544747	2.79904379845e-15
-7.13521400778	3.36286038708e-15
-7.12062256809	4.03829784201e-15
-7.1060311284	4.84705658234e-15
-7.09143968872	5.81497631147e-15
-7.07684824903	6.9728095827e-15
-7.06225680934	8.35713734075e-15
-7.04766536965	1.00114509893e-14
-7.03307392996	1.19874316618e-14
-7.01848249027	1.43464605686e-14
-7.00389105058	1.716140248e-14
-6.98929961089	2.05187090755e-14
-6.97470817121	2.45209005405e-14
-6.96011673152	2.92894889391e-14
-6.94552529183	3.49684225667e-14
-6.93093385214	4.17281400989e-14
-6.91634241245	4.97703416849e-14
-6.90175097276	5.93335990043e-14
-6.88715953307	7.06999498966e-14
-6.87256809338	8.42026432536e-14
-6.8579766537	1.00235235589e-13
-6.84338521401	1.19262261626e-13
-6.82879377432	1.4183175108e-13
-6.81420233463	1.68589898076e-13
-6.79961089494	2.00298248754e-13
-6.78501945525	2.3785382259e-13
-6.77042801556	2.82312661777e-13
-6.75583657588	3.34917369222e-13
-6.74124513619	3.97129304287e-13
-6.7266536965	4.70666190325e-13
-6.71206225681	5.5754603009e-13
-6.69747081712	6.6013834888e-13
-6.68287937743	7.81223966235e-13
-6.66828793774	9.24064664634e-13
-6.65369649805	1.09248435922e-12
-6.63910505837	1.29096360101e-12
-6.62451361868	1.52474956489e-12
-6.60992217899	1.79998395757e-12
-6.5953307393	2.12385170777e-12
-6.58073929961	2.50475369827e-12
-6.56614785992	2.95250733136e-12
-6.55155642023	3.47857926324e-12
-6.53696498054	4.09635533089e-12
-6.52237354086	4.82145341179e-12
-6.50778210117	5.67208588162e-12
-6.49319066148	6.66947923948e-12
-6.47859922179	7.83835968501e-12
-6.4640077821	9.20751465326e-12
-6.44941634241	1.08104418567e-11
-6.43482490272	1.26860989918e-11
-6.42023346303	1.4879769275e-11
-6.40564202335	1.74440600609e-11
-6.39105058366	2.04400544276e-11
-6.37645914397	2.39386382855e-11
-6.36186770428	2.80220289612e-11
-6.34727626459	3.27855347318e-11
-6.3326848249	3.8339579117e-11
-6.31809338521	4.48120283055e-11
-6.30350194552	5.23508656096e-11
-6.28891050584	6.11272627908e-11
-6.27431906615	7.13391052256e-11
-6.25972762646	8.32150353752e-11
-6.24513618677	9.70190881875e-11
-6.23054474708	1.1305600176e-10
-6.21595330739	1.31677298191e-10
-6.2013618677	1.53288241948e-10
-6.18677042802	1.78355797802e-10
-6.17217898833	2.07417726173e-10
-6.15758754864	2.41092972631e-10
-6.14299610895	2.80093527965e-10
-6.12840466926	3.25237959181e-10
-6.11381322957	3.77466837196e-10
-6.09922178988	4.37860316563e-10
-6.08463035019	5.07658154918e-10
-6.07003891051	5.88282497034e-10
-6.05544747082	6.81363788839e-10
-6.04085603113	7.88770233907e-10
-6.02626459144	9.12641255049e-10
-6.01167315175	1.05542548268e-09
-5.99708171206	1.21992385491e-09
-5.98249027237	1.40933848708e-09
-5.96789883268	1.62732804782e-09
-5.953307393	1.87807046877e-09
-5.93871595331	2.16633391377e-09
-5.92412451362	2.49755704536e-09
-5.90953307393	2.87793974768e-09
-5.89494163424	3.31454560326e-09
-5.88035019455	3.81541757167e-09
-5.86575875486	4.38970848752e-09
-5.85116731517	5.04782818025e-09
-5.83657587549	5.80160922621e-09
-5.8219844358	6.66449356994e-09
-5.80739299611	7.65174250705e-09
-5.79280155642	8.78067279523e-09
-5.77821011673	1.00709219719e-08
-5.76361867704	1.15447462926e-08
-5.74902723735	1.3227355079e-08
-5.73443579766	1.51472856758e-08
-5.71984435798	1.73368236662e-08
-5.70525291829	1.98324734915e-08
-5.6906614786	2.26754851654e-08
-5.67607003891	2.59124433671e-08
-5.66147859922	2.9595925851e-08
-5.64688715953	3.37852388233e-08
-5.63229571984	3.85472377192e-08
-5.61770428016	4.39572426604e-08
-5.60311284047	5.01000588041e-08
-5.58852140078	5.70711128049e-08
-5.57392996109	6.49777177147e-08
-5.5593385214	7.39404798344e-08
-5.54474708171	8.40948623372e-08
-5.53015564202	9.55929218875e-08
-5.51556420233	1.08605236008e-07
-5.50097276265	1.23323040594e-07
-5.48638132296	1.39960598767e-07
-5.47178988327	1.58757824166e-07
-5.45719844358	1.79983183888e-07
-5.44260700389	2.03936908471e-07
-5.4280155642	2.30954538771e-07
-5.41342412451	2.61410842118e-07
-5.39883268482	2.95724132949e-07
-5.38424124514	3.34361036027e-07
-5.36964980545	3.77841733577e-07
-5.35505836576	4.26745741e-07
-5.34046692607	4.81718259484e-07
-5.32587548638	5.43477157615e-07
-5.31128404669	6.12820638219e-07
-5.296692607	6.90635650939e-07
-5.28210116731	7.77907115677e-07
-5.26750972763	8.75728026832e-07
-5.25291828794	9.85310513398e-07
-5.23832684825	1.10799793533e-06
-5.22373540856	1.24527810224e-06
-5.20914396887	1.39879770645e-06
-5.19455252918	1.5703780685e-06
-5.17996108949	1.76203229976e-06
-5.1653696498	1.97598399351e-06
-5.15077821012	2.21468756271e-06
-5.13618677043	2.48085035006e-06
-5.12159533074	2.77745664319e-06
-5.10700389105	3.10779373563e-06
-5.09241245136	3.47548018189e-06
-5.07782101167	3.88449640307e-06
-5.06322957198	4.33921780741e-06
-5.0486381323	4.84445059855e-06
-5.03404669261	5.40547045218e-06
-5.01945525292	6.0280642504e-06
-5.00486381323	6.7185750709e-06
-4.99027237354	7.48395063628e-06
-4.97568093385	8.33179543663e-06
-4.96108949416	9.27042674599e-06
-4.94649805447	1.03089347606e-05
-4.93190661479	1.14572470933e-05
-4.9173151751	1.27261978653e-05
-4.90272373541	1.41276016411e-05
-4.88813229572	1.56743324569e-05
-4.87354085603	1.73804081994e-05
-4.85894941634	1.92610805889e-05
-4.84435797665	2.13329310287e-05
-4.82976653696	2.36139725777e-05
-4.81517509728	2.61237583042e-05
-4.80058365759	2.88834962749e-05
-4.7859922179	3.19161714279e-05
-4.77140077821	3.52466745717e-05
-4.75680933852	3.89019387418e-05
-4.74221789883	4.29110831345e-05
-4.72762645914	4.73055648237e-05
-4.71303501945	5.21193384465e-05
-4.69844357977	5.73890240241e-05
-4.68385214008	6.31540830591e-05
-4.66926070039	6.9457003022e-05
-4.6546692607	7.63434903085e-05
-4.64007782101	8.38626717112e-05
-4.62548638132	9.20673044115e-05
-4.61089494163	0.00010101399445
-4.59630350194	0.000110763423585
-4.58171206226	0.000121380584397
-4.56712062257	0.000132935023429
-4.55252918288	0.000145501092106
-4.53793774319	0.000159158205078
-4.5233463035	0.000173991105595
-4.50875486381	0.000190090137406
-4.49416342412	0.000207551522607
-4.47957198444	0.000226477644781
-4.46498054475	0.000246977336656
-4.45038910506	0.000269166171429
-4.43579766537	0.000293166756782
-4.42120622568	0.000319109030533
-4.40661478599	0.000347130556722
-4.3920233463	0.000377376820847
-4.37743190661	0.000410001522836
-4.36284046693	0.000445166866219
-4.34824902724	0.000483043841859
-4.33365758755	0.000523812504467
-4.31906614786	0.000567662240023
-4.30447470817	0.000614792022106
-4.28988326848	0.000665410655014
-4.27529182879	0.000719737001462
-4.2607003891	0.000778000192545
-4.24610894942	0.00084043981755
-4.23151750973	0.000907306091121
-4.21692607004	0.000978859995217
-4.20233463035	0.00105537339323
-4.18774319066	0.00113712911359
-4.17315175097	0.00122442100016
-4.15856031128	0.00131755392665
-4.14396887159	0.00141684377248
-4.12937743191	0.00152261735719
-4.11478599222	0.00163521233095
-4.10019455253	0.00175497701854
-4.08560311284	0.00188227021426
-4.07101167315	0.0020174609256
-4.05642023346	0.00216092806332
-4.04182879377	0.00231306007599
-4.02723735408	0.00247425452727
-4.0126459144	0.00264491761425
-3.99805447471	0.00282546362562
-3.98346303502	0.0030163143388
-3.96887159533	0.00321789835511
-3.95428015564	0.00343065037293
-3.93968871595	0.0036550103988
-3.92509727626	0.00389142289699
-3.91050583658	0.00414033587838
-3.89591439689	0.00440219993013
-3.8813229572	0.00467746718785
-3.86673151751	0.00496659025258
-3.85214007782	0.00527002105549
-3.83754863813	0.00558820967338
-3.82295719844	0.0059216030989
-3.80836575875	0.00627064396961
-3.79377431907	0.00663576926077
-3.77918287938	0.00701740894687
-3.76459143969	0.00741598463763
-3.75	0.00783190819447
-3.73540856031	0.00826558033388
-3.72081712062	0.0087173892245
-3.70622568093	0.00918770908487
-3.69163424124	0.00967689878925
-3.67704280156	0.0101853004891
-3.66245136187	0.0107132382577
-3.64785992218	0.011261016766
-3.63326848249	0.011828919997
-3.6186770428	0.0124172100068
-3.60408560311	0.0130261257404
-3.58949416342	0.0136558819081
-3.57490272373	0.0143066679318
-3.56031128405	0.0149786469668
-3.54571984436	0.015671955006
-3.53112840467	0.016386700072
-3.51653696498	0.0171229615048
-3.50194552529	0.0178807893471
-3.4873540856	0.0186602038339
-3.47276264591	0.0194611949896
-3.45817120623	0.0202837223354
-3.44357976654	0.0211277147096
-3.42898832685	0.0219930702028
-3.41439688716	0.0228796562077
-3.39980544747	0.0237873095854
-3.38521400778	0.0247158369458
-3.37062256809	0.0256650150415
-3.3560311284	0.0266345912732
-3.34143968872	0.0276242843027
-3.32684824903	0.0286337847711
-3.31225680934	0.0296627561163
-3.29766536965	0.0307108354866
-3.28307392996	0.0317776347437
-3.26848249027	0.0328627415487
-3.25389105058	0.0339657205261
-3.23929961089	0.0350861144974
-3.22470817121	0.0362234457772
-3.21011673152	0.0373772175255
-3.19552529183	0.0385469151464
-3.18093385214	0.0397320077272
-3.16634241245	0.0409319495084
-3.15175097276	0.0421461813781
-3.13715953307	0.0433741323811
-3.12256809338	0.0446152212367
-3.1079766537	0.0458688578562
-3.09338521401	0.0471344448537
-3.07879377432	0.0484113790421
-3.06420233463	0.0496990529084
-3.04961089494	0.0509968560618
-3.03501945525	0.0523041766479
-3.02042801556	0.0536204027238
-3.00583657587	0.0549449235904
-2.99124513619	0.0562771310739
-2.9766536965	0.0576164207564
-2.96206225681	0.0589621931491
-2.94747081712	0.0603138548059
-2.93287937743	0.0616708193751
-2.91828793774	0.0630325085867
-2.90369649805	0.0643983531736
-2.88910505837	0.0657677937258
-2.87451361868	0.0671402814765
-2.85992217899	0.0685152790204
-2.8453307393	0.0698922609635
-2.83073929961	0.071270714506
-2.81614785992	0.0726501399575
-2.80155642023	0.0740300511879
-2.78696498054	0.0754099760134
-2.77237354086	0.0767894565206
-2.75778210117	0.0781680493303
-2.74319066148	0.0795453258035
-2.72859922179	0.0809208721911
-2.7140077821	0.0822942897311
-2.69941634241	0.0836651946953
-2.68482490272	0.085033218388
-2.67023346303	0.0863980071
-2.65564202335	0.0877592220209
-2.64105058366	0.0891165391121
-2.62645914397	0.0904696489436
-2.61186770428	0.091818256498
-2.59727626459	0.0931620809437
-2.5826848249	0.0945008553813
-2.56809338521	0.0958343265643
-2.55350194552	0.0971622545983
-2.53891050584	0.0984844126215
-2.52431906615	0.0998005864668
-2.50972762646	0.10111057431
-2.49513618677	0.102414186308
-2.48054474708	0.103711244223
-2.46595330739	0.105001581039
-2.4513618677	0.106285040581
-2.43677042801	0.107561477115
-2.42217898833	0.10883075496
-2.40758754864	0.11009274809
-2.39299610895	0.111347339742
-2.37840466926	0.11259442202
-2.36381322957	0.113833895511
-2.34922178988	0.115065668898
-2.33463035019	0.116289658577
-2.32003891051	0.117505788294
-2.30544747082	0.118713988769
-2.29085603113	0.119914197345
-2.27626459144	0.121106357634
-2.26167315175	0.122290419181
-2.24708171206	0.123466337131
-2.23249027237	0.124634071906
-2.21789883268	0.125793588899
-2.203307393	0.126944858169
-2.18871595331	0.128087854151
-2.17412451362	0.129222555383
-2.15953307393	0.130348944229
-2.14494163424	0.131467006626
-2.13035019455	0.132576731835
-2.11575875486	0.133678112208
-2.10116731517	0.134771142958
-2.08657587549	0.135855821944
-2.0719844358	0.136932149468
-2.05739299611	0.138000128078
-2.04280155642	0.139059762385
-2.02821011673	0.140111058882
-2.01361867704	0.141154025783
-1.99902723735	0.142188672863
-1.98443579766	0.14321501131
-1.96984435798	0.144233053584
-1.95525291829	0.145242813288
-1.9406614786	0.146244305041
-1.92607003891	0.147237544361
-1.91147859922	0.148222547563
-1.89688715953	0.149199331647
-1.88229571984	0.150167914213
-1.86770428015	0.151128313364
-1.85311284047	0.15208054763
-1.83852140078	0.153024635887
-1.82392996109	0.153960597288
-1.8093385214	0.1548884512
-1.79474708171	0.155808217137
-1.78015564202	0.156719914709
-1.76556420233	0.157623563571
-1.75097276265	0.158519183374
-1.73638132296	0.159406793722
-1.72178988327	0.160286414134
-1.70719844358	0.16115806401
-1.69260700389	0.162021762595
-1.6780155642	0.162877528953
-1.66342412451	0.16372538194
-1.64883268482	0.164565340181
-1.63424124514	0.165397422051
-1.61964980545	0.166221645651
-1.60505836576	0.167038028802
-1.59046692607	0.16784658902
-1.57587548638	0.168647343513
-1.56128404669	0.169440309166
-1.546692607	0.170225502535
-1.53210116731	0.171002939839
-1.51750972763	0.171772636954
-1.50291828794	0.172534609411
-1.48832684825	0.173288872391
-1.47373540856	0.174035440723
-1.45914396887	0.174774328886
-1.44455252918	0.175505551007
-1.42996108949	0.176229120861
-1.4153696498	0.176945051875
-1.40077821012	0.177653357129
-1.38618677043	0.178354049359
-1.37159533074	0.179047140961
-1.35700389105	0.179732643994
-1.34241245136	0.180410570187
-1.32782101167	0.181080930939
-1.31322957198	0.181743737331
-1.29863813229	0.182399000125
-1.28404669261	0.183046729772
-1.26945525292	0.18368693642
-1.25486381323	0.184319629917
-1.24027237354	0.184944819819
-1.22568093385	0.185562515395
-1.21108949416	0.186172725634
-1.19649805447	0.186775459252
-1.18190661479	0.187370724697
-1.1673151751	0.187958530159
-1.15272373541	0.18853888357
-1.13813229572	0.189111792618
-1.12354085603	0.189677264748
-1.10894941634	0.19023530717
-1.09435797665	0.190785926866
-1.07976653696	0.191329130595
-1.06517509728	0.191864924902
-1.05058365759	0.192393316119
-1.0359922179	0.192914310376
-1.02140077821	0.193427913603
-1.00680933852	0.193934131538
-0.992217898832	0.194432969734
-0.977626459143	0.19492443356
-0.963035019454	0.195408528211
-0.948443579766	0.195885258709
-0.933852140077	0.196354629912
-0.919260700388	0.196816646517
-0.9046692607	0.197271313066
-0.890077821011	0.197718633949
-0.875486381322	0.19815861341
-0.860894941633	0.198591255551
-0.846303501945	0.199016564337
-0.831712062256	0.199434543599
-0.817120622567	0.19984519704
-0.802529182879	0.200248528235
-0.78793774319	0.200644540642
-0.773346303501	0.201033237598
-0.758754863812	0.201414622327
-0.744163424124	0.201788697944
-0.729571984435	0.202155467454
-0.714980544746	0.202514933761
-0.700389105058	0.202867099666
-0.685797665369	0.203211967875
-0.67120622568	0.203549540998
-0.656614785991	0.203879821551
-0.642023346303	0.204202811965
-0.627431906614	0.204518514582
-0.612840466925	0.20482693166
-0.598249027237	0.205128065377
-0.583657587548	0.205421917831
-0.569066147859	0.205708491043
-0.55447470817	0.20598778696
-0.539883268482	0.206259807455
-0.525291828793	0.206524554332
-0.510700389104	0.206782029326
-0.496108949416	0.207032234105
-0.481517509727	0.207275170271
-0.466926070038	0.207510839365
-0.452334630349	0.207739242864
-0.437743190661	0.207960382185
-0.423151750972	0.208174258689
-0.408560311283	0.208380873677
-0.393968871594	0.208580228395
-0.379377431906	0.208772324035
-0.364785992217	0.208957161735
-0.350194552528	0.20913474258
-0.33560311284	0.209305067607
-0.321011673151	0.2094681378
-0.306420233462	0.209623954094
-0.291828793773	0.209772517379
-0.277237354085	0.209913828495
-0.262645914396	0.210047888238
-0.248054474707	0.210174697356
-0.233463035019	0.210294256554
-0.21887159533	0.210406566493
-0.204280155641	0.210511627791
-0.189688715952	0.210609441023
-0.175097276264	0.21070000672
-0.160505836575	0.210783325375
-0.145914396886	0.210859397437
-0.131322957198	0.210928223316
-0.116731517509	0.210989803381
-0.10214007782	0.211044137962
-0.0875486381314	0.211091227348
-0.0729571984427	0.211131071791
-0.058365758754	0.211163671502
-0.0437743190653	0.211189026653
-0.0291828793766	0.21120713738
-0.0145914396879	0.211218003778
8.5975671027e-13	0.211221625904
0.0145914396896	0.211218003778
0.0291828793783	0.21120713738
0.043774319067	0.211189026653
0.0583657587557	0.211163671502
0.0729571984444	0.211131071791
0.0875486381332	0.211091227348
0.102140077822	0.211044137962
0.116731517511	0.210989803381
0.131322957199	0.210928223316
0.145914396888	0.210859397437
0.160505836577	0.210783325375
0.175097276265	0.21070000672
0.189688715954	0.210609441023
0.204280155643	0.210511627791
0.218871595332	0.210406566493
0.23346303502	0.210294256554
0.248054474709	0.210174697356
0.262645914398	0.210047888238
0.277237354086	0.209913828495
0.291828793775	0.209772517379
0.306420233464	0.209623954094
0.321011673153	0.2094681378
0.335603112841	0.209305067607
0.35019455253	0.20913474258
0.364785992219	0.208957161735
0.379377431907	0.208772324035
0.393968871596	0.208580228395
0.408560311285	0.208380873677
0.423151750974	0.208174258689
0.437743190662	0.207960382185
0.452334630351	0.207739242864
0.46692607004	0.207510839365
0.481517509729	0.207275170271
0.496108949417	0.207032234105
0.510700389106	0.206782029326
0.525291828795	0.206524554332
0.539883268483	0.206259807455
0.554474708172	0.20598778696
0.569066147861	0.205708491043
0.58365758755	0.205421917831
0.598249027238	0.205128065377
0.612840466927	0.20482693166
0.627431906616	0.204518514582
0.642023346304	0.204202811965
0.656614785993	0.203879821551
0.671206225682	0.203549540998
0.685797665371	0.203211967875
0.700389105059	0.202867099667
0.714980544748	0.202514933761
0.729571984437	0.202155467454
0.744163424125	0.201788697944
0.758754863814	0.201414622327
0.773346303503	0.201033237598
0.787937743192	0.200644540642
0.80252918288	0.200248528235
0.817120622569	0.19984519704
0.831712062258	0.199434543599
0.846303501946	0.199016564337
0.860894941635	0.198591255551
0.875486381324	0.19815861341
0.890077821013	0.197718633949
0.904669260701	0.197271313066
0.91926070039	0.196816646517
0.933852140079	0.196354629912
0.948443579767	0.195885258709
0.963035019456	0.195408528211
0.977626459145	0.19492443356
0.992217898834	0.194432969734
1.00680933852	0.193934131538
1.02140077821	0.193427913603
1.0359922179	0.192914310376
1.05058365759	0.192393316119
1.06517509728	0.191864924902
1.07976653697	0.191329130596
1.09435797665	0.190785926866
1.10894941634	0.19023530717
1.12354085603	0.189677264748
1.13813229572	0.189111792618
1.15272373541	0.18853888357
1.1673151751	0.187958530159
1.18190661479	0.187370724697
1.19649805448	0.186775459252
1.21108949416	0.186172725634
1.22568093385	0.185562515395
1.24027237354	0.184944819819
1.25486381323	0.184319629918
1.26945525292	0.18368693642
1.28404669261	0.183046729772
1.2986381323	0.182399000125
1.31322957199	0.181743737331
1.32782101167	0.181080930939
1.34241245136	0.180410570187
1.35700389105	0.179732643994
1.37159533074	0.179047140961
1.38618677043	0.178354049359
1.40077821012	0.177653357129
1.41536964981	0.176945051876
1.4299610895	0.176229120861
1.44455252918	0.175505551007
1.45914396887	0.174774328886
1.47373540856	0.174035440723
1.48832684825	0.173288872391
1.50291828794	0.172534609411
1.51750972763	0.171772636954
1.53210116732	0.171002939839
1.546692607	0.170225502536
1.56128404669	0.169440309166
1.57587548638	0.168647343513
1.59046692607	0.16784658902
1.60505836576	0.167038028802
1.61964980545	0.166221645652
1.63424124514	0.165397422051
1.64883268483	0.164565340181
1.66342412451	0.16372538194
1.6780155642	0.162877528953
1.69260700389	0.162021762595
1.70719844358	0.16115806401
1.72178988327	0.160286414134
1.73638132296	0.159406793722
1.75097276265	0.158519183374
1.76556420234	0.157623563571
1.78015564202	0.156719914709
1.79474708171	0.155808217137
1.8093385214	0.1548884512
1.82392996109	0.153960597289
1.83852140078	0.153024635887
1.85311284047	0.15208054763
1.86770428016	0.151128313364
1.88229571985	0.150167914213
1.89688715953	0.149199331647
1.91147859922	0.148222547563
1.92607003891	0.147237544362
1.9406614786	0.146244305041
1.95525291829	0.145242813289
1.96984435798	0.144233053585
1.98443579767	0.14321501131
1.99902723736	0.142188672863
2.01361867704	0.141154025783
2.02821011673	0.140111058882
2.04280155642	0.139059762385
2.05739299611	0.138000128079
2.0719844358	0.136932149468
2.08657587549	0.135855821944
2.10116731518	0.134771142958
2.11575875486	0.133678112208
2.13035019455	0.132576731835
2.14494163424	0.131467006626
2.15953307393	0.130348944229
2.17412451362	0.129222555383
2.18871595331	0.128087854152
2.203307393	0.126944858169
2.21789883269	0.125793588899
2.23249027237	0.124634071906
2.24708171206	0.123466337131
2.26167315175	0.122290419181
2.27626459144	0.121106357634
2.29085603113	0.119914197345
2.30544747082	0.11871398877
2.32003891051	0.117505788294
2.3346303502	0.116289658578
2.34922178988	0.115065668898
2.36381322957	0.113833895512
2.37840466926	0.11259442202
2.39299610895	0.111347339742
2.40758754864	0.11009274809
2.42217898833	0.10883075496
2.43677042802	0.107561477115
2.45136186771	0.106285040581
2.46595330739	0.10500158104
2.48054474708	0.103711244223
2.49513618677	0.102414186309
2.50972762646	0.101110574311
2.52431906615	0.0998005864671
2.53891050584	0.0984844126219
2.55350194553	0.0971622545987
2.56809338522	0.0958343265646
2.5826848249	0.0945008553817
2.59727626459	0.0931620809441
2.61186770428	0.0918182564983
2.62645914397	0.0904696489439
2.64105058366	0.0891165391125
2.65564202335	0.0877592220213
2.67023346304	0.0863980071004
2.68482490272	0.0850332183883
2.69941634241	0.0836651946957
2.7140077821	0.0822942897315
2.72859922179	0.0809208721915
2.74319066148	0.0795453258039
2.75778210117	0.0781680493308
2.77237354086	0.076789456521
2.78696498055	0.0754099760138
2.80155642023	0.0740300511884
2.81614785992	0.072650139958
2.83073929961	0.0712707145064
2.8453307393	0.069892260964
2.85992217899	0.0685152790208
2.87451361868	0.0671402814769
2.88910505837	0.0657677937262
2.90369649806	0.0643983531741
2.91828793774	0.0630325085872
2.93287937743	0.0616708193756
2.94747081712	0.0603138548064
2.96206225681	0.0589621931496
2.9766536965	0.0576164207569
2.99124513619	0.0562771310744
3.00583657588	0.0549449235909
3.02042801557	0.0536204027243
3.03501945525	0.0523041766483
3.04961089494	0.0509968560623
3.06420233463	0.0496990529089
3.07879377432	0.0484113790426
3.09338521401	0.0471344448542
3.1079766537	0.0458688578567
3.12256809339	0.0446152212372
3.13715953307	0.0433741323816
3.15175097276	0.0421461813786
3.16634241245	0.0409319495089
3.18093385214	0.0397320077277
3.19552529183	0.0385469151469
3.21011673152	0.037377217526
3.22470817121	0.0362234457777
3.2392996109	0.0350861144979
3.25389105058	0.0339657205266
3.26848249027	0.0328627415492
3.28307392996	0.0317776347442
3.29766536965	0.0307108354871
3.31225680934	0.0296627561167
3.32684824903	0.0286337847716
3.34143968872	0.0276242843032
3.35603112841	0.0266345912736
3.37062256809	0.0256650150419
3.38521400778	0.0247158369462
3.39980544747	0.0237873095858
3.41439688716	0.0228796562081
3.42898832685	0.0219930702032
3.44357976654	0.02112771471
3.45817120623	0.0202837223358
3.47276264592	0.01946119499
3.4873540856	0.0186602038343
3.50194552529	0.0178807893475
3.51653696498	0.0171229615052
3.53112840467	0.0163867000724
3.54571984436	0.0156719550063
3.56031128405	0.0149786469672
3.57490272374	0.0143066679321
3.58949416343	0.0136558819084
3.60408560311	0.0130261257407
3.6186770428	0.0124172100071
3.63326848249	0.0118289199973
3.64785992218	0.0112610167663
3.66245136187	0.010713238258
3.67704280156	0.0101853004894
3.69163424125	0.00967689878954
3.70622568093	0.00918770908514
3.72081712062	0.00871738922477
3.73540856031	0.00826558033414
3.75	0.00783190819472
3.76459143969	0.00741598463788
3.77918287938	0.00701740894711
3.79377431907	0.006635769261
3.80836575876	0.00627064396983
3.82295719844	0.00592160309911
3.83754863813	0.00558820967359
3.85214007782	0.00527002105568
3.86673151751	0.00496659025276
3.8813229572	0.00467746718803
3.89591439689	0.00440219993031
3.91050583658	0.00414033587855
3.92509727627	0.00389142289715
3.93968871595	0.00365501039895
3.95428015564	0.00343065037307
3.96887159533	0.00321789835525
3.98346303502	0.00301631433893
3.99805447471	0.00282546362575
4.0126459144	0.00264491761437
4.02723735409	0.00247425452739
4.04182879378	0.0023130600761
4.05642023346	0.00216092806342
4.07101167315	0.0020174609257
4.08560311284	0.00188227021435
4.10019455253	0.00175497701863
4.11478599222	0.00163521233104
4.12937743191	0.00152261735727
4.1439688716	0.00141684377256
4.15856031129	0.00131755392673
4.17315175097	0.00122442100023
4.18774319066	0.00113712911366
4.20233463035	0.00105537339329
4.21692607004	0.000978859995276
4.23151750973	0.000907306091176
4.24610894942	0.000840439817602
4.26070038911	0.000778000192594
4.27529182879	0.000719737001508
4.28988326848	0.000665410655058
4.30447470817	0.000614792022148
4.31906614786	0.000567662240062
4.33365758755	0.000523812504503
4.34824902724	0.000483043841894
4.36284046693	0.000445166866252
4.37743190662	0.000410001522866
4.3920233463	0.000377376820875
4.40661478599	0.000347130556748
4.42120622568	0.000319109030558
4.43579766537	0.000293166756805
4.45038910506	0.00026916617145
4.46498054475	0.000246977336677
4.47957198444	0.0002264776448
4.49416342413	0.000207551522625
4.50875486381	0.000190090137423
4.5233463035	0.000173991105611
4.53793774319	0.000159158205092
4.55252918288	0.000145501092119
4.56712062257	0.000132935023442
4.58171206226	0.000121380584408
4.59630350195	0.000110763423596
4.61089494164	0.00010101399446
4.62548638132	9.20673044208e-05
4.64007782101	8.38626717198e-05
4.6546692607	7.63434903164e-05
4.66926070039	6.94570030294e-05
4.68385214008	6.31540830659e-05
4.69844357977	5.73890240305e-05
4.71303501946	5.21193384524e-05
4.72762645915	4.73055648291e-05
4.74221789883	4.29110831395e-05
4.75680933852	3.89019387464e-05
4.77140077821	3.5246674576e-05
4.7859922179	3.19161714318e-05
4.80058365759	2.88834962785e-05
4.81517509728	2.61237583075e-05
4.82976653697	2.36139725807e-05
4.84435797665	2.13329310315e-05
4.85894941634	1.92610805914e-05
4.87354085603	1.73804082018e-05
4.88813229572	1.56743324591e-05
4.90272373541	1.41276016431e-05
4.9173151751	1.27261978672e-05
4.93190661479	1.1457247095e-05
4.94649805448	1.03089347621e-05
4.96108949416	9.27042674741e-06
4.97568093385	8.33179543793e-06
4.99027237354	7.48395063747e-06
5.00486381323	6.71857507199e-06
5.01945525292	6.0280642514e-06
5.03404669261	5.4054704531e-06
5.0486381323	4.84445059939e-06
5.06322957199	4.33921780818e-06
5.07782101167	3.88449640377e-06
5.09241245136	3.47548018253e-06
5.10700389105	3.10779373621e-06
5.12159533074	2.77745664372e-06
5.13618677043	2.48085035053e-06
5.15077821012	2.21468756314e-06
5.16536964981	1.9759839939e-06
5.1799610895	1.76203230012e-06
5.19455252918	1.57037806882e-06
5.20914396887	1.39879770674e-06
5.22373540856	1.2452781025e-06
5.23832684825	1.10799793556e-06
5.25291828794	9.85310513611e-07
5.26750972763	8.75728027026e-07
5.28210116732	7.77907115851e-07
5.29669260701	6.90635651097e-07
5.31128404669	6.12820638361e-07
5.32587548638	5.43477157743e-07
5.34046692607	4.81718259599e-07
5.35505836576	4.26745741104e-07
5.36964980545	3.7784173367e-07
5.38424124514	3.34361036111e-07
5.39883268483	2.95724133025e-07
5.41342412451	2.61410842187e-07
5.4280155642	2.30954538833e-07
5.44260700389	2.03936908527e-07
5.45719844358	1.79983183938e-07
5.47178988327	1.58757824211e-07
5.48638132296	1.39960598807e-07
5.50097276265	1.23323040631e-07
5.51556420234	1.08605236041e-07
5.53015564202	9.55929219174e-08
5.54474708171	8.40948623639e-08
5.5593385214	7.39404798583e-08
5.57392996109	6.49777177357e-08
5.58852140078	5.70711128232e-08
5.60311284047	5.01000588199e-08
5.61770428016	4.39572426745e-08
5.63229571985	3.85472377316e-08
5.64688715953	3.37852388341e-08
5.66147859922	2.95959258604e-08
5.67607003891	2.59124433754e-08
5.6906614786	2.26754851725e-08
5.70525291829	1.98324734975e-08
5.71984435798	1.73368236713e-08
5.73443579767	1.51472856803e-08
5.74902723736	1.32273550829e-08
5.76361867704	1.1544746296e-08
5.77821011673	1.00709219748e-08
5.79280155642	8.78067279769e-09
5.80739299611	7.6517425091e-09
5.8219844358	6.66449357168e-09
5.83657587549	5.80160922757e-09
5.85116731518	5.0478281815e-09
5.86575875487	4.38970848859e-09
5.88035019455	3.8154175726e-09
5.89494163424	3.314545604e-09
5.90953307393	2.87793974829e-09
5.92412451362	2.4975570458e-09
5.93871595331	2.16633391406e-09
5.953307393	1.87807046889e-09
5.96789883269	1.6273280479e-09
5.98249027237	1.40933848707e-09
5.99708171206	1.21992385487e-09
6.01167315175	1.05542548258e-09
6.02626459144	9.12641254924e-10
6.04085603113	7.88770233733e-10
6.05544747082	6.81363788632e-10
6.07003891051	5.88282496779e-10
6.0846303502	5.07658154687e-10
6.09922178988	4.37860316329e-10
6.11381322957	3.77466836972e-10
6.12840466926	3.25237958958e-10
6.14299610895	2.80093527759e-10
6.15758754864	2.41092972424e-10
6.17217898833	2.0741772597e-10
6.18677042802	1.78355797594e-10
6.20136186771	1.5328824177e-10
6.21595330739	1.31677298026e-10
6.23054474708	1.13056001612e-10
6.24513618677	9.70190880509e-11
6.25972762646	8.32150352567e-11
6.27431906615	7.13391051168e-11
6.28891050584	6.11272626917e-11
6.30350194553	5.23508655126e-11
6.31809338522	4.48120282297e-11
6.3326848249	3.83395790518e-11
6.34727626459	3.27855346773e-11
6.36186770428	2.80220289116e-11
6.37645914397	2.39386382424e-11
6.39105058366	2.0440054386e-11
6.40564202335	1.74440600202e-11
6.42023346304	1.48797692303e-11
6.43482490272	1.26860989529e-11
6.44941634241	1.08104418198e-11
6.4640077821	9.20751461901e-12
6.47859922179	7.83835965119e-12
6.49319066148	6.669479207e-12
6.50778210117	5.6720858482e-12
6.52237354086	4.82145337807e-12
6.53696498055	4.09635529467e-12
6.55155642023	3.47857922977e-12
6.56614785992	2.95250729925e-12
6.58073929961	2.50475366901e-12
6.5953307393	2.12385168126e-12
6.60992217899	1.7999839348e-12
6.62451361868	1.5247495448e-12
6.63910505837	1.29096358404e-12
6.65369649806	1.09248434475e-12
6.66828793774	9.2406465467e-13
6.68287937743	7.81223958926e-13
6.69747081712	6.60138344212e-13
6.71206225681	5.57546027204e-13
6.7266536965	4.70666189135e-13
6.74124513619	3.97129303777e-13
6.75583657588	3.34917369319e-13
6.77042801557	2.82312661945e-13
6.78501945525	2.37853824014e-13
6.79961089494	2.00298250676e-13
6.81420233463	1.6858990052e-13
6.82879377432	1.41831753763e-13
6.84338521401	1.19262264728e-13
6.8579766537	1.00235238726e-13
6.87256809339	8.42026464901e-14
6.88715953308	7.06999528877e-14
6.90175097276	5.93336023624e-14
6.91634241245	4.97703451046e-14
6.93093385214	4.17281435681e-14
6.94552529183	3.49684259252e-14
6.96011673152	2.92894921812e-14
6.97470817121	2.45209035371e-14
6.9892996109	2.05187118483e-14
7.00389105058	1.71614049322e-14
7.01848249027	1.43464629888e-14
7.03307392996	1.19874338733e-14
7.04766536965	1.0011453008e-14
7.06225680934	8.35713912974e-15
7.07684824903	6.97281120171e-15
7.09143968872	5.81497769633e-15
7.10603112841	4.84705776914e-15
7.12062256809	4.03829878859e-15
7.13521400778	3.36286123907e-15
7.14980544747	2.79904453268e-15
7.16439688716	2.32863354393e-15
7.17898832685	1.93634657712e-15
7.19357976654	1.60936947091e-15
7.20817120623	1.33696259028e-15
7.22276264592	1.11012965521e-15
7.2373540856	9.21338487053e-16
7.25194552529	7.64286026363e-16
7.26653696498	6.33700317387e-16
7.28112840467	5.25174165378e-16
7.29571984436	4.35025103456e-16
7.31031128405	3.60177809204e-16
7.32490272374	2.98065259502e-16
7.33949416343	2.46545831875e-16
7.35408560311	2.03833691846e-16
7.3686770428	1.68440482897e-16
7.38326848249	1.39126320063e-16
7.39785992218	1.14858881169e-16
7.41245136187	9.47790724225e-17
7.42704280156	7.81723376816e-17
7.44163424125	6.44446145501e-17
7.45622568094	5.31022957728e-17
7.47081712062	4.37354114246e-17
7.48540856031	3.60036746901e-17
7.5	2.96246761438e-17
7.51459143969	2.43641179554e-17
7.52918287938	2.00281280149e-17
7.54377431907	1.64559710896e-17
7.55836575876	1.35144990545e-17
7.57295719844	1.10935341397e-17
7.58754863813	9.10192856419e-18
7.60214007782	7.4643297142e-18
7.61673151751	6.11845890115e-18
7.6313229572	5.01288084182e-18
7.64591439689	4.10512941823e-18
7.66050583658	3.36016540182e-18
7.67509727627	2.74908856212e-18
7.68968871595	2.24807726323e-18
7.70428015564	1.83750281731e-18
7.71887159533	1.5012042481e-18
7.73346303502	1.22587554527e-18
7.74805447471	1.00057120609e-18
7.7626459144	8.16290838423e-19
7.77723735409	6.65636299136e-19
7.79182879378	5.42530422789e-19
7.80642023346	4.41984212346e-19
7.82101167315	3.59901992315e-19
7.83560311284	2.9292615748e-19
7.85019455253	2.38302360796e-19
7.86478599222	1.937739904e-19
7.87937743191	1.57492292898e-19
7.8939688716	1.27944075478e-19
7.90856031129	1.03890885337e-19
7.92315175097	8.43201704925e-20
7.93774319066	6.84041248749e-20
7.95233463035	5.54666424349e-20
7.96692607004	4.49551044598e-20
7.98151750973	3.64187397127e-20
7.99610894942	2.94896559684e-20
8.01070038911	2.38678901151e-20
8.0252918288	1.93088262515e-20
8.03988326848	1.56133490287e-20
8.05447470817	1.26192366399e-20
8.06906614786	1.0194702755e-20
8.08365758755	8.2322173253e-21
8.09824902724	6.64450677365e-21
8.11284046693	5.36060081687e-21
8.12743190662	4.32283805036e-21
8.1420233463	3.48436236186e-21
8.15661478599	2.80724070257e-21
8.17120622568	2.26064838637e-21
8.18579766537	1.81970803589e-21
8.20038910506	1.46414526589e-21
8.21498054475	1.17756255017e-21
8.22957198444	9.46671602539e-22
8.24416342413	7.6074167393e-22
8.25875486381	6.11064184555e-22
8.2733463035	4.90633196202e-22
8.28793774319	3.93773514905e-22
8.30252918288	3.15918187082e-22
8.31712062257	2.53353570204e-22
8.33171206226	2.03105205069e-22
8.34630350195	1.62763997617e-22
8.36089494164	1.30389614463e-22
8.37548638132	1.04414018228e-22
8.39007782101	8.35825412249e-23
8.4046692607	6.68788982191e-23
8.41926070039	5.35031029866e-23
8.43385214008	4.27903654033e-23
8.44844357977	3.42163388622e-23
8.46303501946	2.73549672601e-23
8.47762645915	2.18664162387e-23
8.49221789883	1.74745410718e-23
8.50680933852	1.39632864463e-23
8.52140077821	1.1155471825e-23
8.5359922179	8.91322819341e-24
8.55058365759	7.12195852108e-24
8.56517509728	5.6913382819e-24
8.57976653697	4.54812675095e-24
8.59435797666	3.63526765543e-24
8.60894941634	2.90498211468e-24
8.62354085603	2.32148284213e-24
8.63813229572	1.8546529945e-24
8.65272373541	1.48305610575e-24
8.6673151751	1.1864184951e-24
8.68190661479	9.50144016256e-25
8.69649805448	7.6158589099e-25
8.71108949416	6.11136314666e-25
8.72568093385	4.90670256433e-25
8.74027237354	3.94385337782e-25
8.75486381323	3.1714121222e-25
8.76945525292	2.55678516934e-25
8.78404669261	2.06452175403e-25
8.7986381323	1.6710886229e-25
8.81322957199	1.355427197e-25
8.82782101167	1.10232552562e-25
8.84241245136	8.96498584487e-26
8.85700389105	7.31139232528e-26
8.87159533074	5.960745984e-26
8.88618677043	4.8849242509e-26
8.90077821012	4.0204943974e-26
8.91536964981	3.32719604674e-26
8.9299610895	2.76427741046e-26
8.94455252918	2.30905624497e-26
8.95914396887	1.93006709979e-26
8.97373540856	1.62122151184e-26
8.98832684825	1.36121150984e-26
9.00291828794	1.15553253609e-26
9.01750972763	9.86583685853e-27
9.03210116732	8.48865828112e-27
9.04669260701	7.3352427704e-27
9.06128404669	6.3652941825e-27
9.07587548638	5.50196569819e-27
9.09046692607	4.77352208208e-27
9.10505836576	4.1068743122e-27
9.11964980545	3.59673801969e-27
9.13424124514	3.16854490249e-27
9.14883268483	2.83018681359e-27
9.16342412452	2.53156097964e-27
9.1780155642	2.27623709072e-27
9.19260700389	2.02863797238e-27
9.20719844358	1.8198428271e-27
9.22178988327	1.60560271553e-27
9.23638132296	1.45031057001e-27
9.25097276265	1.31700295407e-27
9.26556420234	1.2190375191e-27
9.28015564202	1.1294301067e-27
9.29474708171	1.05490002172e-27
9.3093385214	9.80495331523e-28
9.32392996109	9.13048095053e-28
9.33852140078	8.34460187058e-28
9.35311284047	7.90037395898e-28
9.36770428016	7.50786005284e-28
9.38229571985	7.23764702659e-28
9.39688715953	6.9322913712e-28
9.41147859922	6.65971345661e-28
9.42607003891	6.26934531389e-28
9.4406614786	5.9682028865e-28
9.45525291829	5.53173416691e-28
9.46984435798	5.27433285755e-28
9.48443579767	5.11362723723e-28
9.49902723736	5.03223885349e-28
9.51361867704	4.90928294998e-28
9.52821011673	4.83161485062e-28
9.54280155642	4.69409867418e-28
9.55739299611	4.59886185844e-28
9.5719844358	4.43223164927e-28
9.58657587549	4.35904913626e-28
9.60116731518	4.26092952335e-28
9.61575875487	4.24699845969e-28
9.63035019455	4.19800795668e-28
9.64494163424	4.15864611439e-28
9.65953307393	4.04835849514e-28
9.67412451362	3.9600012666e-28
9.68871595331	3.79539809513e-28
9.703307393	3.71361300837e-28
9.71789883269	3.61957264047e-28
9.73249027237	3.556187942e-28
9.74708171206	3.48229588343e-28
9.76167315175	3.36107271677e-28
9.77626459144	3.15923288949e-28
9.79085603113	2.99974915763e-28
9.80544747082	2.82245815355e-28
9.82003891051	2.71148933968e-28
9.8346303502	2.63106061165e-28
9.84922178988	2.59826490665e-28
9.86381322957	2.55747384421e-28
9.87840466926	2.537909339e-28
9.89299610895	2.4919480589e-28
9.90758754864	2.45764840874e-28
9.92217898833	2.46716324237e-28
9.93677042802	2.46698513801e-28
9.95136186771	2.41359326918e-28
9.96595330739	2.39336734432e-28
9.98054474708	2.35537611531e-28
9.99513618677	2.29861461927e-28
10.0097276265	2.26065762747e-28
10.0243190661	2.26040331829e-28
10.0389105058	2.29580722883e-28
10.0535019455	2.32244746787e-28
10.0680933852	2.31323257201e-28
10.0826848249	2.30490688265e-28
10.0972762646	2.31138250472e-28
10.1118677043	2.29542185887e-28
10.126459144	2.26702599347e-28
10.1410505837	2.29892674694e-28
10.1556420233	2.39056012705e-28
10.170233463	2.43776375321e-28
10.1848249027	2.47247316247e-28
10.1994163424	2.44955045946e-28
10.2140077821	2.41756886519e-28
10.2285992218	2.43287242213e-28
10.2431906615	2.47129091347e-28
10.2577821012	2.53915719218e-28
10.2723735409	2.69176631719e-28
10.2869649805	2.74746606206e-28
10.3015564202	2.74826182584e-28
10.3161478599	2.71790755324e-28
10.3307392996	2.66127010441e-28
10.3453307393	2.57612157291e-28
10.359922179	2.51435437736e-28
10.3745136187	2.48140767324e-28
10.3891050584	2.51900560097e-28
10.4036964981	2.49785325759e-28
10.4182879377	2.44644425701e-28
10.4328793774	2.38915036131e-28
10.4474708171	2.33197131884e-28
10.4620622568	2.24960075187e-28
10.4766536965	2.20236582554e-28
10.4912451362	2.20812856777e-28
10.5058365759	2.31854771356e-28
10.5204280156	2.32011403058e-28
10.5350194553	2.28898165013e-28
10.5496108949	2.23666268016e-28
10.5642023346	2.18417218961e-28
10.5787937743	2.13271635394e-28
10.593385214	2.10216117387e-28
10.6079766537	2.09742434732e-28
10.6225680934	2.18740017023e-28
10.6371595331	2.15827150515e-28
10.6517509728	2.09560960652e-28
10.6663424125	2.03371320448e-28
10.6809338521	1.96338477219e-28
10.6955252918	1.89273323964e-28
10.7101167315	1.85392840068e-28
10.7247081712	1.83147010099e-28
10.7392996109	1.86857466705e-28
10.7538910506	1.83911903972e-28
10.7684824903	1.8283696945e-28
10.78307393	1.82425452004e-28
10.7976653697	1.83345983012e-28
10.8122568093	1.81700186238e-28
10.826848249	1.8167816676e-28
10.8414396887	1.84466943782e-28
10.8560311284	1.93149820838e-28
10.8706225681	1.93780926788e-28
10.8852140078	1.92503660097e-28
10.8998054475	1.90527142611e-28
10.9143968872	1.91799393802e-28
10.9289883268	1.93954124054e-28
10.9435797665	1.98588913046e-28
10.9581712062	2.04567182513e-28
10.9727626459	2.21693554826e-28
10.9873540856	2.33779191097e-28
11.0019455253	2.45181906795e-28
11.016536965	2.65801383336e-28
11.0311284047	2.94730476516e-28
11.0457198444	3.39312731327e-28
11.060311284	4.00694424059e-28
11.0749027237	4.81259021833e-28
11.0894941634	5.89699273814e-28
11.1040856031	7.31171489754e-28
11.1186770428	9.2101557676e-28
11.1332684825	1.17773257095e-27
11.1478599222	1.51932584878e-27
11.1624513619	1.97346608266e-27
11.1770428016	2.58839860507e-27
11.1916342412	3.40795848903e-27
11.2062256809	4.51851155733e-27
11.2208171206	5.93959017157e-27
11.2354085603	7.98370085055e-27
11.25	9.87307587811e-27
11.2645914397	8.05854861022e-27
11.2791828794	6.08443809361e-27
11.2937743191	4.71144543139e-27
11.3083657588	3.64442161226e-27
11.3229571984	2.82776525537e-27
11.3375486381	2.22480008308e-27
11.3521400778	1.78337966396e-27
11.3667315175	1.45431713349e-27
11.3813229572	1.20899919652e-27
11.3959143969	1.04126912163e-27
11.4105058366	9.20950476394e-28
11.4250972763	8.39655560942e-28
11.439688716	7.66930782578e-28
11.4542801556	7.18744096982e-28
11.4688715953	6.85868657891e-28
11.483463035	6.65494014245e-28
11.4980544747	6.43104182991e-28
11.5126459144	6.41355348361e-28
11.5272373541	6.30571503211e-28
11.5418287938	6.24302807748e-28
11.5564202335	6.12160211755e-28
11.5710116732	6.08676512865e-28
11.5856031128	6.02340372383e-28
11.6001945525	6.03263881959e-28
11.6147859922	5.99885628242e-28
11.6293774319	5.99897033406e-28
11.6439688716	5.87691428111e-28
11.6585603113	5.70130095492e-28
11.673151751	5.29111146422e-28
11.6877431907	5.14419529656e-28
11.7023346304	5.04905985733e-28
11.71692607	5.01746511748e-28
11.7315175097	4.95813537255e-28
11.7461089494	5.01812558157e-28
11.7607003891	5.08774114271e-28
11.7752918288	5.25105282983e-28
11.7898832685	5.31219327718e-28
11.8044747082	5.47771292671e-28
11.8190661479	5.69558915397e-28
11.8336575876	5.94088739836e-28
11.8482490272	6.13459121526e-28
11.8628404669	6.47198722272e-28
11.8774319066	6.80213013834e-28
11.8920233463	7.11432622931e-28
11.906614786	7.34682856994e-28
11.9212062257	7.59076211402e-28
11.9357976654	7.72945527906e-28
11.9503891051	7.92459648959e-28
11.9649805447	7.90971223467e-28
11.9795719844	7.92310126156e-28
11.9941634241	7.85080884408e-28
12.0087548638	7.7236903516e-28
12.0233463035	7.39961229878e-28
12.0379377432	7.29019498063e-28
12.0525291829	7.17958716641e-28
12.0671206226	7.08300316727e-28
12.0817120623	6.94466044615e-28
12.0963035019	6.94711934929e-28
12.1108949416	6.96959953119e-28
12.1254863813	7.1150031091e-28
12.140077821	7.23008839511e-28
12.1546692607	7.38025424724e-28
12.1692607004	7.48137288392e-28
12.1838521401	7.59633704032e-28
12.1984435798	7.57862454679e-28
12.2130350195	7.66585780574e-28
12.2276264591	7.7624675022e-28
12.2422178988	7.90614712868e-28
12.2568093385	8.02157639758e-28
12.2714007782	8.1758366263e-28
12.2859922179	8.31556482106e-28
12.3005836576	8.52543649054e-28
12.3151750973	8.62731908376e-28
12.329766537	8.71546072749e-28
12.3443579767	8.84744201011e-28
12.3589494163	8.96425952283e-28
12.373540856	9.07861152745e-28
12.3881322957	9.29283651001e-28
12.4027237354	9.44518221872e-28
12.4173151751	9.52979668552e-28
12.4319066148	9.53290166746e-28
12.4464980545	9.64015841334e-28
12.4610894942	9.85543776192e-28
12.4756809339	1.01955170394e-27
12.4902723735	1.05375500201e-27
12.5048638132	1.0846473402e-27
12.5194552529	1.10978251468e-27
12.5340466926	1.12901377999e-27
12.5486381323	1.12966082799e-27
12.563229572	1.13690359493e-27
12.5778210117	1.13793481689e-27
12.5924124514	1.13565422487e-27
12.6070038911	1.13121150693e-27
12.6215953307	1.12459240472e-27
12.6361867704	1.11712842646e-27
12.6507782101	1.10701176349e-27
12.6653696498	1.09341041027e-27
12.6799610895	1.09656422764e-27
12.6945525292	1.11170377675e-27
12.7091439689	1.13842948248e-27
12.7237354086	1.17959163719e-27
12.7383268483	1.21363990353e-27
12.7529182879	1.23103150542e-27
12.7675097276	1.23484840781e-27
12.7821011673	1.23639919731e-27
12.796692607	1.23816054638e-27
12.8112840467	1.25436878359e-27
12.8258754864	1.27913933151e-27
12.8404669261	1.31271149704e-27
12.8550583658	1.33012806772e-27
12.8696498054	1.3423181324e-27
12.8842412451	1.34190228023e-27
12.8988326848	1.33131891717e-27
12.9134241245	1.333481988e-27
12.9280155642	1.34348265364e-27
12.9426070039	1.35153194902e-27
12.9571984436	1.36497395914e-27
12.9717898833	1.3639802295e-27
12.986381323	1.35964085405e-27
13.0009727626	1.34279536355e-27
13.0155642023	1.32403973288e-27
13.030155642	1.30521956876e-27
13.0447470817	1.29833230427e-27
13.0593385214	1.30276319926e-27
13.0739299611	1.32408533163e-27
13.0885214008	1.33366199232e-27
13.1031128405	1.33285532562e-27
13.1177042802	1.31948996067e-27
13.1322957198	1.29966729106e-27
13.1468871595	1.2821183828e-27
13.1614785992	1.28024951112e-27
13.1760700389	1.29181245141e-27
13.1906614786	1.32505508242e-27
13.2052529183	1.3212873828e-27
13.219844358	1.31851450892e-27
13.2344357977	1.3003707906e-27
13.2490272374	1.27549763177e-27
13.263618677	1.25934973798e-27
13.2782101167	1.25225898056e-27
13.2928015564	1.24213136694e-27
13.3073929961	1.25866447377e-27
13.3219844358	1.25924717652e-27
13.3365758755	1.25677532768e-27
13.3511673152	1.23478184198e-27
13.3657587549	1.21551471786e-27
13.3803501946	1.19531763231e-27
13.3949416342	1.18593692674e-27
13.4095330739	1.19182034002e-27
13.4241245136	1.22415839942e-27
13.4387159533	1.22416985139e-27
13.453307393	1.22661693119e-27
13.4678988327	1.21952136979e-27
13.4824902724	1.21047082741e-27
13.4970817121	1.18817426608e-27
13.5116731518	1.1868926945e-27
13.5262645914	1.19309010883e-27
13.5408560311	1.22312928486e-27
13.5554474708	1.23316810435e-27
13.5700389105	1.24420542938e-27
13.5846303502	1.23842029518e-27
13.5992217899	1.22579516752e-27
13.6138132296	1.21322988536e-27
13.6284046693	1.21665775184e-27
13.642996109	1.21772541676e-27
13.6575875486	1.26091297375e-27
13.6721789883	1.27497845767e-27
13.686770428	1.28009305997e-27
13.7013618677	1.27614146847e-27
13.7159533074	1.28045158171e-27
13.7305447471	1.27525814685e-27
13.7451361868	1.27638358386e-27
13.7597276265	1.28713198914e-27
13.7743190661	1.32626038147e-27
13.7889105058	1.32559881514e-27
13.8035019455	1.32727617683e-27
13.8180933852	1.30837363869e-27
13.8326848249	1.28974696746e-27
13.8472762646	1.27499011985e-27
13.8618677043	1.28260346655e-27
13.876459144	1.28416343111e-27
13.8910505837	1.30899441346e-27
13.9056420233	1.30783898866e-27
13.920233463	1.30652167089e-27
13.9348249027	1.28643180473e-27
13.9494163424	1.27776559086e-27
13.9640077821	1.26956858228e-27
13.9785992218	1.27488695594e-27
13.9931906615	1.27134519555e-27
14.0077821012	1.30768657103e-27
14.0223735409	1.30868537936e-27
14.0369649805	1.29715909871e-27
14.0515564202	1.27637777318e-27
14.0661478599	1.26434882806e-27
14.0807392996	1.23928417646e-27
14.0953307393	1.24166905099e-27
14.109922179	1.25195037034e-27
14.1245136187	1.29202475392e-27
14.1391050584	1.28850812126e-27
14.1536964981	1.28555601785e-27
14.1682879377	1.26202747039e-27
14.1828793774	1.24214431233e-27
14.1974708171	1.2195769393e-27
14.2120622568	1.21312825676e-27
14.2266536965	1.20385119997e-27
14.2412451362	1.24000803291e-27
14.2558365759	1.2493310822e-27
14.2704280156	1.25106578996e-27
14.2850194553	1.225148851e-27
14.2996108949	1.21389657434e-27
14.3142023346	1.19418937293e-27
14.3287937743	1.18758314286e-27
14.343385214	1.18911663479e-27
14.3579766537	1.23249720808e-27
14.3725680934	1.23332748577e-27
14.3871595331	1.21997894778e-27
14.4017509728	1.1943830564e-27
14.4163424125	1.18168060239e-27
14.4309338521	1.1499067395e-27
14.4455252918	1.14092401216e-27
14.4601167315	1.13626796031e-27
14.4747081712	1.16122691376e-27
14.4892996109	1.16009464573e-27
14.5038910506	1.16331566051e-27
14.5184824903	1.14713988068e-27
14.53307393	1.13657611188e-27
14.5476653697	1.12316187493e-27
14.5622568093	1.11643318892e-27
14.576848249	1.10454972881e-27
14.5914396887	1.13936065639e-27
14.6060311284	1.14074547934e-27
14.6206225681	1.13831322317e-27
14.6352140078	1.10689233909e-27
14.6498054475	1.08778858069e-27
14.6643968872	1.06149449833e-27
14.6789883268	1.04389845733e-27
14.6935797665	1.02675497248e-27
14.7081712062	1.04176938974e-27
14.7227626459	1.02546026241e-27
14.7373540856	1.0144831347e-27
14.7519455253	9.87187692013e-28
14.766536965	9.70611642395e-28
14.7811284047	9.3116127692e-28
14.7957198444	9.08369453084e-28
14.810311284	8.80633088674e-28
14.8249027237	8.68288173242e-28
14.8394941634	8.28545961285e-28
14.8540856031	7.86250730943e-28
14.8686770428	7.29235960292e-28
14.8832684825	6.91561290831e-28
14.8978599222	6.61535281546e-28
14.9124513619	6.55369110421e-28
14.9270428016	6.82982784863e-28
14.9416342412	8.00535610917e-28
14.9562256809	1.00318870857e-27
14.9708171206	1.35107957838e-27
14.9854085603	2.02959509977e-27
15.0	2.76518842222e-27
