-14.9854085603	2.20474528912e-27
-14.9708171206	1.30403687618e-27
-14.9562256809	7.83659676624e-28
-14.9416342412	4.49277387211e-28
-14.9270428016	2.58504880607e-28
-14.9124513619	1.56064722194e-28
-14.8978599222	1.09746691151e-28
-14.8832684825	9.2270111152e-29
-14.8686770428	9.67820532386e-29
-14.8540856031	1.07979771196e-28
-14.8394941634	1.25136057338e-28
-14.8249027237	1.3080408605e-28
-14.810311284	1.49999634284e-28
-14.7957198444	1.64780923432e-28
-14.7811284047	1.85071947032e-28
-14.766536965	2.01075739832e-28
-14.7519455253	2.18878478783e-28
-14.7373540856	2.27042710403e-28
-14.7227626459	2.32153480141e-28
-14.7081712062	2.1839100809e-28
-14.6935797665	2.22455835007e-28
-14.6789883268	2.26294476623e-28
-14.6643968872	2.36914389525e-28
-14.6498054475	2.4264821665e-28
-14.6352140078	2.56572185686e-28
-14.6206225681	2.56740117291e-28
-14.6060311284	2.55712335032e-28
-14.5914396887	2.37816596221e-28
-14.576848249	2.37394472427e-28
-14.5622568093	2.38877164351e-28
-14.5476653696	2.49228517122e-28
-14.53307393	2.51840395257e-28
-14.5184824903	2.60884795019e-28
-14.5038910506	2.63059904121e-28
-14.4892996109	2.64851729884e-28
-14.4747081712	2.48245550581e-28
-14.4601167315	2.48050561716e-28
-14.4455252918	2.48211389178e-28
-14.4309338521	2.5667438079e-28
-14.4163424125	2.58320397008e-28
-14.4017509728	2.66323557074e-28
-14.3871595331	2.62894242652e-28
-14.3725680934	2.59887172325e-28
-14.3579766537	2.38134191804e-28
-14.343385214	2.35165485054e-28
-14.3287937743	2.33490641488e-28
-14.3142023346	2.40625794974e-28
-14.2996108949	2.4305304871e-28
-14.2850194553	2.52547906958e-28
-14.2704280156	2.51217100463e-28
-14.2558365759	2.49408754039e-28
-14.2412451362	2.29601913428e-28
-14.2266536965	2.27536368312e-28
-14.2120622568	2.23707878439e-28
-14.1974708171	2.29008379717e-28
-14.1828793774	2.29674030248e-28
-14.1682879377	2.35893641319e-28
-14.1536964981	2.32214768101e-28
-14.1391050584	2.2746502672e-28
-14.1245136187	2.04190078855e-28
-14.109922179	1.9948558247e-28
-14.0953307393	1.95128426838e-28
-14.0807392996	1.9973477137e-28
-14.0661478599	2.0078907609e-28
-14.0515564202	2.06863499268e-28
-14.0369649805	2.03945184063e-28
-14.0223735409	1.99601428077e-28
-14.0077821012	1.77173420302e-28
-13.9931906615	1.71541527665e-28
-13.9785992218	1.66937505283e-28
-13.9640077821	1.70145051627e-28
-13.9494163424	1.68334838883e-28
-13.9348249027	1.72191253204e-28
-13.920233463	1.67357844987e-28
-13.9056420233	1.61217328291e-28
-13.8910505837	1.41276290637e-28
-13.876459144	1.36424774578e-28
-13.8618677043	1.32674229113e-28
-13.8472762646	1.35937630812e-28
-13.8326848249	1.36198883903e-28
-13.8180933852	1.41157987612e-28
-13.8035019455	1.39580170148e-28
-13.7889105058	1.34812025377e-28
-13.7743190661	1.17319837049e-28
-13.7597276265	1.13857337916e-28
-13.7451361868	1.12051333998e-28
-13.7305447471	1.15367661205e-28
-13.7159533074	1.15821443979e-28
-13.7013618677	1.19773262663e-28
-13.686770428	1.17882597959e-28
-13.6721789883	1.13769872351e-28
-13.6575875486	9.74520425855e-29
-13.6429961089	9.25051422159e-29
-13.6284046693	8.94593336201e-29
-13.6138132296	9.05591366463e-29
-13.5992217899	9.01605091987e-29
-13.5846303502	9.35188564109e-29
-13.5700389105	9.14033926063e-29
-13.5554474708	8.72794023313e-29
-13.5408560311	7.33102541258e-29
-13.5262645914	6.95034219828e-29
-13.5116731518	6.73602326012e-29
-13.4970817121	6.94197496855e-29
-13.4824902724	7.06614866711e-29
-13.4678988327	7.34754593725e-29
-13.453307393	7.24406066003e-29
-13.4387159533	6.91325134448e-29
-13.4241245136	5.67596545957e-29
-13.4095330739	5.3844148084e-29
-13.3949416342	5.17419171757e-29
-13.3803501946	5.3633236783e-29
-13.3657587549	5.50245830089e-29
-13.3511673152	5.85140494071e-29
-13.3365758755	5.89113063202e-29
-13.3219844358	5.77787113802e-29
-13.3073929961	5.0876886512e-29
-13.2928015564	5.02020828299e-29
-13.2782101167	5.0890816752e-29
-13.263618677	5.32111142679e-29
-13.2490272374	5.38451137804e-29
-13.2344357977	5.57322996672e-29
-13.219844358	5.55748228182e-29
-13.2052529183	5.42355510621e-29
-13.1906614786	4.92068234754e-29
-13.1760700389	4.84989948199e-29
-13.1614785992	4.86731146125e-29
-13.1468871595	4.9895488646e-29
-13.1322957198	4.96485539903e-29
-13.1177042802	5.01522285701e-29
-13.1031128405	4.99034191913e-29
-13.0885214008	4.66816933128e-29
-13.0739299611	3.99789958592e-29
-13.0593385214	3.86670182495e-29
-13.0447470817	3.8029526078e-29
-13.030155642	3.73266183806e-29
-13.0155642023	3.80905600111e-29
-13.0009727626	3.87955172246e-29
-12.986381323	3.91615053391e-29
-12.9717898833	3.87765318365e-29
-12.9571984436	3.71558486036e-29
-12.9426070039	3.73188701064e-29
-12.9280155642	3.93315961063e-29
-12.9134241245	3.98182422911e-29
-12.8988326848	4.12980785357e-29
-12.8842412451	4.30473742525e-29
-12.8696498054	4.69620037878e-29
-12.8550583658	4.97050139223e-29
-12.8404669261	5.63281577958e-29
-12.8258754864	6.22735714624e-29
-12.8112840467	6.85899542484e-29
-12.796692607	7.23802428108e-29
-12.7821011673	7.66719697416e-29
-12.7675097276	7.71925322379e-29
-12.7529182879	8.1832725724e-29
-12.7383268482	8.38125686993e-29
-12.7237354086	8.73145185675e-29
-12.7091439689	8.9085472364e-29
-12.6945525292	9.2860945876e-29
-12.6799610895	9.30896642421e-29
-12.6653696498	9.61980579999e-29
-12.6507782101	9.67216366959e-29
-12.6361867704	1.02742765201e-28
-12.6215953307	1.08198287108e-28
-12.6070038911	1.19318190726e-28
-12.5924124514	1.25774017875e-28
-12.5778210117	1.33319209954e-28
-12.563229572	1.32727620806e-28
-12.5486381323	1.3524818875e-28
-12.5340466926	1.37652139842e-28
-12.5194552529	1.46671410789e-28
-12.5048638132	1.55544554525e-28
-12.4902723735	1.79461686439e-28
-12.4756809339	1.93091654221e-28
-12.4610894942	2.06925625528e-28
-12.4464980545	2.12043857098e-28
-12.4319066148	2.20190068197e-28
-12.4173151751	2.2227400228e-28
-12.4027237354	2.34722002142e-28
-12.3881322957	2.44106955672e-28
-12.373540856	2.6861605537e-28
-12.3589494163	2.8190115896e-28
-12.3443579767	2.93479671181e-28
-12.329766537	2.96858964216e-28
-12.3151750973	3.0582232801e-28
-12.3005836576	3.06876560242e-28
-12.2859922179	3.21432943284e-28
-12.2714007782	3.37274732071e-28
-12.2568093385	3.74252041885e-28
-12.2422178988	3.91106031925e-28
-12.2276264591	4.09250433632e-28
-12.2130350195	4.1382126285e-28
-12.1984435798	4.21245551015e-28
-12.1838521401	4.21114144746e-28
-12.1692607004	4.32220804434e-28
-12.1546692607	4.43889634511e-28
-12.140077821	4.778631859e-28
-12.1254863813	4.8670381872e-28
-12.1108949416	4.92200940344e-28
-12.0963035019	4.85079023569e-28
-12.0817120623	4.84978457479e-28
-12.0671206226	4.8010748717e-28
-12.0525291829	4.93915589739e-28
-12.0379377432	5.05948127691e-28
-12.0233463035	5.42542530058e-28
-12.0087548638	5.53624079168e-28
-11.9941634241	5.67185570338e-28
-11.9795719844	5.65660112521e-28
-11.9649805447	5.70934293542e-28
-11.9503891051	5.67457761276e-28
-11.9357976654	5.82462659919e-28
-11.9212062257	6.01875878041e-28
-11.906614786	6.47822552356e-28
-11.8920233463	6.64709965374e-28
-11.8774319066	6.79115032499e-28
-11.8628404669	6.68218699811e-28
-11.8482490272	6.59308386659e-28
-11.8336575875	6.44901204317e-28
-11.8190661479	6.48237517075e-28
-11.8044747082	6.54998019708e-28
-11.7898832685	6.95184915321e-28
-11.7752918288	6.98557371267e-28
-11.7607003891	6.96382734652e-28
-11.7461089494	6.8032141312e-28
-11.7315175097	6.76404272417e-28
-11.71692607	6.69417609972e-28
-11.7023346304	6.80745342459e-28
-11.6877431907	6.84944250024e-28
-11.673151751	7.17682128365e-28
-11.6585603113	7.23539537701e-28
-11.6439688716	7.20229154254e-28
-11.6293774319	7.01790953472e-28
-11.6147859922	6.89201897227e-28
-11.6001945525	6.68450438238e-28
-11.5856031128	6.73877626541e-28
-11.5710116732	6.81679893312e-28
-11.5564202335	7.14871613024e-28
-11.5418287938	7.03288681943e-28
-11.5272373541	6.90423480787e-28
-11.5126459144	6.62341229489e-28
-11.4980544747	6.33994241431e-28
-11.483463035	6.06292213834e-28
-11.4688715953	5.98287881613e-28
-11.4542801556	5.96711694997e-28
-11.439688716	6.2652868339e-28
-11.4250972763	6.22461315662e-28
-11.4105058366	6.28539756682e-28
-11.3959143969	6.40605319836e-28
-11.3813229572	7.01097093737e-28
-11.3667315175	8.08284888007e-28
-11.3521400778	1.00647886875e-27
-11.3375486381	1.28429167037e-27
-11.3229571984	1.71153623495e-27
-11.3083657588	2.29157115226e-27
-11.2937743191	3.14275299212e-27
-11.2791828794	4.28405822222e-27
-11.2645914397	6.02088430194e-27
-11.25	7.63343585707e-27
-11.2354085603	5.88556737712e-27
-11.2208171206	4.05082693763e-27
-11.2062256809	2.83922811265e-27
-11.1916342412	1.93054661188e-27
-11.1770428016	1.30502732946e-27
-11.1624513619	8.60464357585e-28
-11.1478599222	5.63131479511e-28
-11.1332684825	3.62592328709e-28
-11.1186770428	2.36860441941e-28
-11.1040856031	1.63902292994e-28
-11.0894941634	1.19506883331e-28
-11.0749027237	1.15112722252e-28
-11.060311284	1.29162628404e-28
-11.0457198444	1.58994264089e-28
-11.0311284047	1.93813646888e-28
-11.016536965	2.38114114351e-28
-11.0019455253	2.71104880559e-28
-10.9873540856	3.08467247472e-28
-10.9727626459	3.23104052587e-28
-10.9581712062	3.54401241154e-28
-10.9435797665	3.87299485579e-28
-10.9289883268	4.32568518453e-28
-10.9143968872	4.67048300276e-28
-10.8998054475	5.03953358065e-28
-10.8852140078	5.22855705884e-28
-10.8706225681	5.33075309805e-28
-10.8560311284	5.14718994722e-28
-10.8414396887	5.23408282883e-28
-10.826848249	5.31801827256e-28
-10.8122568093	5.55099726985e-28
-10.7976653696	5.72851530541e-28
-10.78307393	5.93689387551e-28
-10.7684824903	5.9580011335e-28
-10.7538910506	6.00268879637e-28
-10.7392996109	5.74956815225e-28
-10.7247081712	5.75657878218e-28
-10.7101167315	5.76392340956e-28
-10.6955252918	5.89118360836e-28
-10.6809338521	5.92915881636e-28
-10.6663424125	6.00295854214e-28
-10.6517509728	5.87122785278e-28
-10.6371595331	5.7001688931e-28
-10.6225680934	5.25494422185e-28
-10.6079766537	5.11393947431e-28
-10.593385214	4.99665940175e-28
-10.5787937743	5.03413304717e-28
-10.5642023346	5.03892787373e-28
-10.5496108949	5.09881147632e-28
-10.5350194553	5.00765027895e-28
-10.5204280156	4.91159650799e-28
-10.5058365759	4.52471128416e-28
-10.4912451362	4.38399872017e-28
-10.4766536965	4.21063435522e-28
-10.4620622568	4.11498891345e-28
-10.4474708171	3.95167457974e-28
-10.4328793774	3.81571540044e-28
-10.4182879377	3.5190640541e-28
-10.4036964981	3.20820895126e-28
-10.3891050584	2.69969001728e-28
-10.3745136187	2.49491755437e-28
-10.359922179	2.41457306962e-28
-10.3453307393	2.53049981394e-28
-10.3307392996	2.75173702665e-28
-10.3161478599	3.1672951322e-28
-10.3015564202	3.72405019371e-28
-10.2869649805	4.57108239983e-28
-10.2723735409	5.80557970305e-28
-10.2577821012	7.6412253046e-28
-10.2431906615	1.02527739911e-27
-10.2285992218	1.38648251989e-27
-10.2140077821	1.86687764577e-27
-10.1994163424	2.51050818594e-27
-10.1848249027	3.37386679811e-27
-10.170233463	4.50100776075e-27
-10.1556420233	6.03486039616e-27
-10.1410505837	7.99425896974e-27
-10.126459144	1.05347939683e-26
-10.1118677043	1.38552826077e-26
-10.0972762646	1.81796196015e-26
-10.0826848249	2.36871730259e-26
-10.0680933852	3.08363241088e-26
-10.0535019455	4.0080039066e-26
-10.0389105058	5.22260552356e-26
-10.0243190661	6.78083679791e-26
-10.0097276265	8.78347486142e-26
-9.99513618677	1.13602836628e-25
-9.98054474708	1.46819152642e-25
-9.96595330739	1.89411799583e-25
-9.9513618677	2.44287213036e-25
-9.93677042802	3.14890514575e-25
-9.92217898833	4.05770877571e-25
-9.90758754864	5.21452158282e-25
-9.89299610895	6.6949467859e-25
-9.87840466926	8.58133992874e-25
-9.86381322957	1.09918443096e-24
-9.84922178988	1.40684218582e-24
-9.83463035019	1.79996319208e-24
-9.82003891051	2.30174911061e-24
-9.80544747082	2.94315781746e-24
-9.79085603113	3.75942692029e-24
-9.77626459144	4.7989261701e-24
-9.76167315175	6.12193767678e-24
-9.74708171206	7.80487253337e-24
-9.73249027237	9.94314684027e-24
-9.71789883268	1.26625570495e-23
-9.703307393	1.61170463739e-23
-9.68871595331	2.0506625889e-23
-9.67412451362	2.60729200998e-23
-9.65953307393	3.31307492581e-23
-9.64494163424	4.20737173708e-23
-9.63035019455	5.34039104938e-23
-9.61575875486	6.77468012972e-23
-9.60116731517	8.59022303067e-23
-9.58657587549	1.08866994053e-22
-9.5719844358	1.37909245451e-22
-9.55739299611	1.74592375214e-22
-9.54280155642	2.20917251857e-22
-9.52821011673	2.79382324375e-22
-9.51361867704	3.53141868053e-22
-9.49902723735	4.46145437895e-22
-9.48443579767	5.63362332844e-22
-9.46984435798	7.11011377125e-22
-9.45525291829	8.96928973554e-22
-9.4406614786	1.1308455385e-21
-9.42607003891	1.42504195219e-21
-9.41147859922	1.79485397987e-21
-9.39688715953	2.25949554004e-21
-9.38229571984	2.84295391235e-21
-9.36770428016	3.57529325873e-21
-9.35311284047	4.49400331643e-21
-9.33852140078	5.645966513e-21
-9.32392996109	7.08951179554e-21
-9.3093385214	8.89757906281e-21
-9.29474708171	1.11610030661e-20
-9.28015564202	1.3993112977e-20
-9.26556420233	1.75348871619e-20
-9.25097276265	2.1961970511e-20
-9.23638132296	2.74927375723e-20
-9.22178988327	3.4398903192e-20
-9.20719844358	4.30176327159e-20
-9.19260700389	5.37682576435e-20
-9.1780155642	6.71711170425e-20
-9.16342412451	8.38720248354e-20
-9.14883268482	1.04671638943e-19
-9.13424124514	1.30562662324e-19
-9.11964980545	1.6277438799e-19
-9.10505836576	2.02829534087e-19
-9.09046692607	2.52611076697e-19
-9.07587548638	3.14449064664e-19
-9.06128404669	3.91223116065e-19
-9.046692607	4.86491602995e-19
-9.03210116731	6.04647584276e-19
-9.01750972763	7.51113927364e-19
-9.00291828794	9.32578218163e-19
-8.98832684825	1.15728665346e-18
-8.97373540856	1.43539628669e-18
-8.95914396887	1.77941899362e-18
-8.94455252918	2.20475224367e-18
-8.92996108949	2.73033916832e-18
-8.91536964981	3.37946855e-18
-8.90077821012	4.18075978257e-18
-8.88618677043	5.16935894151e-18
-8.87159533074	6.38841084498e-18
-8.85700389105	7.89083749601e-18
-8.84241245136	9.74153767628e-18
-8.82782101167	1.20200381545e-17
-8.81322957198	1.48237464314e-17
-8.7986381323	1.82718992178e-17
-8.78404669261	2.25103847449e-17
-8.76945525292	2.77175841314e-17
-8.75486381323	3.41115105693e-17
-8.74027237354	4.19584378469e-17
-8.72568093385	5.15834469634e-17
-8.71108949416	6.3383156686e-17
-8.69649805447	7.78412301662e-17
-8.68190661479	9.55471220825e-17
-8.6673151751	1.17218855169e-16
-8.65272373541	1.43730539983e-16
-8.63813229572	1.76145755306e-16
-8.62354085603	2.15757845846e-16
-8.60894941634	2.64138766439e-16
-8.59435797665	3.23197951405e-16
-8.57976653696	3.95253554758e-16
-8.56517509728	4.8311829903e-16
-8.55058365759	5.902031353e-16
-8.5359922179	7.20642109933e-16
-8.52140077821	8.79442950474e-16
-8.50680933852	1.07266811342e-15
-8.49221789883	1.307653069e-15
-8.47762645914	1.5932684507e-15
-8.46303501945	1.9402353773e-15
-8.44844357977	2.36150411577e-15
-8.43385214008	2.87270882011e-15
-8.41926070039	3.49271295053e-15
-8.4046692607	4.24426364665e-15
-8.39007782101	5.1547754305e-15
-8.37548638132	6.25726956348e-15
-8.36089494163	7.59149776039e-15
-8.34630350195	9.20528708935e-15
-8.33171206226	1.11561473069e-14
-8.31712062257	1.35131919987e-14
-8.30252918288	1.6359432002e-14
-8.28793774319	1.97945132859e-14
-8.2733463035	2.39379812822e-14
-8.25875486381	2.89331735529e-14
-8.24416342412	3.49518551305e-14
-8.22957198444	4.21997384849e-14
-8.21498054475	5.09230503234e-14
-8.20038910506	6.14163407592e-14
-8.18579766537	7.40317626032e-14
-8.17120622568	8.9190093113e-14
-8.15661478599	1.07393813264e-13
-8.1420233463	1.29242626014e-13
-8.12743190661	1.55451848194e-13
-8.11284046693	1.86874202509e-13
-8.09824902724	2.24525617279e-13
-8.08365758755	2.69615754915e-13
-8.06906614786	3.23584109893e-13
-8.05447470817	3.88142672466e-13
-8.03988326848	4.65326309677e-13
-8.02529182879	5.5755223872e-13
-8.0107003891	6.67690169563e-13
-7.99610894942	7.99144998062e-13
-7.98151750973	9.55954216657e-13
-7.96692607004	1.14290260454e-12
-7.95233463035	1.36565716378e-12
-7.93774319066	1.63092578736e-12
-7.92315175097	1.94664369882e-12
-7.90856031128	2.32219240752e-12
-7.89396887159	2.76865665117e-12
-7.87937743191	3.29912576131e-12
-7.86478599222	3.9290468699e-12
-7.85019455253	4.67663863622e-12
-7.83560311284	5.56337552473e-12
-7.82101167315	6.61455431997e-12
-7.80642023346	7.85995638426e-12
-7.79182879377	9.3346213804e-12
-7.77723735409	1.10797505626e-11
-7.7626459144	1.31437606952e-11
-7.74805447471	1.55835128746e-11
-7.73346303502	1.84657443667e-11
-7.71887159533	2.18687358315e-11
-7.70428015564	2.58842514346e-11
-7.68968871595	3.06197948854e-11
-7.67509727626	3.62012312409e-11
-7.66050583658	4.27758315709e-11
-7.64591439689	5.05158064202e-11
-7.6313229572	5.96224036944e-11
-7.61673151751	7.03306579715e-11
-7.60214007782	8.29148909707e-11
-7.58754863813	9.76950777279e-11
-7.57295719844	1.15044209532e-10
-7.55836575875	1.35396804058e-10
-7.54377431907	1.59258734366e-10
-7.52918287938	1.87218573508e-10
-7.51459143969	2.19960679277e-10
-7.5	2.58280275232e-10
-7.48540856031	3.03100820554e-10
-7.47081712062	3.55494003949e-10
-7.45622568093	4.16702736517e-10
-7.44163424124	4.88167580163e-10
-7.42704280156	5.7155710085e-10
-7.41245136187	6.68802704709e-10
-7.39785992218	7.82138590554e-10
-7.38326848249	9.14147537162e-10
-7.3686770428	1.06781333938e-09
-7.35408560311	1.24658081502e-09
-7.33949416342	1.45442442498e-09
-7.32490272373	1.69592668612e-09
-7.31031128405	1.97636770713e-09
-7.29571984436	2.30182735056e-09
-7.28112840467	2.67930171368e-09
-7.26653696498	3.1168358366e-09
-7.25194552529	3.62367478366e-09
-7.2373540856	4.21043551254e-09
-7.22276264591	4.88930224183e-09
-7.20817120623	5.67424836175e-09
-7.19357976654	6.58128829825e-09
-7.17898832685	7.62876315508e-09
-7.16439688716	8.83766441047e-09
-7.14980544747	1.02320004529e-08
-7.13521400778	1.18392112986e-08
-7.12062256809	1.36906374542e-08
-7.1060311284	1.5822049571e-08
-7.09143968872	1.82742462966e-08
-7.07684824903	2.1093728559e-08
-7.06225680934	2.4333459441e-08
-7.04766536965	2.8053719809e-08
-7.03307392996	3.23230709747e-08
-7.01848249027	3.72194368809e-08
-7.00389105058	4.28313196414e-08
-6.98929961089	4.92591637225e-08
-6.97470817121	5.66168856538e-08
-6.96011673152	6.50335878907e-08
-6.94552529183	7.46554773577e-08
-6.93093385214	8.56480112589e-08
-6.91634241245	9.81982949951e-08
-6.90175097276	1.12517759452e-07
-6.88715953307	1.28845147571e-07
-6.87256809338	1.47449842953e-07
-6.8579766537	1.6863557635e-07
-6.84338521401	1.92744549167e-07
-6.82879377432	2.20162016733e-07
-6.81420233463	2.51321377873e-07
-6.79961089494	2.86709821446e-07
-6.78501945525	3.26874584909e-07
-6.77042801556	3.72429884644e-07
-6.75583657588	4.24064582771e-07
-6.74124513619	4.82550660507e-07
-6.7266536965	5.48752573702e-07
-6.71206225681	6.23637572166e-07
-6.69747081712	7.08287070655e-07
-6.68287937743	8.03909165984e-07
-6.66828793774	9.11852401619e-07
-6.65369649805	1.03362088836e-06
-6.63910505837	1.1708908972e-06
-6.62451361868	1.32552904835e-06
-6.60992217899	1.49961222826e-06
-6.5953307393	1.69544937512e-06
-6.58073929961	1.91560528144e-06
-6.56614785992	2.16292657133e-06
-6.55155642023	2.44057001848e-06
-6.53696498054	2.75203338011e-06
-6.52237354086	3.10118893058e-06
-6.50778210117	3.49231988735e-06
-6.49319066148	3.93015993034e-06
-6.47859922179	4.4199360241e-06
-6.4640077821	4.9674147601e-06
-6.44941634241	5.57895244387e-06
-6.43482490272	6.2615491582e-06
-6.42023346303	7.02290703992e-06
-6.40564202335	7.87149301248e-06
-6.39105058366	8.81660622045e-06
-6.37645914397	9.86845041457e-06
-6.36186770428	1.10382115369e-05
-6.34727626459	1.23381407551e-05
-6.3326848249	1.37816431905e-05
-6.31809338521	1.53833725833e-05
-6.30350194552	1.71593321244e-05
-6.28891050584	1.91269816799e-05
-6.27431906615	2.13053516155e-05
-6.25972762646	2.37151634126e-05
-6.24513618677	2.63789572488e-05
-6.23054474708	2.93212266885e-05
-6.21595330739	3.25685606013e-05
-6.2013618677	3.61497923923e-05
-6.18677042802	4.00961565895e-05
-6.17217898833	4.44414527893e-05
-6.15758754864	4.92222169132e-05
-6.14299610895	5.44778996712e-05
-6.12840466926	6.02510520693e-05
-6.11381322957	6.65875177285e-05
-6.09922178988	7.35366317119e-05
-6.08463035019	8.1151425474e-05
-6.07003891051	8.94888374626e-05
-6.05544747082	9.86099288108e-05
-6.04085603113	0.000108580103455
-6.02626459144	0.000119469331917
-6.01167315175	0.000131352377865
-5.99708171206	0.000144309026482
-5.98249027237	0.000158424313496
-5.96789883268	0.000173788753676
-5.953307393	0.000190498567405
-5.93871595331	0.00020865590384
-5.92412451362	0.000228369059062
-5.90953307393	0.000249752687427
-5.89494163424	0.000272928004276
-5.88035019455	0.000298022977977
-5.86575875486	0.000325172509183
-5.85116731517	0.000354518595072
-5.83657587549	0.000386210476224
-5.8219844358	0.00042040476371
-5.80739299611	0.00045726554387
-5.79280155642	0.00049696445821
-5.77821011673	0.000539680755798
-5.76361867704	0.000585601315507
-5.74902723735	0.000634920635458
-5.73443579766	0.000687840787029
-5.71984435798	0.000744571330868
-5.70525291829	0.000805329192397
-5.6906614786	0.000870338494434
-5.67607003891	0.000939830344688
-5.66147859922	0.00101404257607
-5.64688715953	0.00109321943796
-5.63229571984	0.00117761123692
-5.61770428016	0.00126747392538
-5.60311284047	0.00136306863752
-5.58852140078	0.00146466117165
-5.57392996109	0.00157252141882
-5.5593385214	0.00168692273795
-5.54474708171	0.00180814127816
-5.53015564202	0.0019364552494
-5.51556420233	0.00207214414309
-5.50097276265	0.00221548790491
-5.48638132296	0.00236676606256
-5.47178988327	0.00252625681165
-5.45719844358	0.00269423606358
-5.44260700389	0.00287097645978
-5.4280155642	0.0030567463571
-5.41342412451	0.00325180878977
-5.39883268482	0.00345642041371
-5.38424124514	0.00367083043953
-5.36964980545	0.00389527956066
-5.35505836576	0.00412999888382
-5.34046692607	0.00437520886886
-5.32587548638	0.00463111828546
-5.31128404669	0.00489792319436
-5.296692607	0.00517580596046
-5.28210116731	0.00546493430574
-5.26750972763	0.00576546040907
-5.25291828794	0.00607752006054
-5.23832684825	0.00640123187701
-5.22373540856	0.00673669658567
-5.20914396887	0.00708399638172
-5.19455252918	0.00744319436582
-5.17996108949	0.00781433406635
-5.1653696498	0.00819743905086
-5.15077821012	0.00859251263035
-5.13618677043	0.00899953765936
-5.12159533074	0.00941847643383
-5.10700389105	0.00984927068803
-5.09241245136	0.010291841691
-5.07782101167	0.0107460904417
-5.06322957198	0.0112118979624
-5.0486381323	0.0116891256868
-5.03404669261	0.0121776159413
-5.01945525292	0.0126771925142
-5.00486381323	0.0131876613101
-4.99027237354	0.0137088110825
-4.97568093385	0.0142404142403
-4.96108949416	0.0147822277208
-4.94649805447	0.0153339939231
-4.93190661479	0.015895441695
-4.9173151751	0.0164662873646
-4.90272373541	0.0170462358111
-4.88813229572	0.0176349815649
-4.87354085603	0.0182322099304
-4.85894941634	0.0188375981241
-4.84435797665	0.0194508164188
-4.82976653696	0.0200715292883
-4.81517509728	0.0206993965441
-4.80058365759	0.0213340744581
-4.7859922179	0.0219752168644
-4.77140077821	0.022622476234
-4.75680933852	0.0232755047177
-4.74221789883	0.0239339551515
-4.72762645914	0.0245974820196
-4.71303501945	0.0252657423725
-4.69844357977	0.0259383966947
-4.68385214008	0.0266151097212
-4.66926070039	0.0272955511993
-4.6546692607	0.0279793965941
-4.64007782101	0.0286663277365
-4.62548638132	0.0293560334134
-4.61089494163	0.0300482098994
-4.59630350194	0.03074256143
-4.58171206226	0.0314388006172
-4.56712062257	0.0321366488091
-4.55252918288	0.0328358363938
-4.53793774319	0.0335361030493
-4.5233463035	0.0342371979425
-4.50875486381	0.0349388798781
-4.49416342412	0.0356409174004
-4.47957198444	0.0363430888508
-4.46498054475	0.0370451823829
-4.45038910506	0.0377469959384
-4.43579766537	0.0384483371863
-4.42120622568	0.0391490234293
-4.40661478599	0.0398488814785
-4.3920233463	0.0405477475005
-4.37743190661	0.0412454668394
-4.36284046693	0.0419418938166
-4.34824902724	0.04263689151
-4.33365758755	0.0433303315173
-4.31906614786	0.0440220937034
-4.30447470817	0.0447120659362
-4.28988326848	0.0454001438124
-4.27529182879	0.0460862303742
-4.2607003891	0.0467702358219
-4.24610894942	0.0474520772202
-4.23151750973	0.0481316782042
-4.21692607004	0.0488089686828
-4.20233463035	0.0494838845437
-4.18774319066	0.0501563673602
-4.17315175097	0.0508263641009
-4.15856031128	0.0514938268435
-4.14396887159	0.0521587124942
-4.12937743191	0.0528209825128
-4.11478599222	0.053480602644
-4.10019455253	0.0541375426569
-4.08560311284	0.0547917760917
-4.07101167315	0.0554432800147
-4.05642023346	0.0560920347822
-4.04182879377	0.0567380238127
-4.02723735408	0.0573812333689
-4.0126459144	0.0580216523483
-3.99805447471	0.0586592720829
-3.98346303502	0.0592940861489
-3.96887159533	0.0599260901849
-3.95428015564	0.0605552817196
-3.93968871595	0.0611816600084
-3.92509727626	0.0618052258786
-3.91050583658	0.062425981584
-3.89591439689	0.0630439306671
-3.8813229572	0.0636590778301
-3.86673151751	0.0642714288136
-3.85214007782	0.0648809902834
-3.83754863813	0.065487769724
-3.82295719844	0.0660917753403
-3.80836575875	0.0666930159651
-3.79377431907	0.0672915009739
-3.77918287938	0.0678872402059
-3.76459143969	0.0684802438905
-3.75	0.0690705225802
-3.73540856031	0.0696580870883
-3.72081712062	0.0702429484321
-3.70622568093	0.0708251177807
-3.69163424124	0.0714046064075
-3.67704280156	0.071981425647
-3.66245136187	0.0725555868555
-3.64785992218	0.0731271013757
-3.63326848249	0.0736959805047
-3.6186770428	0.0742622354657
-3.60408560311	0.0748258773822
-3.58949416342	0.0753869172556
-3.57490272373	0.0759453659451
-3.56031128405	0.0765012341503
-3.54571984436	0.077054532396
-3.53112840467	0.077605271019
-3.51653696498	0.0781534601572
-3.50194552529	0.0786991097399
-3.4873540856	0.0792422294804
-3.47276264591	0.0797828288696
-3.45817120623	0.0803209171714
-3.44357976654	0.0808565034186
-3.42898832685	0.0813895964109
-3.41439688716	0.0819202047133
-3.39980544747	0.0824483366555
-3.38521400778	0.082974000332
-3.37062256809	0.0834972036035
-3.3560311284	0.0840179540985
-3.34143968872	0.0845362592151
-3.32684824903	0.0850521261245
-3.31225680934	0.0855655617736
-3.29766536965	0.0860765728888
-3.28307392996	0.0865851659801
-3.26848249027	0.0870913473451
-3.25389105058	0.0875951230736
-3.23929961089	0.088096499052
-3.22470817121	0.0885954809686
-3.21011673152	0.089092074318
-3.19552529183	0.0895862844065
-3.18093385214	0.0900781163571
-3.16634241245	0.0905675751143
-3.15175097276	0.0910546654501
-3.13715953307	0.0915393919681
-3.12256809338	0.0920217591094
-3.1079766537	0.0925017711575
-3.09338521401	0.0929794322431
-3.07879377432	0.0934547463492
-3.06420233463	0.0939277173165
-3.04961089494	0.0943983488472
-3.03501945525	0.0948666445108
-3.02042801556	0.095332607748
-3.00583657587	0.0957962418755
-2.99124513619	0.0962575500906
-2.9766536965	0.0967165354752
-2.96206225681	0.097173201
-2.94747081712	0.0976275495289
-2.93287937743	0.0980795838226
-2.91828793774	0.0985293065429
-2.90369649805	0.0989767202558
-2.88910505837	0.0994218274357
-2.87451361868	0.0998646304685
-2.85992217899	0.100305131655
-2.8453307393	0.100743333216
-2.83073929961	0.10117923729
-2.81614785992	0.101612845943
-2.80155642023	0.102044161168
-2.78696498054	0.102473184888
-2.77237354086	0.102899918959
-2.75778210117	0.103324365172
-2.74319066148	0.103746525256
-2.72859922179	0.104166400882
-2.7140077821	0.104583993662
-2.69941634241	0.104999305154
-2.68482490272	0.105412336863
-2.67023346303	0.105823090244
-2.65564202335	0.106231566703
-2.64105058366	0.106637767597
-2.62645914397	0.107041694242
-2.61186770428	0.107443347906
-2.59727626459	0.107842729821
-2.5826848249	0.108239841173
-2.56809338521	0.108634683114
-2.55350194552	0.109027256757
-2.53891050584	0.10941756318
-2.52431906615	0.109805603427
-2.50972762646	0.110191378509
-2.49513618677	0.110574889405
-2.48054474708	0.110956137064
-2.46595330739	0.111335122405
-2.4513618677	0.11171184632
-2.43677042801	0.112086309672
-2.42217898833	0.112458513299
-2.40758754864	0.112828458015
-2.39299610895	0.113196144607
-2.37840466926	0.113561573841
-2.36381322957	0.11392474646
-2.34922178988	0.114285663184
-2.33463035019	0.114644324712
-2.32003891051	0.115000731726
-2.30544747082	0.115354884885
-2.29085603113	0.11570678483
-2.27626459144	0.116056432185
-2.26167315175	0.116403827555
-2.24708171206	0.11674897153
-2.23249027237	0.117091864682
-2.21789883268	0.117432507568
-2.203307393	0.11777090073
-2.18871595331	0.118107044694
-2.17412451362	0.118440939973
-2.15953307393	0.118772587067
-2.14494163424	0.11910198646
-2.13035019455	0.119429138625
-2.11575875486	0.119754044024
-2.10116731517	0.120076703104
-2.08657587549	0.120397116302
-2.0719844358	0.120715284043
-2.05739299611	0.121031206742
-2.04280155642	0.121344884803
-2.02821011673	0.121656318619
-2.01361867704	0.121965508574
-1.99902723735	0.122272455042
-1.98443579766	0.122577158389
-1.96984435798	0.122879618969
-1.95525291829	0.12317983713
-1.9406614786	0.12347781321
-1.92607003891	0.123773547539
-1.91147859922	0.12406704044
-1.89688715953	0.124358292227
-1.88229571984	0.124647303206
-1.86770428015	0.124934073678
-1.85311284047	0.125218603935
-1.83852140078	0.125500894261
-1.82392996109	0.125780944937
-1.8093385214	0.126058756234
-1.79474708171	0.126334328417
-1.78015564202	0.126607661747
-1.76556420233	0.126878756477
-1.75097276265	0.127147612855
-1.73638132296	0.127414231124
-1.72178988327	0.127678611519
-1.70719844358	0.127940754272
-1.69260700389	0.128200659609
-1.6780155642	0.12845832775
-1.66342412451	0.128713758912
-1.64883268482	0.128966953306
-1.63424124514	0.129217911138
-1.61964980545	0.129466632609
-1.60505836576	0.129713117917
-1.59046692607	0.129957367255
-1.57587548638	0.130199380811
-1.56128404669	0.13043915877
-1.546692607	0.130676701312
-1.53210116731	0.130912008614
-1.51750972763	0.131145080848
-1.50291828794	0.131375918183
-1.48832684825	0.131604520784
-1.47373540856	0.131830888813
-1.45914396887	0.132055022428
-1.44455252918	0.132276921784
-1.42996108949	0.132496587032
-1.4153696498	0.13271401832
-1.40077821012	0.132929215792
-1.38618677043	0.133142179592
-1.37159533074	0.133352909857
-1.35700389105	0.133561406724
-1.34241245136	0.133767670325
-1.32782101167	0.13397170079
-1.31322957198	0.134173498246
-1.29863813229	0.134373062819
-1.28404669261	0.13457039463
-1.26945525292	0.134765493798
-1.25486381323	0.13495836044
-1.24027237354	0.13514899467
-1.22568093385	0.135337396601
-1.21108949416	0.135523566342
-1.19649805447	0.135707503999
-1.18190661479	0.135889209678
-1.1673151751	0.136068683481
-1.15272373541	0.136245925508
-1.13813229572	0.136420935859
-1.12354085603	0.136593714629
-1.10894941634	0.136764261911
-1.09435797665	0.136932577799
-1.07976653696	0.137098662382
-1.06517509728	0.137262515748
-1.05058365759	0.137424137983
-1.0359922179	0.137583529173
-1.02140077821	0.137740689398
-1.00680933852	0.137895618741
-0.992217898832	0.138048317279
-0.977626459143	0.13819878509
-0.963035019454	0.13834702225
-0.948443579766	0.138493028832
-0.933852140077	0.138636804909
-0.919260700388	0.13877835055
-0.9046692607	0.138917665826
-0.890077821011	0.139054750802
-0.875486381322	0.139189605545
-0.860894941633	0.13932223012
-0.846303501945	0.139452624588
-0.831712062256	0.139580789012
-0.817120622567	0.139706723452
-0.802529182879	0.139830427965
-0.78793774319	0.139951902609
-0.773346303501	0.14007114744
-0.758754863812	0.140188162512
-0.744163424124	0.140302947878
-0.729571984435	0.14041550359
-0.714980544746	0.140525829698
-0.700389105058	0.140633926251
-0.685797665369	0.140739793298
-0.67120622568	0.140843430885
-0.656614785991	0.140944839057
-0.642023346303	0.141044017859
-0.627431906614	0.141140967333
-0.612840466925	0.141235687523
-0.598249027237	0.141328178467
-0.583657587548	0.141418440207
-0.569066147859	0.14150647278
-0.55447470817	0.141592276223
-0.539883268482	0.141675850574
-0.525291828793	0.141757195867
-0.510700389104	0.141836312135
-0.496108949416	0.141913199413
-0.481517509727	0.141987857733
-0.466926070038	0.142060287124
-0.452334630349	0.142130487617
-0.437743190661	0.142198459241
-0.423151750972	0.142264202023
-0.408560311283	0.142327715991
-0.393968871594	0.142389001171
-0.379377431906	0.142448057586
-0.364785992217	0.142504885261
-0.350194552528	0.14255948422
-0.33560311284	0.142611854483
-0.321011673151	0.142661996072
-0.306420233462	0.142709909008
-0.291828793773	0.142755593308
-0.277237354085	0.142799048992
-0.262645914396	0.142840276076
-0.248054474707	0.142879274577
-0.233463035019	0.14291604451
-0.21887159533	0.142950585891
-0.204280155641	0.142982898732
-0.189688715952	0.143012983046
-0.175097276264	0.143040838845
-0.160505836575	0.14306646614
-0.145914396886	0.143089864942
-0.131322957198	0.143111035258
-0.116731517509	0.143129977098
-0.10214007782	0.143146690469
-0.0875486381314	0.143161175377
-0.0729571984427	0.143173431828
-0.058365758754	0.143183459827
-0.0437743190653	0.143191259378
-0.0291828793766	0.143196830483
-0.0145914396879	0.143200173146
8.5975671027e-13	0.143201287366
0.0145914396896	0.143200173146
0.0291828793783	0.143196830483
0.043774319067	0.143191259378
0.0583657587557	0.143183459827
0.0729571984444	0.143173431828
0.0875486381332	0.143161175377
0.102140077822	0.143146690469
0.116731517511	0.143129977098
0.131322957199	0.143111035258
0.145914396888	0.143089864942
0.160505836577	0.14306646614
0.175097276265	0.143040838845
0.189688715954	0.143012983046
0.204280155643	0.142982898732
0.218871595332	0.142950585891
0.23346303502	0.14291604451
0.248054474709	0.142879274577
0.262645914398	0.142840276076
0.277237354086	0.142799048992
0.291828793775	0.142755593308
0.306420233464	0.142709909008
0.321011673153	0.142661996072
0.335603112841	0.142611854483
0.35019455253	0.14255948422
0.364785992219	0.142504885261
0.379377431907	0.142448057586
0.393968871596	0.142389001171
0.408560311285	0.142327715991
0.423151750974	0.142264202023
0.437743190662	0.142198459241
0.452334630351	0.142130487617
0.46692607004	0.142060287124
0.481517509729	0.141987857733
0.496108949417	0.141913199413
0.510700389106	0.141836312135
0.525291828795	0.141757195867
0.539883268483	0.141675850574
0.554474708172	0.141592276223
0.569066147861	0.14150647278
0.58365758755	0.141418440207
0.598249027238	0.141328178467
0.612840466927	0.141235687523
0.627431906616	0.141140967333
0.642023346304	0.141044017859
0.656614785993	0.140944839057
0.671206225682	0.140843430885
0.685797665371	0.140739793298
0.700389105059	0.140633926251
0.714980544748	0.140525829698
0.729571984437	0.14041550359
0.744163424125	0.140302947878
0.758754863814	0.140188162512
0.773346303503	0.14007114744
0.787937743192	0.139951902609
0.80252918288	0.139830427965
0.817120622569	0.139706723452
0.831712062258	0.139580789012
0.846303501946	0.139452624588
0.860894941635	0.13932223012
0.875486381324	0.139189605545
0.890077821013	0.139054750802
0.904669260701	0.138917665826
0.91926070039	0.13877835055
0.933852140079	0.138636804909
0.948443579767	0.138493028832
0.963035019456	0.13834702225
0.977626459145	0.13819878509
0.992217898834	0.138048317279
1.00680933852	0.137895618741
1.02140077821	0.137740689398
1.0359922179	0.137583529173
1.05058365759	0.137424137983
1.06517509728	0.137262515748
1.07976653697	0.137098662382
1.09435797665	0.136932577799
1.10894941634	0.136764261911
1.12354085603	0.136593714629
1.13813229572	0.136420935859
1.15272373541	0.136245925508
1.1673151751	0.136068683481
1.18190661479	0.135889209678
1.19649805448	0.135707503999
1.21108949416	0.135523566342
1.22568093385	0.135337396601
1.24027237354	0.13514899467
1.25486381323	0.13495836044
1.26945525292	0.134765493798
1.28404669261	0.13457039463
1.2986381323	0.134373062819
1.31322957199	0.134173498246
1.32782101167	0.13397170079
1.34241245136	0.133767670325
1.35700389105	0.133561406724
1.37159533074	0.133352909857
1.38618677043	0.133142179592
1.40077821012	0.132929215792
1.41536964981	0.13271401832
1.4299610895	0.132496587032
1.44455252918	0.132276921784
1.45914396887	0.132055022428
1.47373540856	0.131830888813
1.48832684825	0.131604520784
1.50291828794	0.131375918183
1.51750972763	0.131145080848
1.53210116732	0.130912008614
1.546692607	0.130676701312
1.56128404669	0.13043915877
1.57587548638	0.130199380811
1.59046692607	0.129957367255
1.60505836576	0.129713117917
1.61964980545	0.129466632609
1.63424124514	0.129217911138
1.64883268483	0.128966953306
1.66342412451	0.128713758912
1.6780155642	0.12845832775
1.69260700389	0.128200659609
1.70719844358	0.127940754272
1.72178988327	0.127678611519
1.73638132296	0.127414231124
1.75097276265	0.127147612855
1.76556420234	0.126878756477
1.78015564202	0.126607661747
1.79474708171	0.126334328417
1.8093385214	0.126058756233
1.82392996109	0.125780944937
1.83852140078	0.125500894261
1.85311284047	0.125218603935
1.86770428016	0.124934073678
1.88229571985	0.124647303206
1.89688715953	0.124358292227
1.91147859922	0.12406704044
1.92607003891	0.123773547539
1.9406614786	0.12347781321
1.95525291829	0.12317983713
1.96984435798	0.122879618969
1.98443579767	0.122577158389
1.99902723736	0.122272455042
2.01361867704	0.121965508574
2.02821011673	0.121656318619
2.04280155642	0.121344884803
2.05739299611	0.121031206742
2.0719844358	0.120715284043
2.08657587549	0.120397116302
2.10116731518	0.120076703104
2.11575875486	0.119754044024
2.13035019455	0.119429138625
2.14494163424	0.11910198646
2.15953307393	0.118772587067
2.17412451362	0.118440939973
2.18871595331	0.118107044694
2.203307393	0.11777090073
2.21789883269	0.117432507568
2.23249027237	0.117091864682
2.24708171206	0.11674897153
2.26167315175	0.116403827555
2.27626459144	0.116056432185
2.29085603113	0.11570678483
2.30544747082	0.115354884885
2.32003891051	0.115000731726
2.3346303502	0.114644324712
2.34922178988	0.114285663184
2.36381322957	0.11392474646
2.37840466926	0.113561573841
2.39299610895	0.113196144607
2.40758754864	0.112828458015
2.42217898833	0.112458513299
2.43677042802	0.112086309672
2.45136186771	0.11171184632
2.46595330739	0.111335122405
2.48054474708	0.110956137064
2.49513618677	0.110574889405
2.50972762646	0.110191378509
2.52431906615	0.109805603427
2.53891050584	0.10941756318
2.55350194553	0.109027256757
2.56809338522	0.108634683114
2.5826848249	0.108239841173
2.59727626459	0.107842729821
2.61186770428	0.107443347906
2.62645914397	0.107041694242
2.64105058366	0.106637767597
2.65564202335	0.106231566703
2.67023346304	0.105823090244
2.68482490272	0.105412336863
2.69941634241	0.104999305154
2.7140077821	0.104583993662
2.72859922179	0.104166400882
2.74319066148	0.103746525256
2.75778210117	0.103324365172
2.77237354086	0.102899918959
2.78696498055	0.102473184888
2.80155642023	0.102044161168
2.81614785992	0.101612845943
2.83073929961	0.10117923729
2.8453307393	0.100743333216
2.85992217899	0.100305131655
2.87451361868	0.0998646304685
2.88910505837	0.0994218274357
2.90369649806	0.0989767202558
2.91828793774	0.0985293065429
2.93287937743	0.0980795838226
2.94747081712	0.0976275495289
2.96206225681	0.097173201
2.9766536965	0.0967165354752
2.99124513619	0.0962575500906
3.00583657588	0.0957962418755
3.02042801557	0.095332607748
3.03501945525	0.0948666445108
3.04961089494	0.0943983488472
3.06420233463	0.0939277173165
3.07879377432	0.0934547463492
3.09338521401	0.0929794322431
3.1079766537	0.0925017711575
3.12256809339	0.0920217591094
3.13715953307	0.0915393919681
3.15175097276	0.0910546654501
3.16634241245	0.0905675751144
3.18093385214	0.0900781163571
3.19552529183	0.0895862844066
3.21011673152	0.0890920743181
3.22470817121	0.0885954809686
3.2392996109	0.0880964990521
3.25389105058	0.0875951230736
3.26848249027	0.0870913473452
3.28307392996	0.0865851659801
3.29766536965	0.0860765728888
3.31225680934	0.0855655617736
3.32684824903	0.0850521261245
3.34143968872	0.0845362592152
3.35603112841	0.0840179540985
3.37062256809	0.0834972036035
3.38521400778	0.082974000332
3.39980544747	0.0824483366555
3.41439688716	0.0819202047134
3.42898832685	0.081389596411
3.44357976654	0.0808565034186
3.45817120623	0.0803209171714
3.47276264592	0.0797828288696
3.4873540856	0.0792422294804
3.50194552529	0.0786991097399
3.51653696498	0.0781534601572
3.53112840467	0.077605271019
3.54571984436	0.077054532396
3.56031128405	0.0765012341503
3.57490272374	0.0759453659451
3.58949416343	0.0753869172556
3.60408560311	0.0748258773822
3.6186770428	0.0742622354657
3.63326848249	0.0736959805047
3.64785992218	0.0731271013757
3.66245136187	0.0725555868556
3.67704280156	0.0719814256471
3.69163424125	0.0714046064075
3.70622568093	0.0708251177807
3.72081712062	0.0702429484321
3.73540856031	0.0696580870883
3.75	0.0690705225802
3.76459143969	0.0684802438905
3.77918287938	0.0678872402059
3.79377431907	0.0672915009739
3.80836575876	0.0666930159651
3.82295719844	0.0660917753403
3.83754863813	0.0654877697241
3.85214007782	0.0648809902834
3.86673151751	0.0642714288136
3.8813229572	0.0636590778301
3.89591439689	0.0630439306671
3.91050583658	0.0624259815841
3.92509727627	0.0618052258787
3.93968871595	0.0611816600084
3.95428015564	0.0605552817197
3.96887159533	0.059926090185
3.98346303502	0.0592940861489
3.99805447471	0.0586592720829
4.0126459144	0.0580216523483
4.02723735409	0.057381233369
4.04182879378	0.0567380238127
4.05642023346	0.0560920347822
4.07101167315	0.0554432800148
4.08560311284	0.0547917760918
4.10019455253	0.054137542657
4.11478599222	0.0534806026441
4.12937743191	0.0528209825129
4.1439688716	0.0521587124943
4.15856031129	0.0514938268436
4.17315175097	0.050826364101
4.18774319066	0.0501563673603
4.20233463035	0.0494838845438
4.21692607004	0.0488089686829
4.23151750973	0.0481316782043
4.24610894942	0.0474520772203
4.26070038911	0.046770235822
4.27529182879	0.0460862303743
4.28988326848	0.0454001438125
4.30447470817	0.0447120659363
4.31906614786	0.0440220937035
4.33365758755	0.0433303315174
4.34824902724	0.0426368915101
4.36284046693	0.0419418938167
4.37743190662	0.0412454668395
4.3920233463	0.0405477475006
4.40661478599	0.0398488814786
4.42120622568	0.0391490234294
4.43579766537	0.0384483371864
4.45038910506	0.0377469959385
4.46498054475	0.0370451823831
4.47957198444	0.0363430888509
4.49416342413	0.0356409174005
4.50875486381	0.0349388798782
4.5233463035	0.0342371979426
4.53793774319	0.0335361030495
4.55252918288	0.0328358363939
4.56712062257	0.0321366488093
4.58171206226	0.0314388006173
4.59630350195	0.0307425614301
4.61089494164	0.0300482098996
4.62548638132	0.0293560334136
4.64007782101	0.0286663277366
4.6546692607	0.0279793965942
4.66926070039	0.0272955511994
4.68385214008	0.0266151097213
4.69844357977	0.0259383966948
4.71303501946	0.0252657423726
4.72762645915	0.0245974820198
4.74221789883	0.0239339551516
4.75680933852	0.0232755047178
4.77140077821	0.0226224762341
4.7859922179	0.0219752168645
4.80058365759	0.0213340744583
4.81517509728	0.0206993965443
4.82976653697	0.0200715292884
4.84435797665	0.019450816419
4.85894941634	0.0188375981243
4.87354085603	0.0182322099306
4.88813229572	0.017634981565
4.90272373541	0.0170462358113
4.9173151751	0.0164662873648
4.93190661479	0.0158954416951
4.94649805448	0.0153339939233
4.96108949416	0.014782227721
4.97568093385	0.0142404142405
4.99027237354	0.0137088110827
5.00486381323	0.0131876613102
5.01945525292	0.0126771925143
5.03404669261	0.0121776159414
5.0486381323	0.011689125687
5.06322957199	0.0112118979625
5.07782101167	0.0107460904418
5.09241245136	0.0102918416911
5.10700389105	0.00984927068818
5.12159533074	0.00941847643397
5.13618677043	0.0089995376595
5.15077821012	0.00859251263048
5.16536964981	0.00819743905099
5.1799610895	0.00781433406649
5.19455252918	0.00744319436595
5.20914396887	0.00708399638184
5.22373540856	0.00673669658579
5.23832684825	0.00640123187713
5.25291828794	0.00607752006066
5.26750972763	0.00576546040919
5.28210116732	0.00546493430585
5.29669260701	0.00517580596057
5.31128404669	0.00489792319446
5.32587548638	0.00463111828557
5.34046692607	0.00437520886896
5.35505836576	0.00412999888392
5.36964980545	0.00389527956076
5.38424124514	0.00367083043962
5.39883268483	0.0034564204138
5.41342412451	0.00325180878985
5.4280155642	0.00305674635718
5.44260700389	0.00287097645986
5.45719844358	0.00269423606366
5.47178988327	0.00252625681172
5.48638132296	0.00236676606263
5.50097276265	0.00221548790498
5.51556420234	0.00207214414315
5.53015564202	0.00193645524946
5.54474708171	0.00180814127822
5.5593385214	0.001686922738
5.57392996109	0.00157252141887
5.58852140078	0.00146466117171
5.60311284047	0.00136306863757
5.61770428016	0.00126747392542
5.63229571985	0.00117761123697
5.64688715953	0.00109321943801
5.66147859922	0.00101404257611
5.67607003891	0.000939830344727
5.6906614786	0.000870338494471
5.70525291829	0.000805329192432
5.71984435798	0.000744571330901
5.73443579767	0.00068784078706
5.74902723736	0.000634920635488
5.76361867704	0.000585601315535
5.77821011673	0.000539680755824
5.79280155642	0.000496964458235
5.80739299611	0.000457265543894
5.8219844358	0.000420404763732
5.83657587549	0.000386210476245
5.85116731518	0.000354518595091
5.86575875487	0.000325172509202
5.88035019455	0.000298022977995
5.89494163424	0.000272928004293
5.90953307393	0.000249752687443
5.92412451362	0.000228369059077
5.93871595331	0.000208655903854
5.953307393	0.000190498567417
5.96789883269	0.000173788753688
5.98249027237	0.000158424313507
5.99708171206	0.000144309026492
6.01167315175	0.000131352377875
6.02626459144	0.000119469331925
6.04085603113	0.000108580103463
6.05544747082	9.86099288184e-05
6.07003891051	8.94888374697e-05
6.0846303502	8.11514254805e-05
6.09922178988	7.3536631718e-05
6.11381322957	6.65875177342e-05
6.12840466926	6.02510520745e-05
6.14299610895	5.44778996761e-05
6.15758754864	4.92222169177e-05
6.17217898833	4.44414527935e-05
6.18677042802	4.00961565934e-05
6.20136186771	3.61497923959e-05
6.21595330739	3.25685606046e-05
6.23054474708	2.93212266915e-05
6.24513618677	2.63789572516e-05
6.25972762646	2.37151634152e-05
6.27431906615	2.13053516179e-05
6.28891050584	1.91269816821e-05
6.30350194553	1.71593321264e-05
6.31809338522	1.53833725852e-05
6.3326848249	1.37816431923e-05
6.34727626459	1.23381407567e-05
6.36186770428	1.10382115384e-05
6.37645914397	9.86845041593e-06
6.39105058366	8.81660622169e-06
6.40564202335	7.87149301362e-06
6.42023346304	7.02290704095e-06
6.43482490272	6.26154915914e-06
6.44941634241	5.57895244473e-06
6.4640077821	4.96741476089e-06
6.47859922179	4.41993602481e-06
6.49319066148	3.930159931e-06
6.50778210117	3.49231988795e-06
6.52237354086	3.10118893112e-06
6.53696498055	2.7520333806e-06
6.55155642023	2.44057001893e-06
6.56614785992	2.16292657174e-06
6.58073929961	1.91560528181e-06
6.5953307393	1.69544937545e-06
6.60992217899	1.49961222857e-06
6.62451361868	1.32552904863e-06
6.63910505837	1.17089089746e-06
6.65369649806	1.03362088859e-06
6.66828793774	9.1185240183e-07
6.68287937743	8.03909166177e-07
6.69747081712	7.08287070832e-07
6.71206225681	6.23637572327e-07
6.7266536965	5.4875257385e-07
6.74124513619	4.82550660642e-07
6.75583657588	4.24064582893e-07
6.77042801557	3.72429884755e-07
6.78501945525	3.26874585012e-07
6.79961089494	2.8670982154e-07
6.81420233463	2.51321377959e-07
6.82879377432	2.20162016811e-07
6.84338521401	1.92744549238e-07
6.8579766537	1.68635576415e-07
6.87256809339	1.47449843012e-07
6.88715953308	1.28845147623e-07
6.90175097276	1.125177595e-07
6.91634241245	9.81982950383e-08
6.93093385214	8.56480112981e-08
6.94552529183	7.46554773929e-08
6.96011673152	6.50335879225e-08
6.97470817121	5.66168856822e-08
6.9892996109	4.92591637479e-08
7.00389105058	4.28313196639e-08
7.01848249027	3.72194369013e-08
7.03307392996	3.2323070993e-08
7.04766536965	2.80537198253e-08
7.06225680934	2.43334594555e-08
7.07684824903	2.10937285721e-08
7.09143968872	1.82742463082e-08
7.10603112841	1.58220495814e-08
7.12062256809	1.36906374633e-08
7.13521400778	1.18392113068e-08
7.14980544747	1.02320004603e-08
7.16439688716	8.8376644171e-09
7.17898832685	7.62876316102e-09
7.19357976654	6.58128830365e-09
7.20817120623	5.67424836662e-09
7.22276264592	4.88930224629e-09
7.2373540856	4.21043551654e-09
7.25194552529	3.62367478744e-09
7.26653696498	3.11683584007e-09
7.28112840467	2.67930171685e-09
7.29571984436	2.3018273534e-09
7.31031128405	1.9763677097e-09
7.32490272374	1.6959266884e-09
7.33949416343	1.45442442701e-09
7.35408560311	1.24658081677e-09
7.3686770428	1.06781334097e-09
7.38326848249	9.14147538584e-10
7.39785992218	7.82138591841e-10
7.41245136187	6.6880270585e-10
7.42704280156	5.71557101874e-10
7.44163424125	4.88167581069e-10
7.45622568094	4.16702737336e-10
7.47081712062	3.55494004674e-10
7.48540856031	3.03100821247e-10
7.5	2.58280275871e-10
7.51459143969	2.19960679853e-10
7.52918287938	1.87218574013e-10
7.54377431907	1.59258734817e-10
7.55836575876	1.35396804451e-10
7.57295719844	1.1504420988e-10
7.58754863813	9.76950780282e-11
7.60214007782	8.29148912515e-11
7.61673151751	7.03306582209e-11
7.6313229572	5.96224039187e-11
7.64591439689	5.05158066139e-11
7.66050583658	4.27758317406e-11
7.67509727627	3.62012313838e-11
7.68968871595	3.06197950064e-11
7.70428015564	2.58842515311e-11
7.71887159533	2.18687359198e-11
7.73346303502	1.84657444424e-11
7.74805447471	1.55835129409e-11
7.7626459144	1.31437607495e-11
7.77723735409	1.10797506084e-11
7.79182879378	9.33462141636e-12
7.80642023346	7.85995641273e-12
7.82101167315	6.61455433968e-12
7.83560311284	5.5633755434e-12
7.85019455253	4.67663865281e-12
7.86478599222	3.92904688566e-12
7.87937743191	3.29912577474e-12
7.8939688716	2.76865666358e-12
7.90856031129	2.3221924178e-12
7.92315175097	1.94664370815e-12
7.93774319066	1.63092579469e-12
7.95233463035	1.36565717252e-12
7.96692607004	1.14290261366e-12
7.98151750973	9.55954226304e-13
7.99610894942	7.99145007244e-13
8.01070038911	6.67690178545e-13
8.0252918288	5.57552246833e-13
8.03988326848	4.65326317255e-13
8.05447470817	3.88142678879e-13
8.06906614786	3.23584116739e-13
8.08365758755	2.69615761445e-13
8.09824902724	2.24525623614e-13
8.11284046693	1.86874208189e-13
8.12743190662	1.55451853371e-13
8.1420233463	1.29242630347e-13
8.15661478599	1.07393816869e-13
8.17120622568	8.91900956938e-14
8.18579766537	7.40317649889e-14
8.20038910506	6.14163428162e-14
8.21498054475	5.09230522583e-14
8.22957198444	4.21997401526e-14
8.24416342413	3.49518566712e-14
8.25875486381	2.89331748813e-14
8.2733463035	2.39379824726e-14
8.28793774319	1.97945142221e-14
8.30252918288	1.63594329995e-14
8.31712062257	1.35131929264e-14
8.33171206226	1.11561482339e-14
8.34630350195	9.20528791272e-15
8.36089494164	7.59149852667e-15
8.37548638132	6.25727021588e-15
8.39007782101	5.154776012e-15
8.4046692607	4.24426409132e-15
8.41926070039	3.49271340405e-15
8.43385214008	2.87270924564e-15
8.44844357977	2.36150454753e-15
8.46303501946	1.94023578435e-15
8.47762645915	1.59326885212e-15
8.49221789883	1.30765343825e-15
8.50680933852	1.07266845977e-15
8.52140077821	8.79443258404e-16
8.5359922179	7.20642439388e-16
8.55058365759	5.90203449326e-16
8.56517509728	4.8311861016e-16
8.57976653697	3.95253840361e-16
8.59435797666	3.23198218375e-16
8.60894941634	2.64138999067e-16
8.62354085603	2.1575805049e-16
8.63813229572	1.76145920589e-16
8.65272373541	1.43730697192e-16
8.6673151751	1.17218996631e-16
8.68190661479	9.55472548595e-17
8.69649805448	7.78413487797e-17
8.71108949416	6.33832673368e-17
8.72568093385	5.15835453599e-17
8.74027237354	4.19585275844e-17
8.75486381323	3.41115874333e-17
8.76945525292	2.77176602484e-17
8.78404669261	2.25104559954e-17
8.7986381323	1.82719679774e-17
8.81322957199	1.48238090236e-17
8.82782101167	1.2020096659e-17
8.84241245136	9.741589943e-18
8.85700389105	7.89088498037e-18
8.87159533074	6.38845143678e-18
8.88618677043	5.16939800477e-18
8.90077821012	4.18079586422e-18
8.91536964981	3.37950289588e-18
8.9299610895	2.73037056783e-18
8.94455252918	2.20478143582e-18
8.95914396887	1.77944554653e-18
8.97373540856	1.43542099751e-18
8.98832684825	1.15730865311e-18
9.00291828794	9.32599618873e-19
9.01750972763	7.51133932423e-19
9.03210116732	6.04666480869e-19
9.04669260701	4.86508761857e-19
9.06128404669	3.91238932897e-19
9.07587548638	3.14463156933e-19
9.09046692607	2.52623746378e-19
9.10505836576	2.02840455987e-19
9.11964980545	1.62784513947e-19
9.13424124514	1.30571733874e-19
9.14883268483	1.04679949818e-19
9.16342412452	8.38794200378e-20
9.1780155642	6.71777818729e-20
9.19260700389	5.37741367825e-20
9.20719844358	4.30228543019e-20
9.22178988327	3.44033992638e-20
9.23638132296	2.74968998035e-20
9.25097276265	2.19656988573e-20
9.26556420234	1.75382871039e-20
9.28015564202	1.39961201973e-20
9.29474708171	1.11637199496e-20
9.3093385214	8.8999848708e-21
9.32392996109	7.09165961293e-21
9.33852140078	5.64782795564e-21
9.35311284047	4.49574273325e-21
9.36770428016	3.57686522492e-21
9.38229571985	2.84438643757e-21
9.39688715953	2.26076162847e-21
9.41147859922	1.79598654398e-21
9.42607003891	1.42603198965e-21
9.4406614786	1.13171936821e-21
9.45525291829	8.97670693355e-22
9.46984435798	7.11684845695e-22
9.48443579767	5.63960263546e-22
9.49902723736	4.46686693405e-22
9.51361867704	3.53617520254e-22
9.52821011673	2.79805212305e-22
9.54280155642	2.21287133793e-22
9.55739299611	1.74920178682e-22
9.5719844358	1.38190902006e-22
9.58657587549	1.09124489644e-22
9.60116731518	8.61304752332e-23
9.61575875487	6.79543644043e-23
9.63035019455	5.35864858438e-23
9.64494163424	4.22359217558e-23
9.65953307393	3.32720297894e-23
9.67412451362	2.61973785654e-23
9.68871595331	2.06124986203e-23
9.703307393	1.62132480768e-23
9.71789883269	1.27472194208e-23
9.73249027237	1.00187717737e-23
9.74708171206	7.87076717271e-24
9.76167315175	6.18005860159e-24
9.77626459144	4.84900128624e-24
9.79085603113	3.80265724716e-24
9.80544747082	2.97935556923e-24
9.82003891051	2.33430334577e-24
9.8346303502	1.82847848571e-24
9.84922178988	1.4324860054e-24
9.86381322957	1.12142783979e-24
9.87840466926	8.77883582008e-25
9.89299610895	6.86709639359e-25
9.90758754864	5.3675958556e-25
9.92217898833	4.19003762655e-25
9.93677042802	3.27203834948e-25
9.95136186771	2.55316032783e-25
9.96595330739	1.99419720174e-25
9.98054474708	1.55559640905e-25
9.99513618677	1.21297175972e-25
10.0097276265	9.44848746411e-26
10.0243190661	7.35829780335e-26
10.0389105058	5.70757484488e-26
10.0535019455	4.44101534096e-26
10.0680933852	3.46253569226e-26
10.0826848249	2.70977123918e-26
10.0972762646	2.12345872379e-26
10.1118677043	1.66376236938e-26
10.126459144	1.30560226022e-26
10.1410505837	1.03179463974e-26
10.1556420233	8.16230410581e-27
10.170233463	6.51438792807e-27
10.1848249027	5.25601238355e-27
10.1994163424	4.28480110329e-27
10.2140077821	3.52702094477e-27
10.2285992218	2.95506210952e-27
10.2431906615	2.51614659919e-27
10.2577821012	2.18474409724e-27
10.2723735409	1.9552978514e-27
10.2869649805	1.77447253445e-27
10.3015564202	1.64677285844e-27
10.3161478599	1.55021949902e-27
10.3307392996	1.47594983421e-27
10.3453307393	1.40717928882e-27
10.359922179	1.3683702738e-27
10.3745136187	1.35090234768e-27
10.3891050584	1.37502318176e-27
10.4036964981	1.38027264164e-27
10.4182879377	1.39023623259e-27
10.4328793774	1.39151578281e-27
10.4474708171	1.40435248941e-27
10.4620622568	1.40351720957e-27
10.4766536965	1.41650543443e-27
10.4912451362	1.44347567214e-27
10.5058365759	1.52114648752e-27
10.5204280156	1.55249141771e-27
10.5350194553	1.5692135629e-27
10.5496108949	1.56488521887e-27
10.5642023346	1.56970969487e-27
10.5787937743	1.55750253012e-27
10.593385214	1.56018057982e-27
10.6079766537	1.57530765584e-27
10.6225680934	1.63400482604e-27
10.6371595331	1.63383747187e-27
10.6517509728	1.63319204604e-27
10.6663424125	1.6128864747e-27
10.6809338521	1.6024711906e-27
10.6955252918	1.58423090722e-27
10.7101167315	1.5809974208e-27
10.7247081712	1.58508735322e-27
10.7392996109	1.62872633296e-27
10.7538910506	1.62939704266e-27
10.7684824903	1.62866365563e-27
10.78307393	1.61339690316e-27
10.7976653697	1.6192026354e-27
10.8122568093	1.59960216496e-27
10.826848249	1.58348275482e-27
10.8414396887	1.58254038812e-27
10.8560311284	1.62615827879e-27
10.8706225681	1.61907605861e-27
10.8852140078	1.60278776433e-27
10.8998054475	1.56348976977e-27
10.9143968872	1.54860214155e-27
10.9289883268	1.51873459052e-27
10.9435797665	1.4957946738e-27
10.9581712062	1.47616475497e-27
10.9727626459	1.51068353587e-27
10.9873540856	1.50082264424e-27
11.0019455253	1.48142076097e-27
11.016536965	1.45998561515e-27
11.0311284047	1.45081968195e-27
11.0457198444	1.45152860359e-27
11.060311284	1.47596189032e-27
11.0749027237	1.50561135649e-27
11.0894941634	1.60021813789e-27
11.1040856031	1.69816628936e-27
11.1186770428	1.84393307723e-27
11.1332684825	2.03735085205e-27
11.1478599222	2.34197431303e-27
11.1624513619	2.75360196855e-27
11.1770428016	3.35388443308e-27
11.1916342412	4.17699611779e-27
11.2062256809	5.36150277496e-27
11.2208171206	6.85925221807e-27
11.2354085603	9.05559546362e-27
11.25	1.10720960411e-26
11.2645914397	9.00559241744e-27
11.2791828794	6.73261698049e-27
11.2937743191	5.1442128159e-27
11.3083657588	3.89679033224e-27
11.3229571984	2.98309573698e-27
11.3375486381	2.28517177507e-27
11.3521400778	1.76126822839e-27
11.3667315175	1.35562779876e-27
11.3813229572	1.05502300585e-27
11.3959143969	8.32390713488e-28
11.4105058366	6.75263913366e-28
11.4250972763	5.56595296544e-28
11.439688716	4.68936857675e-28
11.4542801556	4.02577673119e-28
11.4688715953	3.54301993971e-28
11.483463035	3.16644716443e-28
11.4980544747	2.87191593946e-28
11.5126459144	2.67779049779e-28
11.5272373541	2.52892670474e-28
11.5418287938	2.40574794934e-28
11.5564202335	2.32974647302e-28
11.5710116732	2.26823147666e-28
11.5856031128	2.23641279109e-28
11.6001945525	2.2551149937e-28
11.6147859922	2.26755754593e-28
11.6293774319	2.28350798618e-28
11.6439688716	2.31947124453e-28
11.6585603113	2.32577196022e-28
11.673151751	2.26396341167e-28
11.6877431907	2.2887032317e-28
11.7023346304	2.31825134848e-28
11.71692607	2.36517165634e-28
11.7315175097	2.4200547245e-28
11.7461089494	2.51085954638e-28
11.7607003891	2.66785798775e-28
11.7752918288	2.84544780305e-28
11.7898832685	2.97673277599e-28
11.8044747082	3.13578429599e-28
11.8190661479	3.34488923927e-28
11.8336575876	3.55496297196e-28
11.8482490272	3.73000890457e-28
11.8628404669	3.94847245283e-28
11.8774319066	4.20573864257e-28
11.8920233463	4.35961739547e-28
11.906614786	4.4497518984e-28
11.9212062257	4.53949831867e-28
11.9357976654	4.57770212653e-28
11.9503891051	4.63767247608e-28
11.9649805447	4.64876578474e-28
11.9795719844	4.59964980357e-28
11.9941634241	4.56871902288e-28
12.0087548638	4.51345447331e-28
12.0233463035	4.44308429006e-28
12.0379377432	4.45725187843e-28
12.0525291829	4.44233244365e-28
12.0671206226	4.35900042325e-28
12.0817120623	4.32590462245e-28
12.0963035019	4.29177234336e-28
12.1108949416	4.33201647413e-28
12.1254863813	4.43159505411e-28
12.140077821	4.5826462212e-28
12.1546692607	4.68896106203e-28
12.1692607004	4.75521594001e-28
12.1838521401	4.77254891013e-28
12.1984435798	4.74309804996e-28
12.2130350195	4.69384849251e-28
12.2276264591	4.72768286889e-28
12.2422178988	4.74976290357e-28
12.2568093385	4.85416024108e-28
12.2714007782	4.95161483508e-28
12.2859922179	5.02501634073e-28
12.3005836576	5.08082844366e-28
12.3151750973	5.0882035745e-28
12.329766537	5.04583110134e-28
12.3443579767	5.07687472208e-28
12.3589494163	5.08134384648e-28
12.373540856	5.16535101663e-28
12.3881322957	5.25177851606e-28
12.4027237354	5.32465570504e-28
12.4173151751	5.29599229295e-28
12.4319066148	5.24271210339e-28
12.4464980545	5.13904586279e-28
12.4610894942	5.1465235927e-28
12.4756809339	5.22080664782e-28
12.4902723735	5.38290787259e-28
12.5048638132	5.47859082836e-28
12.5194552529	5.58993752266e-28
12.5340466926	5.59864661656e-28
12.5486381323	5.5650193131e-28
12.563229572	5.53544384614e-28
12.5778210117	5.54992261861e-28
12.5924124514	5.53471644081e-28
12.6070038911	5.6807014999e-28
12.6215953307	5.68491805228e-28
12.6361867704	5.66039392559e-28
12.6507782101	5.5267703625e-28
12.6653696498	5.43322652261e-28
12.6799610895	5.38315235423e-28
12.6945525292	5.46531352318e-28
12.7091439689	5.59729103813e-28
12.7237354086	5.92983344959e-28
12.7383268483	6.10633477339e-28
12.7529182879	6.15904439456e-28
12.7675097276	6.05248116041e-28
12.7821011673	6.00028912431e-28
12.796692607	5.89526487797e-28
12.8112840467	5.9641193231e-28
12.8258754864	6.10952346086e-28
12.8404669261	6.43433631563e-28
12.8550583658	6.51692468155e-28
12.8696498054	6.57923442659e-28
12.8842412451	6.48329889705e-28
12.8988326848	6.37255515601e-28
12.9134241245	6.3008818882e-28
12.9280155642	6.35393748148e-28
12.9426070039	6.39884339043e-28
12.9571984436	6.62617068849e-28
12.9717898833	6.66392634922e-28
12.986381323	6.6936249811e-28
13.0009727626	6.5898357024e-28
13.0155642023	6.50244136223e-28
13.030155642	6.38630579088e-28
13.0447470817	6.3974142574e-28
13.0593385214	6.47926070934e-28
13.0739299611	6.85128504948e-28
13.0885214008	7.01236296804e-28
13.1031128405	7.04354585992e-28
13.1177042802	6.94215696845e-28
13.1322957198	6.88183779442e-28
13.1468871595	6.78836739117e-28
13.1614785992	6.8715806538e-28
13.1760700389	7.05605062699e-28
13.1906614786	7.45238758091e-28
13.2052529183	7.54128864856e-28
13.219844358	7.65836452876e-28
13.2344357977	7.57490045761e-28
13.2490272374	7.47882679567e-28
13.263618677	7.43993109691e-28
13.2782101167	7.49937645445e-28
13.2928015564	7.54073941924e-28
13.3073929961	7.89659790589e-28
13.3219844358	8.05282221203e-28
13.3365758755	8.14047005582e-28
13.3511673152	8.00118962931e-28
13.3657587549	7.90521036451e-28
13.3803501946	7.75203466408e-28
13.3949416342	7.72795870263e-28
13.4095330739	7.83408921892e-28
13.4241245136	8.21323641929e-28
13.4387159533	8.29733685155e-28
13.453307393	8.39261485918e-28
13.4678988327	8.34916785782e-28
13.4824902724	8.34336192333e-28
13.4970817121	8.2071150289e-28
13.5116731518	8.29739169549e-28
13.5262645914	8.47793675687e-28
13.5408560311	8.920283978e-28
13.5554474708	9.13086870411e-28
13.5700389105	9.3031297564e-28
13.5846303502	9.25188759664e-28
13.5992217899	9.17348435827e-28
13.6138132296	9.1129196849e-28
13.6284046693	9.21490134062e-28
13.642996109	9.27536920695e-28
13.6575875486	9.75268398801e-28
13.6721789883	9.91607765625e-28
13.686770428	9.97873798802e-28
13.7013618677	9.9246234424e-28
13.7159533074	9.97846244511e-28
13.7305447471	9.94380679169e-28
13.7451361868	9.98942223446e-28
13.7597276265	1.01037272379e-27
13.7743190661	1.05493734335e-27
13.7889105058	1.06073133946e-27
13.8035019455	1.06903124019e-27
13.8180933852	1.05352112524e-27
13.8326848249	1.04316934157e-27
13.8472762646	1.03762126897e-27
13.8618677043	1.05299716484e-27
13.876459144	1.06676930074e-27
13.8910505837	1.11108913191e-27
13.9056420233	1.1249543356e-27
13.920233463	1.13813182317e-27
13.9348249027	1.12696588838e-27
13.9494163424	1.12957880007e-27
13.9640077821	1.12999972572e-27
13.9785992218	1.14218774071e-27
13.9931906615	1.15246475047e-27
14.0077821012	1.20534166515e-27
14.0223735409	1.21738720187e-27
14.0369649805	1.21683969682e-27
14.0515564202	1.20241410639e-27
14.0661478599	1.19904881988e-27
14.0807392996	1.18207439103e-27
14.0953307393	1.18906415765e-27
14.109922179	1.20398892189e-27
14.1245136187	1.25479541356e-27
14.1391050584	1.25768463051e-27
14.1536964981	1.25767983212e-27
14.1682879377	1.23624706498e-27
14.1828793774	1.22392379359e-27
14.1974708171	1.20903059911e-27
14.2120622568	1.20986049185e-27
14.2266536965	1.2102271808e-27
14.2412451362	1.26089214171e-27
14.2558365759	1.27701237765e-27
14.2704280156	1.28286128797e-27
14.2850194553	1.25953095245e-27
14.2996108949	1.25276798761e-27
14.3142023346	1.23921432001e-27
14.3287937743	1.23681284056e-27
14.343385214	1.24173134028e-27
14.3579766537	1.29393501806e-27
14.3725680934	1.29943136097e-27
14.3871595331	1.28918452898e-27
14.4017509728	1.26338861757e-27
14.4163424125	1.25021630818e-27
14.4309338521	1.22562765121e-27
14.4455252918	1.22416751606e-27
14.4601167315	1.22494755807e-27
14.4747081712	1.26192958729e-27
14.4892996109	1.2626545555e-27
14.5038910506	1.26491006728e-27
14.5184824903	1.24597249732e-27
14.53307393	1.23905416221e-27
14.5476653697	1.23223426923e-27
14.5622568093	1.23164630233e-27
14.576848249	1.22404817428e-27
14.5914396887	1.26568751487e-27
14.6060311284	1.26772482785e-27
14.6206225681	1.26331394504e-27
14.6352140078	1.23179826632e-27
14.6498054475	1.21231920991e-27
14.6643968872	1.18932886282e-27
14.6789883268	1.17574056347e-27
14.6935797665	1.16127228506e-27
14.7081712062	1.18206625439e-27
14.7227626459	1.16356525857e-27
14.7373540856	1.14472841379e-27
14.7519455253	1.10348390053e-27
14.766536965	1.07784815868e-27
14.7811284047	1.03376272533e-27
14.7957198444	1.00947190831e-27
14.810311284	9.78979841287e-28
14.8249027237	9.64967613811e-28
14.8394941634	9.13653238613e-28
14.8540856031	8.57541380498e-28
14.8686770428	7.87522371967e-28
14.8832684825	7.39310461138e-28
14.8978599222	7.01866727899e-28
14.9124513619	7.00655023833e-28
14.9270428016	7.39190141157e-28
14.9416342412	8.82796532998e-28
14.9562256809	1.1275101916e-27
14.9708171206	1.54465433858e-27
14.9854085603	2.33103235225e-27
15.0	3.18579720269e-27
