-14.9854085603	2.11517583121e-27
-14.9708171206	1.249967707e-27
-14.9562256809	7.57939016027e-28
-14.9416342412	4.38684617952e-28
-14.9270428016	2.57906011657e-28
-14.9124513619	1.55731246225e-28
-14.8978599222	1.09716912399e-28
-14.8832684825	8.82922284557e-29
-14.8686770428	8.9387255514e-29
-14.8540856031	9.56601937817e-29
-14.8394941634	1.09116012247e-28
-14.8249027237	1.12926279352e-28
-14.810311284	1.27790061237e-28
-14.7957198444	1.4030245313e-28
-14.7811284047	1.57264929584e-28
-14.766536965	1.69916474721e-28
-14.7519455253	1.83325817157e-28
-14.7373540856	1.91061135318e-28
-14.7227626459	1.94555669371e-28
-14.7081712062	1.80805718252e-28
-14.6935797665	1.84905575255e-28
-14.6789883268	1.8930835694e-28
-14.6643968872	1.98219204539e-28
-14.6498054475	2.04344604707e-28
-14.6352140078	2.15501270909e-28
-14.6206225681	2.17745732818e-28
-14.6060311284	2.18395711993e-28
-14.5914396887	2.02645615345e-28
-14.576848249	2.01142825321e-28
-14.5622568093	2.02064750526e-28
-14.5476653696	2.11181328925e-28
-14.53307393	2.15049958106e-28
-14.5184824903	2.22502107985e-28
-14.5038910506	2.24888936843e-28
-14.4892996109	2.25997895966e-28
-14.4747081712	2.10086284515e-28
-14.4601167315	2.10439221749e-28
-14.4455252918	2.11767496543e-28
-14.4309338521	2.20730763098e-28
-14.4163424125	2.23646778039e-28
-14.4017509728	2.31153735409e-28
-14.3871595331	2.30535288735e-28
-14.3725680934	2.28818799515e-28
-14.3579766537	2.08211551411e-28
-14.343385214	2.03906059915e-28
-14.3287937743	2.01268038747e-28
-14.3142023346	2.07011227324e-28
-14.2996108949	2.09591022397e-28
-14.2850194553	2.16504913645e-28
-14.2704280156	2.16092514461e-28
-14.2558365759	2.14359401242e-28
-14.2412451362	1.9563240377e-28
-14.2266536965	1.93218670738e-28
-14.2120622568	1.89783296526e-28
-14.1974708171	1.95491099453e-28
-14.1828793774	1.97144428833e-28
-14.1682879377	2.03271311881e-28
-14.1536964981	2.02152493727e-28
-14.1391050584	1.99230934173e-28
-14.1245136187	1.80530286325e-28
-14.109922179	1.77477034198e-28
-14.0953307393	1.74958643149e-28
-14.0807392996	1.81263105507e-28
-14.0661478599	1.83980573984e-28
-14.0515564202	1.90255694319e-28
-14.0369649805	1.88437149022e-28
-14.0223735409	1.85359506798e-28
-14.0077821012	1.65484868143e-28
-13.9931906615	1.60601219986e-28
-13.9785992218	1.56324418609e-28
-13.9640077821	1.60808861179e-28
-13.9494163424	1.60545849475e-28
-13.9348249027	1.6445014102e-28
-13.920233463	1.61931190378e-28
-13.9056420233	1.5921178793e-28
-13.8910505837	1.43034844451e-28
-13.876459144	1.40374726011e-28
-13.8618677043	1.39302718449e-28
-13.8472762646	1.45568237989e-28
-13.8326848249	1.46285701792e-28
-13.8180933852	1.51692056277e-28
-13.8035019455	1.51799639904e-28
-13.7889105058	1.5003995948e-28
-13.7743190661	1.37333039395e-28
-13.7597276265	1.35934145153e-28
-13.7451361868	1.35462061108e-28
-13.7305447471	1.4241594337e-28
-13.7159533074	1.44611497058e-28
-13.7013618677	1.49837926567e-28
-13.686770428	1.49487783328e-28
-13.6721789883	1.48709916616e-28
-13.6575875486	1.34042492783e-28
-13.6429961089	1.28941350773e-28
-13.6284046693	1.25017287856e-28
-13.6138132296	1.25571060483e-28
-13.5992217899	1.23882910681e-28
-13.5846303502	1.25090978562e-28
-13.5700389105	1.21286741689e-28
-13.5554474708	1.18225172072e-28
-13.5408560311	1.04346519432e-28
-13.5262645914	1.00296010088e-28
-13.5116731518	9.68644144836e-29
-13.4970817121	9.97498810711e-29
-13.4824902724	9.98498611585e-29
-13.4678988327	1.03078098599e-28
-13.453307393	1.01544616412e-28
-13.4387159533	9.88474179417e-29
-13.4241245136	8.83204625861e-29
-13.4095330739	8.58745218939e-29
-13.3949416342	8.45846378728e-29
-13.3803501946	8.80493473173e-29
-13.3657587549	8.94892158831e-29
-13.3511673152	9.33406433085e-29
-13.3365758755	9.43877697454e-29
-13.3219844358	9.58107397318e-29
-13.3073929961	9.27945693129e-29
-13.2928015564	9.38005534004e-29
-13.2782101167	9.61438085265e-29
-13.263618677	1.00903936308e-28
-13.2490272374	1.02610419386e-28
-13.2344357977	1.06580974536e-28
-13.219844358	1.06457974358e-28
-13.2052529183	1.07558145555e-28
-13.1906614786	1.07562992684e-28
-13.1760700389	1.10423316316e-28
-13.1614785992	1.1251064468e-28
-13.1468871595	1.17151339088e-28
-13.1322957198	1.16402978371e-28
-13.1177042802	1.1771115147e-28
-13.1031128405	1.16550593013e-28
-13.0885214008	1.13286708549e-28
-13.0739299611	1.08354802974e-28
-13.0593385214	1.07336747894e-28
-13.0447470817	1.07360152744e-28
-13.030155642	1.07715815291e-28
-13.0155642023	1.08353186619e-28
-13.0009727626	1.1009853357e-28
-12.986381323	1.11135860601e-28
-12.9717898833	1.11704240887e-28
-12.9571984436	1.13832845686e-28
-12.9426070039	1.15813341754e-28
-12.9280155642	1.17525118001e-28
-12.9134241245	1.20712544676e-28
-12.8988326848	1.22910362321e-28
-12.8842412451	1.27499168227e-28
-12.8696498054	1.31555007677e-28
-12.8550583658	1.38171993214e-28
-12.8404669261	1.51714303328e-28
-12.8258754864	1.61357883188e-28
-12.8112840467	1.70174168404e-28
-12.796692607	1.7686750729e-28
-12.7821011673	1.81500997176e-28
-12.7675097276	1.83989161603e-28
-12.7529182879	1.86895961913e-28
-12.7383268482	1.8834648118e-28
-12.7237354086	1.93347329047e-28
-12.7091439689	1.94309187899e-28
-12.6945525292	1.97434849434e-28
-12.6799610895	1.96434575091e-28
-12.6653696498	1.96812190982e-28
-12.6507782101	1.96973814184e-28
-12.6361867704	1.99871103268e-28
-12.6215953307	2.07230551014e-28
-12.6070038911	2.18505957672e-28
-12.5924124514	2.24627512972e-28
-12.5778210117	2.30742012175e-28
-12.563229572	2.31848802306e-28
-12.5486381323	2.32701124782e-28
-12.5340466926	2.35002250554e-28
-12.5194552529	2.41691048392e-28
-12.5048638132	2.52859608709e-28
-12.4902723735	2.7997542896e-28
-12.4756809339	2.97891887796e-28
-12.4610894942	3.13155456596e-28
-12.4464980545	3.20512657488e-28
-12.4319066148	3.25943674737e-28
-12.4173151751	3.31124641797e-28
-12.4027237354	3.39763567389e-28
-12.3881322957	3.4595234192e-28
-12.373540856	3.67565178127e-28
-12.3589494163	3.77334058148e-28
-12.3443579767	3.8384628326e-28
-12.329766537	3.83333932772e-28
-12.3151750973	3.87848028609e-28
-12.3005836576	3.90333122146e-28
-12.2859922179	3.98253602774e-28
-12.2714007782	4.12570214559e-28
-12.2568093385	4.46973804358e-28
-12.2422178988	4.63538102134e-28
-12.2276264591	4.78154801115e-28
-12.2130350195	4.79282806071e-28
-12.1984435798	4.83047901839e-28
-12.1838521401	4.84894398411e-28
-12.1692607004	4.90928372356e-28
-12.1546692607	5.01421534271e-28
-12.140077821	5.35144429392e-28
-12.1254863813	5.44997555161e-28
-12.1108949416	5.47959421331e-28
-12.0963035019	5.38644322134e-28
-12.0817120623	5.3662957277e-28
-12.0671206226	5.34468529893e-28
-12.0525291829	5.42262498158e-28
-12.0379377432	5.52819479129e-28
-12.0233463035	5.88427366971e-28
-12.0087548638	5.99103034725e-28
-11.9941634241	6.12175415383e-28
-11.9795719844	6.14840887921e-28
-11.9649805447	6.18486832322e-28
-11.9503891051	6.16867699494e-28
-11.9357976654	6.28208919935e-28
-11.9212062257	6.48485158341e-28
-11.906614786	6.97608167879e-28
-11.8920233463	7.18189753774e-28
-11.8774319066	7.31181764368e-28
-11.8628404669	7.1992638357e-28
-11.8482490272	7.10232840856e-28
-11.8336575875	7.00125879509e-28
-11.8190661479	6.99842071986e-28
-11.8044747082	7.03349168823e-28
-11.7898832685	7.39302125954e-28
-11.7752918288	7.39326997741e-28
-11.7607003891	7.32891516202e-28
-11.7461089494	7.15402397743e-28
-11.7315175097	7.08025802481e-28
-11.71692607	7.00181638337e-28
-11.7023346304	7.06321148397e-28
-11.6877431907	7.08705181016e-28
-11.673151751	7.37688029184e-28
-11.6585603113	7.39738569043e-28
-11.6439688716	7.32965941398e-28
-11.6293774319	7.12311845049e-28
-11.6147859922	6.98582684215e-28
-11.6001945525	6.82203161096e-28
-11.5856031128	6.8770158223e-28
-11.5710116732	6.9921941816e-28
-11.5564202335	7.36385965657e-28
-11.5418287938	7.33913856415e-28
-11.5272373541	7.30146033711e-28
-11.5126459144	7.03858658361e-28
-11.4980544747	6.81419735554e-28
-11.483463035	6.65191999923e-28
-11.4688715953	6.57366598881e-28
-11.4542801556	6.61720463166e-28
-11.439688716	6.98043684798e-28
-11.4250972763	7.03926526492e-28
-11.4105058366	7.15727400921e-28
-11.3959143969	7.34707933233e-28
-11.3813229572	7.99324067213e-28
-11.3667315175	9.03713844728e-28
-11.3521400778	1.08385216011e-27
-11.3375486381	1.35071066079e-27
-11.3229571984	1.75691675692e-27
-11.3083657588	2.3101097205e-27
-11.2937743191	3.10798766699e-27
-11.2791828794	4.18677720981e-27
-11.2645914397	5.82573183833e-27
-11.25	7.35502754272e-27
-11.2354085603	5.67696759281e-27
-11.2208171206	3.93375152023e-27
-11.2062256809	2.78423692285e-27
-11.1916342412	1.92258285028e-27
-11.1770428016	1.31456783209e-27
-11.1624513619	8.87423778445e-28
-11.1478599222	5.92648416982e-28
-11.1332684825	3.90438942234e-28
-11.1186770428	2.56897392607e-28
-11.1040856031	1.7479233406e-28
-11.0894941634	1.19678546898e-28
-11.0749027237	1.01382013392e-28
-11.060311284	1.02057730885e-28
-11.0457198444	1.17634763e-28
-11.0311284047	1.38999753654e-28
-11.016536965	1.66566064338e-28
-11.0019455253	1.88997786798e-28
-10.9873540856	2.13252457561e-28
-10.9727626459	2.19967597375e-28
-10.9581712062	2.40673109182e-28
-10.9435797665	2.64134005592e-28
-10.9289883268	2.96378650341e-28
-10.9143968872	3.22810314405e-28
-10.8998054475	3.48728772734e-28
-10.8852140078	3.66166567155e-28
-10.8706225681	3.71896903064e-28
-10.8560311284	3.53818665365e-28
-10.8414396887	3.59153263656e-28
-10.826848249	3.66848322741e-28
-10.8122568093	3.85058561859e-28
-10.7976653696	4.00488693586e-28
-10.78307393	4.15142454787e-28
-10.7684824903	4.21866097084e-28
-10.7538910506	4.25213196225e-28
-10.7392996109	4.05357628158e-28
-10.7247081712	4.07485136774e-28
-10.7101167315	4.11624134628e-28
-10.6955252918	4.27658119476e-28
-10.6809338521	4.38133753056e-28
-10.6663424125	4.49056527908e-28
-10.6517509728	4.48493477766e-28
-10.6371595331	4.38879619413e-28
-10.6225680934	4.05576107852e-28
-10.6079766537	3.95845717121e-28
-10.593385214	3.91244874304e-28
-10.5787937743	4.02530433684e-28
-10.5642023346	4.0968253801e-28
-10.5496108949	4.20899473887e-28
-10.5350194553	4.24790629446e-28
-10.5204280156	4.25926558754e-28
-10.5058365759	4.03483873121e-28
-10.4912451362	4.03654444181e-28
-10.4766536965	4.03862391949e-28
-10.4620622568	4.13115569776e-28
-10.4474708171	4.17434800552e-28
-10.4328793774	4.21294017203e-28
-10.4182879377	4.15104786177e-28
-10.4036964981	4.00269630166e-28
-10.3891050584	3.57378256814e-28
-10.3745136187	3.40113206666e-28
-10.359922179	3.29304220568e-28
-10.3453307393	3.30678762186e-28
-10.3307392996	3.29195035492e-28
-10.3161478599	3.32310768207e-28
-10.3015564202	3.25725585712e-28
-10.2869649805	3.1443468033e-28
-10.2723735409	2.83298144979e-28
-10.2577821012	2.72573724325e-28
-10.2431906615	2.66473211494e-28
-10.2285992218	2.71687219658e-28
-10.2140077821	2.72208560188e-28
-10.1994163424	2.76012098556e-28
-10.1848249027	2.74120661095e-28
-10.170233463	2.68980540501e-28
-10.1556420233	2.52675864918e-28
-10.1410505837	2.54133499146e-28
-10.126459144	2.59682987865e-28
-10.1118677043	2.81237138259e-28
-10.0972762646	3.03007336833e-28
-10.0826848249	3.28261306331e-28
-10.0680933852	3.55801531845e-28
-10.0535019455	3.95620910091e-28
-10.0389105058	4.43713464402e-28
-10.0243190661	5.23581723344e-28
-10.0097276265	6.28134756265e-28
-9.99513618677	7.81555313094e-28
-9.98054474708	9.83677516794e-28
-9.96595330739	1.24731400811e-27
-9.9513618677	1.59454837173e-27
-9.93677042802	2.07364122338e-27
-9.92217898833	2.71285313175e-27
-9.90758754864	3.50179367363e-27
-9.89299610895	4.51866996401e-27
-9.87840466926	5.8012829302e-27
-9.86381322957	7.43741472526e-27
-9.84922178988	9.5480907594e-27
-9.83463035019	1.2270114344e-26
-9.82003891051	1.58223498783e-26
-9.80544747082	2.04914145616e-26
-9.79085603113	2.64028125258e-26
-9.77626459144	3.3981390786e-26
-9.76167315175	4.3701351925e-26
-9.74708171206	5.60999990696e-26
-9.73249027237	7.18791474282e-26
-9.71789883268	9.21876987401e-26
-9.703307393	1.18311802112e-25
-9.68871595331	1.51977942396e-25
-9.67412451362	1.9467925427e-25
-9.65953307393	2.49034298812e-25
-9.64494163424	3.18338444683e-25
-9.63035019455	4.06751411816e-25
-9.61575875486	5.19369434198e-25
-9.60116731517	6.63089081809e-25
-9.58657587549	8.46497165962e-25
-9.5719844358	1.08081427786e-24
-9.55739299611	1.37788695779e-24
-9.54280155642	1.75523987641e-24
-9.52821011673	2.23435896353e-24
-9.51361867704	2.84323171104e-24
-9.49902723735	3.61625897808e-24
-9.48443579767	4.59722246203e-24
-9.46984435798	5.84237596753e-24
-9.45525291829	7.42332194093e-24
-9.4406614786	9.42410938513e-24
-9.42607003891	1.19582211938e-23
-9.41147859922	1.51661826656e-23
-9.39688715953	1.92257172128e-23
-9.38229571984	2.43591356074e-23
-9.36770428016	3.08515839814e-23
-9.35311284047	3.90580135575e-23
-9.33852140078	4.94272043677e-23
-9.32392996109	6.25109360981e-23
-9.3093385214	7.90159962823e-23
-9.29474708171	9.98271734797e-23
-9.28015564202	1.26060968691e-22
-9.26556420233	1.59108910337e-22
-9.25097276265	2.00727323654e-22
-9.23638132296	2.53112697332e-22
-9.22178988327	3.19022758299e-22
-9.20719844358	4.01875859265e-22
-9.19260700389	5.05993465723e-22
-9.1780155642	6.36765926572e-22
-9.16342412451	8.00949626455e-22
-9.14883268482	1.00696782541e-21
-9.13424124514	1.26536921971e-21
-9.11964980545	1.58930728226e-21
-9.10505836576	1.99522649614e-21
-9.09046692607	2.50353338426e-21
-9.07587548638	3.13976549184e-21
-9.06128404669	3.93571468627e-21
-9.046692607	4.93101013217e-21
-9.03210116731	6.17492772229e-21
-9.01750972763	7.72885330345e-21
-9.00291828794	9.66903134423e-21
-8.98832684825	1.20903034062e-20
-8.97373540856	1.51102266408e-20
-8.95914396887	1.88750210416e-20
-8.94455252918	2.35660295693e-20
-8.92996108949	2.94082361903e-20
-8.91536964981	3.66804303372e-20
-8.90077821012	4.57282034721e-20
-8.88618677043	5.69793154141e-20
-8.87159533074	7.09633565946e-20
-8.85700389105	8.83348022008e-20
-8.84241245136	1.09903546826e-19
-8.82782101167	1.36670036261e-19
-8.81322957198	1.69870132944e-19
-8.7986381323	2.11029198522e-19
-8.78404669261	2.62029602633e-19
-8.76945525292	3.25191950529e-19
-8.75486381323	4.03376899595e-19
-8.74027237354	5.00106741226e-19
-8.72568093385	6.19719965841e-19
-8.71108949416	7.67554161452e-19
-8.69649805447	9.50174700238e-19
-8.68190661479	1.17565090603e-18
-8.6673151751	1.45389818555e-18
-8.65272373541	1.79709037305e-18
-8.63813229572	2.22016928433e-18
-8.62354085603	2.74145987172e-18
-8.60894941634	3.38343268172e-18
-8.59435797665	4.17361833893e-18
-8.57976653696	5.14573538456e-18
-8.56517509728	6.34105444642e-18
-8.55058365759	7.81006656182e-18
-8.5359922179	9.61450576788e-18
-8.52140077821	1.18298195176e-17
-8.50680933852	1.45481482891e-17
-8.49221789883	1.78819860954e-17
-8.47762645914	2.19685821582e-17
-8.46303501945	2.697531005e-17
-8.44844357977	3.3106161616e-17
-8.43385214008	4.06096321512e-17
-8.41926070039	4.97882539467e-17
-8.4046692607	6.10101683645e-17
-8.39007782101	7.47230847616e-17
-8.37548638132	9.14712208752e-17
-8.36089494163	1.11915717474e-16
-8.34630350195	1.36859352126e-16
-8.33171206226	1.67276322439e-16
-8.31712062257	2.0434824741e-16
-8.30252918288	2.49507498353e-16
-8.28793774319	3.0448952595e-16
-8.2733463035	3.71395781105e-16
-8.25875486381	4.52769612974e-16
-8.24416342412	5.51687430661e-16
-8.22957198444	6.71868444194e-16
-8.21498054475	8.17806475089e-16
-8.20038910506	9.94928376148e-16
-8.18579766537	1.20978408796e-15
-8.17120622568	1.47027480859e-15
-8.15661478599	1.78592635349e-15
-8.1420233463	2.16821717676e-15
-8.12743190661	2.63097076575e-15
-8.11284046693	3.19082569656e-15
-8.09824902724	3.86779779129e-15
-8.08365758755	4.68595240117e-15
-8.06906614786	5.67420745038e-15
-8.05447470817	6.86729295299e-15
-8.03988326848	8.30689560896e-15
-8.02529182879	1.00430250645e-14
-8.0107003891	1.2135641803e-14
-7.99610894942	1.4656597426e-14
-7.98151750973	1.76919444419e-14
-7.96692607004	2.1344685692e-14
-7.95233463035	2.57380438476e-14
-7.93774319066	3.10193484169e-14
-7.92315175097	3.73646525123e-14
-7.90856031128	4.49842157839e-14
-7.89396887159	5.41290081311e-14
-7.87937743191	6.50984241328e-14
-7.86478599222	7.82494241948e-14
-7.85019455253	9.40073631946e-14
-7.83560311284	1.12878807205e-13
-7.82101167315	1.35466697673e-13
-7.80642023346	1.62488278078e-13
-7.79182879377	1.94796279958e-13
-7.77723735409	2.33403937543e-13
-7.7626459144	2.79514511486e-13
-7.74805447471	3.3455611014e-13
-7.73346303502	4.00222737894e-13
-7.71887159533	4.78522646018e-13
-7.70428015564	5.71835264149e-13
-7.68968871595	6.82978177585e-13
-7.67509727626	8.15285894595e-13
-7.66050583658	9.72702401738e-13
-7.64591439689	1.15988986905e-12
-7.6313229572	1.3823562342e-12
-7.61673151751	1.64660486174e-12
-7.60214007782	1.96030997768e-12
-7.58754863813	2.33252220228e-12
-7.57295719844	2.77390917901e-12
-7.55836575875	3.29703714282e-12
-7.54377431907	3.91670015383e-12
-7.52918287938	4.65030485007e-12
-7.51459143969	5.51831979107e-12
-7.5	6.54479987064e-12
-7.48540856031	7.75799797268e-12
-7.47081712062	9.19107824515e-12
-7.45622568093	1.08829465102e-11
-7.44163424124	1.28792173e-11
-7.42704280156	1.52333389124e-11
-7.41245136187	1.80079014689e-11
-7.39785992218	2.12761567959e-11
-7.38326848249	2.51237832936e-11
-7.3686770428	2.96509339424e-11
-7.35408560311	3.49746113636e-11
-7.33949416342	4.12314203006e-11
-7.32490272373	4.85807555448e-11
-7.31031128405	5.72084915982e-11
-7.29571984436	6.7331250399e-11
-7.28112840467	7.92013342967e-11
-7.26653696498	9.31124243184e-11
-7.25194552529	1.09406157973e-10
-7.2373540856	1.28479717415e-10
-7.22276264591	1.50794577153e-10
-7.20817120623	1.7688658201e-10
-7.19357976654	2.07377549454e-10
-7.17898832685	2.42988618182e-10
-7.16439688716	2.84555595154e-10
-7.14980544747	3.3304658845e-10
-7.13521400778	3.895822524e-10
-7.12062256809	4.55459016322e-10
-7.1060311284	5.32175717869e-10
-7.09143968872	6.21464119463e-10
-7.07684824903	7.25323849133e-10
-7.06225680934	8.46062379872e-10
-7.04766536965	9.86340741747e-10
-7.03307392996	1.14922575255e-09
-7.01848249027	1.33824965398e-09
-7.00389105058	1.55747815575e-09
-6.98929961089	1.81158801725e-09
-6.97470817121	2.10595544127e-09
-6.96011673152	2.44675671346e-09
-6.94552529183	2.84108270242e-09
-6.93093385214	3.2970690342e-09
-6.91634241245	3.82404398044e-09
-6.90175097276	4.43269634666e-09
-6.88715953307	5.13526592681e-09
-6.87256809338	5.94575939641e-09
-6.8579766537	6.88019486284e-09
-6.84338521401	7.95687866759e-09
-6.82879377432	9.19671846124e-09
-6.81420233463	1.06235770366e-08
-6.79961089494	1.22646719244e-08
-6.78501945525	1.41510263251e-08
-6.77042801556	1.6317977584e-08
-6.75583657588	1.8805750109e-08
-6.74124513619	2.16601004019e-08
-6.7266536965	2.49330427089e-08
-6.71206225681	2.86836647313e-08
-6.69747081712	3.29790438469e-08
-6.68287937743	3.78952754124e-08
-6.66828793774	4.35186259321e-08
-6.65369649805	4.99468252189e-08
-6.63910505837	5.72905131223e-08
-6.62451361868	6.56748579997e-08
-6.60992217899	7.52413658217e-08
-6.5953307393	8.6149900702e-08
-6.58073929961	9.85809396723e-08
-6.56614785992	1.12738086753e-07
-6.55155642023	1.28850873758e-07
-6.53696498054	1.47177877891e-07
-6.52237354086	1.68010188952e-07
-6.50778210117	1.9167526206e-07
-6.49319066148	2.18541194975e-07
-6.47859922179	2.49021472646e-07
-6.4640077821	2.83580225346e-07
-6.44941634241	3.2273805074e-07
-6.43482490272	3.67078454551e-07
-6.42023346303	4.17254969008e-07
-6.40564202335	4.73999013169e-07
-6.39105058366	5.38128564309e-07
-6.37645914397	6.10557715079e-07
-6.36186770428	6.92307196855e-07
-6.34727626459	7.84515955832e-07
-6.3326848249	8.88453874765e-07
-6.31809338521	1.00553573998e-06
-6.30350194552	1.1373365603e-06
-6.28891050584	1.28560835174e-06
-6.27431906615	1.45229850957e-06
-6.25972762646	1.63956989693e-06
-6.24513618677	1.84982278759e-06
-6.23054474708	2.08571880823e-06
-6.21595330739	2.35020703477e-06
-6.2013618677	2.64655240503e-06
-6.18677042802	2.97836661949e-06
-6.17217898833	3.34964170982e-06
-6.15758754864	3.76478646425e-06
-6.14299610895	4.2286659067e-06
-6.12840466926	4.74664403536e-06
-6.11381322957	5.32463003414e-06
-6.09922178988	5.96912817829e-06
-6.08463035019	6.68729166217e-06
-6.07003891051	7.48698058399e-06
-6.05544747082	8.37682432742e-06
-6.04085603113	9.36628858523e-06
-6.02626459144	1.04657472729e-05
-6.01167315175	1.16865595827e-05
-5.99708171206	1.30411524295e-05
-5.98249027237	1.4543108538e-05
-5.96789883268	1.62072604176e-05
-5.953307393	1.80497904683e-05
-5.93871595331	2.00883374485e-05
-5.92412451362	2.23421095304e-05
-5.90953307393	2.48320041517e-05
-5.89494163424	2.75807348558e-05
-5.88035019455	3.06129652951e-05
-5.86575875486	3.39554505429e-05
-5.85116731517	3.76371858373e-05
-5.83657587549	4.1689562841e-05
-5.8219844358	4.61465334694e-05
-5.80739299611	5.10447812933e-05
-5.79280155642	5.64239004747e-05
-5.77821011673	6.23265821451e-05
-5.76361867704	6.87988080701e-05
-5.74902723735	7.58900513868e-05
-5.73443579766	8.3653484124e-05
-5.71984435798	9.21461911418e-05
-5.70525291829	0.000101429390043
-5.6906614786	0.000111568656522
-5.67607003891	0.000122634154516
-5.66147859922	0.000134700870433
-5.64688715953	0.000147848850618
-5.63229571984	0.000162163441102
-5.61770428016	0.000177735528584
-5.60311284047	0.000194661781446
-5.58852140078	0.000213044889503
-5.57392996109	0.000232993801064
-5.5593385214	0.000254623955721
-5.54474708171	0.000278057511206
-5.53015564202	0.00030342356248
-5.51556420233	0.000330858351136
-5.50097276265	0.000360505463038
-5.48638132296	0.000392516012047
-5.47178988327	0.000427048807523
-5.45719844358	0.000464270503259
-5.44260700389	0.000504355725342
-5.4280155642	0.000547487176441
-5.41342412451	0.000593855713886
-5.39883268482	0.000643660398921
-5.38424124514	0.000697108514473
-5.36964980545	0.000754415548757
-5.35505836576	0.000815805142112
-5.34046692607	0.000881508994468
-5.32587548638	0.000951766730966
-5.31128404669	0.00102682572332
-5.296692607	0.00110694086471
-5.28210116731	0.00119237429612
-5.26750972763	0.00128339508228
-5.25291828794	0.00138027883559
-5.23832684825	0.00148330728677
-5.22373540856	0.00159276780107
-5.20914396887	0.00170895283961
-5.19455252918	0.00183215936542
-5.17996108949	0.00196268819433
-5.1653696498	0.00210084329138
-5.15077821012	0.0022469310138
-5.13618677043	0.00240125930198
-5.12159533074	0.00256413682074
-5.10700389105	0.00273587205318
-5.09241245136	0.00291677235049
-5.07782101167	0.00310714294121
-5.06322957198	0.00330728590415
-5.0486381323	0.00351749910968
-5.03404669261	0.00373807513449
-5.01945525292	0.00396930015557
-5.00486381323	0.00421145282947
-4.99027237354	0.00446480316316
-4.97568093385	0.00472961138363
-4.96108949416	0.00500612681302
-4.94649805447	0.00529458675685
-4.93190661479	0.00559521541281
-4.9173151751	0.00590822280764
-4.90272373541	0.00623380376992
-4.88813229572	0.00657213694613
-4.87354085603	0.00692338386762
-4.85894941634	0.00728768807552
-4.84435797665	0.00766517431067
-4.82976653696	0.00805594777506
-4.81517509728	0.00846009347074
-4.80058365759	0.00887767562198
-4.7859922179	0.00930873718542
-4.77140077821	0.00975329945262
-4.75680933852	0.0102113617486
-4.74221789883	0.010682901229
-4.72762645914	0.0111678727784
-4.71303501945	0.0116662090102
-4.69844357977	0.0121778203693
-4.68385214008	0.0127025953362
-4.66926070039	0.0132404007325
-4.6546692607	0.013791082124
-4.64007782101	0.0143544643195
-4.62548638132	0.0149303519624
-4.61089494163	0.0155185302079
-4.59630350194	0.0161187654844
-4.58171206226	0.0167308063303
-4.56712062257	0.0173543843019
-4.55252918288	0.0179892149442
-4.53793774319	0.0186349988196
-4.5233463035	0.0192914225847
-4.50875486381	0.0199581601094
-4.49416342412	0.0206348736299
-4.47957198444	0.0213212149273
-4.46498054475	0.0220168265248
-4.45038910506	0.0227213428959
-4.43579766537	0.0234343916746
-4.42120622568	0.024155594862
-4.40661478599	0.0248845700218
-4.3920233463	0.0256209314569
-4.37743190661	0.0263642913624
-4.36284046693	0.0271142609483
-4.34824902724	0.0278704515271
-4.33365758755	0.0286324755599
-4.31906614786	0.0293999476595
-4.30447470817	0.0301724855436
-4.28988326848	0.0309497109373
-4.27529182879	0.0317312504206
-4.2607003891	0.0325167362193
-4.24610894942	0.0333058069384
-4.23151750973	0.0340981082354
-4.21692607004	0.0348932934336
-4.20233463035	0.0356910240761
-4.18774319066	0.0364909704187
-4.17315175097	0.0372928118644
-4.15856031128	0.0380962373396
-4.14396887159	0.0389009456127
-4.12937743191	0.0397066455585
-4.11478599222	0.0405130563686
-4.10019455253	0.0413199077112
-4.08560311284	0.0421269398417
-4.07101167315	0.0429339036674
-4.05642023346	0.0437405607684
-4.04182879377	0.044546683378
-4.02723735408	0.0453520543247
-4.0126459144	0.0461564669389
-3.99805447471	0.0469597249281
-3.98346303502	0.0477616422216
-3.96887159533	0.0485620427892
-3.95428015564	0.0493607604357
-3.93968871595	0.0501576385745
-3.92509727626	0.0509525299821
-3.91050583658	0.0517452965373
-3.89591439689	0.0525358089461
-3.8813229572	0.0533239464555
-3.86673151751	0.0541095965582
-3.85214007782	0.0548926546903
-3.83754863813	0.0556730239233
-3.82295719844	0.0564506146531
-3.80836575875	0.0572253442876
-3.79377431907	0.0579971369332
-3.77918287938	0.0587659230835
-3.76459143969	0.0595316393093
-3.75	0.0602942279537
-3.73540856031	0.06105363683
-3.72081712062	0.0618098189273
-3.70622568093	0.0625627321203
-3.69163424124	0.0633123388876
-3.67704280156	0.0640586060371
-3.66245136187	0.0648015044395
-3.64785992218	0.0655410087707
-3.63326848249	0.0662770972626
-3.6186770428	0.0670097514632
-3.60408560311	0.0677389560066
-3.58949416342	0.0684646983913
-3.57490272373	0.0691869687692
-3.56031128405	0.0699057597432
-3.54571984436	0.0706210661751
-3.53112840467	0.0713328850019
-3.51653696498	0.0720412150626
-3.50194552529	0.0727460569331
-3.4873540856	0.0734474127703
-3.47276264591	0.0741452861656
-3.45817120623	0.0748396820061
-3.44357976654	0.0755306063443
-3.42898832685	0.076218066276
-3.41439688716	0.0769020698261
-3.39980544747	0.0775826258409
-3.38521400778	0.078259743889
-3.37062256809	0.0789334341678
-3.3560311284	0.0796037074173
-3.34143968872	0.0802705748402
-3.32684824903	0.0809340480271
-3.31225680934	0.0815941388889
-3.29766536965	0.0822508595931
-3.28307392996	0.0829042225062
-3.26848249027	0.0835542401407
-3.25389105058	0.0842009251063
-3.23929961089	0.0848442900661
-3.22470817121	0.0854843476961
-3.21011673152	0.0861211106491
-3.19552529183	0.086754591522
-3.18093385214	0.087384802826
-3.16634241245	0.0880117569609
-3.15175097276	0.088635466191
-3.13715953307	0.0892559426249
-3.12256809338	0.0898731981972
-3.1079766537	0.0904872446526
-3.09338521401	0.091098093532
-3.07879377432	0.0917057561611
-3.06420233463	0.0923102436403
-3.04961089494	0.0929115668365
-3.03501945525	0.0935097363764
-3.02042801556	0.0941047626412
-3.00583657587	0.0946966557629
-2.99124513619	0.0952854256211
-2.9766536965	0.0958710818414
-2.96206225681	0.0964536337946
-2.94747081712	0.0970330905969
-2.93287937743	0.0976094611104
-2.91828793774	0.0981827539451
-2.90369649805	0.0987529774608
-2.88910505837	0.0993201397696
-2.87451361868	0.0998842487396
-2.85992217899	0.100445311998
-2.8453307393	0.101003336936
-2.83073929961	0.10155833071
-2.81614785992	0.102110300253
-2.80155642023	0.10265925227
-2.78696498054	0.103205193251
-2.77237354086	0.103748129472
-2.75778210117	0.104288067002
-2.74319066148	0.104825011705
-2.72859922179	0.105358969252
-2.7140077821	0.105889945118
-2.69941634241	0.106417944595
-2.68482490272	0.106942972791
-2.67023346303	0.107465034643
-2.65564202335	0.107984134912
-2.64105058366	0.1085002782
-2.62645914397	0.109013468944
-2.61186770428	0.109523711431
-2.59727626459	0.110031009796
-2.5826848249	0.110535368029
-2.56809338521	0.111036789983
-2.55350194552	0.111535279374
-2.53891050584	0.112030839788
-2.52431906615	0.112523474687
-2.50972762646	0.113013187409
-2.49513618677	0.113499981178
-2.48054474708	0.113983859103
-2.46595330739	0.114464824186
-2.4513618677	0.114942879323
-2.43677042801	0.115418027311
-2.42217898833	0.115890270848
-2.40758754864	0.116359612539
-2.39299610895	0.116826054899
-2.37840466926	0.117289600356
-2.36381322957	0.117750251256
-2.34922178988	0.118208009862
-2.33463035019	0.118662878363
-2.32003891051	0.11911485887
-2.30544747082	0.119563953425
-2.29085603113	0.120010164001
-2.27626459144	0.120453492503
-2.26167315175	0.120893940774
-2.24708171206	0.121331510595
-2.23249027237	0.121766203688
-2.21789883268	0.122198021717
-2.203307393	0.122626966294
-2.18871595331	0.123053038976
-2.17412451362	0.123476241271
-2.15953307393	0.123896574637
-2.14494163424	0.124314040486
-2.13035019455	0.124728640186
-2.11575875486	0.125140375059
-2.10116731517	0.125549246387
-2.08657587549	0.125955255411
-2.0719844358	0.126358403333
-2.05739299611	0.12675869132
-2.04280155642	0.127156120501
-2.02821011673	0.12755069197
-2.01361867704	0.127942406788
-1.99902723735	0.128331265985
-1.98443579766	0.12871727056
-1.96984435798	0.12910042148
-1.95525291829	0.129480719686
-1.9406614786	0.12985816609
-1.92607003891	0.130232761576
-1.91147859922	0.130604507004
-1.89688715953	0.130973403208
-1.88229571984	0.131339450999
-1.86770428015	0.131702651165
-1.85311284047	0.13206300447
-1.83852140078	0.132420511656
-1.82392996109	0.132775173448
-1.8093385214	0.133126990546
-1.79474708171	0.133475963634
-1.78015564202	0.133822093375
-1.76556420233	0.134165380415
-1.75097276265	0.134505825381
-1.73638132296	0.134843428886
-1.72178988327	0.135178191523
-1.70719844358	0.135510113871
-1.69260700389	0.135839196493
-1.6780155642	0.136165439937
-1.66342412451	0.136488844738
-1.64883268482	0.136809411414
-1.63424124514	0.137127140472
-1.61964980545	0.137442032405
-1.60505836576	0.137754087694
-1.59046692607	0.138063306806
-1.57587548638	0.138369690197
-1.56128404669	0.138673238312
-1.546692607	0.138973951583
-1.53210116731	0.139271830434
-1.51750972763	0.139566875276
-1.50291828794	0.139859086509
-1.48832684825	0.140148464526
-1.47373540856	0.140435009707
-1.45914396887	0.140718722426
-1.44455252918	0.140999603045
-1.42996108949	0.141277651918
-1.4153696498	0.141552869391
-1.40077821012	0.141825255801
-1.38618677043	0.142094811477
-1.37159533074	0.142361536739
-1.35700389105	0.142625431902
-1.34241245136	0.14288649727
-1.32782101167	0.143144733142
-1.31322957198	0.143400139809
-1.29863813229	0.143652717556
-1.28404669261	0.14390246666
-1.26945525292	0.144149387392
-1.25486381323	0.144393480017
-1.24027237354	0.144634744792
-1.22568093385	0.14487318197
-1.21108949416	0.145108791797
-1.19649805447	0.145341574513
-1.18190661479	0.145571530353
-1.1673151751	0.145798659547
-1.15272373541	0.146022962317
-1.13813229572	0.146244438883
-1.12354085603	0.146463089459
-1.10894941634	0.146678914251
-1.09435797665	0.146891913465
-1.07976653696	0.147102087298
-1.06517509728	0.147309435944
-1.05058365759	0.147513959594
-1.0359922179	0.147715658432
-1.02140077821	0.147914532639
-1.00680933852	0.14811058239
-0.992217898832	0.148303807859
-0.977626459143	0.148494209213
-0.963035019454	0.148681786616
-0.948443579766	0.148866540229
-0.933852140077	0.149048470208
-0.919260700388	0.149227576705
-0.9046692607	0.14940385987
-0.890077821011	0.149577319847
-0.875486381322	0.149747956779
-0.860894941633	0.149915770803
-0.846303501945	0.150080762054
-0.831712062256	0.150242930665
-0.817120622567	0.150402276763
-0.802529182879	0.150558800473
-0.78793774319	0.150712501918
-0.773346303501	0.150863381216
-0.758754863812	0.151011438483
-0.744163424124	0.151156673832
-0.729571984435	0.151299087372
-0.714980544746	0.151438679212
-0.700389105058	0.151575449454
-0.685797665369	0.151709398201
-0.67120622568	0.151840525551
-0.656614785991	0.151968831601
-0.642023346303	0.152094316443
-0.627431906614	0.152216980168
-0.612840466925	0.152336822864
-0.598249027237	0.152453844618
-0.583657587548	0.152568045513
-0.569066147859	0.152679425628
-0.55447470817	0.152787985043
-0.539883268482	0.152893723833
-0.525291828793	0.152996642072
-0.510700389104	0.153096739832
-0.496108949416	0.15319401718
-0.481517509727	0.153288474185
-0.466926070038	0.153380110911
-0.452334630349	0.153468927419
-0.437743190661	0.15355492377
-0.423151750972	0.153638100022
-0.408560311283	0.153718456231
-0.393968871594	0.15379599245
-0.379377431906	0.153870708732
-0.364785992217	0.153942605125
-0.350194552528	0.154011681678
-0.33560311284	0.154077938436
-0.321011673151	0.154141375443
-0.306420233462	0.15420199274
-0.291828793773	0.154259790367
-0.277237354085	0.154314768361
-0.262645914396	0.154366926758
-0.248054474707	0.154416265593
-0.233463035019	0.154462784896
-0.21887159533	0.154506484699
-0.204280155641	0.154547365028
-0.189688715952	0.154585425911
-0.175097276264	0.154620667372
-0.160505836575	0.154653089434
-0.145914396886	0.154682692116
-0.131322957198	0.154709475439
-0.116731517509	0.154733439419
-0.10214007782	0.154754584071
-0.0875486381314	0.154772909409
-0.0729571984427	0.154788415445
-0.058365758754	0.154801102188
-0.0437743190653	0.154810969646
-0.0291828793766	0.154818017826
-0.0145914396879	0.154822246732
8.5975671027e-13	0.154823656368
0.0145914396896	0.154822246732
0.0291828793783	0.154818017826
0.043774319067	0.154810969646
0.0583657587557	0.154801102188
0.0729571984444	0.154788415445
0.0875486381332	0.154772909409
0.102140077822	0.154754584071
0.116731517511	0.154733439419
0.131322957199	0.154709475439
0.145914396888	0.154682692116
0.160505836577	0.154653089434
0.175097276265	0.154620667372
0.189688715954	0.154585425911
0.204280155643	0.154547365028
0.218871595332	0.154506484699
0.23346303502	0.154462784896
0.248054474709	0.154416265593
0.262645914398	0.154366926758
0.277237354086	0.154314768361
0.291828793775	0.154259790367
0.306420233464	0.15420199274
0.321011673153	0.154141375443
0.335603112841	0.154077938436
0.35019455253	0.154011681678
0.364785992219	0.153942605125
0.379377431907	0.153870708732
0.393968871596	0.15379599245
0.408560311285	0.153718456231
0.423151750974	0.153638100022
0.437743190662	0.15355492377
0.452334630351	0.153468927419
0.46692607004	0.153380110911
0.481517509729	0.153288474185
0.496108949417	0.15319401718
0.510700389106	0.153096739832
0.525291828795	0.152996642072
0.539883268483	0.152893723833
0.554474708172	0.152787985043
0.569066147861	0.152679425628
0.58365758755	0.152568045513
0.598249027238	0.152453844618
0.612840466927	0.152336822864
0.627431906616	0.152216980168
0.642023346304	0.152094316443
0.656614785993	0.151968831601
0.671206225682	0.151840525551
0.685797665371	0.151709398201
0.700389105059	0.151575449454
0.714980544748	0.151438679212
0.729571984437	0.151299087372
0.744163424125	0.151156673832
0.758754863814	0.151011438483
0.773346303503	0.150863381216
0.787937743192	0.150712501918
0.80252918288	0.150558800473
0.817120622569	0.150402276763
0.831712062258	0.150242930665
0.846303501946	0.150080762054
0.860894941635	0.149915770803
0.875486381324	0.149747956779
0.890077821013	0.149577319847
0.904669260701	0.14940385987
0.91926070039	0.149227576705
0.933852140079	0.149048470208
0.948443579767	0.148866540229
0.963035019456	0.148681786616
0.977626459145	0.148494209213
0.992217898834	0.148303807859
1.00680933852	0.14811058239
1.02140077821	0.147914532639
1.0359922179	0.147715658432
1.05058365759	0.147513959594
1.06517509728	0.147309435944
1.07976653697	0.147102087298
1.09435797665	0.146891913465
1.10894941634	0.146678914251
1.12354085603	0.146463089459
1.13813229572	0.146244438883
1.15272373541	0.146022962317
1.1673151751	0.145798659547
1.18190661479	0.145571530353
1.19649805448	0.145341574513
1.21108949416	0.145108791797
1.22568093385	0.14487318197
1.24027237354	0.144634744792
1.25486381323	0.144393480017
1.26945525292	0.144149387392
1.28404669261	0.14390246666
1.2986381323	0.143652717556
1.31322957199	0.143400139809
1.32782101167	0.143144733142
1.34241245136	0.14288649727
1.35700389105	0.142625431902
1.37159533074	0.142361536739
1.38618677043	0.142094811477
1.40077821012	0.141825255801
1.41536964981	0.141552869391
1.4299610895	0.141277651918
1.44455252918	0.140999603045
1.45914396887	0.140718722426
1.47373540856	0.140435009707
1.48832684825	0.140148464526
1.50291828794	0.139859086509
1.51750972763	0.139566875276
1.53210116732	0.139271830434
1.546692607	0.138973951583
1.56128404669	0.138673238312
1.57587548638	0.138369690197
1.59046692607	0.138063306806
1.60505836576	0.137754087694
1.61964980545	0.137442032405
1.63424124514	0.137127140472
1.64883268483	0.136809411414
1.66342412451	0.136488844738
1.6780155642	0.136165439937
1.69260700389	0.135839196493
1.70719844358	0.135510113871
1.72178988327	0.135178191523
1.73638132296	0.134843428886
1.75097276265	0.134505825381
1.76556420234	0.134165380415
1.78015564202	0.133822093375
1.79474708171	0.133475963634
1.8093385214	0.133126990546
1.82392996109	0.132775173448
1.83852140078	0.132420511656
1.85311284047	0.13206300447
1.86770428016	0.131702651165
1.88229571985	0.131339450999
1.89688715953	0.130973403208
1.91147859922	0.130604507004
1.92607003891	0.130232761576
1.9406614786	0.12985816609
1.95525291829	0.129480719686
1.96984435798	0.12910042148
1.98443579767	0.12871727056
1.99902723736	0.128331265985
2.01361867704	0.127942406788
2.02821011673	0.12755069197
2.04280155642	0.127156120501
2.05739299611	0.12675869132
2.0719844358	0.126358403333
2.08657587549	0.125955255411
2.10116731518	0.125549246387
2.11575875486	0.125140375059
2.13035019455	0.124728640186
2.14494163424	0.124314040486
2.15953307393	0.123896574637
2.17412451362	0.123476241271
2.18871595331	0.123053038976
2.203307393	0.122626966294
2.21789883269	0.122198021717
2.23249027237	0.121766203688
2.24708171206	0.121331510595
2.26167315175	0.120893940774
2.27626459144	0.120453492503
2.29085603113	0.120010164001
2.30544747082	0.119563953425
2.32003891051	0.11911485887
2.3346303502	0.118662878363
2.34922178988	0.118208009862
2.36381322957	0.117750251256
2.37840466926	0.117289600356
2.39299610895	0.116826054899
2.40758754864	0.116359612539
2.42217898833	0.115890270848
2.43677042802	0.115418027311
2.45136186771	0.114942879323
2.46595330739	0.114464824186
2.48054474708	0.113983859103
2.49513618677	0.113499981178
2.50972762646	0.113013187409
2.52431906615	0.112523474687
2.53891050584	0.112030839788
2.55350194553	0.111535279374
2.56809338522	0.111036789983
2.5826848249	0.110535368029
2.59727626459	0.110031009796
2.61186770428	0.109523711431
2.62645914397	0.109013468944
2.64105058366	0.1085002782
2.65564202335	0.107984134912
2.67023346304	0.107465034643
2.68482490272	0.106942972791
2.69941634241	0.106417944595
2.7140077821	0.105889945118
2.72859922179	0.105358969252
2.74319066148	0.104825011705
2.75778210117	0.104288067002
2.77237354086	0.103748129472
2.78696498055	0.103205193251
2.80155642023	0.10265925227
2.81614785992	0.102110300253
2.83073929961	0.10155833071
2.8453307393	0.101003336936
2.85992217899	0.100445311998
2.87451361868	0.0998842487396
2.88910505837	0.0993201397696
2.90369649806	0.0987529774608
2.91828793774	0.0981827539451
2.93287937743	0.0976094611104
2.94747081712	0.0970330905969
2.96206225681	0.0964536337946
2.9766536965	0.0958710818414
2.99124513619	0.0952854256211
3.00583657588	0.094696655763
3.02042801557	0.0941047626413
3.03501945525	0.0935097363764
3.04961089494	0.0929115668365
3.06420233463	0.0923102436403
3.07879377432	0.0917057561611
3.09338521401	0.091098093532
3.1079766537	0.0904872446526
3.12256809339	0.0898731981972
3.13715953307	0.0892559426249
3.15175097276	0.088635466191
3.16634241245	0.0880117569609
3.18093385214	0.0873848028261
3.19552529183	0.086754591522
3.21011673152	0.0861211106492
3.22470817121	0.0854843476961
3.2392996109	0.0848442900661
3.25389105058	0.0842009251064
3.26848249027	0.0835542401407
3.28307392996	0.0829042225063
3.29766536965	0.0822508595931
3.31225680934	0.0815941388889
3.32684824903	0.0809340480272
3.34143968872	0.0802705748402
3.35603112841	0.0796037074174
3.37062256809	0.0789334341678
3.38521400778	0.078259743889
3.39980544747	0.0775826258409
3.41439688716	0.0769020698261
3.42898832685	0.0762180662761
3.44357976654	0.0755306063443
3.45817120623	0.0748396820062
3.47276264592	0.0741452861657
3.4873540856	0.0734474127704
3.50194552529	0.0727460569331
3.51653696498	0.0720412150627
3.53112840467	0.071332885002
3.54571984436	0.0706210661751
3.56031128405	0.0699057597433
3.57490272374	0.0691869687692
3.58949416343	0.0684646983914
3.60408560311	0.0677389560067
3.6186770428	0.0670097514633
3.63326848249	0.0662770972627
3.64785992218	0.0655410087708
3.66245136187	0.0648015044396
3.67704280156	0.0640586060372
3.69163424125	0.0633123388877
3.70622568093	0.0625627321204
3.72081712062	0.0618098189274
3.73540856031	0.0610536368301
3.75	0.0602942279538
3.76459143969	0.0595316393094
3.77918287938	0.0587659230836
3.79377431907	0.0579971369333
3.80836575876	0.0572253442877
3.82295719844	0.0564506146532
3.83754863813	0.0556730239234
3.85214007782	0.0548926546904
3.86673151751	0.0541095965584
3.8813229572	0.0533239464556
3.89591439689	0.0525358089462
3.91050583658	0.0517452965374
3.92509727627	0.0509525299822
3.93968871595	0.0501576385746
3.95428015564	0.0493607604358
3.96887159533	0.0485620427893
3.98346303502	0.0477616422217
3.99805447471	0.0469597249282
4.0126459144	0.046156466939
4.02723735409	0.0453520543248
4.04182879378	0.0445466833782
4.05642023346	0.0437405607686
4.07101167315	0.0429339036676
4.08560311284	0.0421269398419
4.10019455253	0.0413199077114
4.11478599222	0.0405130563688
4.12937743191	0.0397066455586
4.1439688716	0.0389009456128
4.15856031129	0.0380962373397
4.17315175097	0.0372928118646
4.18774319066	0.0364909704188
4.20233463035	0.0356910240762
4.21692607004	0.0348932934338
4.23151750973	0.0340981082356
4.24610894942	0.0333058069386
4.26070038911	0.0325167362195
4.27529182879	0.0317312504207
4.28988326848	0.0309497109375
4.30447470817	0.0301724855438
4.31906614786	0.0293999476596
4.33365758755	0.0286324755601
4.34824902724	0.0278704515272
4.36284046693	0.0271142609485
4.37743190662	0.0263642913626
4.3920233463	0.0256209314571
4.40661478599	0.024884570022
4.42120622568	0.0241555948622
4.43579766537	0.0234343916747
4.45038910506	0.0227213428961
4.46498054475	0.022016826525
4.47957198444	0.0213212149275
4.49416342413	0.0206348736301
4.50875486381	0.0199581601096
4.5233463035	0.0192914225848
4.53793774319	0.0186349988197
4.55252918288	0.0179892149444
4.56712062257	0.0173543843021
4.58171206226	0.0167308063305
4.59630350195	0.0161187654846
4.61089494164	0.0155185302081
4.62548638132	0.0149303519625
4.64007782101	0.0143544643197
4.6546692607	0.0137910821242
4.66926070039	0.0132404007327
4.68385214008	0.0127025953364
4.69844357977	0.0121778203694
4.71303501946	0.0116662090104
4.72762645915	0.0111678727786
4.74221789883	0.0106829012292
4.75680933852	0.0102113617487
4.77140077821	0.00975329945278
4.7859922179	0.00930873718558
4.80058365759	0.00887767562214
4.81517509728	0.00846009347089
4.82976653697	0.00805594777521
4.84435797665	0.00766517431082
4.85894941634	0.00728768807566
4.87354085603	0.00692338386776
4.88813229572	0.00657213694627
4.90272373541	0.00623380377005
4.9173151751	0.00590822280777
4.93190661479	0.00559521541293
4.94649805448	0.00529458675698
4.96108949416	0.00500612681314
4.97568093385	0.00472961138375
4.99027237354	0.00446480316327
5.00486381323	0.00421145282958
5.01945525292	0.00396930015568
5.03404669261	0.00373807513459
5.0486381323	0.00351749910978
5.06322957199	0.00330728590425
5.07782101167	0.0031071429413
5.09241245136	0.00291677235058
5.10700389105	0.00273587205326
5.12159533074	0.00256413682082
5.13618677043	0.00240125930206
5.15077821012	0.00224693101387
5.16536964981	0.00210084329145
5.1799610895	0.0019626881944
5.19455252918	0.00183215936549
5.20914396887	0.00170895283967
5.22373540856	0.00159276780112
5.23832684825	0.00148330728682
5.25291828794	0.00138027883565
5.26750972763	0.00128339508233
5.28210116732	0.00119237429617
5.29669260701	0.00110694086475
5.31128404669	0.00102682572336
5.32587548638	0.000951766731007
5.34046692607	0.000881508994508
5.35505836576	0.000815805142149
5.36964980545	0.000754415548792
5.38424124514	0.000697108514507
5.39883268483	0.000643660398953
5.41342412451	0.000593855713916
5.4280155642	0.00054748717647
5.44260700389	0.000504355725369
5.45719844358	0.000464270503284
5.47178988327	0.000427048807547
5.48638132296	0.000392516012069
5.50097276265	0.000360505463059
5.51556420234	0.000330858351156
5.53015564202	0.000303423562499
5.54474708171	0.000278057511224
5.5593385214	0.000254623955738
5.57392996109	0.000232993801079
5.58852140078	0.000213044889517
5.60311284047	0.000194661781459
5.61770428016	0.000177735528597
5.63229571985	0.000162163441114
5.64688715953	0.000147848850629
5.66147859922	0.000134700870443
5.67607003891	0.000122634154525
5.6906614786	0.000111568656531
5.70525291829	0.000101429390051
5.71984435798	9.21461911494e-05
5.73443579767	8.36534841311e-05
5.74902723736	7.58900513934e-05
5.76361867704	6.87988080762e-05
5.77821011673	6.23265821508e-05
5.79280155642	5.642390048e-05
5.80739299611	5.10447812982e-05
5.8219844358	4.6146533474e-05
5.83657587549	4.16895628452e-05
5.85116731518	3.76371858412e-05
5.86575875487	3.39554505465e-05
5.88035019455	3.06129652984e-05
5.89494163424	2.75807348589e-05
5.90953307393	2.48320041545e-05
5.92412451362	2.23421095331e-05
5.93871595331	2.00883374509e-05
5.953307393	1.80497904706e-05
5.96789883269	1.62072604197e-05
5.98249027237	1.45431085398e-05
5.99708171206	1.30411524312e-05
6.01167315175	1.16865595843e-05
6.02626459144	1.04657472743e-05
6.04085603113	9.36628858656e-06
6.05544747082	8.37682432864e-06
6.07003891051	7.4869805851e-06
6.0846303502	6.6872916632e-06
6.09922178988	5.96912817923e-06
6.11381322957	5.324630035e-06
6.12840466926	4.74664403614e-06
6.14299610895	4.22866590742e-06
6.15758754864	3.76478646491e-06
6.17217898833	3.34964171042e-06
6.18677042802	2.97836662004e-06
6.20136186771	2.64655240554e-06
6.21595330739	2.35020703523e-06
6.23054474708	2.08571880865e-06
6.24513618677	1.84982278797e-06
6.25972762646	1.63956989729e-06
6.27431906615	1.45229850989e-06
6.28891050584	1.28560835204e-06
6.30350194553	1.13733656057e-06
6.31809338522	1.00553574023e-06
6.3326848249	8.88453874992e-07
6.34727626459	7.84515956041e-07
6.36186770428	6.92307197045e-07
6.37645914397	6.10557715251e-07
6.39105058366	5.38128564465e-07
6.40564202335	4.73999013309e-07
6.42023346304	4.17254969134e-07
6.43482490272	3.67078454664e-07
6.44941634241	3.22738050843e-07
6.4640077821	2.83580225438e-07
6.47859922179	2.49021472729e-07
6.49319066148	2.18541195049e-07
6.50778210117	1.91675262126e-07
6.52237354086	1.68010189011e-07
6.53696498055	1.47177877943e-07
6.55155642023	1.28850873805e-07
6.56614785992	1.12738086795e-07
6.58073929961	9.85809397105e-08
6.5953307393	8.61499007362e-08
6.60992217899	7.52413658526e-08
6.62451361868	6.56748580273e-08
6.63910505837	5.72905131473e-08
6.65369649806	4.99468252412e-08
6.66828793774	4.35186259527e-08
6.68287937743	3.78952754311e-08
6.69747081712	3.2979043864e-08
6.71206225681	2.86836647468e-08
6.7266536965	2.49330427231e-08
6.74124513619	2.16601004148e-08
6.75583657588	1.88057501207e-08
6.77042801557	1.63179775944e-08
6.78501945525	1.41510263348e-08
6.79961089494	1.22646719333e-08
6.81420233463	1.06235770448e-08
6.82879377432	9.19671846864e-09
6.84338521401	7.95687867434e-09
6.8579766537	6.88019486891e-09
6.87256809339	5.94575940186e-09
6.88715953308	5.13526593157e-09
6.90175097276	4.43269635103e-09
6.91634241245	3.82404398436e-09
6.93093385214	3.29706903775e-09
6.94552529183	2.84108270556e-09
6.96011673152	2.44675671628e-09
6.97470817121	2.10595544374e-09
6.9892996109	1.81158801944e-09
7.00389105058	1.55747815762e-09
7.01848249027	1.33824965566e-09
7.03307392996	1.14922575402e-09
7.04766536965	9.86340743035e-10
7.06225680934	8.46062380982e-10
7.07684824903	7.25323850107e-10
7.09143968872	6.21464120297e-10
7.10603112841	5.32175718593e-10
7.12062256809	4.55459016921e-10
7.13521400778	3.89582252938e-10
7.14980544747	3.33046588917e-10
7.16439688716	2.84555595566e-10
7.17898832685	2.4298861854e-10
7.19357976654	2.07377549778e-10
7.20817120623	1.76886582302e-10
7.22276264592	1.50794577423e-10
7.2373540856	1.28479717656e-10
7.25194552529	1.09406158216e-10
7.26653696498	9.3112424545e-11
7.28112840467	7.92013345089e-11
7.29571984436	6.7331250586e-11
7.31031128405	5.72084917652e-11
7.32490272374	4.85807556888e-11
7.33949416343	4.12314204257e-11
7.35408560311	3.49746114628e-11
7.3686770428	2.96509340346e-11
7.38326848249	2.51237833752e-11
7.39785992218	2.12761568698e-11
7.41245136187	1.80079015321e-11
7.42704280156	1.52333389687e-11
7.44163424125	1.28792173488e-11
7.45622568094	1.08829465559e-11
7.47081712062	9.19107828554e-12
7.48540856031	7.75799801555e-12
7.5	6.5447999123e-12
7.51459143969	5.51831982873e-12
7.52918287938	4.65030488168e-12
7.54377431907	3.91670018176e-12
7.55836575876	3.29703716613e-12
7.57295719844	2.77390919941e-12
7.58754863813	2.33252221865e-12
7.60214007782	1.96030999387e-12
7.61673151751	1.64660487595e-12
7.6313229572	1.3823562471e-12
7.64591439689	1.15988987982e-12
7.66050583658	9.72702410877e-13
7.67509727627	8.15285901631e-13
7.68968871595	6.82978183325e-13
7.70428015564	5.71835267991e-13
7.71887159533	4.78522650152e-13
7.73346303502	4.00222741502e-13
7.74805447471	3.34556113358e-13
7.7626459144	2.79514513871e-13
7.77723735409	2.33403939397e-13
7.79182879378	1.94796281025e-13
7.80642023346	1.62488278711e-13
7.82101167315	1.35466697578e-13
7.83560311284	1.12878807363e-13
7.85019455253	9.40073634235e-14
7.86478599222	7.82494246401e-14
7.87937743191	6.5098424531e-14
7.8939688716	5.41290086363e-14
7.90856031129	4.49842162398e-14
7.92315175097	3.73646530374e-14
7.93774319066	3.10193488852e-14
7.95233463035	2.5738044667e-14
7.96692607004	2.13446866747e-14
7.98151750973	1.76919455694e-14
7.99610894942	1.46565985417e-14
8.01070038911	1.213564294e-14
8.0252918288	1.00430261156e-14
8.03988326848	8.30689661231e-15
8.05447470817	6.86729383828e-15
8.06906614786	5.67420840298e-15
8.08365758755	4.68595331874e-15
8.09824902724	3.86779868818e-15
8.11284046693	3.19082650817e-15
8.12743190662	2.63097151209e-15
8.1420233463	2.16821781951e-15
8.15661478599	1.78592691605e-15
8.17120622568	1.4702752489e-15
8.18579766537	1.20978450397e-15
8.20038910506	9.94928755007e-16
8.21498054475	8.17806832743e-16
8.22957198444	6.71868762952e-16
8.24416342413	5.51687730876e-16
8.25875486381	4.52769883009e-16
8.2733463035	3.71396030485e-16
8.28793774319	3.04489741866e-16
8.30252918288	2.49507716386e-16
8.31712062257	2.04348455061e-16
8.33171206226	1.67276524307e-16
8.34630350195	1.36859535286e-16
8.36089494164	1.11915886567e-16
8.37548638132	9.147136917e-17
8.39007782101	7.47232178522e-17
8.4046692607	6.10102796612e-17
8.41926070039	4.97883605821e-17
8.43385214008	4.06097304067e-17
8.44844357977	3.31062553238e-17
8.46303501946	2.69753963337e-17
8.47762645915	2.1968663059e-17
8.49221789883	1.78820590685e-17
8.50680933852	1.45482167414e-17
8.52140077821	1.18298814944e-17
8.5359922179	9.61456799022e-18
8.55058365759	7.81012510452e-18
8.56517509728	6.34111025385e-18
8.57976653697	5.14578615192e-18
8.59435797666	4.17366485333e-18
8.60894941634	3.38347355869e-18
8.62354085603	2.741496054e-18
8.63813229572	2.22019973592e-18
8.65272373541	1.79711856619e-18
8.6673151751	1.45392340863e-18
8.68190661479	1.17567397896e-18
8.69649805448	9.50195192541e-19
8.71108949416	7.67572791612e-19
8.72568093385	6.19736391034e-19
8.74027237354	5.00121503395e-19
8.75486381323	4.03389743243e-19
8.76945525292	3.25204193826e-19
8.78404669261	2.62040871404e-19
8.7986381323	2.11039763131e-19
8.81322957199	1.6987967887e-19
8.82782101167	1.36678748417e-19
8.84241245136	1.09911269231e-19
8.85700389105	8.83417795066e-20
8.87159533074	7.09694340634e-20
8.88618677043	5.69850260683e-20
8.90077821012	4.57334308782e-20
8.91536964981	3.66852671289e-20
8.9299610895	2.94125747949e-20
8.94455252918	2.35700011671e-20
8.95914396887	1.88785794742e-20
8.97373540856	1.51134796716e-20
8.98832684825	1.20931988684e-20
9.00291828794	9.67178388259e-21
9.01750972763	7.73137918456e-21
9.03210116732	6.17726366521e-21
9.04669260701	4.93310553668e-21
9.06128404669	3.93760971292e-21
9.07587548638	3.14143145451e-21
9.09046692607	2.50501068262e-21
9.10505836576	1.99649282957e-21
9.11964980545	1.59046446326e-21
9.13424124514	1.26639534432e-21
9.14883268483	1.00788755274e-21
9.16342412452	8.01756049643e-22
9.1780155642	6.37482559498e-22
9.19260700389	5.0661507923e-22
9.20719844358	4.02423417659e-22
9.22178988327	3.19491885726e-22
9.23638132296	2.53540055034e-22
9.25097276265	2.01106634138e-22
9.26556420234	1.59449663943e-22
9.28015564202	1.26360111925e-22
9.29474708171	1.00094123058e-22
9.3093385214	7.92487059038e-23
9.32392996109	6.27167826426e-23
9.33852140078	4.96040564667e-23
9.35311284047	3.9220847788e-23
9.36770428016	3.09975495226e-23
9.38229571985	2.4490890628e-23
9.39688715953	1.93406976392e-23
9.41147859922	1.526759631e-23
9.42607003891	1.20458664591e-23
9.4406614786	9.50087512239e-24
9.45525291829	7.48791994298e-24
9.46984435798	5.90054365112e-24
9.48443579767	4.6486321292e-24
9.49902723736	3.66214786572e-24
9.51361867704	2.88322723963e-24
9.52821011673	2.2696666774e-24
9.54280155642	1.78571252125e-24
9.55739299611	1.4048221059e-24
9.5719844358	1.1037517612e-24
9.58657587549	8.67484118005e-25
9.60116731518	6.81594452958e-25
9.61575875487	5.36029473211e-25
9.63035019455	4.21322610179e-25
9.64494163424	3.3118256749e-25
9.65953307393	2.60094502298e-25
9.67412451362	2.04381242166e-25
9.68871595331	1.60173443156e-25
9.703307393	1.25748884671e-25
9.71789883269	9.87558268928e-26
9.73249027237	7.77344174873e-26
9.74708171206	6.11643333007e-26
9.76167315175	4.81460215968e-26
9.77626459144	3.77736059816e-26
9.79085603113	2.96835367278e-26
9.80544747082	2.32173179703e-26
9.82003891051	1.82634695397e-26
9.8346303502	1.43988606921e-26
9.84922178988	1.14485665942e-26
9.86381322957	9.08976071825e-27
9.87840466926	7.27484353236e-27
9.89299610895	5.81320898677e-27
9.90758754864	4.66723379839e-27
9.92217898833	3.74683153004e-27
9.93677042802	3.03859814601e-27
9.95136186771	2.47101960948e-27
9.96595330739	2.0493867868e-27
9.98054474708	1.70412277737e-27
9.99513618677	1.42985936848e-27
10.0097276265	1.20740227857e-27
10.0243190661	1.04664690455e-27
10.0389105058	9.20664327126e-28
10.0535019455	8.31095036248e-28
10.0680933852	7.62686502278e-28
10.0826848249	7.16586226536e-28
10.0972762646	6.81112458933e-28
10.1118677043	6.45451153285e-28
10.126459144	6.21736926274e-28
10.1410505837	6.18152581291e-28
10.1556420233	6.37172220525e-28
10.170233463	6.44291925999e-28
10.1848249027	6.54177343861e-28
10.1994163424	6.5661988978e-28
10.2140077821	6.60289352672e-28
10.2285992218	6.62177273354e-28
10.2431906615	6.76199615164e-28
10.2577821012	6.95682373782e-28
10.2723735409	7.41937342228e-28
10.2869649805	7.59001885761e-28
10.3015564202	7.7730597667e-28
10.3161478599	7.86526777197e-28
10.3307392996	7.93835874425e-28
10.3453307393	7.87679041339e-28
10.359922179	7.99421910962e-28
10.3745136187	8.18461421761e-28
10.3891050584	8.67226923496e-28
10.4036964981	8.89311778929e-28
10.4182879377	9.06274526709e-28
10.4328793774	9.14211041151e-28
10.4474708171	9.27430490521e-28
10.4620622568	9.2720742065e-28
10.4766536965	9.43379033079e-28
10.4912451362	9.68441450985e-28
10.5058365759	1.03317556918e-27
10.5204280156	1.05693318275e-27
10.5350194553	1.07093808215e-27
10.5496108949	1.07162459073e-27
10.5642023346	1.07535948321e-27
10.5787937743	1.06745674159e-27
10.593385214	1.0761217371e-27
10.6079766537	1.0896902564e-27
10.6225680934	1.14233245879e-27
10.6371595331	1.14660549133e-27
10.6517509728	1.1448756028e-27
10.6663424125	1.13289963412e-27
10.6809338521	1.12559664049e-27
10.6955252918	1.10874065487e-27
10.7101167315	1.11510929477e-27
10.7247081712	1.12193371834e-27
10.7392996109	1.16335738406e-27
10.7538910506	1.16782608202e-27
10.7684824903	1.17237735249e-27
10.78307393	1.17071604799e-27
10.7976653697	1.17940234662e-27
10.8122568093	1.16338708983e-27
10.826848249	1.16165049453e-27
10.8414396887	1.17084625161e-27
10.8560311284	1.21629654623e-27
10.8706225681	1.21762291448e-27
10.8852140078	1.21124462405e-27
10.8998054475	1.19041526828e-27
10.9143968872	1.1843029053e-27
10.9289883268	1.16182441221e-27
10.9435797665	1.15322184242e-27
10.9581712062	1.14193775259e-27
10.9727626459	1.17955729385e-27
10.9873540856	1.17944437359e-27
11.0019455253	1.16635625019e-27
11.016536965	1.15712474359e-27
11.0311284047	1.15817038368e-27
11.0457198444	1.16206142782e-27
11.060311284	1.19246461809e-27
11.0749027237	1.22959374404e-27
11.0894941634	1.32355665921e-27
11.1040856031	1.42130432443e-27
11.1186770428	1.56417771936e-27
11.1332684825	1.75583932841e-27
11.1478599222	2.03500135062e-27
11.1624513619	2.42507903926e-27
11.1770428016	2.9872073845e-27
11.1916342412	3.77375702468e-27
11.2062256809	4.88783606257e-27
11.2208171206	6.30153262228e-27
11.2354085603	8.3654710509e-27
11.25	1.02919830826e-26
11.2645914397	8.36253701687e-27
11.2791828794	6.24739992577e-27
11.2937743191	4.76927520329e-27
11.3083657588	3.62942225751e-27
11.3229571984	2.78381932606e-27
11.3375486381	2.14680664519e-27
11.3521400778	1.66912484865e-27
11.3667315175	1.31040103811e-27
11.3813229572	1.03944759678e-27
11.3959143969	8.42635513431e-28
11.4105058366	6.95189772552e-28
11.4250972763	5.90069316723e-28
11.439688716	5.14762389234e-28
11.4542801556	4.57508474533e-28
11.4688715953	4.16714016545e-28
11.483463035	3.88804939931e-28
11.4980544747	3.62654023373e-28
11.5126459144	3.50775488842e-28
11.5272373541	3.39239742528e-28
11.5418287938	3.3219016944e-28
11.5564202335	3.29943925727e-28
11.5710116732	3.2831920055e-28
11.5856031128	3.25943078023e-28
11.6001945525	3.31157578037e-28
11.6147859922	3.30848834134e-28
11.6293774319	3.34820099298e-28
11.6439688716	3.35605189424e-28
11.6585603113	3.38513666431e-28
11.673151751	3.28401038006e-28
11.6877431907	3.29187861098e-28
11.7023346304	3.29866046268e-28
11.71692607	3.35706694401e-28
11.7315175097	3.39303108442e-28
11.7461089494	3.50289649189e-28
11.7607003891	3.66066529755e-28
11.7752918288	3.89908288352e-28
11.7898832685	4.09300447558e-28
11.8044747082	4.30017564829e-28
11.8190661479	4.52599508229e-28
11.8336575876	4.75744679203e-28
11.8482490272	4.91714739749e-28
11.8628404669	5.1934309237e-28
11.8774319066	5.46379638203e-28
11.8920233463	5.68946276788e-28
11.906614786	5.85414611824e-28
11.9212062257	5.98298685024e-28
11.9357976654	6.04377238233e-28
11.9503891051	6.16146849119e-28
11.9649805447	6.17874390115e-28
11.9795719844	6.17878494893e-28
11.9941634241	6.10672326065e-28
12.0087548638	6.05518325852e-28
12.0233463035	5.92317764988e-28
12.0379377432	5.89972510831e-28
12.0525291829	5.86618917656e-28
12.0671206226	5.82139209787e-28
12.0817120623	5.72631549111e-28
12.0963035019	5.71876052613e-28
12.1108949416	5.7194686145e-28
12.1254863813	5.86201941019e-28
12.140077821	6.02204433358e-28
12.1546692607	6.13734960556e-28
12.1692607004	6.19606247359e-28
12.1838521401	6.26823402515e-28
12.1984435798	6.25402745034e-28
12.2130350195	6.2522458272e-28
12.2276264591	6.25749089267e-28
12.2422178988	6.31332952571e-28
12.2568093385	6.44185655756e-28
12.2714007782	6.55902500887e-28
12.2859922179	6.59935799551e-28
12.3005836576	6.69982225312e-28
12.3151750973	6.69311142632e-28
12.329766537	6.68004280799e-28
12.3443579767	6.70413895658e-28
12.3589494163	6.73291501629e-28
12.373540856	6.83388944198e-28
12.3881322957	6.96724789013e-28
12.4027237354	7.0183560936e-28
12.4173151751	7.01954620719e-28
12.4319066148	6.93991903944e-28
12.4464980545	6.88146973172e-28
12.4610894942	6.86932027798e-28
12.4756809339	6.97102831162e-28
12.4902723735	7.16248153699e-28
12.5048638132	7.28846665076e-28
12.5194552529	7.37859823396e-28
12.5340466926	7.42054156595e-28
12.5486381323	7.34943896057e-28
12.563229572	7.30112994376e-28
12.5778210117	7.24432015639e-28
12.5924124514	7.2045465375e-28
12.6070038911	7.27351509739e-28
12.6215953307	7.20683034418e-28
12.6361867704	7.11557152446e-28
12.6507782101	6.98706769981e-28
12.6653696498	6.83754045778e-28
12.6799610895	6.78453482524e-28
12.6945525292	6.8286931648e-28
12.7091439689	6.93341255275e-28
12.7237354086	7.2774981874e-28
12.7383268483	7.46607688158e-28
12.7529182879	7.49223232665e-28
12.7675097276	7.42545116724e-28
12.7821011673	7.36551796667e-28
12.796692607	7.27087712146e-28
12.8112840467	7.30536068041e-28
12.8258754864	7.47558427935e-28
12.8404669261	7.78146689901e-28
12.8550583658	7.87007120364e-28
12.8696498054	7.91543390159e-28
12.8842412451	7.85583087893e-28
12.8988326848	7.7299923101e-28
12.9134241245	7.64626541945e-28
12.9280155642	7.6622410621e-28
12.9426070039	7.71614302074e-28
12.9571984436	7.90474443817e-28
12.9717898833	7.93088763315e-28
12.986381323	7.92269006214e-28
13.0009727626	7.81676476437e-28
13.0155642023	7.6903765766e-28
13.030155642	7.56796514475e-28
13.0447470817	7.55100750019e-28
13.0593385214	7.64252508323e-28
13.0739299611	8.0004337433e-28
13.0885214008	8.13640849279e-28
13.1031128405	8.14356006914e-28
13.1177042802	8.05557187223e-28
13.1322957198	7.98128799541e-28
13.1468871595	7.88051750384e-28
13.1614785992	7.93209808249e-28
13.1760700389	8.11490637257e-28
13.1906614786	8.52221266263e-28
13.2052529183	8.6013358692e-28
13.219844358	8.68343067077e-28
13.2344357977	8.61260353602e-28
13.2490272374	8.4941378288e-28
13.263618677	8.44017687572e-28
13.2782101167	8.45062659334e-28
13.2928015564	8.46265814068e-28
13.3073929961	8.7711578045e-28
13.3219844358	8.89133962448e-28
13.3365758755	8.93854442343e-28
13.3511673152	8.79844274311e-28
13.3657587549	8.66622577334e-28
13.3803501946	8.47626849001e-28
13.3949416342	8.41655441365e-28
13.4095330739	8.50025908781e-28
13.4241245136	8.84608778681e-28
13.4387159533	8.90498433811e-28
13.453307393	8.96457915298e-28
13.4678988327	8.93200913771e-28
13.4824902724	8.90718931497e-28
13.4970817121	8.75079029498e-28
13.5116731518	8.79579451113e-28
13.5262645914	8.9611714267e-28
13.5408560311	9.37041462709e-28
13.5554474708	9.55647653837e-28
13.5700389105	9.67357467457e-28
13.5846303502	9.62234767875e-28
13.5992217899	9.5332368675e-28
13.6138132296	9.45474510595e-28
13.6284046693	9.53598210874e-28
13.642996109	9.6074687769e-28
13.6575875486	1.00791630166e-27
13.6721789883	1.02502260484e-27
13.686770428	1.03023974361e-27
13.7013618677	1.02646103449e-27
13.7159533074	1.03186910747e-27
13.7305447471	1.02561565661e-27
13.7451361868	1.02645925165e-27
13.7597276265	1.03710177521e-27
13.7743190661	1.07808501692e-27
13.7889105058	1.08343819895e-27
13.8035019455	1.08826693993e-27
13.8180933852	1.07229286814e-27
13.8326848249	1.06004976216e-27
13.8472762646	1.05155670638e-27
13.8618677043	1.06456044669e-27
13.876459144	1.07689011124e-27
13.8910505837	1.11648933504e-27
13.9056420233	1.12646914373e-27
13.920233463	1.13391732311e-27
13.9348249027	1.12289803425e-27
13.9494163424	1.12443686863e-27
13.9640077821	1.12183791841e-27
13.9785992218	1.1331601171e-27
13.9931906615	1.1433883229e-27
14.0077821012	1.19265941073e-27
14.0223735409	1.20185630422e-27
14.0369649805	1.19676905813e-27
14.0515564202	1.18137089759e-27
14.0661478599	1.1768673354e-27
14.0807392996	1.15713993739e-27
14.0953307393	1.1630491993e-27
14.109922179	1.17827984202e-27
14.1245136187	1.22924717701e-27
14.1391050584	1.2330266992e-27
14.1536964981	1.23476659121e-27
14.1682879377	1.21468263344e-27
14.1828793774	1.20268077669e-27
14.1974708171	1.18749332519e-27
14.2120622568	1.18829882671e-27
14.2266536965	1.18857565052e-27
14.2412451362	1.23614498961e-27
14.2558365759	1.25089783374e-27
14.2704280156	1.25788584087e-27
14.2850194553	1.23774961761e-27
14.2996108949	1.23298293536e-27
14.3142023346	1.2200603713e-27
14.3287937743	1.22259519649e-27
14.343385214	1.22960319799e-27
14.3579766537	1.28164644317e-27
14.3725680934	1.28686573883e-27
14.3871595331	1.27698299138e-27
14.4017509728	1.2512320687e-27
14.4163424125	1.24112349716e-27
14.4309338521	1.21382592782e-27
14.4455252918	1.21017910458e-27
14.4601167315	1.2101882703e-27
14.4747081712	1.2431944997e-27
14.4892996109	1.24332932783e-27
14.5038910506	1.24764635501e-27
14.5184824903	1.23054388346e-27
14.53307393	1.22588068627e-27
14.5476653697	1.21695250428e-27
14.5622568093	1.21807888925e-27
14.576848249	1.2125538344e-27
14.5914396887	1.25444883945e-27
14.6060311284	1.2560319343e-27
14.6206225681	1.25256359505e-27
14.6352140078	1.22088705702e-27
14.6498054475	1.20424933689e-27
14.6643968872	1.18078793056e-27
14.6789883268	1.16814414947e-27
14.6935797665	1.15345342488e-27
14.7081712062	1.17186292713e-27
14.7227626459	1.15445945692e-27
14.7373540856	1.13930655645e-27
14.7519455253	1.10145075628e-27
14.766536965	1.07973426687e-27
14.7811284047	1.03745872028e-27
14.7957198444	1.01560829399e-27
14.810311284	9.87826964334e-28
14.8249027237	9.74783602529e-28
14.8394941634	9.25541458879e-28
14.8540856031	8.7292789414e-28
14.8686770428	8.06766606229e-28
14.8832684825	7.60582122381e-28
14.8978599222	7.24795300758e-28
14.9124513619	7.20918931859e-28
14.9270428016	7.55785219192e-28
14.9416342412	8.93781865742e-28
14.9562256809	1.12444496538e-27
14.9708171206	1.51050719752e-27
14.9854085603	2.25550468847e-27
15.0	3.04872337108e-27
