-14.9854085603	2.76322820579e-27
-14.9708171206	1.66179079771e-27
-14.9562256809	1.02358083467e-27
-14.9416342412	6.11494959497e-28
-14.9270428016	3.69040858488e-28
-14.9124513619	2.27439660118e-28
-14.8978599222	1.58908286473e-28
-14.8832684825	1.27690168609e-28
-14.8686770428	1.25068438168e-28
-14.8540856031	1.32527188367e-28
-14.8394941634	1.49141150027e-28
-14.8249027237	1.53970105405e-28
-14.810311284	1.74373141497e-28
-14.7957198444	1.91017540702e-28
-14.7811284047	2.14580945787e-28
-14.766536965	2.32138667598e-28
-14.7519455253	2.49706554239e-28
-14.7373540856	2.60880754235e-28
-14.7227626459	2.65792258054e-28
-14.7081712062	2.49301247955e-28
-14.6935797665	2.5304770745e-28
-14.6789883268	2.5862105533e-28
-14.6643968872	2.70349995581e-28
-14.6498054475	2.77281200505e-28
-14.6352140078	2.92458323693e-28
-14.6206225681	2.94830568229e-28
-14.6060311284	2.93562652401e-28
-14.5914396887	2.73488721485e-28
-14.576848249	2.72101208902e-28
-14.5622568093	2.73209270938e-28
-14.5476653696	2.8462048444e-28
-14.53307393	2.88477999645e-28
-14.5184824903	2.98049301986e-28
-14.5038910506	2.99801665023e-28
-14.4892996109	2.99620240173e-28
-14.4747081712	2.79308318871e-28
-14.4601167315	2.78871321954e-28
-14.4455252918	2.80061675129e-28
-14.4309338521	2.90313958306e-28
-14.4163424125	2.93011999174e-28
-14.4017509728	3.01026321725e-28
-14.3871595331	2.99908538139e-28
-14.3725680934	2.97857340081e-28
-14.3579766537	2.72847302117e-28
-14.343385214	2.68400380658e-28
-14.3287937743	2.66120931918e-28
-14.3142023346	2.73694211279e-28
-14.2996108949	2.76808833412e-28
-14.2850194553	2.86589597082e-28
-14.2704280156	2.87222819177e-28
-14.2558365759	2.84930550903e-28
-14.2412451362	2.6255404802e-28
-14.2266536965	2.59826036469e-28
-14.2120622568	2.56264589417e-28
-14.1974708171	2.63031549832e-28
-14.1828793774	2.64637015087e-28
-14.1682879377	2.7114090624e-28
-14.1536964981	2.68318292124e-28
-14.1391050584	2.63056464419e-28
-14.1245136187	2.36547377921e-28
-14.109922179	2.29685423512e-28
-14.0953307393	2.24249462628e-28
-14.0807392996	2.28956119808e-28
-14.0661478599	2.30221202806e-28
-14.0515564202	2.37025388436e-28
-14.0369649805	2.34557011214e-28
-14.0223735409	2.30099890516e-28
-14.0077821012	2.05263988724e-28
-13.9931906615	1.98807168751e-28
-13.9785992218	1.93270196374e-28
-13.9640077821	1.96515716934e-28
-13.9494163424	1.94623888633e-28
-13.9348249027	1.9835381028e-28
-13.920233463	1.93649660002e-28
-13.9056420233	1.86708486641e-28
-13.8910505837	1.63555003789e-28
-13.876459144	1.57481808349e-28
-13.8618677043	1.52416072065e-28
-13.8472762646	1.55952335135e-28
-13.8326848249	1.55445274928e-28
-13.8180933852	1.60302112145e-28
-13.8035019455	1.56940470113e-28
-13.7889105058	1.50312783142e-28
-13.7743190661	1.28797450301e-28
-13.7597276265	1.23432377001e-28
-13.7451361868	1.1885139652e-28
-13.7305447471	1.20931758947e-28
-13.7159533074	1.19841825656e-28
-13.7013618677	1.23011165509e-28
-13.686770428	1.17816554653e-28
-13.6721789883	1.11917365813e-28
-13.6575875486	9.30619610024e-29
-13.6429961089	8.76095798405e-29
-13.6284046693	8.3987445918e-29
-13.6138132296	8.55972972845e-29
-13.5992217899	8.53037822336e-29
-13.5846303502	8.96778434216e-29
-13.5700389105	8.70998112721e-29
-13.5554474708	8.33486652098e-29
-13.5408560311	6.92807914536e-29
-13.5262645914	6.64509501137e-29
-13.5116731518	6.47907904952e-29
-13.4970817121	6.78026010811e-29
-13.4824902724	6.92343405021e-29
-13.4678988327	7.27507181292e-29
-13.453307393	7.05638917752e-29
-13.4387159533	6.69166389904e-29
-13.4241245136	5.45109708527e-29
-13.4095330739	5.17582721459e-29
-13.3949416342	4.90321742841e-29
-13.3803501946	5.11107279431e-29
-13.3657587549	5.17386696179e-29
-13.3511673152	5.51762576316e-29
-13.3365758755	5.52416528599e-29
-13.3219844358	5.49723380326e-29
-13.3073929961	4.93211553758e-29
-13.2928015564	4.96781090107e-29
-13.2782101167	5.08880357008e-29
-13.263618677	5.2981314515e-29
-13.2490272374	5.27927608262e-29
-13.2344357977	5.45472126084e-29
-13.219844358	5.20669245522e-29
-13.2052529183	4.97838540674e-29
-13.1906614786	4.49884956478e-29
-13.1760700389	4.41701599742e-29
-13.1614785992	4.36862295747e-29
-13.1468871595	4.38449516095e-29
-13.1322957198	4.26392595847e-29
-13.1177042802	4.25958547374e-29
-13.1031128405	4.03609738105e-29
-13.0885214008	3.74256957673e-29
-13.0739299611	3.28944461919e-29
-13.0593385214	3.13450426467e-29
-13.0447470817	3.01909957217e-29
-13.030155642	2.90772872223e-29
-13.0155642023	2.87604145941e-29
-13.0009727626	2.86535806451e-29
-12.986381323	2.71407004493e-29
-12.9717898833	2.62585797492e-29
-12.9571984436	2.5711486574e-29
-12.9426070039	2.63580430163e-29
-12.9280155642	2.72187123236e-29
-12.9134241245	2.61910246097e-29
-12.8988326848	2.61093244607e-29
-12.8842412451	2.67879465447e-29
-12.8696498054	2.829775275e-29
-12.8550583658	3.07482636434e-29
-12.8404669261	3.79159502432e-29
-12.8258754864	4.33598840753e-29
-12.8112840467	4.72126920934e-29
-12.796692607	4.86809684542e-29
-12.7821011673	5.1084585708e-29
-12.7675097276	5.12554219434e-29
-12.7529182879	5.32709820747e-29
-12.7383268482	5.64560945391e-29
-12.7237354086	6.41396338947e-29
-12.7091439689	6.69068534742e-29
-12.6945525292	7.00911669808e-29
-12.6799610895	6.8424598906e-29
-12.6653696498	6.87501554962e-29
-12.6507782101	6.78161332893e-29
-12.6361867704	7.15637029841e-29
-12.6215953307	7.76343006118e-29
-12.6070038911	9.1563119208e-29
-12.5924124514	9.89526118374e-29
-12.5778210117	1.05110136827e-28
-12.563229572	1.02652132713e-28
-12.5486381323	1.02059428979e-28
-12.5340466926	1.01203015574e-28
-12.5194552529	1.06219199322e-28
-12.5048638132	1.15002610799e-28
-12.4902723735	1.37894249056e-28
-12.4756809339	1.48509154159e-28
-12.4610894942	1.57998419698e-28
-12.4464980545	1.60658697973e-28
-12.4319066148	1.64265868737e-28
-12.4173151751	1.65203406971e-28
-12.4027237354	1.74479581852e-28
-12.3881322957	1.86321669414e-28
-12.373540856	2.16329297339e-28
-12.3589494163	2.31899960125e-28
-12.3443579767	2.44277777931e-28
-12.329766537	2.46941513892e-28
-12.3151750973	2.55897038486e-28
-12.3005836576	2.59277581829e-28
-12.2859922179	2.74617219482e-28
-12.2714007782	2.94471645098e-28
-12.2568093385	3.36913187028e-28
-12.2422178988	3.60009446629e-28
-12.2276264591	3.77584495112e-28
-12.2130350195	3.80437719126e-28
-12.1984435798	3.8888798201e-28
-12.1838521401	3.90797073803e-28
-12.1692607004	4.0180387649e-28
-12.1546692607	4.14746401041e-28
-12.140077821	4.54468558394e-28
-12.1254863813	4.69338752435e-28
-12.1108949416	4.78086504096e-28
-12.0963035019	4.68600577427e-28
-12.0817120623	4.67859700484e-28
-12.0671206226	4.65168286184e-28
-12.0525291829	4.77771436516e-28
-12.0379377432	4.92331800091e-28
-12.0233463035	5.35595150612e-28
-12.0087548638	5.54022049026e-28
-11.9941634241	5.70467599991e-28
-11.9795719844	5.70140086406e-28
-11.9649805447	5.76518384054e-28
-11.9503891051	5.74676730612e-28
-11.9357976654	5.8958961986e-28
-11.9212062257	6.11369978562e-28
-11.906614786	6.62559594446e-28
-11.8920233463	6.8164092014e-28
-11.8774319066	6.95382431128e-28
-11.8628404669	6.87063367623e-28
-11.8482490272	6.86629347234e-28
-11.8336575875	6.81444598236e-28
-11.8190661479	6.905493236e-28
-11.8044747082	7.04886918995e-28
-11.7898832685	7.52968568023e-28
-11.7752918288	7.64643553311e-28
-11.7607003891	7.66024249214e-28
-11.7461089494	7.51315670227e-28
-11.7315175097	7.51998536708e-28
-11.71692607	7.52854040555e-28
-11.7023346304	7.71039999783e-28
-11.6877431907	7.80781342863e-28
-11.673151751	8.22560854792e-28
-11.6585603113	8.30295989381e-28
-11.6439688716	8.25549881804e-28
-11.6293774319	8.02980155268e-28
-11.6147859922	7.90864029813e-28
-11.6001945525	7.68291281188e-28
-11.5856031128	7.69082520739e-28
-11.5710116732	7.69414438486e-28
-11.5564202335	7.94546865899e-28
-11.5418287938	7.75030609392e-28
-11.5272373541	7.52245943455e-28
-11.5126459144	7.0957822185e-28
-11.4980544747	6.71007842872e-28
-11.483463035	6.34558585834e-28
-11.4688715953	6.13516408188e-28
-11.4542801556	5.99702303889e-28
-11.439688716	6.21610072936e-28
-11.4250972763	6.12340613875e-28
-11.4105058366	6.10603520198e-28
-11.3959143969	6.21447877107e-28
-11.3813229572	6.86674626426e-28
-11.3667315175	8.1096833873e-28
-11.3521400778	1.03637634022e-27
-11.3375486381	1.37309179076e-27
-11.3229571984	1.88983701701e-27
-11.3083657588	2.59604195255e-27
-11.2937743191	3.6138552798e-27
-11.2791828794	4.98560458309e-27
-11.2645914397	7.06506476302e-27
-11.25	9.00272429522e-27
-11.2354085603	6.92308498731e-27
-11.2208171206	4.74449181349e-27
-11.2062256809	3.28732668596e-27
-11.1916342412	2.21664443608e-27
-11.1770428016	1.47003385798e-27
-11.1624513619	9.46215598725e-28
-11.1478599222	6.01463121899e-28
-11.1332684825	3.79035741523e-28
-11.1186770428	2.42154587769e-28
-11.1040856031	1.68110443424e-28
-11.0894941634	1.27144573921e-28
-11.0749027237	1.30368214411e-28
-11.060311284	1.5486881677e-28
-11.0457198444	1.95571495741e-28
-11.0311284047	2.37144273405e-28
-11.016536965	2.81994493802e-28
-11.0019455253	3.13150916756e-28
-10.9873540856	3.42469494346e-28
-10.9727626459	3.45706481656e-28
-10.9581712062	3.61241947018e-28
-10.9435797665	3.7526892525e-28
-10.9289883268	3.93460432614e-28
-10.9143968872	3.96914561943e-28
-10.8998054475	3.94694662092e-28
-10.8852140078	3.78240591702e-28
-10.8706225681	3.44121298049e-28
-10.8560311284	2.82665759668e-28
-10.8414396887	2.44540110526e-28
-10.826848249	2.06556221351e-28
-10.8122568093	1.79692115149e-28
-10.7976653696	1.50466549041e-28
-10.78307393	1.30688798724e-28
-10.7684824903	1.20448871636e-28
-10.7538910506	1.38470638734e-28
-10.7392996109	1.95525205407e-28
-10.7247081712	3.289529412e-28
-10.7101167315	5.47192132976e-28
-10.6955252918	8.85063733314e-28
-10.6809338521	1.3907480342e-27
-10.6663424125	2.11155808044e-27
-10.6517509728	3.13263107987e-27
-10.6371595331	4.57804695025e-27
-10.6225680934	6.59431221797e-27
-10.6079766537	9.24997866973e-27
-10.593385214	1.27909801839e-26
-10.5787937743	1.74575410223e-26
-10.5642023346	2.36555353165e-26
-10.5496108949	3.1862965497e-26
-10.5350194553	4.2650959025e-26
-10.5204280156	5.68387923842e-26
-10.5058365759	7.55558479306e-26
-10.4912451362	9.98460583468e-26
-10.4766536965	1.31458253475e-25
-10.4620622568	1.72508344603e-25
-10.4474708171	2.25860802173e-25
-10.4328793774	2.9490360053e-25
-10.4182879377	3.84474340706e-25
-10.4036964981	5.00467311221e-25
-10.3891050584	6.50944495631e-25
-10.3745136187	8.44525540498e-25
-10.359922179	1.09340157808e-24
-10.3453307393	1.41292341155e-24
-10.3307392996	1.82350955234e-24
-10.3161478599	2.35014408962e-24
-10.3015564202	3.02566942405e-24
-10.2869649805	3.8919310158e-24
-10.2723735409	5.0032406222e-24
-10.2577821012	6.42387814983e-24
-10.2431906615	8.24086592921e-24
-10.2285992218	1.0563480233e-23
-10.2140077821	1.35308342777e-23
-10.1994163424	1.73197841405e-23
-10.1848249027	2.21554852171e-23
-10.170233463	2.83221036701e-23
-10.1556420233	3.61870129262e-23
-10.1410505837	4.61996359558e-23
-10.126459144	5.89430953527e-23
-10.1118677043	7.51568417573e-23
-10.0972762646	9.57732601096e-23
-10.0826848249	1.21967622644e-22
-10.0680933852	1.55242607519e-22
-10.0535019455	1.97490591987e-22
-10.0389105058	2.51108863403e-22
-10.0243190661	3.19093241905e-22
-10.0097276265	4.05253897847e-22
-9.99513618677	5.143979822e-22
-9.98054474708	6.5258854649e-22
-9.96595330739	8.2745112131e-22
-9.9513618677	1.0486138532e-21
-9.93677042802	1.32819960408e-21
-9.92217898833	1.68143849419e-21
-9.90758754864	2.1274292963e-21
-9.89299610895	2.69026731491e-21
-9.87840466926	3.40015821018e-21
-9.86381322957	4.29510139261e-21
-9.84922178988	5.42272654829e-21
-9.83463035019	6.84280095226e-21
-9.82003891051	8.63024779352e-21
-9.80544747082	1.08789336591e-20
-9.79085603113	1.37061831161e-20
-9.77626459144	1.72590430679e-20
-9.76167315175	2.17213205301e-20
-9.74708171206	2.73228171221e-20
-9.73249027237	3.43505580523e-20
-9.71789883268	4.31631885543e-20
-9.703307393	5.42080280404e-20
-9.68871595331	6.8043214747e-20
-9.67412451362	8.53639438418e-20
-9.65953307393	1.07036850954e-19
-9.64494163424	1.34140925267e-19
-9.63035019455	1.68019183263e-19
-9.61575875486	2.10341828186e-19
-9.60116731517	2.63185485173e-19
-9.58657587549	3.29129971e-19
-9.5719844358	4.11379178673e-19
-9.55739299611	5.13907791747e-19
-9.54280155642	6.41647241521e-19
-9.52821011673	8.00710552488e-19
-9.51361867704	9.98672535271e-19
-9.49902723735	1.24491197701e-18
-9.48443579767	1.55103648292e-18
-9.46984435798	1.93140370901e-18
-9.45525291829	2.40376386567e-18
-9.4406614786	2.99004328117e-18
-9.42607003891	3.71732149283e-18
-9.41147859922	4.61901705803e-18
-9.39688715953	5.73635035599e-18
-9.38229571984	7.12013412765e-18
-9.36770428016	8.83297405727e-18
-9.35311284047	1.0951958313e-17
-9.33852140078	1.35719583278e-17
-9.32392996109	1.68096516672e-17
-9.3093385214	2.08084742048e-17
-9.29474708171	2.57446419982e-17
-9.28015564202	3.18345311723e-17
-9.26556420233	3.93436604778e-17
-9.25097276265	4.85976856936e-17
-9.23638132296	5.99957812151e-17
-9.22178988327	7.4026961288e-17
-9.20719844358	9.12899343972e-17
-9.19260700389	1.12517339748e-16
-9.1780155642	1.38605147892e-16
-9.16342412451	1.70648473248e-16
-9.14883268482	2.09985038498e-16
-9.13424124514	2.58248000041e-16
-9.11964980545	3.17430030975e-16
-9.10505836576	3.89961078704e-16
-9.09046692607	4.78802532694e-16
-9.07587548638	5.87561472613e-16
-9.06128404669	7.20628817578e-16
-9.046692607	8.83346620724e-16
-9.03210116731	1.08221022793e-15
-9.01750972763	1.32511273757e-15
-9.00291828794	1.62164011258e-15
-8.98832684825	1.98342751954e-15
-8.97373540856	2.42458893797e-15
-8.95914396887	2.96223550645e-15
-8.94455252918	3.61709956124e-15
-8.92996108949	4.41428633278e-15
-8.91536964981	5.38417822903e-15
-8.90077821012	6.56352253361e-15
-8.88618677043	7.99673837931e-15
-8.87159533074	9.73748675146e-15
-8.85700389105	1.18505544993e-14
-8.84241245136	1.4414115339e-14
-8.82782101167	1.75224392388e-14
-8.81322957198	2.12891392087e-14
-8.7986381323	2.58510582554e-14
-8.78404669261	3.13729207915e-14
-8.76945525292	3.80528940674e-14
-8.75486381323	4.61292352034e-14
-8.74027237354	5.58882283367e-14
-8.72568093385	6.7673659793e-14
-8.71108949416	8.18981174815e-14
-8.69649805447	9.90564615527e-14
-8.68190661479	1.1974186918e-13
-8.6673151751	1.44664937526e-13
-8.65272373541	1.74676408377e-13
-8.63813229572	2.10794187967e-13
-8.62354085603	2.54235448359e-13
-8.60894941634	3.06454749261e-13
-8.59435797665	3.69189267558e-13
-8.57976653696	4.44512438449e-13
-8.56517509728	5.34897518627e-13
-8.55058365759	6.43292867636e-13
-8.5359922179	7.73211041451e-13
-8.52140077821	9.28834168829e-13
-8.50680933852	1.11513849461e-12
-8.49221789883	1.33804149777e-12
-8.47762645914	1.60457553362e-12
-8.46303501945	1.92309267091e-12
-8.44844357977	2.30350614669e-12
-8.43385214008	2.75757480985e-12
-8.41926070039	3.29923796788e-12
-8.4046692607	3.94500931779e-12
-8.39007782101	4.71444004876e-12
-8.37548638132	5.63066293297e-12
-8.36089494163	6.72103108212e-12
-8.34630350195	8.01786737625e-12
-8.33171206226	9.55934309451e-12
-8.31712062257	1.13905073579e-11
-8.30252918288	1.3564492393e-11
-8.28793774319	1.61439237151e-11
-8.2733463035	1.92025688735e-11
-8.25875486381	2.28272638503e-11
-8.24416342412	2.71201621922e-11
-8.22957198444	3.22013592084e-11
-8.21498054475	3.8211951535e-11
-8.20038910506	4.53176018516e-11
-8.18579766537	5.37126891422e-11
-8.17120622568	6.36251373108e-11
-8.15661478599	7.53220289099e-11
-8.1420233463	8.91161271505e-11
-8.12743190661	1.05373447441e-10
-8.11284046693	1.24522041221e-10
-8.09824902724	1.47062178641e-10
-8.08365758755	1.7357814439e-10
-8.06906614786	2.04751892078e-10
-8.05447470817	2.41378838612e-10
-8.03988326848	2.84386120197e-10
-8.02529182879	3.34853678402e-10
-8.0107003891	3.9403859638e-10
-7.99610894942	4.6340316572e-10
-7.98151750973	5.44647231098e-10
-7.96692607004	6.39745437021e-10
-7.95233463035	7.50990086766e-10
-7.93774319066	8.8104042198e-10
-7.92315175097	1.03297924106e-09
-7.90856031128	1.21037789988e-09
-7.89396887159	1.41737087732e-09
-7.87937743191	1.65874124777e-09
-7.86478599222	1.94001857851e-09
-7.85019455253	2.26759097132e-09
-7.83560311284	2.64883318974e-09
-7.82101167315	3.09225306633e-09
-7.80642023346	3.60765866355e-09
-7.79182879377	4.20634897886e-09
-7.77723735409	4.90133133288e-09
-7.7626459144	5.7075689749e-09
-7.74805447471	6.64226287528e-09
-7.73346303502	7.72517216263e-09
-7.71887159533	8.97897820381e-09
-7.70428015564	1.0429697929e-08
-7.68968871595	1.21071526689e-08
-7.67509727626	1.40454995145e-08
-7.66050583658	1.62838330262e-08
-7.64591439689	1.88668660256e-08
-7.6313229572	2.1845699204e-08
-7.61673151751	2.52786903823e-08
-7.60214007782	2.92324354718e-08
-7.58754863813	3.37828745192e-08
-7.57295719844	3.90165376831e-08
-7.55836575875	4.50319476011e-08
-7.54377431907	5.19411963554e-08
-7.52918287938	5.9871717177e-08
-7.51459143969	6.89682731221e-08
-7.5	7.93951872362e-08
-7.48540856031	9.13388412166e-08
-7.47081712062	1.05010472318e-07
-7.45622568093	1.20649301049e-07
-7.44163424124	1.38526025561e-07
-7.42704280156	1.58946721914e-07
-7.41245136187	1.82257193158e-07
-7.39785992218	2.08847814119e-07
-7.38326848249	2.39158923058e-07
-7.3686770428	2.7368681592e-07
-7.35408560311	3.12990403823e-07
-7.33949416342	3.57698599575e-07
-7.32490272373	4.08518504636e-07
-7.31031128405	4.66244473754e-07
-7.29571984436	5.31768140776e-07
-7.28112840467	6.06089495688e-07
-7.26653696498	6.90329109859e-07
-7.25194552529	7.85741613697e-07
-7.2373540856	8.9373053853e-07
-7.22276264591	1.01586464235e-06
-7.20817120623	1.15389584734e-06
-7.19357976654	1.30977892534e-06
-7.17898832685	1.48569307636e-06
-7.16439688716	1.68406555379e-06
-7.14980544747	1.90759749907e-06
-7.13521400778	2.15929215781e-06
-7.12062256809	2.44248565801e-06
-7.1060311284	2.76088054038e-06
-7.09143968872	3.11858223936e-06
-7.07684824903	3.52013872209e-06
-7.06225680934	3.97058350052e-06
-7.04766536965	4.47548223972e-06
-7.03307392996	5.04098319202e-06
-7.01848249027	5.67387169303e-06
-7.00389105058	6.38162896027e-06
-6.98929961089	7.17249543908e-06
-6.97470817121	8.05553894292e-06
-6.96011673152	9.04072783551e-06
-6.94552529183	1.01390095012e-05
-6.93093385214	1.13623943465e-05
-6.91634241245	1.27240455692e-05
-6.90175097276	1.42383749235e-05
-6.88715953307	1.59211446968e-05
-6.87256809338	1.77895760994e-05
-6.8579766537	1.98624642483e-05
-6.84338521401	2.21602999031e-05
-6.82879377432	2.47053980861e-05
-6.81420233463	2.75220336824e-05
-6.79961089494	3.0636584084e-05
-6.78501945525	3.40776788913e-05
-6.77042801556	3.78763566446e-05
-6.75583657588	4.2066228496e-05
-6.74124513619	4.66836486771e-05
-6.7266536965	5.17678915455e-05
-6.71206225681	5.73613349207e-05
-6.69747081712	6.35096493402e-05
-6.68287937743	7.02619927754e-05
-6.66828793774	7.76712102548e-05
-6.65369649805	8.57940377402e-05
-6.63910505837	9.46913094928e-05
-6.62451361868	0.000104428168054
-6.60992217899	0.000115074275846
-6.5953307393	0.000126704027268
-6.58073929961	0.000139396760054
-6.56614785992	0.000153236964494
-6.55155642023	0.000168314489024
-6.53696498054	0.000184724740527
-6.52237354086	0.000202568877573
-6.50778210117	0.000221953994679
-6.49319066148	0.000242993295557
-6.47859922179	0.00026580625319
-6.4640077821	0.000290518754456
-6.44941634241	0.000317263226939
-6.43482490272	0.000346178745448
-6.42023346303	0.000377411115721
-6.40564202335	0.000411112932711
-6.39105058366	0.000447443610825
-6.37645914397	0.000486569383492
-6.36186770428	0.000528663269414
-6.34727626459	0.00057390500294
-6.3326848249	0.000622480926051
-6.31809338521	0.000674583839558
-6.30350194552	0.000730412811262
-6.28891050584	0.000790172939025
-6.27431906615	0.00085407506687
-6.25972762646	0.000922335452554
-6.24513618677	0.000995175385301
-6.23054474708	0.00107282075276
-6.21595330739	0.00115550155662
-6.2013618677	0.00124345137665
-6.18677042802	0.00133690678362
-6.17217898833	0.00143610670162
-6.15758754864	0.00154129172134
-6.14299610895	0.00165270336583
-6.12840466926	0.00177058331134
-6.11381322957	0.00189517256591
-6.09922178988	0.00202671060944
-6.08463035019	0.00216543449895
-6.07003891051	0.00231157794393
-6.05544747082	0.0024653703566
-6.04085603113	0.00262703588284
-6.02626459144	0.00279679241979
-6.01167315175	0.00297485062653
-5.99708171206	0.0031614129348
-5.98249027237	0.00335667256671
-5.96789883268	0.003560812567
-5.953307393	0.00377400485711
-5.93871595331	0.00399640931885
-5.92412451362	0.00422817291508
-5.90953307393	0.00446942885491
-5.89494163424	0.00472029581067
-5.88035019455	0.00498087719362
-5.86575875486	0.00525126049488
-5.85116731517	0.0055315166979
-5.83657587549	0.00582169976781
-5.8219844358	0.00612184622276
-5.80739299611	0.00643197479141
-5.79280155642	0.00675208616007
-5.77821011673	0.00708216281221
-5.76361867704	0.00742216896213
-5.74902723735	0.00777205058379
-5.73443579766	0.0081317355348
-5.71984435798	0.00850113377495
-5.70525291829	0.00888013767728
-5.6906614786	0.00926862242943
-5.67607003891	0.00966644652171
-5.66147859922	0.0100734523178
-5.64688715953	0.0104894667032
-5.63229571984	0.0109143018059
-5.61770428016	0.0113477557832
-5.60311284047	0.011789613668
-5.58852140078	0.0122396482676
-5.57392996109	0.0126976211074
-5.5593385214	0.013163283413
-5.54474708171	0.0136363771209
-5.53015564202	0.0141166359124
-5.51556420233	0.0146037862616
-5.50097276265	0.0150975484899
-5.48638132296	0.01559763782
-5.47178988327	0.0161037654228
-5.45719844358	0.016615639449
-5.44260700389	0.0171329660405
-5.4280155642	0.017655450315
-5.41342412451	0.018182797318
-5.39883268482	0.0187147129387
-5.38424124514	0.0192509047835
-5.36964980545	0.0197910830055
-5.35505836576	0.0203349610846
-5.34046692607	0.0208822565577
-5.32587548638	0.0214326916952
-5.31128404669	0.0219859941237
-5.296692607	0.0225418973926
-5.28210116731	0.0231001414854
-5.26750972763	0.023660473275
-5.25291828794	0.0242226469232
-5.23832684825	0.0247864242266
-5.22373540856	0.0253515749083
-5.20914396887	0.0259178768584
-5.19455252918	0.0264851163247
-5.17996108949	0.0270530880551
-5.1653696498	0.0276215953958
-5.15077821012	0.0281904503452
-5.13618677043	0.0287594735682
-5.12159533074	0.0293284943733
-5.10700389105	0.0298973506544
-5.09241245136	0.0304658888006
-5.07782101167	0.0310339635774
-5.06322957198	0.0316014379813
-5.0486381323	0.0321681830709
-5.03404669261	0.0327340777772
-5.01945525292	0.0332990086962
-5.00486381323	0.0338628698649
-4.99027237354	0.034425562525
-4.97568093385	0.0349869948754
-4.96108949416	0.0355470818157
-4.94649805447	0.0361057446836
-4.93190661479	0.0366629109869
-4.9173151751	0.0372185141328
-4.90272373541	0.0377724931562
-4.88813229572	0.0383247924473
-4.87354085603	0.0388753614816
-4.85894941634	0.0394241545516
-4.84435797665	0.0399711305035
-4.82976653696	0.0405162524774
-4.81517509728	0.0410594876541
-4.80058365759	0.0416008070076
-4.7859922179	0.042140185065
-4.77140077821	0.0426775996734
-4.75680933852	0.0432130317752
-4.74221789883	0.0437464651912
-4.72762645914	0.0442778864128
-4.71303501945	0.0448072844021
-4.69844357977	0.0453346504015
-4.68385214008	0.0458599777517
-4.66926070039	0.046383261719
-4.6546692607	0.0469044993307
-4.64007782101	0.0474236892203
-4.62548638132	0.0479408314801
-4.61089494163	0.0484559275231
-4.59630350194	0.0489689799525
-4.58171206226	0.0494799924398
-4.56712062257	0.0499889696101
-4.55252918288	0.0504959169355
-4.53793774319	0.0510008406349
-4.5233463035	0.0515037475815
-4.50875486381	0.052004645217
-4.49416342412	0.0525035414711
-4.47957198444	0.0530004446888
-4.46498054475	0.0534953635619
-4.45038910506	0.0539883070666
-4.43579766537	0.0544792844068
-4.42120622568	0.0549683049616
-4.40661478599	0.0554553782373
-4.3920233463	0.0559405138249
-4.37743190661	0.0564237213603
-4.36284046693	0.056905010489
-4.34824902724	0.0573843908347
-4.33365758755	0.0578618719706
-4.31906614786	0.0583374633943
-4.30447470817	0.058811174505
-4.28988326848	0.0592830145842
-4.27529182879	0.0597529927784
-4.2607003891	0.0602211180837
-4.24610894942	0.0606873993335
-4.23151750973	0.0611518451874
-4.21692607004	0.0616144641219
-4.20233463035	0.0620752644232
-4.18774319066	0.0625342541807
-4.17315175097	0.0629914412829
-4.15856031128	0.0634468334134
-4.14396887159	0.0639004380489
-4.12937743191	0.0643522624577
-4.11478599222	0.064802313699
-4.10019455253	0.0652505986237
-4.08560311284	0.065697123875
-4.07101167315	0.0661418958902
-4.05642023346	0.0665849209027
-4.04182879377	0.0670262049452
-4.02723735408	0.0674657538522
-4.0126459144	0.0679035732637
-3.99805447471	0.068339668629
-3.98346303502	0.0687740452108
-3.96887159533	0.0692067080891
-3.95428015564	0.0696376621659
-3.93968871595	0.0700669121696
-3.92509727626	0.0704944626598
-3.91050583658	0.0709203180318
-3.89591439689	0.0713444825215
-3.8813229572	0.0717669602102
-3.86673151751	0.0721877550292
-3.85214007782	0.0726068707649
-3.83754863813	0.0730243110631
-3.82295719844	0.0734400794342
-3.80836575875	0.0738541792574
-3.79377431907	0.0742666137854
-3.77918287938	0.074677386149
-3.76459143969	0.0750864993612
-3.75	0.0754939563219
-3.73540856031	0.0758997598216
-3.72081712062	0.076303912546
-3.70622568093	0.0767064170794
-3.69163424124	0.0771072759093
-3.67704280156	0.0775064914294
-3.66245136187	0.0779040659435
-3.64785992218	0.0783000016695
-3.63326848249	0.0786943007419
-3.6186770428	0.079086965216
-3.60408560311	0.0794779970704
-3.58949416342	0.0798673982103
-3.57490272373	0.0802551704707
-3.56031128405	0.0806413156189
-3.54571984436	0.0810258353573
-3.53112840467	0.0814087313263
-3.51653696498	0.0817900051064
-3.50194552529	0.0821696582212
-3.4873540856	0.082547692139
-3.47276264591	0.0829241082758
-3.45817120623	0.0832989079969
-3.44357976654	0.0836720926194
-3.42898832685	0.0840436634137
-3.41439688716	0.0844136216059
-3.39980544747	0.084781968379
-3.38521400778	0.0851487048755
-3.37062256809	0.0855138321983
-3.3560311284	0.0858773514125
-3.34143968872	0.0862392635471
-3.32684824903	0.0865995695965
-3.31225680934	0.0869582705216
-3.29766536965	0.0873153672514
-3.28307392996	0.087670860684
-3.26848249027	0.0880247516881
-3.25389105058	0.0883770411043
-3.23929961089	0.0887277297456
-3.22470817121	0.0890768183992
-3.21011673152	0.0894243078269
-3.19552529183	0.0897701987666
-3.18093385214	0.090114491933
-3.16634241245	0.0904571880182
-3.15175097276	0.0907982876932
-3.13715953307	0.0911377916082
-3.12256809338	0.0914757003936
-3.1079766537	0.0918120146606
-3.09338521401	0.0921467350022
-3.07879377432	0.0924798619935
-3.06420233463	0.0928113961928
-3.04961089494	0.0931413381417
-3.03501945525	0.0934696883662
-3.02042801556	0.093796447377
-3.00583657587	0.09412161567
-2.99124513619	0.0944451937272
-2.9766536965	0.0947671820166
-2.96206225681	0.0950875809933
-2.94747081712	0.0954063910996
-2.93287937743	0.0957236127655
-2.91828793774	0.0960392464091
-2.90369649805	0.0963532924372
-2.88910505837	0.0966657512454
-2.87451361868	0.0969766232188
-2.85992217899	0.097285908732
-2.8453307393	0.0975936081499
-2.83073929961	0.0978997218274
-2.81614785992	0.0982042501104
-2.80155642023	0.0985071933355
-2.78696498054	0.098808551831
-2.77237354086	0.0991083259162
-2.75778210117	0.0994065159027
-2.74319066148	0.099703122094
-2.72859922179	0.0999981447859
-2.7140077821	0.100291584267
-2.69941634241	0.100583440818
-2.68482490272	0.100873714714
-2.67023346303	0.101162406222
-2.65564202335	0.101449515603
-2.64105058366	0.101735043111
-2.62645914397	0.102018988996
-2.61186770428	0.1023013535
-2.59727626459	0.102582136859
-2.5826848249	0.102861339304
-2.56809338521	0.103138961061
-2.55350194552	0.103415002351
-2.53891050584	0.103689463388
-2.52431906615	0.103962344383
-2.50972762646	0.104233645541
-2.49513618677	0.104503367062
-2.48054474708	0.104771509142
-2.46595330739	0.105038071974
-2.4513618677	0.105303055744
-2.43677042801	0.105566460635
-2.42217898833	0.105828286826
-2.40758754864	0.106088534492
-2.39299610895	0.106347203804
-2.37840466926	0.106604294928
-2.36381322957	0.10685980803
-2.34922178988	0.107113743268
-2.33463035019	0.107366100799
-2.32003891051	0.107616880776
-2.30544747082	0.107866083349
-2.29085603113	0.108113708664
-2.27626459144	0.108359756865
-2.26167315175	0.108604228093
-2.24708171206	0.108847122483
-2.23249027237	0.109088440172
-2.21789883268	0.109328181291
-2.203307393	0.109566345968
-2.18871595331	0.10980293433
-2.17412451362	0.1100379465
-2.15953307393	0.110271382599
-2.14494163424	0.110503242746
-2.13035019455	0.110733527057
-2.11575875486	0.110962235645
-2.10116731517	0.111189368623
-2.08657587549	0.111414926098
-2.0719844358	0.111638908179
-2.05739299611	0.111861314969
-2.04280155642	0.112082146571
-2.02821011673	0.112301403087
-2.01361867704	0.112519084614
-1.99902723735	0.112735191248
-1.98443579766	0.112949723086
-1.96984435798	0.113162680219
-1.95525291829	0.113374062739
-1.9406614786	0.113583870734
-1.92607003891	0.113792104293
-1.91147859922	0.1139987635
-1.89688715953	0.11420384844
-1.88229571984	0.114407359195
-1.86770428015	0.114609295847
-1.85311284047	0.114809658474
-1.83852140078	0.115008447154
-1.82392996109	0.115205661963
-1.8093385214	0.115401302976
-1.79474708171	0.115595370267
-1.78015564202	0.115787863906
-1.76556420233	0.115978783966
-1.75097276265	0.116168130514
-1.73638132296	0.11635590362
-1.72178988327	0.116542103349
-1.70719844358	0.116726729766
-1.69260700389	0.116909782936
-1.6780155642	0.117091262922
-1.66342412451	0.117271169785
-1.64883268482	0.117449503587
-1.63424124514	0.117626264385
-1.61964980545	0.117801452239
-1.60505836576	0.117975067206
-1.59046692607	0.118147109341
-1.57587548638	0.118317578701
-1.56128404669	0.118486475338
-1.546692607	0.118653799306
-1.53210116731	0.118819550658
-1.51750972763	0.118983729443
-1.50291828794	0.119146335712
-1.48832684825	0.119307369514
-1.47373540856	0.119466830898
-1.45914396887	0.11962471991
-1.44455252918	0.119781036598
-1.42996108949	0.119935781007
-1.4153696498	0.120088953181
-1.40077821012	0.120240553165
-1.38618677043	0.120390581001
-1.37159533074	0.120539036732
-1.35700389105	0.120685920399
-1.34241245136	0.120831232044
-1.32782101167	0.120974971705
-1.31322957198	0.121117139422
-1.29863813229	0.121257735235
-1.28404669261	0.121396759179
-1.26945525292	0.121534211293
-1.25486381323	0.121670091612
-1.24027237354	0.121804400173
-1.22568093385	0.12193713701
-1.21108949416	0.122068302158
-1.19649805447	0.12219789565
-1.18190661479	0.122325917519
-1.1673151751	0.122452367797
-1.15272373541	0.122577246517
-1.13813229572	0.12270055371
-1.12354085603	0.122822289405
-1.10894941634	0.122942453634
-1.09435797665	0.123061046425
-1.07976653696	0.123178067806
-1.06517509728	0.123293517807
-1.05058365759	0.123407396455
-1.0359922179	0.123519703778
-1.02140077821	0.1236304398
-1.00680933852	0.12373960455
-0.992217898832	0.123847198051
-0.977626459143	0.12395322033
-0.963035019454	0.12405767141
-0.948443579766	0.124160551316
-0.933852140077	0.124261860071
-0.919260700388	0.124361597699
-0.9046692607	0.124459764221
-0.890077821011	0.124556359659
-0.875486381322	0.124651384036
-0.860894941633	0.124744837373
-0.846303501945	0.124836719689
-0.831712062256	0.124927031006
-0.817120622567	0.125015771342
-0.802529182879	0.125102940718
-0.78793774319	0.125188539153
-0.773346303501	0.125272566664
-0.758754863812	0.12535502327
-0.744163424124	0.125435908988
-0.729571984435	0.125515223835
-0.714980544746	0.12559296783
-0.700389105058	0.125669140987
-0.685797665369	0.125743743322
-0.67120622568	0.125816774853
-0.656614785991	0.125888235592
-0.642023346303	0.125958125557
-0.627431906614	0.12602644476
-0.612840466925	0.126093193216
-0.598249027237	0.126158370939
-0.583657587548	0.126221977942
-0.569066147859	0.126284014238
-0.55447470817	0.126344479839
-0.539883268482	0.126403374758
-0.525291828793	0.126460699007
-0.510700389104	0.126516452597
-0.496108949416	0.12657063554
-0.481517509727	0.126623247845
-0.466926070038	0.126674289525
-0.452334630349	0.126723760588
-0.437743190661	0.126771661045
-0.423151750972	0.126817990905
-0.408560311283	0.126862750178
-0.393968871594	0.126905938871
-0.379377431906	0.126947556994
-0.364785992217	0.126987604555
-0.350194552528	0.127026081561
-0.33560311284	0.12706298802
-0.321011673151	0.12709832394
-0.306420233462	0.127132089326
-0.291828793773	0.127164284186
-0.277237354085	0.127194908526
-0.262645914396	0.127223962352
-0.248054474707	0.127251445669
-0.233463035019	0.127277358482
-0.21887159533	0.127301700798
-0.204280155641	0.127324472619
-0.189688715952	0.127345673951
-0.175097276264	0.127365304798
-0.160505836575	0.127383365164
-0.145914396886	0.127399855051
-0.131322957198	0.127414774463
-0.116731517509	0.127428123404
-0.10214007782	0.127439901874
-0.0875486381314	0.127450109878
-0.0729571984427	0.127458747416
-0.058365758754	0.12746581449
-0.0437743190653	0.127471311103
-0.0291828793766	0.127475237253
-0.0145914396879	0.127477592943
8.5975671027e-13	0.127478378173
0.0145914396896	0.127477592943
0.0291828793783	0.127475237253
0.043774319067	0.127471311103
0.0583657587557	0.12746581449
0.0729571984444	0.127458747416
0.0875486381332	0.127450109878
0.102140077822	0.127439901874
0.116731517511	0.127428123404
0.131322957199	0.127414774463
0.145914396888	0.127399855051
0.160505836577	0.127383365164
0.175097276265	0.127365304798
0.189688715954	0.127345673951
0.204280155643	0.127324472619
0.218871595332	0.127301700798
0.23346303502	0.127277358482
0.248054474709	0.127251445669
0.262645914398	0.127223962352
0.277237354086	0.127194908526
0.291828793775	0.127164284186
0.306420233464	0.127132089326
0.321011673153	0.12709832394
0.335603112841	0.12706298802
0.35019455253	0.127026081561
0.364785992219	0.126987604555
0.379377431907	0.126947556994
0.393968871596	0.126905938871
0.408560311285	0.126862750178
0.423151750974	0.126817990905
0.437743190662	0.126771661045
0.452334630351	0.126723760588
0.46692607004	0.126674289525
0.481517509729	0.126623247845
0.496108949417	0.12657063554
0.510700389106	0.126516452597
0.525291828795	0.126460699007
0.539883268483	0.126403374758
0.554474708172	0.126344479839
0.569066147861	0.126284014238
0.58365758755	0.126221977942
0.598249027238	0.126158370939
0.612840466927	0.126093193216
0.627431906616	0.12602644476
0.642023346304	0.125958125557
0.656614785993	0.125888235592
0.671206225682	0.125816774853
0.685797665371	0.125743743322
0.700389105059	0.125669140987
0.714980544748	0.12559296783
0.729571984437	0.125515223835
0.744163424125	0.125435908988
0.758754863814	0.12535502327
0.773346303503	0.125272566664
0.787937743192	0.125188539153
0.80252918288	0.125102940718
0.817120622569	0.125015771342
0.831712062258	0.124927031006
0.846303501946	0.124836719689
0.860894941635	0.124744837373
0.875486381324	0.124651384036
0.890077821013	0.124556359659
0.904669260701	0.124459764221
0.91926070039	0.124361597699
0.933852140079	0.124261860071
0.948443579767	0.124160551316
0.963035019456	0.12405767141
0.977626459145	0.12395322033
0.992217898834	0.123847198051
1.00680933852	0.12373960455
1.02140077821	0.1236304398
1.0359922179	0.123519703778
1.05058365759	0.123407396455
1.06517509728	0.123293517807
1.07976653697	0.123178067806
1.09435797665	0.123061046425
1.10894941634	0.122942453634
1.12354085603	0.122822289405
1.13813229572	0.12270055371
1.15272373541	0.122577246517
1.1673151751	0.122452367797
1.18190661479	0.122325917519
1.19649805448	0.12219789565
1.21108949416	0.122068302158
1.22568093385	0.12193713701
1.24027237354	0.121804400173
1.25486381323	0.121670091612
1.26945525292	0.121534211293
1.28404669261	0.121396759179
1.2986381323	0.121257735235
1.31322957199	0.121117139422
1.32782101167	0.120974971705
1.34241245136	0.120831232044
1.35700389105	0.120685920399
1.37159533074	0.120539036732
1.38618677043	0.120390581001
1.40077821012	0.120240553165
1.41536964981	0.120088953181
1.4299610895	0.119935781007
1.44455252918	0.119781036598
1.45914396887	0.11962471991
1.47373540856	0.119466830898
1.48832684825	0.119307369514
1.50291828794	0.119146335712
1.51750972763	0.118983729443
1.53210116732	0.118819550658
1.546692607	0.118653799306
1.56128404669	0.118486475338
1.57587548638	0.118317578701
1.59046692607	0.118147109341
1.60505836576	0.117975067206
1.61964980545	0.117801452239
1.63424124514	0.117626264385
1.64883268483	0.117449503587
1.66342412451	0.117271169785
1.6780155642	0.117091262922
1.69260700389	0.116909782936
1.70719844358	0.116726729766
1.72178988327	0.116542103348
1.73638132296	0.11635590362
1.75097276265	0.116168130514
1.76556420234	0.115978783966
1.78015564202	0.115787863906
1.79474708171	0.115595370267
1.8093385214	0.115401302976
1.82392996109	0.115205661963
1.83852140078	0.115008447154
1.85311284047	0.114809658474
1.86770428016	0.114609295847
1.88229571985	0.114407359195
1.89688715953	0.11420384844
1.91147859922	0.1139987635
1.92607003891	0.113792104293
1.9406614786	0.113583870734
1.95525291829	0.113374062739
1.96984435798	0.113162680219
1.98443579767	0.112949723086
1.99902723736	0.112735191248
2.01361867704	0.112519084613
2.02821011673	0.112301403087
2.04280155642	0.112082146571
2.05739299611	0.111861314969
2.0719844358	0.111638908179
2.08657587549	0.111414926098
2.10116731518	0.111189368623
2.11575875486	0.110962235645
2.13035019455	0.110733527057
2.14494163424	0.110503242746
2.15953307393	0.110271382599
2.17412451362	0.1100379465
2.18871595331	0.10980293433
2.203307393	0.109566345968
2.21789883269	0.109328181291
2.23249027237	0.109088440172
2.24708171206	0.108847122483
2.26167315175	0.108604228093
2.27626459144	0.108359756865
2.29085603113	0.108113708664
2.30544747082	0.107866083349
2.32003891051	0.107616880776
2.3346303502	0.107366100799
2.34922178988	0.107113743268
2.36381322957	0.10685980803
2.37840466926	0.106604294928
2.39299610895	0.106347203804
2.40758754864	0.106088534492
2.42217898833	0.105828286826
2.43677042802	0.105566460635
2.45136186771	0.105303055744
2.46595330739	0.105038071974
2.48054474708	0.104771509142
2.49513618677	0.104503367062
2.50972762646	0.10423364554
2.52431906615	0.103962344383
2.53891050584	0.103689463388
2.55350194553	0.103415002351
2.56809338522	0.103138961061
2.5826848249	0.102861339304
2.59727626459	0.102582136859
2.61186770428	0.1023013535
2.62645914397	0.102018988996
2.64105058366	0.101735043111
2.65564202335	0.101449515603
2.67023346304	0.101162406222
2.68482490272	0.100873714714
2.69941634241	0.100583440818
2.7140077821	0.100291584267
2.72859922179	0.0999981447859
2.74319066148	0.099703122094
2.75778210117	0.0994065159027
2.77237354086	0.0991083259162
2.78696498055	0.0988085518309
2.80155642023	0.0985071933355
2.81614785992	0.0982042501103
2.83073929961	0.0978997218274
2.8453307393	0.0975936081499
2.85992217899	0.097285908732
2.87451361868	0.0969766232188
2.88910505837	0.0966657512454
2.90369649806	0.0963532924372
2.91828793774	0.0960392464091
2.93287937743	0.0957236127655
2.94747081712	0.0954063910996
2.96206225681	0.0950875809933
2.9766536965	0.0947671820166
2.99124513619	0.0944451937272
3.00583657588	0.09412161567
3.02042801557	0.0937964473769
3.03501945525	0.0934696883662
3.04961089494	0.0931413381417
3.06420233463	0.0928113961927
3.07879377432	0.0924798619935
3.09338521401	0.0921467350021
3.1079766537	0.0918120146606
3.12256809339	0.0914757003935
3.13715953307	0.0911377916082
3.15175097276	0.0907982876932
3.16634241245	0.0904571880182
3.18093385214	0.090114491933
3.19552529183	0.0897701987666
3.21011673152	0.0894243078269
3.22470817121	0.0890768183992
3.2392996109	0.0887277297456
3.25389105058	0.0883770411043
3.26848249027	0.0880247516881
3.28307392996	0.0876708606839
3.29766536965	0.0873153672514
3.31225680934	0.0869582705216
3.32684824903	0.0865995695965
3.34143968872	0.0862392635471
3.35603112841	0.0858773514124
3.37062256809	0.0855138321983
3.38521400778	0.0851487048755
3.39980544747	0.084781968379
3.41439688716	0.0844136216059
3.42898832685	0.0840436634137
3.44357976654	0.0836720926194
3.45817120623	0.0832989079969
3.47276264592	0.0829241082758
3.4873540856	0.082547692139
3.50194552529	0.0821696582211
3.51653696498	0.0817900051064
3.53112840467	0.0814087313263
3.54571984436	0.0810258353573
3.56031128405	0.0806413156188
3.57490272374	0.0802551704707
3.58949416343	0.0798673982103
3.60408560311	0.0794779970704
3.6186770428	0.079086965216
3.63326848249	0.0786943007419
3.64785992218	0.0783000016695
3.66245136187	0.0779040659435
3.67704280156	0.0775064914294
3.69163424125	0.0771072759093
3.70622568093	0.0767064170794
3.72081712062	0.076303912546
3.73540856031	0.0758997598216
3.75	0.0754939563219
3.76459143969	0.0750864993612
3.77918287938	0.074677386149
3.79377431907	0.0742666137854
3.80836575876	0.0738541792574
3.82295719844	0.0734400794342
3.83754863813	0.0730243110631
3.85214007782	0.0726068707649
3.86673151751	0.0721877550292
3.8813229572	0.0717669602102
3.89591439689	0.0713444825215
3.91050583658	0.0709203180318
3.92509727627	0.0704944626598
3.93968871595	0.0700669121696
3.95428015564	0.0696376621659
3.96887159533	0.0692067080891
3.98346303502	0.0687740452108
3.99805447471	0.0683396686291
4.0126459144	0.0679035732637
4.02723735409	0.0674657538522
4.04182879378	0.0670262049452
4.05642023346	0.0665849209027
4.07101167315	0.0661418958902
4.08560311284	0.065697123875
4.10019455253	0.0652505986237
4.11478599222	0.064802313699
4.12937743191	0.0643522624577
4.1439688716	0.0639004380489
4.15856031129	0.0634468334134
4.17315175097	0.0629914412829
4.18774319066	0.0625342541807
4.20233463035	0.0620752644232
4.21692607004	0.0616144641219
4.23151750973	0.0611518451874
4.24610894942	0.0606873993335
4.26070038911	0.0602211180837
4.27529182879	0.0597529927784
4.28988326848	0.0592830145842
4.30447470817	0.058811174505
4.31906614786	0.0583374633943
4.33365758755	0.0578618719706
4.34824902724	0.0573843908347
4.36284046693	0.056905010489
4.37743190662	0.0564237213603
4.3920233463	0.0559405138249
4.40661478599	0.0554553782374
4.42120622568	0.0549683049616
4.43579766537	0.0544792844069
4.45038910506	0.0539883070666
4.46498054475	0.0534953635619
4.47957198444	0.0530004446889
4.49416342413	0.0525035414712
4.50875486381	0.052004645217
4.5233463035	0.0515037475816
4.53793774319	0.0510008406349
4.55252918288	0.0504959169355
4.56712062257	0.0499889696102
4.58171206226	0.0494799924398
4.59630350195	0.0489689799525
4.61089494164	0.0484559275231
4.62548638132	0.0479408314802
4.64007782101	0.0474236892204
4.6546692607	0.0469044993308
4.66926070039	0.046383261719
4.68385214008	0.0458599777517
4.69844357977	0.0453346504015
4.71303501946	0.0448072844021
4.72762645915	0.0442778864128
4.74221789883	0.0437464651912
4.75680933852	0.0432130317752
4.77140077821	0.0426775996734
4.7859922179	0.0421401850651
4.80058365759	0.0416008070077
4.81517509728	0.0410594876541
4.82976653697	0.0405162524774
4.84435797665	0.0399711305035
4.85894941634	0.0394241545516
4.87354085603	0.0388753614816
4.88813229572	0.0383247924474
4.90272373541	0.0377724931563
4.9173151751	0.0372185141329
4.93190661479	0.036662910987
4.94649805448	0.0361057446837
4.96108949416	0.0355470818158
4.97568093385	0.0349869948754
4.99027237354	0.034425562525
5.00486381323	0.0338628698649
5.01945525292	0.0332990086963
5.03404669261	0.0327340777773
5.0486381323	0.0321681830709
5.06322957199	0.0316014379814
5.07782101167	0.0310339635775
5.09241245136	0.0304658888007
5.10700389105	0.0298973506545
5.12159533074	0.0293284943734
5.13618677043	0.0287594735683
5.15077821012	0.0281904503453
5.16536964981	0.0276215953959
5.1799610895	0.0270530880552
5.19455252918	0.0264851163248
5.20914396887	0.0259178768585
5.22373540856	0.0253515749084
5.23832684825	0.0247864242267
5.25291828794	0.0242226469233
5.26750972763	0.0236604732751
5.28210116732	0.0231001414855
5.29669260701	0.0225418973927
5.31128404669	0.0219859941238
5.32587548638	0.0214326916953
5.34046692607	0.0208822565578
5.35505836576	0.0203349610847
5.36964980545	0.0197910830056
5.38424124514	0.0192509047837
5.39883268483	0.0187147129388
5.41342412451	0.0181827973181
5.4280155642	0.0176554503151
5.44260700389	0.0171329660406
5.45719844358	0.0166156394491
5.47178988327	0.0161037654229
5.48638132296	0.0155976378201
5.50097276265	0.01509754849
5.51556420234	0.0146037862617
5.53015564202	0.0141166359125
5.54474708171	0.013636377121
5.5593385214	0.0131632834131
5.57392996109	0.0126976211076
5.58852140078	0.0122396482677
5.60311284047	0.0117896136682
5.61770428016	0.0113477557833
5.63229571985	0.010914301806
5.64688715953	0.0104894667033
5.66147859922	0.0100734523179
5.67607003891	0.00966644652182
5.6906614786	0.00926862242954
5.70525291829	0.00888013767739
5.71984435798	0.00850113377506
5.73443579767	0.00813173553491
5.74902723736	0.00777205058389
5.76361867704	0.00742216896224
5.77821011673	0.00708216281231
5.79280155642	0.00675208616017
5.80739299611	0.00643197479151
5.8219844358	0.00612184622286
5.83657587549	0.00582169976791
5.85116731518	0.00553151669799
5.86575875487	0.00525126049497
5.88035019455	0.00498087719371
5.89494163424	0.00472029581076
5.90953307393	0.00446942885499
5.92412451362	0.00422817291516
5.93871595331	0.00399640931893
5.953307393	0.00377400485719
5.96789883269	0.00356081256707
5.98249027237	0.00335667256678
5.99708171206	0.00316141293487
6.01167315175	0.0029748506266
6.02626459144	0.00279679241986
6.04085603113	0.00262703588291
6.05544747082	0.00246537035666
6.07003891051	0.00231157794398
6.0846303502	0.002165434499
6.09922178988	0.00202671060949
6.11381322957	0.00189517256597
6.12840466926	0.00177058331139
6.14299610895	0.00165270336588
6.15758754864	0.00154129172139
6.17217898833	0.00143610670167
6.18677042802	0.00133690678366
6.20136186771	0.00124345137669
6.21595330739	0.00115550155666
6.23054474708	0.0010728207528
6.24513618677	0.000995175385336
6.25972762646	0.000922335452587
6.27431906615	0.000854075066903
6.28891050584	0.000790172939056
6.30350194553	0.000730412811291
6.31809338522	0.000674583839585
6.3326848249	0.000622480926077
6.34727626459	0.000573905002965
6.36186770428	0.000528663269437
6.37645914397	0.000486569383514
6.39105058366	0.000447443610846
6.40564202335	0.000411112932731
6.42023346304	0.00037741111574
6.43482490272	0.000346178745465
6.44941634241	0.000317263226955
6.4640077821	0.000290518754471
6.47859922179	0.000265806253204
6.49319066148	0.00024299329557
6.50778210117	0.000221953994691
6.52237354086	0.000202568877585
6.53696498055	0.000184724740538
6.55155642023	0.000168314489034
6.56614785992	0.000153236964504
6.58073929961	0.000139396760063
6.5953307393	0.000126704027276
6.60992217899	0.000115074275853
6.62451361868	0.000104428168061
6.63910505837	9.46913094995e-05
6.65369649806	8.57940377463e-05
6.66828793774	7.76712102605e-05
6.68287937743	7.02619927808e-05
6.69747081712	6.35096493452e-05
6.71206225681	5.73613349253e-05
6.7266536965	5.17678915498e-05
6.74124513619	4.66836486811e-05
6.75583657588	4.20662284997e-05
6.77042801557	3.7876356648e-05
6.78501945525	3.40776788945e-05
6.79961089494	3.06365840869e-05
6.81420233463	2.75220336852e-05
6.82879377432	2.47053980886e-05
6.84338521401	2.21602999055e-05
6.8579766537	1.98624642504e-05
6.87256809339	1.77895761014e-05
6.88715953308	1.59211446986e-05
6.90175097276	1.42383749251e-05
6.91634241245	1.27240455708e-05
6.93093385214	1.1362394348e-05
6.94552529183	1.01390095025e-05
6.96011673152	9.0407278367e-06
6.97470817121	8.05553894401e-06
6.9892996109	7.17249544007e-06
7.00389105058	6.38162896117e-06
7.01848249027	5.67387169386e-06
7.03307392996	5.04098319278e-06
7.04766536965	4.47548224041e-06
7.06225680934	3.97058350116e-06
7.07684824903	3.52013872267e-06
7.09143968872	3.11858223989e-06
7.10603112841	2.76088054086e-06
7.12062256809	2.44248565845e-06
7.13521400778	2.15929215821e-06
7.14980544747	1.90759749944e-06
7.16439688716	1.68406555412e-06
7.17898832685	1.48569307667e-06
7.19357976654	1.30977892562e-06
7.20817120623	1.15389584759e-06
7.22276264592	1.01586464259e-06
7.2373540856	8.93730538743e-07
7.25194552529	7.85741613895e-07
7.26653696498	6.90329110039e-07
7.28112840467	6.06089495853e-07
7.29571984436	5.31768140926e-07
7.31031128405	4.66244473891e-07
7.32490272374	4.08518504761e-07
7.33949416343	3.57698599688e-07
7.35408560311	3.12990403925e-07
7.3686770428	2.73686816013e-07
7.38326848249	2.39158923142e-07
7.39785992218	2.08847814196e-07
7.41245136187	1.82257193227e-07
7.42704280156	1.58946721977e-07
7.44163424125	1.38526025618e-07
7.45622568094	1.20649301101e-07
7.47081712062	1.05010472364e-07
7.48540856031	9.13388412596e-08
7.5	7.93951872754e-08
7.51459143969	6.89682731577e-08
7.52918287938	5.9871717209e-08
7.54377431907	5.19411963843e-08
7.55836575876	4.5031947627e-08
7.57295719844	3.90165377065e-08
7.58754863813	3.37828745402e-08
7.60214007782	2.92324354912e-08
7.61673151751	2.52786903998e-08
7.6313229572	2.18456992198e-08
7.64591439689	1.88668660397e-08
7.66050583658	1.62838330388e-08
7.67509727627	1.40454995257e-08
7.68968871595	1.21071526788e-08
7.70428015564	1.04296979377e-08
7.71887159533	8.97897821165e-09
7.73346303502	7.72517216961e-09
7.74805447471	6.6422628815e-09
7.7626459144	5.70756898038e-09
7.77723735409	4.90133133774e-09
7.79182879378	4.20634898311e-09
7.80642023346	3.6076586673e-09
7.82101167315	3.09225306957e-09
7.83560311284	2.64883319269e-09
7.85019455253	2.26759097396e-09
7.86478599222	1.9400185809e-09
7.87937743191	1.65874124989e-09
7.8939688716	1.41737087924e-09
7.90856031129	1.21037790157e-09
7.92315175097	1.03297924257e-09
7.93774319066	8.81040423288e-10
7.95233463035	7.50990087983e-10
7.96692607004	6.39745438133e-10
7.98151750973	5.44647232121e-10
7.99610894942	4.63403166638e-10
8.01070038911	3.94038597217e-10
8.0252918288	3.34853679145e-10
8.03988326848	2.84386120869e-10
8.05447470817	2.41378839203e-10
8.06906614786	2.04751892637e-10
8.08365758755	1.73578144897e-10
8.09824902724	1.47062179105e-10
8.11284046693	1.24522041633e-10
8.12743190662	1.05373447812e-10
8.1420233463	8.91161274718e-11
8.15661478599	7.53220291898e-11
8.17120622568	6.36251375422e-11
8.18579766537	5.37126893516e-11
8.20038910506	4.53176020354e-11
8.21498054475	3.82119516988e-11
8.22957198444	3.22013593505e-11
8.24416342413	2.71201623183e-11
8.25875486381	2.28272639581e-11
8.2733463035	1.92025689677e-11
8.28793774319	1.61439237926e-11
8.30252918288	1.35644924651e-11
8.31712062257	1.13905074218e-11
8.33171206226	9.55934315229e-12
8.34630350195	8.01786742631e-12
8.36089494164	6.72103112695e-12
8.37548638132	5.63066297105e-12
8.39007782101	4.71444008232e-12
8.4046692607	3.94500934495e-12
8.41926070039	3.29923799379e-12
8.43385214008	2.75757483302e-12
8.44844357977	2.30350616812e-12
8.46303501946	1.92309269011e-12
8.47762645915	1.60457555151e-12
8.49221789883	1.33804151326e-12
8.50680933852	1.1151385088e-12
8.52140077821	9.28834180877e-13
8.5359922179	7.73211053641e-13
8.55058365759	6.43292878963e-13
8.56517509728	5.34897529252e-13
8.57976653697	4.44512447889e-13
8.59435797666	3.69189276222e-13
8.60894941634	3.06454756532e-13
8.62354085603	2.54235454655e-13
8.63813229572	2.10794192866e-13
8.65272373541	1.74676413073e-13
8.6673151751	1.44664941646e-13
8.68190661479	1.19741872893e-13
8.69649805448	9.9056464752e-14
8.71108949416	8.18981204013e-14
8.72568093385	6.76736622189e-14
8.74027237354	5.58882304687e-14
8.75486381323	4.61292368782e-14
8.76945525292	3.80528957973e-14
8.78404669261	3.13729223866e-14
8.7986381323	2.58510597725e-14
8.81322957199	2.12891405415e-14
8.82782101167	1.75224404547e-14
8.84241245136	1.44141163549e-14
8.85700389105	1.18505553932e-14
8.87159533074	9.7374874237e-15
8.88618677043	7.99673906565e-15
8.90077821012	6.56352316163e-15
8.91536964981	5.38417882837e-15
8.9299610895	4.41428687022e-15
8.94455252918	3.61710007239e-15
8.95914396887	2.96223595553e-15
8.97373540856	2.42458936648e-15
8.98832684825	1.983427892e-15
9.00291828794	1.62164051652e-15
9.01750972763	1.3251131333e-15
9.03210116732	1.0822106178e-15
9.04669260701	8.83346978245e-16
9.06128404669	7.20629155788e-16
9.07587548638	5.87561769236e-16
9.09046692607	4.78802807149e-16
9.10505836576	3.89961309585e-16
9.11964980545	3.17430259526e-16
9.13424124514	2.58248209985e-16
9.14883268483	2.09985234743e-16
9.16342412452	1.70648651553e-16
9.1780155642	1.38605314472e-16
9.19260700389	1.12517486346e-16
9.20719844358	9.12900685765e-17
9.22178988327	7.40270768855e-17
9.23638132296	5.99958953678e-17
9.25097276265	4.85977913835e-17
9.26556420234	3.93437590252e-17
9.28015564202	3.1834618946e-17
9.29474708171	2.57447230778e-17
9.3093385214	2.08085459035e-17
9.32392996109	1.68097168443e-17
9.33852140078	1.35720145873e-17
9.35311284047	1.09520137966e-17
9.36770428016	8.83302522677e-18
9.38229571985	7.12018169997e-18
9.39688715953	5.73639290567e-18
9.41147859922	4.61905574641e-18
9.42607003891	3.71735547314e-18
9.4406614786	2.99007365603e-18
9.45525291829	2.40378951063e-18
9.46984435798	1.93142790156e-18
9.48443579767	1.55105837261e-18
9.49902723736	1.24493205074e-18
9.51361867704	9.9869032266e-19
9.52821011673	8.00726666076e-19
9.54280155642	6.41661231575e-19
9.55739299611	5.13920399027e-19
9.5719844358	4.11390144682e-19
9.58657587549	3.29140379557e-19
9.60116731518	2.63194884938e-19
9.61575875487	2.10350539581e-19
9.63035019455	1.68026938957e-19
9.64494163424	1.34147937162e-19
9.65953307393	1.07042993868e-19
9.67412451362	8.53694603984e-20
9.68871595331	6.80479563894e-20
9.703307393	5.42124809976e-20
9.71789883269	4.3167196268e-20
9.73249027237	3.43542118292e-20
9.74708171206	2.73260511635e-20
9.76167315175	2.17242497959e-20
9.77626459144	1.72615970484e-20
9.79085603113	1.37084615776e-20
9.80544747082	1.0880871326e-20
9.82003891051	8.63205093891e-21
9.8346303502	6.84442407385e-21
9.84922178988	5.42419729095e-21
9.86381322957	4.29639424628e-21
9.87840466926	3.40131728013e-21
9.89299610895	2.69127894689e-21
9.90758754864	2.128339584e-21
9.92217898833	1.68222782422e-21
9.93677042802	1.32894756132e-21
9.95136186771	1.0492947064e-21
9.96595330739	8.28071267548e-22
9.98054474708	6.53136641114e-22
9.99513618677	5.14889342341e-22
10.0097276265	4.05680858361e-22
10.0243190661	3.1946952726e-22
10.0389105058	2.51425918107e-22
10.0535019455	1.97780671967e-22
10.0680933852	1.55500182775e-22
10.0826848249	1.22200052005e-22
10.0972762646	9.59767737123e-23
10.1118677043	7.53401300488e-23
10.126459144	5.91039323836e-23
10.1410505837	4.63447222964e-23
10.1556420233	3.63139094364e-23
10.170233463	2.84408599638e-23
10.1848249027	2.22622622857e-23
10.1994163424	1.74164934936e-23
10.2140077821	1.361630041e-23
10.2285992218	1.06402912484e-23
10.2431906615	8.30828753337e-24
10.2577821012	6.48347523561e-24
10.2723735409	5.05427243594e-24
10.2869649805	3.93866955612e-24
10.3015564202	3.06724643685e-24
10.3161478599	2.38761425298e-24
10.3307392996	1.85673656083e-24
10.3453307393	1.4428448951e-24
10.359922179	1.11971126817e-24
10.3745136187	8.68156668895e-25
10.3891050584	6.71798775403e-25
10.4036964981	5.19955673491e-25
10.4182879377	4.02008902183e-25
10.4328793774	3.10666764096e-25
10.4474708171	2.39669907519e-25
10.4620622568	1.8468680162e-25
10.4766536965	1.41952993336e-25
10.4912451362	1.09002719202e-25
10.5058365759	8.3338610986e-26
10.5204280156	6.37616145823e-26
10.5350194553	4.87291287919e-26
10.5496108949	3.72471060583e-26
10.5642023346	2.84238849394e-26
10.5787937743	2.17653155577e-26
10.593385214	1.66620267207e-26
10.6079766537	1.27830063695e-26
10.6225680934	9.84614442848e-27
10.6371595331	7.61470646506e-27
10.6517509728	5.9456233117e-27
10.6663424125	4.71806856131e-27
10.6809338521	3.79555570629e-27
10.6955252918	3.11159053711e-27
10.7101167315	2.61990956253e-27
10.7247081712	2.27126244103e-27
10.7392996109	2.04348708897e-27
10.7538910506	1.87435461876e-27
10.7684824903	1.76918463695e-27
10.78307393	1.69116513952e-27
10.7976653697	1.65667354015e-27
10.8122568093	1.61704622308e-27
10.826848249	1.59533828813e-27
10.8414396887	1.6051646307e-27
10.8560311284	1.66629526392e-27
10.8706225681	1.67920591393e-27
10.8852140078	1.68122759914e-27
10.8998054475	1.66236623328e-27
10.9143968872	1.66587039146e-27
10.9289883268	1.6454853662e-27
10.9435797665	1.63514085413e-27
10.9581712062	1.6240490595e-27
10.9727626459	1.67263025062e-27
10.9873540856	1.66804251495e-27
11.0019455253	1.6542293441e-27
11.016536965	1.63784410431e-27
11.0311284047	1.63052119886e-27
11.0457198444	1.63269086498e-27
11.060311284	1.66505063818e-27
11.0749027237	1.70437648544e-27
11.0894941634	1.82320200867e-27
11.1040856031	1.94340771115e-27
11.1186770428	2.12694037806e-27
11.1332684825	2.36867675599e-27
11.1478599222	2.73582243096e-27
11.1624513619	3.23958645994e-27
11.1770428016	3.9653960148e-27
11.1916342412	4.96643973675e-27
11.2062256809	6.38867051542e-27
11.2208171206	8.19718808424e-27
11.2354085603	1.08294162025e-26
11.25	1.32361084719e-26
11.2645914397	1.0742708987e-26
11.2791828794	7.99443265273e-27
11.2937743191	6.06686574094e-27
11.3083657588	4.57501078074e-27
11.3229571984	3.47707304937e-27
11.3375486381	2.63355829607e-27
11.3521400778	2.00575025305e-27
11.3667315175	1.519158155e-27
11.3813229572	1.1543991725e-27
11.3959143969	8.8554511891e-28
11.4105058366	6.86443875645e-28
11.4250972763	5.41295275638e-28
11.439688716	4.33352990583e-28
11.4542801556	3.54978225224e-28
11.4688715953	2.95370932385e-28
11.483463035	2.52000111554e-28
11.4980544747	2.19561129046e-28
11.5126459144	1.98422572033e-28
11.5272373541	1.77458976752e-28
11.5418287938	1.63803348858e-28
11.5564202335	1.53451366775e-28
11.5710116732	1.49196776532e-28
11.5856031128	1.44181124315e-28
11.6001945525	1.42481300559e-28
11.6147859922	1.40919251042e-28
11.6293774319	1.44157917285e-28
11.6439688716	1.43326454192e-28
11.6585603113	1.41987932977e-28
11.673151751	1.3328129692e-28
11.6877431907	1.33339792155e-28
11.7023346304	1.34567494326e-28
11.71692607	1.37587298768e-28
11.7315175097	1.37968368248e-28
11.7461089494	1.44023684249e-28
11.7607003891	1.5229513918e-28
11.7752918288	1.64485380773e-28
11.7898832685	1.72111133025e-28
11.8044747082	1.84565217161e-28
11.8190661479	1.96827184777e-28
11.8336575876	2.08306980394e-28
11.8482490272	2.18435549365e-28
11.8628404669	2.33822147089e-28
11.8774319066	2.47350153078e-28
11.8920233463	2.5585186707e-28
11.906614786	2.59371929967e-28
11.9212062257	2.65114207069e-28
11.9357976654	2.68332678939e-28
11.9503891051	2.71784074704e-28
11.9649805447	2.68396367983e-28
11.9795719844	2.66389842207e-28
11.9941634241	2.61815490083e-28
12.0087548638	2.5820369643e-28
12.0233463035	2.53689783455e-28
12.0379377432	2.55921908432e-28
12.0525291829	2.55537371384e-28
12.0671206226	2.4923045841e-28
12.0817120623	2.42975056888e-28
12.0963035019	2.39504361324e-28
12.1108949416	2.38421616672e-28
12.1254863813	2.45040542156e-28
12.140077821	2.56584041434e-28
12.1546692607	2.67474160367e-28
12.1692607004	2.73393871145e-28
12.1838521401	2.73538106643e-28
12.1984435798	2.70941786155e-28
12.2130350195	2.67875952524e-28
12.2276264591	2.70264027064e-28
12.2422178988	2.7603249753e-28
12.2568093385	2.88767811847e-28
12.2714007782	3.02320104856e-28
12.2859922179	3.13749020669e-28
12.3005836576	3.22455414685e-28
12.3151750973	3.25009277788e-28
12.329766537	3.23393103473e-28
12.3443579767	3.27369141113e-28
12.3589494163	3.31705137899e-28
12.373540856	3.45726903125e-28
12.3881322957	3.58996459352e-28
12.4027237354	3.66660501784e-28
12.4173151751	3.6419331257e-28
12.4319066148	3.61535396187e-28
12.4464980545	3.58281053435e-28
12.4610894942	3.60804310231e-28
12.4756809339	3.70112685181e-28
12.4902723735	3.91682324057e-28
12.5048638132	4.05467940337e-28
12.5194552529	4.18494336019e-28
12.5340466926	4.21914923896e-28
12.5486381323	4.23020139082e-28
12.563229572	4.26096211273e-28
12.5778210117	4.33080361981e-28
12.5924124514	4.43052888938e-28
12.6070038911	4.70957593234e-28
12.6215953307	4.80808658201e-28
12.6361867704	4.86467402903e-28
12.6507782101	4.78771455946e-28
12.6653696498	4.72658877375e-28
12.6799610895	4.72512791846e-28
12.6945525292	4.83206188841e-28
12.7091439689	5.00241513927e-28
12.7237354086	5.402389362e-28
12.7383268483	5.63472534881e-28
12.7529182879	5.72143593196e-28
12.7675097276	5.65646492048e-28
12.7821011673	5.64087720483e-28
12.796692607	5.57825856005e-28
12.8112840467	5.66072602181e-28
12.8258754864	5.85980855054e-28
12.8404669261	6.22722860273e-28
12.8550583658	6.36207894207e-28
12.8696498054	6.44970977739e-28
12.8842412451	6.36237322382e-28
12.8988326848	6.27019006664e-28
12.9134241245	6.2249162694e-28
12.9280155642	6.32351765407e-28
12.9426070039	6.45256869278e-28
12.9571984436	6.75291484339e-28
12.9717898833	6.82659206947e-28
12.986381323	6.89065910686e-28
13.0009727626	6.81925871254e-28
13.0155642023	6.74285718118e-28
13.030155642	6.65295861051e-28
13.0447470817	6.68287948358e-28
13.0593385214	6.79468860762e-28
13.0739299611	7.21338356775e-28
13.0885214008	7.38982513968e-28
13.1031128405	7.43291983375e-28
13.1177042802	7.3552152017e-28
13.1322957198	7.30323179617e-28
13.1468871595	7.21772588772e-28
13.1614785992	7.31114864757e-28
13.1760700389	7.52425250322e-28
13.1906614786	7.94645712448e-28
13.2052529183	8.03665942884e-28
13.219844358	8.16599557776e-28
13.2344357977	8.0955291001e-28
13.2490272374	7.99252064347e-28
13.263618677	7.97317251208e-28
13.2782101167	8.04732868265e-28
13.2928015564	8.12145047952e-28
13.3073929961	8.53820263845e-28
13.3219844358	8.72770741772e-28
13.3365758755	8.83806976024e-28
13.3511673152	8.71418087843e-28
13.3657587549	8.57746362835e-28
13.3803501946	8.4221998376e-28
13.3949416342	8.39467696566e-28
13.4095330739	8.51119543361e-28
13.4241245136	8.91265846367e-28
13.4387159533	8.99148360194e-28
13.453307393	9.07191672935e-28
13.4678988327	9.02477714698e-28
13.4824902724	8.9762340678e-28
13.4970817121	8.80871205593e-28
13.5116731518	8.87714859448e-28
13.5262645914	9.0448443078e-28
13.5408560311	9.50021230253e-28
13.5554474708	9.69069294328e-28
13.5700389105	9.82777713043e-28
13.5846303502	9.74588160679e-28
13.5992217899	9.61701914159e-28
13.6138132296	9.52470617302e-28
13.6284046693	9.61367415701e-28
13.642996109	9.68286351509e-28
13.6575875486	1.01779851287e-27
13.6721789883	1.03683832232e-27
13.686770428	1.04187229314e-27
13.7013618677	1.03528218435e-27
13.7159533074	1.03885472307e-27
13.7305447471	1.03480333819e-27
13.7451361868	1.0394418134e-27
13.7597276265	1.05265617559e-27
13.7743190661	1.09972041324e-27
13.7889105058	1.10740968706e-27
13.8035019455	1.11433069976e-27
13.8180933852	1.09656715536e-27
13.8326848249	1.08340107821e-27
13.8472762646	1.07395845343e-27
13.8618677043	1.08794924355e-27
13.876459144	1.10264529158e-27
13.8910505837	1.14951198139e-27
13.9056420233	1.16316505055e-27
13.920233463	1.17288395653e-27
13.9348249027	1.15930195173e-27
13.9494163424	1.15856919598e-27
13.9640077821	1.15493257187e-27
13.9785992218	1.16741618092e-27
13.9931906615	1.17911582722e-27
14.0077821012	1.23302145603e-27
14.0223735409	1.24341842172e-27
14.0369649805	1.23886052516e-27
14.0515564202	1.22059159535e-27
14.0661478599	1.21192345973e-27
14.0807392996	1.19109063562e-27
14.0953307393	1.19722352884e-27
14.109922179	1.21253100679e-27
14.1245136187	1.26623262487e-27
14.1391050584	1.2695445911e-27
14.1536964981	1.26844062197e-27
14.1682879377	1.24552635917e-27
14.1828793774	1.23075014067e-27
14.1974708171	1.21348985649e-27
14.2120622568	1.21293416851e-27
14.2266536965	1.21371909554e-27
14.2412451362	1.26378123832e-27
14.2558365759	1.27664377187e-27
14.2704280156	1.28043430838e-27
14.2850194553	1.25686668622e-27
14.2996108949	1.24655780169e-27
14.3142023346	1.22984083165e-27
14.3287937743	1.22936711535e-27
14.343385214	1.23447541243e-27
14.3579766537	1.28766562776e-27
14.3725680934	1.29245041769e-27
14.3871595331	1.28053232692e-27
14.4017509728	1.253062643e-27
14.4163424125	1.24087652309e-27
14.4309338521	1.21314608828e-27
14.4455252918	1.20799327001e-27
14.4601167315	1.20749163654e-27
14.4747081712	1.24411794194e-27
14.4892996109	1.24201640363e-27
14.5038910506	1.24159795208e-27
14.5184824903	1.22226679667e-27
14.53307393	1.21450388e-27
14.5476653697	1.20639761536e-27
14.5622568093	1.20709411415e-27
14.576848249	1.20043875826e-27
14.5914396887	1.24487491245e-27
14.6060311284	1.24717011984e-27
14.6206225681	1.24260222287e-27
14.6352140078	1.20866190178e-27
14.6498054475	1.186092519e-27
14.6643968872	1.16213887345e-27
14.6789883268	1.14880835308e-27
14.6935797665	1.13347275985e-27
14.7081712062	1.15576194593e-27
14.7227626459	1.13693122958e-27
14.7373540856	1.11625320742e-27
14.7519455253	1.07298174839e-27
14.766536965	1.04683785505e-27
14.7811284047	1.00094124803e-27
14.7957198444	9.76014153755e-28
14.810311284	9.45649381388e-28
14.8249027237	9.31565088004e-28
14.8394941634	8.79926296557e-28
14.8540856031	8.25334576506e-28
14.8686770428	7.6065983351e-28
14.8832684825	7.22275654254e-28
14.8978599222	7.02507412172e-28
14.9124513619	7.23862694686e-28
14.9270428016	8.04502949363e-28
14.9416342412	1.00705160095e-27
14.9562256809	1.3402692023e-27
14.9708171206	1.88386630371e-27
14.9854085603	2.87840525744e-27
15.0	3.93641396284e-27
