-14.9854085603	2.46211368888e-27
-14.9708171206	1.46272702755e-27
-14.9562256809	8.90262869196e-28
-14.9416342412	5.20770344062e-28
-14.9270428016	3.10624124082e-28
-14.9124513619	1.89617010057e-28
-14.8978599222	1.33725664234e-28
-14.8832684825	1.09390348869e-28
-14.8686770428	1.117763915e-28
-14.8540856031	1.21483250642e-28
-14.8394941634	1.38928521281e-28
-14.8249027237	1.44769507122e-28
-14.810311284	1.6410602096e-28
-14.7957198444	1.81531867482e-28
-14.7811284047	2.03932419937e-28
-14.766536965	2.2178013386e-28
-14.7519455253	2.40094652239e-28
-14.7373540856	2.51035193174e-28
-14.7227626459	2.55501709735e-28
-14.7081712062	2.39667057385e-28
-14.6935797665	2.43791506846e-28
-14.6789883268	2.50837344983e-28
-14.6643968872	2.62552020833e-28
-14.6498054475	2.69696877658e-28
-14.6352140078	2.82821218218e-28
-14.6206225681	2.85051633623e-28
-14.6060311284	2.83898943054e-28
-14.5914396887	2.65139619105e-28
-14.576848249	2.63144615404e-28
-14.5622568093	2.64407251172e-28
-14.5476653696	2.76184534225e-28
-14.53307393	2.81090744811e-28
-14.5184824903	2.8989783649e-28
-14.5038910506	2.922354491e-28
-14.4892996109	2.92937586238e-28
-14.4747081712	2.74148102156e-28
-14.4601167315	2.72169340024e-28
-14.4455252918	2.73018240132e-28
-14.4309338521	2.83008939475e-28
-14.4163424125	2.86578668614e-28
-14.4017509728	2.94658559797e-28
-14.3871595331	2.92938766443e-28
-14.3725680934	2.90270197937e-28
-14.3579766537	2.65654776333e-28
-14.343385214	2.59599954073e-28
-14.3287937743	2.57348994305e-28
-14.3142023346	2.6423449767e-28
-14.2996108949	2.67047589121e-28
-14.2850194553	2.75704686853e-28
-14.2704280156	2.75171081036e-28
-14.2558365759	2.72155415045e-28
-14.2412451362	2.50399713318e-28
-14.2266536965	2.45913412018e-28
-14.2120622568	2.42132530049e-28
-14.1974708171	2.48315031553e-28
-14.1828793774	2.49503612986e-28
-14.1682879377	2.5488618344e-28
-14.1536964981	2.51132943623e-28
-14.1391050584	2.44670966332e-28
-14.1245136187	2.19797110576e-28
-14.109922179	2.13595542893e-28
-14.0953307393	2.092474695e-28
-14.0807392996	2.13211297431e-28
-14.0661478599	2.14751156265e-28
-14.0515564202	2.20310114285e-28
-14.0369649805	2.17134096577e-28
-14.0223735409	2.12576698394e-28
-14.0077821012	1.89622697148e-28
-13.9931906615	1.82972812554e-28
-13.9785992218	1.77996868333e-28
-13.9640077821	1.81126150072e-28
-13.9494163424	1.79165201572e-28
-13.9348249027	1.82207971046e-28
-13.920233463	1.77721775405e-28
-13.9056420233	1.71657572567e-28
-13.8910505837	1.50637498797e-28
-13.876459144	1.44968605306e-28
-13.8618677043	1.40758277839e-28
-13.8472762646	1.43980461426e-28
-13.8326848249	1.44380533768e-28
-13.8180933852	1.49021427421e-28
-13.8035019455	1.46371092691e-28
-13.7889105058	1.39948601047e-28
-13.7743190661	1.20483167041e-28
-13.7597276265	1.15851180184e-28
-13.7451361868	1.12482659064e-28
-13.7305447471	1.1504259287e-28
-13.7159533074	1.15779172982e-28
-13.7013618677	1.19659273549e-28
-13.686770428	1.15617744217e-28
-13.6721789883	1.1049216334e-28
-13.6575875486	9.37687199087e-29
-13.6429961089	8.9319199206e-29
-13.6284046693	8.60814001946e-29
-13.6138132296	8.71870135124e-29
-13.5992217899	8.72281282931e-29
-13.5846303502	9.18143843618e-29
-13.5700389105	8.9774478116e-29
-13.5554474708	8.58483183608e-29
-13.5408560311	7.23314389708e-29
-13.5262645914	6.91381173345e-29
-13.5116731518	6.70998656767e-29
-13.4970817121	6.93093980172e-29
-13.4824902724	7.02818628067e-29
-13.4678988327	7.34481662456e-29
-13.453307393	7.19623294703e-29
-13.4387159533	6.90281253787e-29
-13.4241245136	5.76618023539e-29
-13.4095330739	5.50393027222e-29
-13.3949416342	5.29396093417e-29
-13.3803501946	5.46926449372e-29
-13.3657587549	5.55177258696e-29
-13.3511673152	5.94754020959e-29
-13.3365758755	6.00060133439e-29
-13.3219844358	5.96529348392e-29
-13.3073929961	5.3612545954e-29
-13.2928015564	5.43663417822e-29
-13.2782101167	5.55138536314e-29
-13.263618677	5.71618322056e-29
-13.2490272374	5.6859017527e-29
-13.2344357977	5.97527830768e-29
-13.219844358	5.82925659234e-29
-13.2052529183	5.64997749946e-29
-13.1906614786	5.1712120947e-29
-13.1760700389	5.10838276329e-29
-13.1614785992	4.96154862333e-29
-13.1468871595	5.04702627382e-29
-13.1322957198	4.90188067916e-29
-13.1177042802	4.9396176126e-29
-13.1031128405	4.80997255332e-29
-13.0885214008	4.5123708266e-29
-13.0739299611	3.9795444589e-29
-13.0593385214	3.87268950606e-29
-13.0447470817	3.71061544698e-29
-13.030155642	3.63286341557e-29
-13.0155642023	3.56596994076e-29
-13.0009727626	3.59906647785e-29
-12.986381323	3.5051242409e-29
-12.9717898833	3.45084897243e-29
-12.9571984436	3.392606896e-29
-12.9426070039	3.41192646146e-29
-12.9280155642	3.40989602709e-29
-12.9134241245	3.44490168618e-29
-12.8988326848	3.51983598577e-29
-12.8842412451	3.66773882453e-29
-12.8696498054	3.85521758628e-29
-12.8550583658	4.16608306474e-29
-12.8404669261	4.97060966684e-29
-12.8258754864	5.57132542488e-29
-12.8112840467	6.00756054475e-29
-12.796692607	6.21618575591e-29
-12.7821011673	6.40618804859e-29
-12.7675097276	6.59506149143e-29
-12.7529182879	7.02442241014e-29
-12.7383268482	7.42148686307e-29
-12.7237354086	8.23934840073e-29
-12.7091439689	8.64603875866e-29
-12.6945525292	8.87566273948e-29
-12.6799610895	8.72600295604e-29
-12.6653696498	8.7339248709e-29
-12.6507782101	8.80175124741e-29
-12.6361867704	9.18230754317e-29
-12.6215953307	9.74725887118e-29
-12.6070038911	1.10589308533e-28
-12.5924124514	1.16917788282e-28
-12.5778210117	1.2088220166e-28
-12.563229572	1.19160976125e-28
-12.5486381323	1.20161537185e-28
-12.5340466926	1.20560858231e-28
-12.5194552529	1.26575416201e-28
-12.5048638132	1.35780791451e-28
-12.4902723735	1.59301021602e-28
-12.4756809339	1.71047517912e-28
-12.4610894942	1.81454260524e-28
-12.4464980545	1.85315979095e-28
-12.4319066148	1.89853949919e-28
-12.4173151751	1.91889625456e-28
-12.4027237354	2.01288327494e-28
-12.3881322957	2.13650342482e-28
-12.373540856	2.41375651615e-28
-12.3589494163	2.56279648961e-28
-12.3443579767	2.67878139384e-28
-12.329766537	2.71941661597e-28
-12.3151750973	2.81200972882e-28
-12.3005836576	2.85230803424e-28
-12.2859922179	2.98930763553e-28
-12.2714007782	3.17609962026e-28
-12.2568093385	3.55499097777e-28
-12.2422178988	3.76094284405e-28
-12.2276264591	3.92763364224e-28
-12.2130350195	3.97681984018e-28
-12.1984435798	4.07339190918e-28
-12.1838521401	4.09498843038e-28
-12.1692607004	4.20930117806e-28
-12.1546692607	4.36180713008e-28
-12.140077821	4.75132120687e-28
-12.1254863813	4.91181831066e-28
-12.1108949416	4.99355935307e-28
-12.0963035019	4.91735297502e-28
-12.0817120623	4.90360261589e-28
-12.0671206226	4.89946372709e-28
-12.0525291829	5.03710561344e-28
-12.0379377432	5.17824728898e-28
-12.0233463035	5.54337926257e-28
-12.0087548638	5.6875148057e-28
-11.9941634241	5.81658159854e-28
-11.9795719844	5.82800599204e-28
-11.9649805447	5.89231361379e-28
-11.9503891051	5.87086520182e-28
-11.9357976654	6.01068673741e-28
-11.9212062257	6.23660188831e-28
-11.906614786	6.72604272016e-28
-11.8920233463	6.91839060844e-28
-11.8774319066	7.03276513876e-28
-11.8628404669	6.94317029458e-28
-11.8482490272	6.89726434602e-28
-11.8336575875	6.81854502454e-28
-11.8190661479	6.87783332919e-28
-11.8044747082	6.99496011987e-28
-11.7898832685	7.42764699147e-28
-11.7752918288	7.50721118607e-28
-11.7607003891	7.49772798856e-28
-11.7461089494	7.36672991032e-28
-11.7315175097	7.31934124827e-28
-11.71692607	7.24949748582e-28
-11.7023346304	7.39006869866e-28
-11.6877431907	7.47066495395e-28
-11.673151751	7.82301781725e-28
-11.6585603113	7.88467802144e-28
-11.6439688716	7.810742591e-28
-11.6293774319	7.59140539438e-28
-11.6147859922	7.43311390325e-28
-11.6001945525	7.1998283252e-28
-11.5856031128	7.2223406187e-28
-11.5710116732	7.27245157668e-28
-11.5564202335	7.56054086977e-28
-11.5418287938	7.41116872783e-28
-11.5272373541	7.22036696242e-28
-11.5126459144	6.8525333112e-28
-11.4980544747	6.48109471771e-28
-11.483463035	6.15824798852e-28
-11.4688715953	5.99170177564e-28
-11.4542801556	5.92272865742e-28
-11.439688716	6.15379476596e-28
-11.4250972763	6.0751796329e-28
-11.4105058366	6.09719086291e-28
-11.3959143969	6.23732782053e-28
-11.3813229572	6.82488579667e-28
-11.3667315175	7.94690263388e-28
-11.3521400778	9.9875545867e-28
-11.3375486381	1.30556602894e-27
-11.3229571984	1.77336807641e-27
-11.3083657588	2.41056216422e-27
-11.2937743191	3.33470947271e-27
-11.2791828794	4.57242688159e-27
-11.2645914397	6.47042031914e-27
-11.25	8.23973680157e-27
-11.2354085603	6.32662217044e-27
-11.2208171206	4.33898564226e-27
-11.2062256809	3.02014268104e-27
-11.1916342412	2.039880199e-27
-11.1770428016	1.35980800619e-27
-11.1624513619	8.85213749905e-28
-11.1478599222	5.69458699715e-28
-11.1332684825	3.64930918122e-28
-11.1186770428	2.38501135521e-28
-11.1040856031	1.69149758994e-28
-11.0894941634	1.31424973027e-28
-11.0749027237	1.36354845362e-28
-11.060311284	1.62460808359e-28
-11.0457198444	2.03283404208e-28
-11.0311284047	2.48587034019e-28
-11.016536965	3.01768213018e-28
-11.0019455253	3.43404181134e-28
-10.9873540856	3.84694200316e-28
-10.9727626459	4.04516721097e-28
-10.9581712062	4.37960961021e-28
-10.9435797665	4.75254235849e-28
-10.9289883268	5.25218153457e-28
-10.9143968872	5.62716423678e-28
-10.8998054475	5.97152433824e-28
-10.8852140078	6.15180765599e-28
-10.8706225681	6.20326357253e-28
-10.8560311284	5.91383295757e-28
-10.8414396887	5.88330320537e-28
-10.826848249	5.8811423038e-28
-10.8122568093	5.95904624143e-28
-10.7976653696	5.97346506151e-28
-10.78307393	6.01402010705e-28
-10.7684824903	5.85883605573e-28
-10.7538910506	5.633495128e-28
-10.7392996109	5.12880811135e-28
-10.7247081712	4.84429927627e-28
-10.7101167315	4.5407338745e-28
-10.6955252918	4.32753994756e-28
-10.6809338521	4.08316065827e-28
-10.6663424125	3.83383184574e-28
-10.6517509728	3.43191551821e-28
-10.6371595331	2.99692571041e-28
-10.6225680934	2.44362623452e-28
-10.6079766537	2.16027728795e-28
-10.593385214	2.0387039481e-28
-10.5787937743	2.15269113267e-28
-10.5642023346	2.43692191802e-28
-10.5496108949	3.10288142687e-28
-10.5350194553	4.13488197227e-28
-10.5204280156	5.74249695535e-28
-10.5058365759	8.21368032561e-28
-10.4912451362	1.19686071375e-27
-10.4766536965	1.7268541162e-27
-10.4620622568	2.4720618281e-27
-10.4474708171	3.49650167178e-27
-10.4328793774	4.87875357037e-27
-10.4182879377	6.77245054153e-27
-10.4036964981	9.35978930833e-27
-10.3891050584	1.28818251467e-26
-10.3745136187	1.75011734543e-26
-10.359922179	2.35434101615e-26
-10.3453307393	3.13871221074e-26
-10.3307392996	4.160446873e-26
-10.3161478599	5.48351175856e-26
-10.3015564202	7.20293800855e-26
-10.2869649805	9.43974600199e-26
-10.2723735409	1.23586184996e-25
-10.2577821012	1.61041173106e-25
-10.2431906615	2.09334227161e-25
-10.2285992218	2.71502071648e-25
-10.2140077821	3.51606408289e-25
-10.1994163424	4.54639970031e-25
-10.1848249027	5.87247099034e-25
-10.170233463	7.57683581666e-25
-10.1556420233	9.77187770437e-25
-10.1410505837	1.25778335827e-24
-10.126459144	1.61679453028e-24
-10.1118677043	2.07649163751e-24
-10.0972762646	2.66482846016e-24
-10.0826848249	3.41596131699e-24
-10.0680933852	4.37625518567e-24
-10.0535019455	5.60341459598e-24
-10.0389105058	7.17217429063e-24
-10.0243190661	9.17221785639e-24
-10.0097276265	1.17209184421e-23
-9.99513618677	1.49686242073e-23
-9.98054474708	1.91049095033e-23
-9.96595330739	2.43690462279e-23
-9.9513618677	3.10674935543e-23
-9.93677042802	3.9588113986e-23
-9.92217898833	5.04187114691e-23
-9.90758754864	6.41659152538e-23
-9.89299610895	8.16138657954e-23
-9.87840466926	1.03742156532e-22
-9.86381322957	1.31800079241e-22
-9.84922178988	1.67355240512e-22
-9.83463035019	2.12393121154e-22
-9.82003891051	2.69416737655e-22
-9.80544747082	3.41585445028e-22
-9.79085603113	4.32843551278e-22
-9.77626459144	5.48185132534e-22
-9.76167315175	6.9389193372e-22
-9.74708171206	8.77859631525e-22
-9.73249027237	1.11000881159e-21
-9.71789883268	1.40283386483e-21
-9.703307393	1.77199320232e-21
-9.68871595331	2.23717265767e-21
-9.67412451362	2.82295452623e-21
-9.65953307393	3.56023046552e-21
-9.64494163424	4.48769730007e-21
-9.63035019455	5.65385493879e-21
-9.61575875486	7.11931824903e-21
-9.60116731517	8.95999465202e-21
-9.58657587549	1.12707475436e-20
-9.5719844358	1.41701435257e-20
-9.55739299611	1.78059750499e-20
-9.54280155642	2.23629882985e-20
-9.52821011673	2.8071540263e-20
-9.51361867704	3.52189609272e-20
-9.49902723735	4.41632143146e-20
-9.48443579767	5.53501228197e-20
-9.46984435798	6.93345986829e-20
-9.45525291829	8.6807249462e-20
-9.4406614786	1.08625947838e-19
-9.42607003891	1.35857579562e-19
-9.41147859922	1.69827027287e-19
-9.39688715953	2.12178992556e-19
-9.38229571984	2.64953866632e-19
-9.36770428016	3.30682249763e-19
-9.35311284047	4.12499895543e-19
-9.33852140078	5.14291428457e-19
-9.32392996109	6.40864142832e-19
-9.3093385214	7.98167456963e-19
-9.29474708171	9.93558071464e-19
-9.28015564202	1.2361294625e-18
-9.26556420233	1.53711266815e-18
-9.25097276265	1.91037434342e-18
-9.23638132296	2.37302397996e-18
-9.22178988327	2.94616139248e-18
-9.20719844358	3.65578818627e-18
-9.19260700389	4.53393878803e-18
-9.1780155642	5.62005072148e-18
-9.16342412451	6.96265174803e-18
-9.14883268482	8.62141858303e-18
-9.13424124514	1.06697020574e-17
-9.11964980545	1.31976050827e-17
-9.10505836576	1.6315752015e-17
-9.09046692607	2.01598741966e-17
-9.07587548638	2.48964345595e-17
-9.06128404669	3.07294576365e-17
-9.046692607	3.79088739053e-17
-9.03210116731	4.67406663151e-17
-9.01750972763	5.75992428708e-17
-9.00291828794	7.09424628413e-17
-8.98832684825	8.73299455962e-17
-8.97373540856	1.07445257383e-16
-8.95914396887	1.3212295316e-16
-8.94455252918	1.62381305469e-16
-8.92996108949	1.99462073071e-16
-8.91536964981	2.448786618e-16
-8.90077821012	3.00474535383e-16
-8.88618677043	3.68493881028e-16
-8.87159533074	4.51667200432e-16
-8.85700389105	5.53314721002e-16
-8.84241245136	6.77471584334e-16
-8.82782101167	8.2903887876e-16
-8.81322957198	1.01396611692e-15
-8.7986381323	1.23947131691e-15
-8.78404669261	1.51430650543e-15
-8.76945525292	1.84907751928e-15
-8.75486381323	2.25662938384e-15
-8.74027237354	2.75250989381e-15
-8.72568093385	3.35552775626e-15
-8.71108949416	4.08842308193e-15
-8.69649805447	4.97867336483e-15
-8.68190661479	6.05946097006e-15
-8.6673151751	7.3708344862e-15
-8.65272373541	8.96110113953e-15
-8.63813229572	1.08884960773e-14
-8.62354085603	1.32231813513e-14
-8.60894941634	1.60496398183e-14
-8.59435797665	1.94695379294e-14
-8.57976653696	2.36051495283e-14
-8.56517509728	2.86034460135e-14
-8.55058365759	3.4640981191e-14
-8.5359922179	4.19297202151e-14
-8.52140077821	5.0723992258e-14
-8.50680933852	6.13287756345e-14
-8.49221789883	7.4109569572e-14
-8.47762645914	8.95041427157e-14
-8.46303501945	1.08036511734e-13
-8.44844357977	1.30333559251e-13
-8.43385214008	1.57144779749e-13
-8.41926070039	1.89365724364e-13
-8.4046692607	2.28065823876e-13
-8.39007782101	2.7452138018e-13
-8.37548638132	3.3025467118e-13
-8.36089494163	3.97080260087e-13
-8.34630350195	4.77159812562e-13
-8.33171206226	5.73066933829e-13
-8.31712062257	6.87863816455e-13
-8.30252918288	8.25191781797e-13
-8.28793774319	9.89378176457e-13
-8.2733463035	1.18556248152e-12
-8.25875486381	1.41984501005e-12
-8.24416342412	1.6994620996e-12
-8.22957198444	2.03299241038e-12
-8.21498054475	2.43059967155e-12
-8.20038910506	2.90431814504e-12
-8.18579766537	3.46838808529e-12
-8.17120622568	4.13964970853e-12
-8.15661478599	4.9380055427e-12
-8.1420233463	5.88696271112e-12
-8.12743190661	7.01426848393e-12
-8.11284046693	8.35265469129e-12
-8.09824902724	9.94070902644e-12
-8.08365758755	1.1823894204e-11
-8.06906614786	1.40557392243e-11
-8.05447470817	1.66992309117e-11
-8.03988326848	1.98284382245e-11
-8.02529182879	2.35304070711e-11
-8.0107003891	2.79073690518e-11
-7.99610894942	3.3079314472e-11
-7.98151750973	3.91869875472e-11
-7.96692607004	4.63953707419e-11
-7.95233463035	5.48977352221e-11
-7.93774319066	6.49203462061e-11
-7.92315175097	7.67279251768e-11
-7.90856031128	9.06299863814e-11
-7.89396887159	1.06988182173e-10
-7.87937743191	1.26224812018e-10
-7.86478599222	1.4883267231e-10
-7.85019455253	1.75386450317e-10
-7.83560311284	2.06555894728e-10
-7.82101167315	2.43121029037e-10
-7.80642023346	2.85989711738e-10
-7.79182879377	3.36217891008e-10
-7.77723735409	3.95032949857e-10
-7.7626459144	4.63860593993e-10
-7.74805447471	5.44355797112e-10
-7.73346303502	6.38438389823e-10
-7.71887159533	7.48333958336e-10
-7.70428015564	8.76620810719e-10
-7.68968871595	1.02628386991e-09
-7.67509727626	1.20077646948e-09
-7.66050583658	1.40409115666e-09
-7.64591439689	1.64084075468e-09
-7.6313229572	1.91635109983e-09
-7.61673151751	2.23676705399e-09
-7.60214007782	2.60917359915e-09
-7.58754863813	3.04173405329e-09
-7.57295719844	3.54384770493e-09
-7.55836575875	4.12632945533e-09
-7.54377431907	4.80161437836e-09
-7.52918287938	5.58399047155e-09
-7.51459143969	6.48986327257e-09
-7.5	7.53805646217e-09
-7.48540856031	8.75015307367e-09
-7.47081712062	1.01508824919e-08
-7.45622568093	1.17685590007e-08
-7.44163424124	1.36355783678e-08
-7.42704280156	1.57889796725e-08
-7.41245136187	1.82710804206e-08
-7.39785992218	2.11301939083e-08
-7.38326848249	2.44214388057e-08
-7.3686770428	2.82076520414e-08
-7.35408560311	3.25604172941e-08
-7.33949416342	3.75612227337e-08
-7.32490272373	4.33027631336e-08
-7.31031128405	4.9890403075e-08
-7.29571984436	5.74438197378e-08
-7.28112840467	6.60988456805e-08
-7.26653696498	7.60095341215e-08
-7.25194552529	8.73504714992e-08
-7.2373540856	1.00319364577e-07
-7.22276264591	1.1513993204e-07
-7.20817120623	1.32065133439e-07
-7.19357976654	1.51380771496e-07
-7.17898832685	1.7340950715e-07
-7.16439688716	1.98515330419e-07
-7.14980544747	2.27108534042e-07
-7.13521400778	2.5965124111e-07
-7.12062256809	2.96663542404e-07
-7.1060311284	3.38730303948e-07
-7.09143968872	3.86508710481e-07
-7.07684824903	4.40736615953e-07
-7.06225680934	5.02241777986e-07
-7.04766536965	5.71952059347e-07
-7.03307392996	6.50906685957e-07
-7.01848249027	7.40268657739e-07
-7.00389105058	8.41338415761e-07
-6.98929961089	9.55568876531e-07
-6.97470817121	1.08458195211e-06
-6.96011673152	1.2301866827e-06
-6.94552529183	1.3943991166e-06
-6.93093385214	1.57946408116e-06
-6.91634241245	1.7878789968e-06
-6.90175097276	2.02241989517e-06
-6.88715953307	2.28616981152e-06
-6.87256809338	2.58254973014e-06
-6.8579766537	2.91535227084e-06
-6.84338521401	3.28877831304e-06
-6.82879377432	3.7074767626e-06
-6.81420233463	4.17658767496e-06
-6.79961089494	4.70178895524e-06
-6.78501945525	5.28934686389e-06
-6.77042801556	5.94617056192e-06
-6.75583657588	6.67987093582e-06
-6.74124513619	7.49882394601e-06
-6.7266536965	8.4122387459e-06
-6.71206225681	9.43023081986e-06
-6.69747081712	1.05639003879e-05
-6.68287937743	1.18254163225e-05
-6.66828793774	1.32281058185e-05
-6.65369649805	1.4786550049e-05
-6.63910505837	1.65166860305e-05
-6.62451361868	1.8435914907e-05
-6.60992217899	2.05632168457e-05
-6.5953307393	2.29192727164e-05
-6.58073929961	2.55265927018e-05
-6.56614785992	2.84096519554e-05
-6.55155642023	3.15950333926e-05
-6.53696498054	3.51115776566e-05
-6.52237354086	3.89905402602e-05
-6.50778210117	4.3265755852e-05
-6.49319066148	4.79738094993e-05
-6.47859922179	5.31542148166e-05
-6.4640077821	5.8849598702e-05
-6.44941634241	6.51058923648e-05
-6.43482490272	7.19725282485e-05
-6.42023346303	7.95026423618e-05
-6.40564202335	8.77532814373e-05
-6.39105058366	9.67856142341e-05
-6.37645914397	0.000106665146194
-6.36186770428	0.000117461936545
-6.34727626459	0.000129250816833
-6.3326848249	0.000142111609728
-6.31809338521	0.000156129346835
-6.30350194552	0.000171394484114
-6.28891050584	0.00018800311335
-6.27431906615	0.00020605716803
-6.25972762646	0.000225664621814
-6.24513618677	0.000246939677668
-6.23054474708	0.000270002945615
-6.21595330739	0.000294981606921
-6.2013618677	0.00032200956244
-6.18677042802	0.000351227562728
-6.17217898833	0.00038278331746
-6.15758754864	0.000416831581598
-6.14299610895	0.000453534215721
-6.12840466926	0.000493060217884
-6.11381322957	0.000535585724348
-6.09922178988	0.000581293976572
-6.08463035019	0.000630375251864
-6.07003891051	0.000683026755186
-6.05544747082	0.000739452469688
-6.04085603113	0.000799862963724
-6.02626459144	0.000864475152228
-6.01167315175	0.000933512010589
-5.99708171206	0.00100720223937
-5.98249027237	0.00108577987858
-5.96789883268	0.00116948387035
-5.953307393	0.00125855756962
-5.93871595331	0.00135324820226
-5.92412451362	0.00145380627106
-5.90953307393	0.00156048491018
-5.89494163424	0.00167353918915
-5.88035019455	0.00179322536809
-5.86575875486	0.00191980010645
-5.85116731517	0.00205351962789
-5.83657587549	0.00219463884464
-5.8219844358	0.00234341044525
-5.80739299611	0.00250008394998
-5.79280155642	0.00266490473895
-5.77821011673	0.00283811305826
-5.76361867704	0.00301994301009
-5.74902723735	0.00321062153311
-5.73443579766	0.00341036737985
-5.71984435798	0.00361939009794
-5.70525291829	0.0038378890228
-5.6906614786	0.00406605228885
-5.67607003891	0.00430405586707
-5.66147859922	0.00455206263644
-5.64688715953	0.00481022149667
-5.63229571984	0.0050786665298
-5.61770428016	0.0053575162176
-5.60311284047	0.00564687272175
-5.58852140078	0.00594682123313
-5.57392996109	0.00625742939616
-5.5593385214	0.00657874681344
-5.54474708171	0.00691080463553
-5.53015564202	0.00725361523975
-5.51556420233	0.00760717200121
-5.50097276265	0.00797144915852
-5.48638132296	0.00834640177573
-5.47178988327	0.00873196580124
-5.45719844358	0.00912805822335
-5.44260700389	0.00953457732155
-5.4280155642	0.0099514030116
-5.41342412451	0.0103783972815
-5.39883268482	0.0108154047151
-5.38424124514	0.0112622530984
-5.36964980545	0.0117187541043
-5.35505836576	0.0121847040501
-5.34046692607	0.01265988472
-5.32587548638	0.0131440642489
-5.31128404669	0.0136369980568
-5.296692607	0.01413842983
-5.28210116731	0.0146480925387
-5.26750972763	0.0151657094845
-5.25291828794	0.0156909953703
-5.23832684825	0.0162236573839
-5.22373540856	0.0167633962885
-5.20914396887	0.017309907513
-5.19455252918	0.017862882233
-5.17996108949	0.0184220084389
-5.1653696498	0.0189869719819
-5.15077821012	0.019557457593
-5.13618677043	0.0201331498705
-5.12159533074	0.0207137342292
-5.10700389105	0.0212988978082
-5.09241245136	0.0218883303339
-5.07782101167	0.0224817249329
-5.06322957198	0.0230787788943
-5.0486381323	0.0236791943784
-5.03404669261	0.0242826790697
-5.01945525292	0.0248889467741
-5.00486381323	0.025497717959
-4.99027237354	0.0261087202368
-4.97568093385	0.0267216887913
-4.96108949416	0.0273363667495
-4.94649805447	0.0279525054974
-4.93190661479	0.0285698649436
-4.9173151751	0.0291882137318
-4.90272373541	0.0298073294031
-4.88813229572	0.0304269985124
-4.87354085603	0.0310470166992
-4.85894941634	0.0316671887175
-4.84435797665	0.0322873284256
-4.82976653696	0.0329072587395
-4.81517509728	0.0335268115538
-4.80058365759	0.0341458276298
-4.7859922179	0.0347641564574
-4.77140077821	0.0353816560909
-4.75680933852	0.0359981929628
-4.74221789883	0.0366136416773
-4.72762645914	0.0372278847871
-4.71303501945	0.0378408125556
-4.69844357977	0.0384523227061
-4.68385214008	0.039062320162
-4.66926070039	0.039670716778
-4.6546692607	0.0402774310659
-4.64007782101	0.0408823879164
-4.62548638132	0.041485518318
-4.61089494163	0.0420867590759
-4.59630350194	0.0426860525307
-4.58171206226	0.0432833462796
-4.56712062257	0.0438785929005
-4.55252918288	0.0444717496805
-4.53793774319	0.0450627783491
-4.5233463035	0.0456516448177
-4.50875486381	0.0462383189258
-4.49416342412	0.0468227741937
-4.47957198444	0.0474049875841
-4.46498054475	0.0479849392707
-4.45038910506	0.0485626124157
-4.43579766537	0.0491379929565
-4.42120622568	0.0497110694002
-4.40661478599	0.0502818326279
-4.3920233463	0.0508502757078
-4.37743190661	0.0514163937174
-4.36284046693	0.0519801835742
-4.34824902724	0.0525416438758
-4.33365758755	0.0531007747484
-4.31906614786	0.0536575777043
-4.30447470817	0.054212055507
-4.28988326848	0.0547642120449
-4.27529182879	0.0553140522131
-4.2607003891	0.0558615818025
-4.24610894942	0.0564068073961
-4.23151750973	0.056949736273
-4.21692607004	0.0574903763185
-4.20233463035	0.0580287359412
-4.18774319066	0.0585648239961
-4.17315175097	0.0590986497138
-4.15856031128	0.059630222635
-4.14396887159	0.0601595525505
-4.12937743191	0.0606866494464
-4.11478599222	0.0612115234538
-4.10019455253	0.0617341848031
-4.08560311284	0.0622546437826
-4.07101167315	0.0627729107009
-4.05642023346	0.0632889958531
-4.04182879377	0.0638029094906
-4.02723735408	0.0643146617936
-4.0126459144	0.0648242628473
-3.99805447471	0.0653317226206
-3.98346303502	0.0658370509471
-3.96887159533	0.0663402575091
-3.95428015564	0.0668413518232
-3.93968871595	0.0673403432282
-3.92509727626	0.0678372408752
-3.91050583658	0.0683320537188
-3.89591439689	0.0688247905102
-3.8813229572	0.0693154597918
-3.86673151751	0.0698040698928
-3.85214007782	0.0702906289264
-3.83754863813	0.0707751447878
-3.82295719844	0.071257625153
-3.80836575875	0.0717380774788
-3.79377431907	0.0722165090033
-3.77918287938	0.0726929267474
-3.76459143969	0.0731673375166
-3.75	0.0736397479033
-3.73540856031	0.0741101642901
-3.72081712062	0.0745785928526
-3.70622568093	0.0750450395635
-3.69163424124	0.0755095101961
-3.67704280156	0.0759720103292
-3.66245136187	0.0764325453506
-3.64785992218	0.0768911204624
-3.63326848249	0.0773477406855
-3.6186770428	0.0778024108641
-3.60408560311	0.078255135671
-3.58949416342	0.0787059196124
-3.57490272373	0.0791547670324
-3.56031128405	0.0796016821187
-3.54571984436	0.080046668907
-3.53112840467	0.0804897312858
-3.51653696498	0.0809308730015
-3.50194552529	0.0813700976633
-3.4873540856	0.0818074087474
-3.47276264591	0.0822428096019
-3.45817120623	0.0826763034516
-3.44357976654	0.0831078934017
-3.42898832685	0.083537582443
-3.41439688716	0.0839653734552
-3.39980544747	0.084391269212
-3.38521400778	0.0848152723841
-3.37062256809	0.0852373855438
-3.3560311284	0.0856576111685
-3.34143968872	0.0860759516443
-3.32684824903	0.0864924092697
-3.31225680934	0.0869069862588
-3.29766536965	0.0873196847448
-3.28307392996	0.0877305067829
-3.26848249027	0.0881394543539
-3.25389105058	0.0885465293666
-3.23929961089	0.0889517336609
-3.22470817121	0.0893550690107
-3.21011673152	0.0897565371262
-3.19552529183	0.0901561396567
-3.18093385214	0.0905538781931
-3.16634241245	0.09094975427
-3.15175097276	0.0913437693681
-3.13715953307	0.0917359249163
-3.12256809338	0.0921262222939
-3.1079766537	0.0925146628325
-3.09338521401	0.092901247818
-3.07879377432	0.0932859784923
-3.06420233463	0.0936688560551
-3.04961089494	0.0940498816656
-3.03501945525	0.0944290564443
-3.02042801556	0.094806381474
-3.00583657587	0.095181857802
-2.99124513619	0.095555486441
-2.9766536965	0.0959272683706
-2.96206225681	0.0962972045386
-2.94747081712	0.0966652958624
-2.93287937743	0.0970315432299
-2.91828793774	0.0973959475008
-2.90369649805	0.0977585095077
-2.88910505837	0.098119230057
-2.87451361868	0.0984781099303
-2.85992217899	0.0988351498846
-2.8453307393	0.0991903506541
-2.83073929961	0.0995437129505
-2.81614785992	0.0998952374639
-2.80155642023	0.100244924864
-2.78696498054	0.1005927758
-2.77237354086	0.100938790902
-2.75778210117	0.101282970782
-2.74319066148	0.101625316035
-2.72859922179	0.101965827236
-2.7140077821	0.102304504946
-2.69941634241	0.102641349709
-2.68482490272	0.102976362054
-2.67023346303	0.103309542496
-2.65564202335	0.103640891532
-2.64105058366	0.10397040965
-2.62645914397	0.104298097321
-2.61186770428	0.104623955005
-2.59727626459	0.104947983148
-2.5826848249	0.105270182186
-2.56809338521	0.105590552542
-2.55350194552	0.105909094628
-2.53891050584	0.106225808844
-2.52431906615	0.106540695582
-2.50972762646	0.106853755221
-2.49513618677	0.107164988133
-2.48054474708	0.107474394677
-2.46595330739	0.107781975206
-2.4513618677	0.108087730062
-2.43677042801	0.10839165958
-2.42217898833	0.108693764085
-2.40758754864	0.108994043894
-2.39299610895	0.109292499318
-2.37840466926	0.109589130658
-2.36381322957	0.109883938209
-2.34922178988	0.110176922258
-2.33463035019	0.110468083086
-2.32003891051	0.110757420967
-2.30544747082	0.111044936167
-2.29085603113	0.111330628948
-2.27626459144	0.111614499564
-2.26167315175	0.111896548263
-2.24708171206	0.112176775289
-2.23249027237	0.112455180878
-2.21789883268	0.112731765262
-2.203307393	0.113006528667
-2.18871595331	0.113279471315
-2.17412451362	0.113550593421
-2.15953307393	0.113819895196
-2.14494163424	0.114087376847
-2.13035019455	0.114353038575
-2.11575875486	0.114616880577
-2.10116731517	0.114878903047
-2.08657587549	0.115139106171
-2.0719844358	0.115397490136
-2.05739299611	0.115654055121
-2.04280155642	0.115908801302
-2.02821011673	0.116161728851
-2.01361867704	0.116412837938
-1.99902723735	0.116662128727
-1.98443579766	0.116909601379
-1.96984435798	0.117155256053
-1.95525291829	0.117399092904
-1.9406614786	0.117641112082
-1.92607003891	0.117881313735
-1.91147859922	0.118119698009
-1.89688715953	0.118356265045
-1.88229571984	0.118591014983
-1.86770428015	0.118823947958
-1.85311284047	0.119055064103
-1.83852140078	0.119284363549
-1.82392996109	0.119511846423
-1.8093385214	0.119737512851
-1.79474708171	0.119961362954
-1.78015564202	0.120183396854
-1.76556420233	0.120403614666
-1.75097276265	0.120622016507
-1.73638132296	0.12083860249
-1.72178988327	0.121053372723
-1.70719844358	0.121266327316
-1.69260700389	0.121477466375
-1.6780155642	0.121686790004
-1.66342412451	0.121894298304
-1.64883268482	0.122099991375
-1.63424124514	0.122303869314
-1.61964980545	0.122505932218
-1.60505836576	0.122706180181
-1.59046692607	0.122904613294
-1.57587548638	0.123101231647
-1.56128404669	0.123296035329
-1.546692607	0.123489024426
-1.53210116731	0.123680199024
-1.51750972763	0.123869559206
-1.50291828794	0.124057105052
-1.48832684825	0.124242836644
-1.47373540856	0.124426754059
-1.45914396887	0.124608857374
-1.44455252918	0.124789146664
-1.42996108949	0.124967622004
-1.4153696498	0.125144283466
-1.40077821012	0.12531913112
-1.38618677043	0.125492165037
-1.37159533074	0.125663385284
-1.35700389105	0.125832791928
-1.34241245136	0.126000385035
-1.32782101167	0.126166164669
-1.31322957198	0.126330130893
-1.29863813229	0.126492283768
-1.28404669261	0.126652623356
-1.26945525292	0.126811149715
-1.25486381323	0.126967862904
-1.24027237354	0.12712276298
-1.22568093385	0.127275849998
-1.21108949416	0.127427124014
-1.19649805447	0.12757658508
-1.18190661479	0.12772423325
-1.1673151751	0.127870068575
-1.15272373541	0.128014091106
-1.13813229572	0.128156300891
-1.12354085603	0.128296697981
-1.10894941634	0.128435282421
-1.09435797665	0.12857205426
-1.07976653696	0.128707013541
-1.06517509728	0.128840160311
-1.05058365759	0.128971494612
-1.0359922179	0.129101016489
-1.02140077821	0.129228725981
-1.00680933852	0.129354623132
-0.992217898832	0.129478707981
-0.977626459143	0.129600980567
-0.963035019454	0.12972144093
-0.948443579766	0.129840089106
-0.933852140077	0.129956925133
-0.919260700388	0.130071949048
-0.9046692607	0.130185160885
-0.890077821011	0.130296560679
-0.875486381322	0.130406148464
-0.860894941633	0.130513924273
-0.846303501945	0.130619888139
-0.831712062256	0.130724040093
-0.817120622567	0.130826380166
-0.802529182879	0.130926908388
-0.78793774319	0.13102562479
-0.773346303501	0.1311225294
-0.758754863812	0.131217622246
-0.744163424124	0.131310903356
-0.729571984435	0.131402372756
-0.714980544746	0.131492030473
-0.700389105058	0.131579876532
-0.685797665369	0.131665910959
-0.67120622568	0.131750133777
-0.656614785991	0.131832545011
-0.642023346303	0.131913144684
-0.627431906614	0.131991932817
-0.612840466925	0.132068909434
-0.598249027237	0.132144074554
-0.583657587548	0.1322174282
-0.569066147859	0.132288970391
-0.55447470817	0.132358701146
-0.539883268482	0.132426620486
-0.525291828793	0.132492728427
-0.510700389104	0.132557024988
-0.496108949416	0.132619510187
-0.481517509727	0.13268018404
-0.466926070038	0.132739046563
-0.452334630349	0.132796097773
-0.437743190661	0.132851337684
-0.423151750972	0.132904766311
-0.408560311283	0.132956383668
-0.393968871594	0.13300618977
-0.379377431906	0.133054184628
-0.364785992217	0.133100368255
-0.350194552528	0.133144740665
-0.33560311284	0.133187301867
-0.321011673151	0.133228051874
-0.306420233462	0.133266990696
-0.291828793773	0.133304118343
-0.277237354085	0.133339434825
-0.262645914396	0.133372940151
-0.248054474707	0.133404634329
-0.233463035019	0.133434517368
-0.21887159533	0.133462589275
-0.204280155641	0.133488850058
-0.189688715952	0.133513299724
-0.175097276264	0.133535938278
-0.160505836575	0.133556765726
-0.145914396886	0.133575782074
-0.131322957198	0.133592987327
-0.116731517509	0.133608381489
-0.10214007782	0.133621964563
-0.0875486381314	0.133633736554
-0.0729571984427	0.133643697465
-0.058365758754	0.133651847297
-0.0437743190653	0.133658186054
-0.0291828793766	0.133662713736
-0.0145914396879	0.133665430344
8.5975671027e-13	0.133666335881
0.0145914396896	0.133665430344
0.0291828793783	0.133662713736
0.043774319067	0.133658186054
0.0583657587557	0.133651847297
0.0729571984444	0.133643697465
0.0875486381332	0.133633736554
0.102140077822	0.133621964563
0.116731517511	0.133608381489
0.131322957199	0.133592987327
0.145914396888	0.133575782074
0.160505836577	0.133556765726
0.175097276265	0.133535938278
0.189688715954	0.133513299724
0.204280155643	0.133488850058
0.218871595332	0.133462589275
0.23346303502	0.133434517368
0.248054474709	0.133404634329
0.262645914398	0.133372940151
0.277237354086	0.133339434825
0.291828793775	0.133304118343
0.306420233464	0.133266990696
0.321011673153	0.133228051874
0.335603112841	0.133187301867
0.35019455253	0.133144740665
0.364785992219	0.133100368255
0.379377431907	0.133054184628
0.393968871596	0.13300618977
0.408560311285	0.132956383668
0.423151750974	0.132904766311
0.437743190662	0.132851337684
0.452334630351	0.132796097773
0.46692607004	0.132739046563
0.481517509729	0.13268018404
0.496108949417	0.132619510187
0.510700389106	0.132557024988
0.525291828795	0.132492728427
0.539883268483	0.132426620486
0.554474708172	0.132358701146
0.569066147861	0.132288970391
0.58365758755	0.1322174282
0.598249027238	0.132144074554
0.612840466927	0.132068909434
0.627431906616	0.131991932817
0.642023346304	0.131913144684
0.656614785993	0.131832545011
0.671206225682	0.131750133777
0.685797665371	0.131665910959
0.700389105059	0.131579876532
0.714980544748	0.131492030473
0.729571984437	0.131402372756
0.744163424125	0.131310903356
0.758754863814	0.131217622246
0.773346303503	0.1311225294
0.787937743192	0.13102562479
0.80252918288	0.130926908388
0.817120622569	0.130826380166
0.831712062258	0.130724040093
0.846303501946	0.130619888139
0.860894941635	0.130513924273
0.875486381324	0.130406148464
0.890077821013	0.130296560679
0.904669260701	0.130185160885
0.91926070039	0.130071949048
0.933852140079	0.129956925133
0.948443579767	0.129840089106
0.963035019456	0.12972144093
0.977626459145	0.129600980567
0.992217898834	0.129478707981
1.00680933852	0.129354623132
1.02140077821	0.129228725981
1.0359922179	0.129101016489
1.05058365759	0.128971494612
1.06517509728	0.128840160311
1.07976653697	0.128707013541
1.09435797665	0.12857205426
1.10894941634	0.128435282421
1.12354085603	0.128296697981
1.13813229572	0.128156300891
1.15272373541	0.128014091106
1.1673151751	0.127870068575
1.18190661479	0.12772423325
1.19649805448	0.12757658508
1.21108949416	0.127427124014
1.22568093385	0.127275849998
1.24027237354	0.12712276298
1.25486381323	0.126967862904
1.26945525292	0.126811149715
1.28404669261	0.126652623356
1.2986381323	0.126492283768
1.31322957199	0.126330130893
1.32782101167	0.126166164669
1.34241245136	0.126000385035
1.35700389105	0.125832791928
1.37159533074	0.125663385284
1.38618677043	0.125492165037
1.40077821012	0.12531913112
1.41536964981	0.125144283466
1.4299610895	0.124967622004
1.44455252918	0.124789146664
1.45914396887	0.124608857374
1.47373540856	0.124426754059
1.48832684825	0.124242836644
1.50291828794	0.124057105052
1.51750972763	0.123869559206
1.53210116732	0.123680199024
1.546692607	0.123489024426
1.56128404669	0.123296035329
1.57587548638	0.123101231647
1.59046692607	0.122904613294
1.60505836576	0.122706180181
1.61964980545	0.122505932218
1.63424124514	0.122303869314
1.64883268483	0.122099991375
1.66342412451	0.121894298304
1.6780155642	0.121686790004
1.69260700389	0.121477466375
1.70719844358	0.121266327316
1.72178988327	0.121053372723
1.73638132296	0.12083860249
1.75097276265	0.120622016507
1.76556420234	0.120403614666
1.78015564202	0.120183396854
1.79474708171	0.119961362954
1.8093385214	0.119737512851
1.82392996109	0.119511846423
1.83852140078	0.119284363549
1.85311284047	0.119055064103
1.86770428016	0.118823947958
1.88229571985	0.118591014983
1.89688715953	0.118356265045
1.91147859922	0.118119698009
1.92607003891	0.117881313735
1.9406614786	0.117641112082
1.95525291829	0.117399092904
1.96984435798	0.117155256053
1.98443579767	0.116909601379
1.99902723736	0.116662128727
2.01361867704	0.116412837938
2.02821011673	0.116161728851
2.04280155642	0.115908801302
2.05739299611	0.115654055121
2.0719844358	0.115397490136
2.08657587549	0.115139106171
2.10116731518	0.114878903047
2.11575875486	0.114616880577
2.13035019455	0.114353038575
2.14494163424	0.114087376847
2.15953307393	0.113819895196
2.17412451362	0.113550593421
2.18871595331	0.113279471315
2.203307393	0.113006528667
2.21789883269	0.112731765262
2.23249027237	0.112455180878
2.24708171206	0.112176775289
2.26167315175	0.111896548263
2.27626459144	0.111614499564
2.29085603113	0.111330628948
2.30544747082	0.111044936167
2.32003891051	0.110757420967
2.3346303502	0.110468083086
2.34922178988	0.110176922258
2.36381322957	0.109883938209
2.37840466926	0.109589130658
2.39299610895	0.109292499318
2.40758754864	0.108994043894
2.42217898833	0.108693764085
2.43677042802	0.10839165958
2.45136186771	0.108087730062
2.46595330739	0.107781975206
2.48054474708	0.107474394677
2.49513618677	0.107164988133
2.50972762646	0.106853755221
2.52431906615	0.106540695582
2.53891050584	0.106225808844
2.55350194553	0.105909094628
2.56809338522	0.105590552542
2.5826848249	0.105270182186
2.59727626459	0.104947983148
2.61186770428	0.104623955005
2.62645914397	0.104298097321
2.64105058366	0.10397040965
2.65564202335	0.103640891532
2.67023346304	0.103309542495
2.68482490272	0.102976362054
2.69941634241	0.102641349709
2.7140077821	0.102304504946
2.72859922179	0.101965827236
2.74319066148	0.101625316035
2.75778210117	0.101282970782
2.77237354086	0.100938790902
2.78696498055	0.1005927758
2.80155642023	0.100244924864
2.81614785992	0.0998952374639
2.83073929961	0.0995437129505
2.8453307393	0.0991903506541
2.85992217899	0.0988351498846
2.87451361868	0.0984781099302
2.88910505837	0.098119230057
2.90369649806	0.0977585095077
2.91828793774	0.0973959475008
2.93287937743	0.0970315432299
2.94747081712	0.0966652958624
2.96206225681	0.0962972045386
2.9766536965	0.0959272683706
2.99124513619	0.095555486441
3.00583657588	0.095181857802
3.02042801557	0.094806381474
3.03501945525	0.0944290564442
3.04961089494	0.0940498816656
3.06420233463	0.0936688560551
3.07879377432	0.0932859784923
3.09338521401	0.092901247818
3.1079766537	0.0925146628325
3.12256809339	0.0921262222939
3.13715953307	0.0917359249163
3.15175097276	0.0913437693681
3.16634241245	0.09094975427
3.18093385214	0.0905538781931
3.19552529183	0.0901561396567
3.21011673152	0.0897565371262
3.22470817121	0.0893550690106
3.2392996109	0.0889517336609
3.25389105058	0.0885465293666
3.26848249027	0.0881394543539
3.28307392996	0.0877305067829
3.29766536965	0.0873196847448
3.31225680934	0.0869069862588
3.32684824903	0.0864924092697
3.34143968872	0.0860759516443
3.35603112841	0.0856576111685
3.37062256809	0.0852373855438
3.38521400778	0.0848152723841
3.39980544747	0.084391269212
3.41439688716	0.0839653734552
3.42898832685	0.083537582443
3.44357976654	0.0831078934017
3.45817120623	0.0826763034516
3.47276264592	0.0822428096019
3.4873540856	0.0818074087474
3.50194552529	0.0813700976633
3.51653696498	0.0809308730015
3.53112840467	0.0804897312858
3.54571984436	0.080046668907
3.56031128405	0.0796016821187
3.57490272374	0.0791547670324
3.58949416343	0.0787059196124
3.60408560311	0.078255135671
3.6186770428	0.0778024108641
3.63326848249	0.0773477406855
3.64785992218	0.0768911204624
3.66245136187	0.0764325453506
3.67704280156	0.0759720103292
3.69163424125	0.0755095101962
3.70622568093	0.0750450395635
3.72081712062	0.0745785928526
3.73540856031	0.0741101642901
3.75	0.0736397479033
3.76459143969	0.0731673375166
3.77918287938	0.0726929267474
3.79377431907	0.0722165090033
3.80836575876	0.0717380774788
3.82295719844	0.071257625153
3.83754863813	0.0707751447878
3.85214007782	0.0702906289264
3.86673151751	0.0698040698928
3.8813229572	0.0693154597918
3.89591439689	0.0688247905102
3.91050583658	0.0683320537188
3.92509727627	0.0678372408753
3.93968871595	0.0673403432282
3.95428015564	0.0668413518232
3.96887159533	0.0663402575092
3.98346303502	0.0658370509472
3.99805447471	0.0653317226206
4.0126459144	0.0648242628473
4.02723735409	0.0643146617936
4.04182879378	0.0638029094906
4.05642023346	0.0632889958531
4.07101167315	0.0627729107009
4.08560311284	0.0622546437826
4.10019455253	0.0617341848031
4.11478599222	0.0612115234538
4.12937743191	0.0606866494464
4.1439688716	0.0601595525506
4.15856031129	0.0596302226351
4.17315175097	0.0590986497139
4.18774319066	0.0585648239961
4.20233463035	0.0580287359412
4.21692607004	0.0574903763185
4.23151750973	0.0569497362731
4.24610894942	0.0564068073962
4.26070038911	0.0558615818026
4.27529182879	0.0553140522132
4.28988326848	0.0547642120449
4.30447470817	0.054212055507
4.31906614786	0.0536575777044
4.33365758755	0.0531007747485
4.34824902724	0.0525416438758
4.36284046693	0.0519801835742
4.37743190662	0.0514163937175
4.3920233463	0.0508502757079
4.40661478599	0.0502818326279
4.42120622568	0.0497110694002
4.43579766537	0.0491379929566
4.45038910506	0.0485626124158
4.46498054475	0.0479849392707
4.47957198444	0.0474049875842
4.49416342413	0.0468227741938
4.50875486381	0.0462383189258
4.5233463035	0.0456516448178
4.53793774319	0.0450627783492
4.55252918288	0.0444717496806
4.56712062257	0.0438785929006
4.58171206226	0.0432833462797
4.59630350195	0.0426860525308
4.61089494164	0.042086759076
4.62548638132	0.0414855183181
4.64007782101	0.0408823879164
4.6546692607	0.040277431066
4.66926070039	0.0396707167781
4.68385214008	0.0390623201621
4.69844357977	0.0384523227062
4.71303501946	0.0378408125556
4.72762645915	0.0372278847872
4.74221789883	0.0366136416774
4.75680933852	0.0359981929629
4.77140077821	0.035381656091
4.7859922179	0.0347641564575
4.80058365759	0.0341458276298
4.81517509728	0.0335268115539
4.82976653697	0.0329072587396
4.84435797665	0.0322873284256
4.85894941634	0.0316671887176
4.87354085603	0.0310470166993
4.88813229572	0.0304269985125
4.90272373541	0.0298073294032
4.9173151751	0.0291882137319
4.93190661479	0.0285698649437
4.94649805448	0.0279525054975
4.96108949416	0.0273363667497
4.97568093385	0.0267216887915
4.99027237354	0.0261087202369
5.00486381323	0.0254977179591
5.01945525292	0.0248889467742
5.03404669261	0.0242826790698
5.0486381323	0.0236791943785
5.06322957199	0.0230787788944
5.07782101167	0.022481724933
5.09241245136	0.0218883303341
5.10700389105	0.0212988978084
5.12159533074	0.0207137342293
5.13618677043	0.0201331498706
5.15077821012	0.0195574575931
5.16536964981	0.018986971982
5.1799610895	0.018422008439
5.19455252918	0.0178628822331
5.20914396887	0.0173099075131
5.22373540856	0.0167633962887
5.23832684825	0.016223657384
5.25291828794	0.0156909953705
5.26750972763	0.0151657094847
5.28210116732	0.0146480925388
5.29669260701	0.0141384298301
5.31128404669	0.0136369980569
5.32587548638	0.013144064249
5.34046692607	0.0126598847202
5.35505836576	0.0121847040502
5.36964980545	0.0117187541045
5.38424124514	0.0112622530985
5.39883268483	0.0108154047152
5.41342412451	0.0103783972816
5.4280155642	0.00995140301172
5.44260700389	0.00953457732167
5.45719844358	0.00912805822347
5.47178988327	0.00873196580136
5.48638132296	0.00834640177585
5.50097276265	0.00797144915863
5.51556420234	0.00760717200133
5.53015564202	0.00725361523987
5.54474708171	0.00691080463564
5.5593385214	0.00657874681355
5.57392996109	0.00625742939627
5.58852140078	0.00594682123324
5.60311284047	0.00564687272185
5.61770428016	0.0053575162177
5.63229571985	0.0050786665299
5.64688715953	0.00481022149677
5.66147859922	0.00455206263653
5.67607003891	0.00430405586716
5.6906614786	0.00406605228894
5.70525291829	0.00383788902289
5.71984435798	0.00361939009802
5.73443579767	0.00341036737993
5.74902723736	0.00321062153319
5.76361867704	0.00301994301016
5.77821011673	0.00283811305833
5.79280155642	0.00266490473902
5.80739299611	0.00250008395005
5.8219844358	0.00234341044531
5.83657587549	0.00219463884471
5.85116731518	0.00205351962795
5.86575875487	0.00191980010651
5.88035019455	0.00179322536815
5.89494163424	0.0016735391892
5.90953307393	0.00156048491023
5.92412451362	0.00145380627111
5.93871595331	0.0013532482023
5.953307393	0.00125855756967
5.96789883269	0.0011694838704
5.98249027237	0.00108577987862
5.99708171206	0.00100720223941
6.01167315175	0.000933512010625
6.02626459144	0.000864475152262
6.04085603113	0.000799862963756
6.05544747082	0.000739452469718
6.07003891051	0.000683026755215
6.0846303502	0.000630375251892
6.09922178988	0.000581293976598
6.11381322957	0.000535585724373
6.12840466926	0.000493060217907
6.14299610895	0.000453534215743
6.15758754864	0.000416831581618
6.17217898833	0.000382783317479
6.18677042802	0.000351227562746
6.20136186771	0.000322009562457
6.21595330739	0.000294981606937
6.23054474708	0.00027000294563
6.24513618677	0.000246939677682
6.25972762646	0.000225664621828
6.27431906615	0.000206057168043
6.28891050584	0.000188003113362
6.30350194553	0.000171394484125
6.31809338522	0.000156129346845
6.3326848249	0.000142111609737
6.34727626459	0.000129250816842
6.36186770428	0.000117461936554
6.37645914397	0.000106665146202
6.39105058366	9.67856142413e-05
6.40564202335	8.77532814439e-05
6.42023346304	7.9502642368e-05
6.43482490272	7.19725282542e-05
6.44941634241	6.51058923701e-05
6.4640077821	5.88495987069e-05
6.47859922179	5.31542148211e-05
6.49319066148	4.79738095035e-05
6.50778210117	4.32657558559e-05
6.52237354086	3.89905402637e-05
6.53696498055	3.51115776598e-05
6.55155642023	3.15950333957e-05
6.56614785992	2.84096519582e-05
6.58073929961	2.55265927043e-05
6.5953307393	2.29192727188e-05
6.60992217899	2.05632168478e-05
6.62451361868	1.8435914909e-05
6.63910505837	1.65166860323e-05
6.65369649806	1.47865500507e-05
6.66828793774	1.322810582e-05
6.68287937743	1.18254163239e-05
6.69747081712	1.05639003892e-05
6.71206225681	9.43023082109e-06
6.7266536965	8.41223874703e-06
6.74124513619	7.49882394705e-06
6.75583657588	6.67987093678e-06
6.77042801557	5.9461705628e-06
6.78501945525	5.2893468647e-06
6.79961089494	4.70178895599e-06
6.81420233463	4.17658767564e-06
6.82879377432	3.70747676323e-06
6.84338521401	3.28877831361e-06
6.8579766537	2.91535227137e-06
6.87256809339	2.58254973062e-06
6.88715953308	2.28616981196e-06
6.90175097276	2.02241989557e-06
6.91634241245	1.78787899717e-06
6.93093385214	1.5794640815e-06
6.94552529183	1.3943991169e-06
6.96011673152	1.23018668297e-06
6.97470817121	1.08458195236e-06
6.9892996109	9.55568876756e-07
7.00389105058	8.41338415964e-07
7.01848249027	7.40268657925e-07
7.03307392996	6.50906686125e-07
7.04766536965	5.719520595e-07
7.06225680934	5.02241778124e-07
7.07684824903	4.40736616078e-07
7.09143968872	3.86508710594e-07
7.10603112841	3.3873030405e-07
7.12062256809	2.96663542496e-07
7.13521400778	2.59651241194e-07
7.14980544747	2.27108534118e-07
7.16439688716	1.98515330488e-07
7.17898832685	1.73409507213e-07
7.19357976654	1.51380771553e-07
7.20817120623	1.32065133491e-07
7.22276264592	1.15139932087e-07
7.2373540856	1.0031936462e-07
7.25194552529	8.7350471539e-08
7.26653696498	7.60095341578e-08
7.28112840467	6.60988457137e-08
7.29571984436	5.74438197678e-08
7.31031128405	4.98904031023e-08
7.32490272374	4.33027631581e-08
7.33949416343	3.75612227558e-08
7.35408560311	3.25604173137e-08
7.3686770428	2.82076520593e-08
7.38326848249	2.44214388219e-08
7.39785992218	2.1130193923e-08
7.41245136187	1.82710804338e-08
7.42704280156	1.57889796844e-08
7.44163424125	1.36355783784e-08
7.45622568094	1.17685590104e-08
7.47081712062	1.01508825006e-08
7.48540856031	8.75015308171e-09
7.5	7.53805646951e-09
7.51459143969	6.4898632792e-09
7.52918287938	5.58399047745e-09
7.54377431907	4.80161438366e-09
7.55836575876	4.12632946005e-09
7.57295719844	3.54384770917e-09
7.58754863813	3.04173405705e-09
7.60214007782	2.60917360262e-09
7.61673151751	2.23676705712e-09
7.6313229572	1.91635110265e-09
7.64591439689	1.64084075717e-09
7.66050583658	1.40409115887e-09
7.67509727627	1.2007764714e-09
7.68968871595	1.0262838716e-09
7.70428015564	8.76620812162e-10
7.71887159533	7.48333959645e-10
7.73346303502	6.38438390976e-10
7.74805447471	5.44355798132e-10
7.7626459144	4.6386059487e-10
7.77723735409	3.95032950623e-10
7.79182879378	3.36217891661e-10
7.80642023346	2.85989712301e-10
7.82101167315	2.43121029505e-10
7.83560311284	2.06555895157e-10
7.85019455253	1.75386450699e-10
7.86478599222	1.48832672657e-10
7.87937743191	1.26224812321e-10
7.8939688716	1.06988182444e-10
7.90856031129	9.0629986617e-11
7.92315175097	7.67279253862e-11
7.93774319066	6.49203463853e-11
7.95233463035	5.4897735395e-11
7.96692607004	4.63953709028e-11
7.98151750973	3.91869876995e-11
7.99610894942	3.30793146093e-11
8.01070038911	2.7907369178e-11
8.0252918288	2.35304071827e-11
8.03988326848	1.98284383258e-11
8.05447470817	1.6699231e-11
8.06906614786	1.40557393108e-11
8.08365758755	1.18238942836e-11
8.09824902724	9.94070909993e-12
8.11284046693	8.35265475614e-12
8.12743190662	7.0142685421e-12
8.1420233463	5.88696276048e-12
8.15661478599	4.93800558469e-12
8.17120622568	4.13964974122e-12
8.18579766537	3.46838811496e-12
8.20038910506	2.90431817082e-12
8.21498054475	2.43059969467e-12
8.22957198444	2.03299242992e-12
8.24416342413	1.69946211686e-12
8.25875486381	1.41984502452e-12
8.2733463035	1.18556249412e-12
8.28793774319	9.89378186256e-13
8.30252918288	8.2519179129e-13
8.31712062257	6.87863824933e-13
8.33171206226	5.73066941786e-13
8.34630350195	4.77159819337e-13
8.36089494164	3.97080266136e-13
8.37548638132	3.30254676209e-13
8.39007782101	2.74521384609e-13
8.4046692607	2.28065827262e-13
8.41926070039	1.89365727829e-13
8.43385214008	1.57144782891e-13
8.44844357977	1.30333562318e-13
8.46303501946	1.08036514487e-13
8.47762645915	8.95041453556e-14
8.49221789883	7.41095719012e-14
8.50680933852	6.13287778313e-14
8.52140077821	5.07239941477e-14
8.5359922179	4.19297222913e-14
8.55058365759	3.46409831701e-14
8.56517509728	2.86034479482e-14
8.57976653697	2.36051512636e-14
8.59435797666	1.94695395253e-14
8.60894941634	1.6049641166e-14
8.62354085603	1.32231825091e-14
8.63813229572	1.08884969723e-14
8.65272373541	8.96110202766e-15
8.6673151751	7.37083527869e-15
8.68190661479	6.05946170555e-15
8.69649805448	4.97867400333e-15
8.71108949416	4.08842367175e-15
8.72568093385	3.35552826134e-15
8.74027237354	2.75251034223e-15
8.75486381323	2.25662974568e-15
8.76945525292	1.849077903e-15
8.78404669261	1.51430687091e-15
8.7986381323	1.23947167323e-15
8.81322957199	1.01396643559e-15
8.82782101167	8.2903917658e-16
8.84241245136	6.77471842592e-16
8.85700389105	5.53314954612e-16
8.87159533074	4.51667391628e-16
8.88618677043	3.68494074119e-16
8.90077821012	3.00474716906e-16
8.91536964981	2.44878837706e-16
8.9299610895	1.99462231922e-16
8.94455252918	1.62381456251e-16
8.95914396887	1.32123090659e-16
8.97373540856	1.07445388774e-16
8.98832684825	8.73300633149e-17
9.00291828794	7.09425845369e-17
9.01750972763	5.75993596006e-17
9.03210116732	4.6740779741e-17
9.04669260701	3.79089776925e-17
9.06128404669	3.07295541893e-17
9.07587548638	2.48965203277e-17
9.09046692607	2.01599526042e-17
9.10505836576	1.63158195183e-17
9.11964980545	1.3197669891e-17
9.13424124514	1.06697613048e-17
9.14883268483	8.62147339032e-18
9.16342412452	6.96270081921e-18
9.1780155642	5.62009557871e-18
9.19260700389	4.53397857925e-18
9.20719844358	3.65582407302e-18
9.22178988327	2.94619256793e-18
9.23638132296	2.3730538389e-18
9.25097276265	1.91040169702e-18
9.26556420234	1.53713807187e-18
9.28015564202	1.23615210754e-18
9.29474708171	9.93578735945e-19
9.3093385214	7.98185734475e-19
9.32392996109	6.40880679739e-19
9.33852140078	5.14305856081e-19
9.35311284047	4.12513769138e-19
9.36770428016	3.3069496452e-19
9.38229571985	2.64965577588e-19
9.39688715953	2.12189406366e-19
9.41147859922	1.69836387939e-19
9.42607003891	1.35865790869e-19
9.4406614786	1.08633271364e-19
9.45525291829	8.68135058248e-20
9.46984435798	6.93403828849e-20
9.48443579767	5.53553187502e-20
9.49902723736	4.41679575979e-20
9.51361867704	3.52231366266e-20
9.52821011673	2.80752695184e-20
9.54280155642	2.23662560784e-20
9.55739299611	1.78089087126e-20
9.5719844358	1.41726867234e-20
9.58657587549	1.12731278774e-20
9.60116731518	8.96214139983e-21
9.61575875487	7.12127499551e-21
9.63035019455	5.65559150658e-21
9.64494163424	4.48925867606e-21
9.65953307393	3.56158867093e-21
9.67412451362	2.82416259754e-21
9.68871595331	2.23820963737e-21
9.703307393	1.77294999549e-21
9.71789883269	1.40368646971e-21
9.73249027237	1.11077759643e-21
9.74708171206	8.78535560062e-22
9.76167315175	6.94494566077e-22
9.77626459144	5.48706780068e-22
9.79085603113	4.33301668875e-22
9.80544747082	3.41975293743e-22
9.82003891051	2.69773639911e-22
9.8346303502	2.12709651219e-22
9.84922178988	1.67640994897e-22
9.86381322957	1.32049273618e-22
9.87840466926	1.0396450602e-22
9.89299610895	8.18076364632e-23
9.90758754864	6.43384789357e-23
9.92217898833	5.05680378852e-23
9.93677042802	3.97279160537e-23
9.95136186771	3.11934742715e-23
9.96595330739	2.44832083508e-23
9.98054474708	1.92045115376e-23
9.99513618677	1.50565117466e-23
10.0097276265	1.1796904341e-23
10.0243190661	9.23861444441e-24
10.0389105058	7.22805210838e-24
10.0535019455	5.65362352983e-24
10.0680933852	4.42022485605e-24
10.0826848249	3.45526334466e-24
10.0972762646	2.69904844969e-24
10.1118677043	2.10702950812e-24
10.126459144	1.64346150165e-24
10.1410505837	1.28170636508e-24
10.1556420233	9.98103053478e-25
10.170233463	7.77265360139e-25
10.1848249027	6.04994600176e-25
10.1994163424	4.70800736985e-25
10.2140077821	3.65964989831e-25
10.2285992218	2.84465395928e-25
10.2431906615	2.20730001554e-25
10.2577821012	1.71226747579e-25
10.2723735409	1.32489526972e-25
10.2869649805	1.02616065851e-25
10.3015564202	7.94431861229e-26
10.3161478599	6.15765922658e-26
10.3307392996	4.76903043418e-26
10.3453307393	3.6933921063e-26
10.359922179	2.85453457757e-26
10.3745136187	2.20860658169e-26
10.3891050584	1.70560847998e-26
10.4036964981	1.32808928213e-26
10.4182879377	1.04007934895e-26
10.4328793774	8.21383162089e-27
10.4474708171	6.53266332664e-27
10.4620622568	5.23930381213e-27
10.4766536965	4.2476697814e-27
10.4912451362	3.52200208484e-27
10.5058365759	3.0049792976e-27
10.5204280156	2.62159570999e-27
10.5350194553	2.34649577401e-27
10.5496108949	2.13672241605e-27
10.5642023346	1.98886828831e-27
10.5787937743	1.87843750978e-27
10.593385214	1.81169897517e-27
10.6079766537	1.78041986947e-27
10.6225680934	1.81326749013e-27
10.6371595331	1.7959556767e-27
10.6517509728	1.78617235773e-27
10.6663424125	1.76331420489e-27
10.6809338521	1.75565366788e-27
10.6955252918	1.73672698845e-27
10.7101167315	1.74260018666e-27
10.7247081712	1.74957277897e-27
10.7392996109	1.80051586916e-27
10.7538910506	1.80234122794e-27
10.7684824903	1.81216129803e-27
10.78307393	1.8012030156e-27
10.7976653697	1.81200888553e-27
10.8122568093	1.79191652523e-27
10.826848249	1.78053750935e-27
10.8414396887	1.78427979004e-27
10.8560311284	1.83967107617e-27
10.8706225681	1.83752700099e-27
10.8852140078	1.82564134495e-27
10.8998054475	1.78434224481e-27
10.9143968872	1.77141015222e-27
10.9289883268	1.73614649629e-27
10.9435797665	1.70587705909e-27
10.9581712062	1.67625426503e-27
10.9727626459	1.71434858195e-27
10.9873540856	1.69870628749e-27
11.0019455253	1.67379108974e-27
11.016536965	1.6413872454e-27
11.0311284047	1.62542271426e-27
11.0457198444	1.61951575147e-27
11.060311284	1.64275128128e-27
11.0749027237	1.67060385473e-27
11.0894941634	1.77383363297e-27
11.1040856031	1.87402077644e-27
11.1186770428	2.0356366364e-27
11.1332684825	2.23985910938e-27
11.1478599222	2.56843146577e-27
11.1624513619	3.02222594948e-27
11.1770428016	3.67139817663e-27
11.1916342412	4.57855849186e-27
11.2062256809	5.87539398231e-27
11.2208171206	7.51106487486e-27
11.2354085603	9.91643511712e-27
11.25	1.21146958559e-26
11.2645914397	9.83448783425e-27
11.2791828794	7.34335391099e-27
11.2937743191	5.59178742733e-27
11.3083657588	4.23323388467e-27
11.3229571984	3.23320864249e-27
11.3375486381	2.4603306871e-27
11.3521400778	1.88598922113e-27
11.3667315175	1.43974509989e-27
11.3813229572	1.10694325491e-27
11.3959143969	8.6290336483e-28
11.4105058366	6.82319115767e-28
11.4250972763	5.48844456931e-28
11.439688716	4.51249714678e-28
11.4542801556	3.77889772542e-28
11.4688715953	3.24273584065e-28
11.483463035	2.84257355695e-28
11.4980544747	2.51845159776e-28
11.5126459144	2.32216387287e-28
11.5272373541	2.13550447867e-28
11.5418287938	2.01350135612e-28
11.5564202335	1.92549218746e-28
11.5710116732	1.86629913483e-28
11.5856031128	1.82606568359e-28
11.6001945525	1.8250251107e-28
11.6147859922	1.83293321502e-28
11.6293774319	1.85798993091e-28
11.6439688716	1.88311156112e-28
11.6585603113	1.91180508511e-28
11.673151751	1.84403377353e-28
11.6877431907	1.88932456726e-28
11.7023346304	1.92607686897e-28
11.71692607	1.97449583792e-28
11.7315175097	2.0104754404e-28
11.7461089494	2.10151321774e-28
11.7607003891	2.21585318325e-28
11.7752918288	2.37119462446e-28
11.7898832685	2.50699160482e-28
11.8044747082	2.66946598497e-28
11.8190661479	2.82021072998e-28
11.8336575876	2.96951806627e-28
11.8482490272	3.09179204487e-28
11.8628404669	3.29045504243e-28
11.8774319066	3.4575910172e-28
11.8920233463	3.57766081679e-28
11.906614786	3.64139714641e-28
11.9212062257	3.73450595545e-28
11.9357976654	3.75980612058e-28
11.9503891051	3.79530149163e-28
11.9649805447	3.77274317795e-28
11.9795719844	3.7399842677e-28
11.9941634241	3.6858563457e-28
12.0087548638	3.6340860749e-28
12.0233463035	3.55725056178e-28
12.0379377432	3.57659516134e-28
12.0525291829	3.54372996099e-28
12.0671206226	3.46823950877e-28
12.0817120623	3.39441046168e-28
12.0963035019	3.37731408975e-28
12.1108949416	3.36459758932e-28
12.1254863813	3.44028933989e-28
12.140077821	3.57245195732e-28
12.1546692607	3.67563123813e-28
12.1692607004	3.73920908787e-28
12.1838521401	3.73090446862e-28
12.1984435798	3.70761024269e-28
12.2130350195	3.68255853658e-28
12.2276264591	3.69235518012e-28
12.2422178988	3.72384358054e-28
12.2568093385	3.83222114489e-28
12.2714007782	3.95523719465e-28
12.2859922179	4.04147907654e-28
12.3005836576	4.075570679e-28
12.3151750973	4.07429178748e-28
12.329766537	4.06127235264e-28
12.3443579767	4.08777422596e-28
12.3589494163	4.09178202096e-28
12.373540856	4.17627210867e-28
12.3881322957	4.27234836806e-28
12.4027237354	4.34641060645e-28
12.4173151751	4.28324530967e-28
12.4319066148	4.22460285538e-28
12.4464980545	4.16178336556e-28
12.4610894942	4.17003527688e-28
12.4756809339	4.2380368193e-28
12.4902723735	4.42327070151e-28
12.5048638132	4.52124966549e-28
12.5194552529	4.62656959229e-28
12.5340466926	4.62650926542e-28
12.5486381323	4.59945679547e-28
12.563229572	4.61963145981e-28
12.5778210117	4.66299392889e-28
12.5924124514	4.71952067418e-28
12.6070038911	4.950240841e-28
12.6215953307	5.00625472624e-28
12.6361867704	5.03342465484e-28
12.6507782101	4.92097959873e-28
12.6653696498	4.85021955835e-28
12.6799610895	4.85159406024e-28
12.6945525292	4.9395829315e-28
12.7091439689	5.08278004023e-28
12.7237354086	5.46819336401e-28
12.7383268483	5.67637645985e-28
12.7529182879	5.74070044816e-28
12.7675097276	5.64554358999e-28
12.7821011673	5.60485778326e-28
12.796692607	5.53810560323e-28
12.8112840467	5.61491096179e-28
12.8258754864	5.78412042589e-28
12.8404669261	6.12238123149e-28
12.8550583658	6.21931690205e-28
12.8696498054	6.29488813399e-28
12.8842412451	6.20615474517e-28
12.8988326848	6.11180091949e-28
12.9134241245	6.06817949544e-28
12.9280155642	6.14337462172e-28
12.9426070039	6.23445216905e-28
12.9571984436	6.5160190463e-28
12.9717898833	6.59656858951e-28
12.986381323	6.65385214768e-28
13.0009727626	6.55042151609e-28
13.0155642023	6.48500862594e-28
13.030155642	6.40599794679e-28
13.0447470817	6.43182948002e-28
13.0593385214	6.5455230004e-28
13.0739299611	6.96811192267e-28
13.0885214008	7.14524523785e-28
13.1031128405	7.19981426633e-28
13.1177042802	7.10521131378e-28
13.1322957198	7.05045607289e-28
13.1468871595	6.97937540694e-28
13.1614785992	7.08637196247e-28
13.1760700389	7.30793374709e-28
13.1906614786	7.73899355744e-28
13.2052529183	7.84232271351e-28
13.219844358	7.98362170971e-28
13.2344357977	7.9047826003e-28
13.2490272374	7.82528308567e-28
13.263618677	7.8054385793e-28
13.2782101167	7.86364655301e-28
13.2928015564	7.90547449747e-28
13.3073929961	8.28267311245e-28
13.3219844358	8.44594962462e-28
13.3365758755	8.55142111244e-28
13.3511673152	8.40595967249e-28
13.3657587549	8.28930068978e-28
13.3803501946	8.14618822403e-28
13.3949416342	8.10889905923e-28
13.4095330739	8.19503993842e-28
13.4241245136	8.57392754978e-28
13.4387159533	8.63923010526e-28
13.453307393	8.70918826297e-28
13.4678988327	8.6375606559e-28
13.4824902724	8.62542043918e-28
13.4970817121	8.50201904521e-28
13.5116731518	8.58936488508e-28
13.5262645914	8.76629617335e-28
13.5408560311	9.23756799326e-28
13.5554474708	9.44650278103e-28
13.5700389105	9.6096074216e-28
13.5846303502	9.520422697e-28
13.5992217899	9.43551499906e-28
13.6138132296	9.35027828239e-28
13.6284046693	9.42777171657e-28
13.642996109	9.48732619958e-28
13.6575875486	9.97787405469e-28
13.6721789883	1.01490615067e-27
13.686770428	1.0202782069e-27
13.7013618677	1.01331866824e-27
13.7159533074	1.01728636937e-27
13.7305447471	1.01241283289e-27
13.7451361868	1.01592763849e-27
13.7597276265	1.02597009828e-27
13.7743190661	1.07157408385e-27
13.7889105058	1.07874588585e-27
13.8035019455	1.08721782989e-27
13.8180933852	1.06972999273e-27
13.8326848249	1.05928783657e-27
13.8472762646	1.05207615993e-27
13.8618677043	1.06533487038e-27
13.876459144	1.08018244393e-27
13.8910505837	1.12683786531e-27
13.9056420233	1.13995000841e-27
13.920233463	1.15119922652e-27
13.9348249027	1.13723855165e-27
13.9494163424	1.1396268823e-27
13.9640077821	1.13874095756e-27
13.9785992218	1.15109318744e-27
13.9931906615	1.16249586742e-27
14.0077821012	1.21736171647e-27
14.0223735409	1.22852952664e-27
14.0369649805	1.22608207433e-27
14.0515564202	1.20878407009e-27
14.0661478599	1.2040679187e-27
14.0807392996	1.18568569073e-27
14.0953307393	1.19250879551e-27
14.109922179	1.20753065171e-27
14.1245136187	1.26109790628e-27
14.1391050584	1.26460481948e-27
14.1536964981	1.26672440913e-27
14.1682879377	1.24517958849e-27
14.1828793774	1.23342818593e-27
14.1974708171	1.21761486883e-27
14.2120622568	1.21865333951e-27
14.2266536965	1.21889638435e-27
14.2412451362	1.27151729357e-27
14.2558365759	1.28670360159e-27
14.2704280156	1.29337731614e-27
14.2850194553	1.26965997755e-27
14.2996108949	1.26339127559e-27
14.3142023346	1.24871343992e-27
14.3287937743	1.24887676365e-27
14.343385214	1.25512545993e-27
14.3579766537	1.30962574184e-27
14.3725680934	1.31534452513e-27
14.3871595331	1.30471246108e-27
14.4017509728	1.27811568266e-27
14.4163424125	1.26683718824e-27
14.4309338521	1.23935743391e-27
14.4455252918	1.23411598819e-27
14.4601167315	1.23358473915e-27
14.4747081712	1.27180029103e-27
14.4892996109	1.27078464318e-27
14.5038910506	1.27200529475e-27
14.5184824903	1.25044203665e-27
14.53307393	1.24300235607e-27
14.5476653697	1.23332188427e-27
14.5622568093	1.23169075559e-27
14.576848249	1.22374548873e-27
14.5914396887	1.26840998026e-27
14.6060311284	1.26847051677e-27
14.6206225681	1.26295152251e-27
14.6352140078	1.22717084507e-27
14.6498054475	1.20724849111e-27
14.6643968872	1.18357818382e-27
14.6789883268	1.17002402606e-27
14.6935797665	1.15229883734e-27
14.7081712062	1.17211926315e-27
14.7227626459	1.15258712782e-27
14.7373540856	1.13268632952e-27
14.7519455253	1.0884791757e-27
14.766536965	1.06171383786e-27
14.7811284047	1.01558634871e-27
14.7957198444	9.90205703215e-28
14.810311284	9.59052718303e-28
14.8249027237	9.45358036863e-28
14.8394941634	8.92883763552e-28
14.8540856031	8.37190098515e-28
14.8686770428	7.69426108724e-28
14.8832684825	7.25139573971e-28
14.8978599222	6.95512438995e-28
14.9124513619	7.06210043316e-28
14.9270428016	7.65958330556e-28
14.9416342412	9.35824010994e-28
14.9562256809	1.22533673289e-27
14.9708171206	1.70270284713e-27
14.9854085603	2.59202082614e-27
15.0	3.53529479456e-27
