-14.9854085603	2.73933802088e-27
-14.9708171206	1.65135392095e-27
-14.9562256809	1.02414866255e-27
-14.9416342412	6.11988297996e-28
-14.9270428016	3.71646017626e-28
-14.9124513619	2.31225417479e-28
-14.8978599222	1.63071224304e-28
-14.8832684825	1.3058441735e-28
-14.8686770428	1.2750823376e-28
-14.8540856031	1.33829926732e-28
-14.8394941634	1.48765464974e-28
-14.8249027237	1.51976121822e-28
-14.810311284	1.70928813258e-28
-14.7957198444	1.86813332224e-28
-14.7811284047	2.09595869923e-28
-14.766536965	2.27051698362e-28
-14.7519455253	2.43766293508e-28
-14.7373540856	2.53322459247e-28
-14.7227626459	2.58075625328e-28
-14.7081712062	2.40700407312e-28
-14.6935797665	2.45332834636e-28
-14.6789883268	2.50992945619e-28
-14.6643968872	2.63166473088e-28
-14.6498054475	2.69903960004e-28
-14.6352140078	2.83488830122e-28
-14.6206225681	2.86304110037e-28
-14.6060311284	2.84615769857e-28
-14.5914396887	2.63864616756e-28
-14.576848249	2.6202175668e-28
-14.5622568093	2.62091368893e-28
-14.5476653696	2.72937230598e-28
-14.53307393	2.7681255155e-28
-14.5184824903	2.84528193707e-28
-14.5038910506	2.84950730534e-28
-14.4892996109	2.85616046277e-28
-14.4747081712	2.66293747983e-28
-14.4601167315	2.66440530534e-28
-14.4455252918	2.66695924755e-28
-14.4309338521	2.77366097999e-28
-14.4163424125	2.8140198009e-28
-14.4017509728	2.90008090494e-28
-14.3871595331	2.90538053697e-28
-14.3725680934	2.8906731834e-28
-14.3579766537	2.64708457448e-28
-14.343385214	2.60954142429e-28
-14.3287937743	2.59676216201e-28
-14.3142023346	2.68320201256e-28
-14.2996108949	2.720957388e-28
-14.2850194553	2.81233137528e-28
-14.2704280156	2.81016935314e-28
-14.2558365759	2.78463576572e-28
-14.2412451362	2.5569077828e-28
-14.2266536965	2.52766271826e-28
-14.2120622568	2.49900411903e-28
-14.1974708171	2.56324502089e-28
-14.1828793774	2.57409699667e-28
-14.1682879377	2.63431135538e-28
-14.1536964981	2.60190015077e-28
-14.1391050584	2.54402251178e-28
-14.1245136187	2.28007258425e-28
-14.109922179	2.22643245494e-28
-14.0953307393	2.18346444175e-28
-14.0807392996	2.23182827492e-28
-14.0661478599	2.25053672826e-28
-14.0515564202	2.3151977215e-28
-14.0369649805	2.28064534831e-28
-14.0223735409	2.23242966903e-28
-14.0077821012	1.98121249796e-28
-13.9931906615	1.91718111709e-28
-13.9785992218	1.86565994653e-28
-13.9640077821	1.90442307837e-28
-13.9494163424	1.89286240467e-28
-13.9348249027	1.92370232715e-28
-13.920233463	1.87318441459e-28
-13.9056420233	1.81527564244e-28
-13.8910505837	1.59907604342e-28
-13.876459144	1.54415940747e-28
-13.8618677043	1.50389305935e-28
-13.8472762646	1.54373985215e-28
-13.8326848249	1.54443708189e-28
-13.8180933852	1.59482654926e-28
-13.8035019455	1.57190688894e-28
-13.7889105058	1.50988563594e-28
-13.7743190661	1.30416744054e-28
-13.7597276265	1.26042199216e-28
-13.7451361868	1.23026806544e-28
-13.7305447471	1.26238380237e-28
-13.7159533074	1.26502495578e-28
-13.7013618677	1.30250099231e-28
-13.686770428	1.25505232175e-28
-13.6721789883	1.20573379167e-28
-13.6575875486	1.02197164049e-28
-13.6429961089	9.64741307463e-29
-13.6284046693	9.31560748565e-29
-13.6138132296	9.4838094132e-29
-13.5992217899	9.49355177962e-29
-13.5846303502	9.93306872254e-29
-13.5700389105	9.72498443871e-29
-13.5554474708	9.33898256372e-29
-13.5408560311	7.880653186e-29
-13.5262645914	7.55330676668e-29
-13.5116731518	7.33620848337e-29
-13.4970817121	7.61584421065e-29
-13.4824902724	7.79311111317e-29
-13.4678988327	8.11510542161e-29
-13.453307393	7.90937586173e-29
-13.4387159533	7.53650724814e-29
-13.4241245136	6.26212311326e-29
-13.4095330739	5.91180700855e-29
-13.3949416342	5.60459991803e-29
-13.3803501946	5.78827680017e-29
-13.3657587549	5.88896713212e-29
-13.3511673152	6.19017836976e-29
-13.3365758755	6.16414194453e-29
-13.3219844358	6.13099215308e-29
-13.3073929961	5.55027670841e-29
-13.2928015564	5.57977345145e-29
-13.2782101167	5.69726169172e-29
-13.263618677	5.87235948128e-29
-13.2490272374	5.84362445961e-29
-13.2344357977	6.06801878348e-29
-13.219844358	5.91933599524e-29
-13.2052529183	5.71716668973e-29
-13.1906614786	5.22397535325e-29
-13.1760700389	5.0634544195e-29
-13.1614785992	5.02431150495e-29
-13.1468871595	5.09242199458e-29
-13.1322957198	5.05539728175e-29
-13.1177042802	5.04149539388e-29
-13.1031128405	4.84167693435e-29
-13.0885214008	4.59779902499e-29
-13.0739299611	4.08994588988e-29
-13.0593385214	3.87879896907e-29
-13.0447470817	3.76096793578e-29
-13.030155642	3.63556120206e-29
-13.0155642023	3.51807525354e-29
-13.0009727626	3.49591647423e-29
-12.986381323	3.38837808178e-29
-12.9717898833	3.33293768296e-29
-12.9571984436	3.24685986146e-29
-12.9426070039	3.23966854447e-29
-12.9280155642	3.34341370373e-29
-12.9134241245	3.32782588972e-29
-12.8988326848	3.42350174667e-29
-12.8842412451	3.54421054206e-29
-12.8696498054	3.76457406471e-29
-12.8550583658	4.21781527931e-29
-12.8404669261	5.10030676318e-29
-12.8258754864	5.72383922788e-29
-12.8112840467	6.39461314578e-29
-12.796692607	6.73588323925e-29
-12.7821011673	7.11470493314e-29
-12.7675097276	7.2466961268e-29
-12.7529182879	7.46291535808e-29
-12.7383268482	7.82230117964e-29
-12.7237354086	8.62756187886e-29
-12.7091439689	8.8268174309e-29
-12.6945525292	9.17894607371e-29
-12.6799610895	9.03703465974e-29
-12.6653696498	9.04965562997e-29
-12.6507782101	9.02874939524e-29
-12.6361867704	9.5467373941e-29
-12.6215953307	1.02660249481e-28
-12.6070038911	1.1813528102e-28
-12.5924124514	1.24508579074e-28
-12.5778210117	1.30755098761e-28
-12.563229572	1.29471211811e-28
-12.5486381323	1.30541531735e-28
-12.5340466926	1.30964062008e-28
-12.5194552529	1.37648590441e-28
-12.5048638132	1.46663516451e-28
-12.4902723735	1.71499052908e-28
-12.4756809339	1.83655160429e-28
-12.4610894942	1.95270036434e-28
-12.4464980545	1.98261014648e-28
-12.4319066148	2.02854827566e-28
-12.4173151751	2.05325086437e-28
-12.4027237354	2.17625382071e-28
-12.3881322957	2.31227376059e-28
-12.373540856	2.63168218501e-28
-12.3589494163	2.79297827631e-28
-12.3443579767	2.94271162165e-28
-12.329766537	2.97048609445e-28
-12.3151750973	3.07236132225e-28
-12.3005836576	3.11281396121e-28
-12.2859922179	3.2542947333e-28
-12.2714007782	3.45589400244e-28
-12.2568093385	3.88720259203e-28
-12.2422178988	4.06933324872e-28
-12.2276264591	4.25200683217e-28
-12.2130350195	4.28291874566e-28
-12.1984435798	4.35763485839e-28
-12.1838521401	4.36799377615e-28
-12.1692607004	4.46932654558e-28
-12.1546692607	4.5873767433e-28
-12.140077821	4.99006119375e-28
-12.1254863813	5.11961846879e-28
-12.1108949416	5.19689945941e-28
-12.0963035019	5.11275802712e-28
-12.0817120623	5.0986560783e-28
-12.0671206226	5.09102952608e-28
-12.0525291829	5.22048380746e-28
-12.0379377432	5.36980694108e-28
-12.0233463035	5.81871025884e-28
-12.0087548638	5.96026012201e-28
-11.9941634241	6.12511311509e-28
-11.9795719844	6.12558802675e-28
-11.9649805447	6.17772861858e-28
-11.9503891051	6.17285043831e-28
-11.9357976654	6.32030947519e-28
-11.9212062257	6.52802647271e-28
-11.906614786	7.04203543023e-28
-11.8920233463	7.21222449083e-28
-11.8774319066	7.37478306532e-28
-11.8628404669	7.27936012348e-28
-11.8482490272	7.22545847245e-28
-11.8336575875	7.15866795354e-28
-11.8190661479	7.23805398586e-28
-11.8044747082	7.34482169511e-28
-11.7898832685	7.81712659028e-28
-11.7752918288	7.90759142102e-28
-11.7607003891	7.92996568077e-28
-11.7461089494	7.78405983831e-28
-11.7315175097	7.76170334187e-28
-11.71692607	7.72115809246e-28
-11.7023346304	7.87316135618e-28
-11.6877431907	7.94176242532e-28
-11.673151751	8.33570971704e-28
-11.6585603113	8.40058870259e-28
-11.6439688716	8.33382645226e-28
-11.6293774319	8.09314652038e-28
-11.6147859922	7.94110372965e-28
-11.6001945525	7.6964755657e-28
-11.5856031128	7.7130902329e-28
-11.5710116732	7.7414474482e-28
-11.5564202335	8.02352988728e-28
-11.5418287938	7.84227394973e-28
-11.5272373541	7.66249944696e-28
-11.5126459144	7.2468740274e-28
-11.4980544747	6.83524556929e-28
-11.483463035	6.48442517611e-28
-11.4688715953	6.29129808171e-28
-11.4542801556	6.19111902079e-28
-11.439688716	6.40807317847e-28
-11.4250972763	6.31359222938e-28
-11.4105058366	6.32609649615e-28
-11.3959143969	6.44995541264e-28
-11.3813229572	7.11104404979e-28
-11.3667315175	8.37008664304e-28
-11.3521400778	1.06269492428e-27
-11.3375486381	1.39675464734e-27
-11.3229571984	1.90836742174e-27
-11.3083657588	2.60681628723e-27
-11.2937743191	3.60955087106e-27
-11.2791828794	4.95740911558e-27
-11.2645914397	7.00770016408e-27
-11.25	8.91691988191e-27
-11.2354085603	6.86660939104e-27
-11.2208171206	4.71977735064e-27
-11.2062256809	3.28844809211e-27
-11.1916342412	2.22635591587e-27
-11.1770428016	1.48741769861e-27
-11.1624513619	9.68213046305e-28
-11.1478599222	6.26659861345e-28
-11.1332684825	4.0539722653e-28
-11.1186770428	2.67210589539e-28
-11.1040856031	1.92495740702e-28
-11.0894941634	1.48280976659e-28
-11.0749027237	1.5008749984e-28
-11.060311284	1.73186080742e-28
-11.0457198444	2.12382779365e-28
-11.0311284047	2.5454422258e-28
-11.016536965	3.02781421459e-28
-11.0019455253	3.36424051855e-28
-10.9873540856	3.6760176929e-28
-10.9727626459	3.73994433857e-28
-10.9581712062	3.968305934e-28
-10.9435797665	4.19374632787e-28
-10.9289883268	4.50297552379e-28
-10.9143968872	4.65629900386e-28
-10.8998054475	4.74943114894e-28
-10.8852140078	4.68796833611e-28
-10.8706225681	4.47703904071e-28
-10.8560311284	3.96110000232e-28
-10.8414396887	3.66443833184e-28
-10.826848249	3.35083393294e-28
-10.8122568093	3.09593632086e-28
-10.7976653696	2.7762999808e-28
-10.78307393	2.45056726239e-28
-10.7684824903	2.05856762549e-28
-10.7538910506	1.71712107018e-28
-10.7392996109	1.37629959909e-28
-10.7247081712	1.44084403153e-28
-10.7101167315	1.82723495145e-28
-10.6955252918	2.71592794666e-28
-10.6809338521	4.24554394396e-28
-10.6663424125	6.64651181121e-28
-10.6517509728	1.02297671992e-27
-10.6371595331	1.56560950062e-27
-10.6225680934	2.35067051361e-27
-10.6079766537	3.41201911111e-27
-10.593385214	4.85298313935e-27
-10.5787937743	6.77706452233e-27
-10.5642023346	9.36254852829e-27
-10.5496108949	1.28298201564e-26
-10.5350194553	1.74517816921e-26
-10.5204280156	2.35770805224e-26
-10.5058365759	3.1731026537e-26
-10.4912451362	4.2365351227e-26
-10.4766536965	5.6289103608e-26
-10.4620622568	7.44770359303e-26
-10.4474708171	9.8222905646e-26
-10.4328793774	1.29116041143e-25
-10.4182879377	1.69365257243e-25
-10.4036964981	2.21756186717e-25
-10.3891050584	2.89961740178e-25
-10.3745136187	3.77939679129e-25
-10.359922179	4.9125913758e-25
-10.3453307393	6.36932888984e-25
-10.3307392996	8.24465407947e-25
-10.3161478599	1.06528777418e-24
-10.3015564202	1.3748429354e-24
-10.2869649805	1.77269358224e-24
-10.2723735409	2.28393791165e-24
-10.2577821012	2.93810655006e-24
-10.2431906615	3.77609079846e-24
-10.2285992218	4.84857451928e-24
-10.2140077821	6.22089521907e-24
-10.1994163424	7.97580376728e-24
-10.1848249027	1.02185169692e-23
-10.170233463	1.30824790779e-23
-10.1556420233	1.67405786891e-23
-10.1410505837	2.14020873965e-23
-10.126459144	2.73421345693e-23
-10.1118677043	3.49093685677e-23
-10.0972762646	4.45436357669e-23
-10.0826848249	5.67985333423e-23
-10.0680933852	7.23856669569e-23
-10.0535019455	9.22016021806e-23
-10.0389105058	1.17385028854e-22
-10.0243190661	1.49355534859e-22
-10.0097276265	1.89922607896e-22
-9.99513618677	2.4137737878e-22
-9.98054474708	3.06606107691e-22
-9.96595330739	3.8924756926e-22
-9.9513618677	4.93901420889e-22
-9.93677042802	6.26371632081e-22
-9.92217898833	7.93949950237e-22
-9.90758754864	1.00578792439e-21
-9.89299610895	1.27346532679e-21
-9.87840466926	1.61149559947e-21
-9.86381322957	2.03817689197e-21
-9.84922178988	2.57647651634e-21
-9.83463035019	3.25523638114e-21
-9.82003891051	4.11068754329e-21
-9.80544747082	5.18826362523e-21
-9.79085603113	6.54479440309e-21
-9.77626459144	8.25164199004e-21
-9.76167315175	1.03981235645e-20
-9.74708171206	1.30960348728e-20
-9.73249027237	1.64852129409e-20
-9.71789883268	2.07406600031e-20
-9.703307393	2.60808547568e-20
-9.68871595331	3.27788639022e-20
-9.67412451362	4.11751708675e-20
-9.65953307393	5.16948104959e-20
-9.64494163424	6.48676879348e-20
-9.63035019455	8.13543614538e-20
-9.61575875486	1.01977245521e-19
-9.60116731517	1.27760526704e-19
-9.58657587549	1.59978195152e-19
-9.5719844358	2.00214548078e-19
-9.55739299611	2.50437525405e-19
-9.54280155642	3.13092428303e-19
-9.52821011673	3.91214583943e-19
-9.51361867704	4.88570381731e-19
-9.49902723735	6.09829606615e-19
-9.48443579767	7.60780051342e-19
-9.46984435798	9.48590360199e-19
-9.45525291829	1.18213588008e-18
-9.4406614786	1.47239468071e-18
-9.42607003891	1.83294485569e-18
-9.41147859922	2.28056623192e-18
-9.39688715953	2.83598555359e-18
-9.38229571984	3.52478864115e-18
-9.36770428016	4.37854533799e-18
-9.35311284047	5.43618330813e-18
-9.33852140078	6.74567888973e-18
-9.32392996109	8.36611967639e-18
-9.3093385214	1.03702494612e-17
-9.29474708171	1.28475657525e-17
-9.28015564202	1.59081224267e-17
-9.26556420233	1.96871632818e-17
-9.25097276265	2.43508068068e-17
-9.23638132296	3.01029695712e-17
-9.22178988327	3.71938296898e-17
-9.20719844358	4.59301308778e-17
-9.19260700389	5.66877914102e-17
-9.1780155642	6.99272160648e-17
-9.16342412451	8.62119748228e-17
-9.14883268482	1.06231512648e-16
-9.13424124514	1.30828796161e-16
-9.11964980545	1.61033894449e-16
-9.10505836576	1.98104806103e-16
-9.09046692607	2.43576957267e-16
-9.07587548638	2.99323385392e-16
-9.06128404669	3.67627605118e-16
-9.046692607	4.51271995132e-16
-9.03210116731	5.53644772027e-16
-9.01750972763	6.7886957518e-16
-9.00291828794	8.31962130324e-16
-8.98832684825	1.01901976826e-15
-8.97373540856	1.24745021498e-15
-8.95914396887	1.52624818978e-15
-8.94455252918	1.86632886753e-15
-8.92996108949	2.28093028785e-15
-8.91536964981	2.78609819908e-15
-8.90077821012	3.40127028513e-15
-8.88618677043	4.14997925775e-15
-8.87159533074	5.0606989668e-15
-8.85700389105	6.16786137578e-15
-8.84241245136	7.51307919815e-15
-8.82782101167	9.14661339789e-15
-8.81322957198	1.11291348661e-14
-8.7986381323	1.35338369956e-14
-8.78404669261	1.64489681732e-14
-8.76945525292	1.99808648923e-14
-8.75486381323	2.42575834131e-14
-8.74027237354	2.9433243558e-14
-8.72568093385	3.56932238646e-14
-8.71108949416	4.3260367227e-14
-8.69649805447	5.24023925298e-14
-8.68190661479	6.34407380602e-14
-8.6673151751	7.67611095551e-14
-8.65272373541	9.28260499992e-14
-8.63813229572	1.12189912662e-13
-8.62354085603	1.35516681929e-13
-8.60894941634	1.63601175041e-13
-8.59435797665	1.97394242321e-13
-8.57976653696	2.38032709178e-13
-8.56517509728	2.86874921448e-13
-8.55058365759	3.45542921828e-13
-8.5359922179	4.15972456766e-13
-8.52140077821	5.00472233924e-13
-8.50680933852	6.01794087575e-13
-8.49221789883	7.23216020093e-13
-8.47762645914	8.68640399373e-13
-8.46303501945	1.04271001776e-12
-8.44844357977	1.25094515947e-12
-8.43385214008	1.49990538145e-12
-8.41926070039	1.79738032815e-12
-8.4046692607	2.15261465191e-12
-8.39007782101	2.57657294062e-12
-8.37548638132	3.08225158799e-12
-8.36089494163	3.68504564256e-12
-8.34630350195	4.40318007056e-12
-8.33171206226	5.25821637117e-12
-8.31712062257	6.27564733562e-12
-8.30252918288	7.48559478103e-12
-8.28793774319	8.92362756471e-12
-8.2733463035	1.06317199156e-11
-8.25875486381	1.2659373441e-11
-8.24416342412	1.50649297827e-11
-8.22957198444	1.79171053329e-11
-8.21498054475	2.12967842714e-11
-8.20038910506	2.52991119978e-11
-8.18579766537	3.00359375336e-11
-8.17120622568	3.56386611255e-11
-8.15661478599	4.22615518635e-11
-8.1420233463	5.00856103012e-11
-8.12743190661	5.93230622552e-11
-8.11284046693	7.02225833559e-11
-8.09824902724	8.30753687614e-11
-8.08365758755	9.82221797757e-11
-8.06906614786	1.16061518632e-10
-8.05447470817	1.37059105373e-10
-8.03988326848	1.61758856064e-10
-8.02529182879	1.90795591238e-10
-8.0107003891	2.24909736179e-10
-7.99610894942	2.64964313079e-10
-7.98151750973	3.11964567695e-10
-7.96692607004	3.67080622422e-10
-7.95233463035	4.31673602852e-10
-7.93774319066	5.07325748162e-10
-7.92315175097	5.9587508656e-10
-7.90856031128	6.99455338261e-10
-7.89396887159	8.20541798774e-10
-7.87937743191	9.62004059396e-10
-7.86478599222	1.12716653691e-09
-7.85019455253	1.31987791648e-09
-7.83560311284	1.54459075849e-09
-7.82101167315	1.80645268645e-09
-7.80642023346	2.11141075943e-09
-7.79182879377	2.46633084233e-09
-7.77723735409	2.8791340207e-09
-7.7626459144	3.35895237168e-09
-7.74805447471	3.91630669545e-09
-7.73346303502	4.56330914169e-09
-7.71887159533	5.31389403132e-09
-7.70428015564	6.18408058581e-09
-7.68968871595	7.19227172983e-09
-7.67509727626	8.35959364408e-09
-7.66050583658	9.71028130613e-09
-7.64591439689	1.12721158866e-08
-7.6313229572	1.30769205601e-08
-7.61673151751	1.5161122063e-08
-7.60214007782	1.75663861763e-08
-7.58754863813	2.03403362565e-08
-7.57295719844	2.35373649693e-08
-7.55836575875	2.7219550529e-08
-7.54377431907	3.14576899955e-08
-7.52918287938	3.63324635673e-08
-7.51459143969	4.19357453216e-08
-7.5	4.83720775071e-08
-7.48540856031	5.57603273165e-08
-7.47081712062	6.42355470719e-08
-7.45622568093	7.39510608244e-08
-7.44163424124	8.50808028569e-08
-7.42704280156	9.78219360428e-08
-7.41245136187	1.12397780818e-07
-7.39785992218	1.29061088532e-07
-7.38326848249	1.48097696193e-07
-7.3686770428	1.6983060313e-07
-7.35408560311	1.94624513879e-07
-7.33949416342	2.22890895661e-07
-7.32490272373	2.55093603183e-07
-7.31031128405	2.91755128153e-07
-7.29571984436	3.33463535892e-07
-7.28112840467	3.80880156731e-07
-7.26653696498	4.34748105542e-07
-7.25194552529	4.95901708696e-07
-7.2373540856	5.65276924128e-07
-7.22276264591	6.43922846788e-07
-7.20817120623	7.33014398827e-07
-7.19357976654	8.33866311155e-07
-7.17898832685	9.47948510685e-07
-7.16439688716	1.07690303554e-06
-7.14980544747	1.22256260871e-06
-7.13521400778	1.38697100921e-06
-7.12062256809	1.57240538832e-06
-7.1060311284	1.78140068763e-06
-7.09143968872	2.0167763243e-06
-7.07684824903	2.28166531821e-06
-7.06225680934	2.57954604463e-06
-7.04766536965	2.91427680484e-06
-7.03307392996	3.29013341608e-06
-7.01848249027	3.71185003046e-06
-7.00389105058	4.1846634003e-06
-6.98929961089	4.71436081518e-06
-6.97470817121	5.30733194224e-06
-6.96011673152	5.97062480716e-06
-6.94552529183	6.71200615816e-06
-6.93093385214	7.54002645843e-06
-6.91634241245	8.46408975453e-06
-6.90175097276	9.4945286684e-06
-6.88715953307	1.06426847588e-05
-6.87256809338	1.19209944936e-05
-6.8579766537	1.33430810686e-05
-6.84338521401	1.49238522974e-05
-6.82879377432	1.66796047858e-05
-6.81420233463	1.86281345876e-05
-6.79961089494	2.07888545172e-05
-6.78501945525	2.31829182728e-05
-6.77042801556	2.58333514926e-05
-6.75583657588	2.87651898355e-05
-6.74124513619	3.20056241367e-05
-6.7266536965	3.55841526454e-05
-6.71206225681	3.95327403024e-05
-6.69747081712	4.38859849582e-05
-6.68287937743	4.86812903706e-05
-6.66828793774	5.39590457508e-05
-6.65369649805	5.9762811553e-05
-6.63910505837	6.61395111191e-05
-6.62451361868	7.31396277005e-05
-6.60992217899	8.0817406285e-05
-6.5953307393	8.9231059553e-05
-6.58073929961	9.84429771784e-05
-6.56614785992	0.000108519937577
-6.55155642023	0.000119533321085
-6.53696498054	0.000131559323418
-6.52237354086	0.000144679168154
-6.50778210117	0.000158979316819
-6.49319066148	0.000174551675054
-6.47859922179	0.000191493793189
-6.4640077821	0.000209909059417
-6.44941634241	0.000229906883639
-6.43482490272	0.000251602869924
-6.42023346303	0.0002751189754
-6.40564202335	0.000300583653285
-6.39105058366	0.000328131977676
-6.37645914397	0.000357905747611
-6.36186770428	0.000390053567864
-6.34727626459	0.000424730903866
-6.3326848249	0.000462100108122
-6.31809338521	0.000502330415485
-6.30350194552	0.000545597904673
-6.28891050584	0.000592085423445
-6.27431906615	0.000641982474946
-6.25972762646	0.000695485062849
-6.24513618677	0.000752795493052
-6.23054474708	0.000814122129887
-6.21595330739	0.000879679105022
-6.2013618677	0.000949685977493
-6.18677042802	0.00102436734361
-6.17217898833	0.00110395239584
-6.15758754864	0.00118867443006
-6.14299610895	0.00127877030124
-6.12840466926	0.0013744798276
-6.11381322957	0.00147604514434
-6.09922178988	0.00158371000815
-6.08463035019	0.00169771905419
-6.07003891051	0.0018183170083
-6.05544747082	0.00194574785696
-6.04085603113	0.00208025397888
-6.02626459144	0.00222207524204
-6.01167315175	0.00237144807089
-5.99708171206	0.00252860448884
-5.98249027237	0.00269377114164
-5.96789883268	0.00286716830771
-5.953307393	0.00304900890195
-5.93871595331	0.00323949747989
-5.92412451362	0.00343882924923
-5.90953307393	0.00364718909623
-5.89494163424	0.00386475063442
-5.88035019455	0.00409167528315
-5.86575875486	0.00432811138368
-5.85116731517	0.00457419336007
-5.83657587549	0.00483004093226
-5.8219844358	0.00509575838826
-5.80739299611	0.00537143392196
-5.79280155642	0.00565713904277
-5.77821011673	0.00595292806257
-5.76361867704	0.00625883766494
-5.74902723735	0.00657488656092
-5.73443579766	0.00690107523473
-5.71984435798	0.00723738578223
-5.70525291829	0.00758378184384
-5.6906614786	0.00794020863296
-5.67607003891	0.00830659306004
-5.66147859922	0.00868284395125
-5.64688715953	0.0090688523604
-5.63229571984	0.00946449197128
-5.61770428016	0.00986961958725
-5.60311284047	0.0102840757038
-5.58852140078	0.0107076851593
-5.57392996109	0.0111402578585
-5.5593385214	0.0115815895625
-5.54474708171	0.0120314627388
-5.53015564202	0.0124896474643
-5.51556420233	0.0129559023738
-5.50097276265	0.013429975647
-5.48638132296	0.0139116060251
-5.47178988327	0.0144005238512
-5.45719844358	0.0148964521243
-5.44260700389	0.0153991075615
-5.4280155642	0.01590820166
-5.41342412451	0.0164234417511
-5.39883268482	0.0169445320411
-5.38424124514	0.0174711746314
-5.36964980545	0.0180030705121
-5.35505836576	0.0185399205242
-5.34046692607	0.0190814262842
-5.32587548638	0.0196272910687
-5.31128404669	0.0201772206532
-5.296692607	0.0207309241031
-5.28210116731	0.0212881145135
-5.26750972763	0.0218485096968
-5.25291828794	0.0224118328146
-5.23832684825	0.0229778129552
-5.22373540856	0.0235461856544
-5.20914396887	0.0241166933603
-5.19455252918	0.0246890858429
-5.17996108949	0.0252631205479
-5.1653696498	0.025838562898
-5.15077821012	0.0264151865414
-5.13618677043	0.0269927735501
-5.12159533074	0.02757111457
-5.10700389105	0.0281500089255
-5.09241245136	0.0287292646801
-5.07782101167	0.0293086986566
-5.06322957198	0.029888136419
-5.0486381323	0.0304674122192
-5.03404669261	0.0310463689109
-5.01945525292	0.0316248578348
-5.00486381323	0.0322027386755
-4.99027237354	0.0327798792957
-4.97568093385	0.0333561555484
-4.96108949416	0.0339314510705
-4.94649805447	0.0345056570605
-4.93190661479	0.035078672042
-4.9173151751	0.0356504016168
-4.90272373541	0.0362207582079
-4.88813229572	0.0367896607957
-4.87354085603	0.0373570346496
-4.85894941634	0.0379228110553
-4.84435797665	0.0384869270414
-4.82976653696	0.0390493251053
-4.81517509728	0.03960995294
-4.80058365759	0.0401687631645
-4.7859922179	0.0407257130562
-4.77140077821	0.0412807642895
-4.75680933852	0.0418338826788
-4.74221789883	0.0423850379276
-4.72762645914	0.0429342033857
-4.71303501945	0.043481355812
-4.69844357977	0.0440264751469
-4.68385214008	0.0445695442913
-4.66926070039	0.0451105488957
-4.6546692607	0.0456494771565
-4.64007782101	0.0461863196219
-4.62548638132	0.046721069007
-4.61089494163	0.0472537200166
-4.59630350194	0.0477842691782
-4.58171206226	0.0483127146831
-4.56712062257	0.048839056236
-4.55252918288	0.0493632949134
-4.53793774319	0.0498854330304
-4.5233463035	0.0504054740153
-4.50875486381	0.0509234222922
-4.49416342412	0.0514392831712
-4.47957198444	0.0519530627458
-4.46498054475	0.0524647677977
-4.45038910506	0.0529744057082
-4.43579766537	0.0534819843757
-4.42120622568	0.05398751214
-4.40661478599	0.0544909977121
-4.3920233463	0.0549924501099
-4.37743190661	0.0554918785987
-4.36284046693	0.0559892926373
-4.34824902724	0.0564847018286
-4.33365758755	0.0569781158745
-4.31906614786	0.0574695445351
-4.30447470817	0.0579589975919
-4.28988326848	0.058446484815
-4.27529182879	0.0589320159326
-4.2607003891	0.0594156006052
-4.24610894942	0.0598972484017
-4.23151750973	0.0603769687788
-4.21692607004	0.0608547710625
-4.20233463035	0.0613306644324
-4.18774319066	0.0618046579082
-4.17315175097	0.0622767603376
-4.15856031128	0.0627469803868
-4.14396887159	0.0632153265324
-4.12937743191	0.0636818070544
-4.11478599222	0.0641464300312
-4.10019455253	0.0646092033359
-4.08560311284	0.0650701346329
-4.07101167315	0.0655292313767
-4.05642023346	0.065986500811
-4.04182879377	0.0664419499682
-4.02723735408	0.0668955856709
-4.0126459144	0.0673474145325
-3.99805447471	0.06779744296
-3.98346303502	0.0682456771559
-3.96887159533	0.0686921231214
-3.95428015564	0.0691367866596
-3.93968871595	0.0695796733794
-3.92509727626	0.0700207886992
-3.91050583658	0.0704601378512
-3.89591439689	0.0708977258855
-3.8813229572	0.0713335576751
-3.86673151751	0.07176763792
-3.85214007782	0.0721999711524
-3.83754863813	0.0726305617411
-3.82295719844	0.0730594138964
-3.80836575875	0.0734865316752
-3.79377431907	0.0739119189852
-3.77918287938	0.0743355795905
-3.76459143969	0.0747575171155
-3.75	0.0751777350502
-3.73540856031	0.0755962367545
-3.72081712062	0.0760130254631
-3.70622568093	0.0764281042895
-3.69163424124	0.0768414762306
-3.67704280156	0.0772531441709
-3.66245136187	0.0776631108869
-3.64785992218	0.0780713790509
-3.63326848249	0.0784779512347
-3.6186770428	0.0788828299142
-3.60408560311	0.0792860174724
-3.58949416342	0.0796875162033
-3.57490272373	0.0800873283154
-3.56031128405	0.0804854559351
-3.54571984436	0.0808819011096
-3.53112840467	0.0812766658105
-3.51653696498	0.0816697519369
-3.50194552529	0.0820611613177
-3.4873540856	0.0824508957149
-3.47276264591	0.0828389568265
-3.45817120623	0.0832253462884
-3.44357976654	0.0836100656776
-3.42898832685	0.0839931165143
-3.41439688716	0.0843745002642
-3.39980544747	0.0847542183407
-3.38521400778	0.0851322721072
-3.37062256809	0.085508662879
-3.3560311284	0.0858833919253
-3.34143968872	0.0862564604711
-3.32684824903	0.0866278696988
-3.31225680934	0.0869976207503
-3.29766536965	0.0873657147282
-3.28307392996	0.087732152698
-3.26848249027	0.0880969356887
-3.25389105058	0.0884600646953
-3.23929961089	0.0888215406792
-3.22470817121	0.0891813645702
-3.21011673152	0.0895395372676
-3.19552529183	0.0898960596412
-3.18093385214	0.0902509325327
-3.16634241245	0.0906041567567
-3.15175097276	0.0909557331016
-3.13715953307	0.0913056623312
-3.12256809338	0.0916539451849
-3.1079766537	0.0920005823791
-3.09338521401	0.0923455746081
-3.07879377432	0.0926889225445
-3.06420233463	0.0930306268406
-3.04961089494	0.0933706881289
-3.03501945525	0.0937091070228
-3.02042801556	0.0940458841173
-3.00583657587	0.0943810199898
-2.99124513619	0.0947145152007
-2.9766536965	0.095046370294
-2.96206225681	0.0953765857978
-2.94747081712	0.0957051622252
-2.93287937743	0.0960321000745
-2.91828793774	0.0963573998298
-2.90369649805	0.0966810619615
-2.88910505837	0.0970030869272
-2.87451361868	0.0973234751712
-2.85992217899	0.0976422271261
-2.8453307393	0.0979593432123
-2.83073929961	0.0982748238388
-2.81614785992	0.0985886694037
-2.80155642023	0.0989008802943
-2.78696498054	0.0992114568875
-2.77237354086	0.0995203995504
-2.75778210117	0.0998277086403
-2.74319066148	0.100133384505
-2.72859922179	0.100437427484
-2.7140077821	0.100739837908
-2.69941634241	0.101040616097
-2.68482490272	0.101339762367
-2.67023346303	0.101637277021
-2.65564202335	0.101933160359
-2.64105058366	0.102227412671
-2.62645914397	0.102520034241
-2.61186770428	0.102811025343
-2.59727626459	0.10310038625
-2.5826848249	0.103388117222
-2.56809338521	0.103674218517
-2.55350194552	0.103958690386
-2.53891050584	0.104241533072
-2.52431906615	0.104522746814
-2.50972762646	0.104802331846
-2.49513618677	0.105080288395
-2.48054474708	0.105356616683
-2.46595330739	0.105631316926
-2.4513618677	0.105904389338
-2.43677042801	0.106175834124
-2.42217898833	0.106445651488
-2.40758754864	0.106713841627
-2.39299610895	0.106980404734
-2.37840466926	0.107245340998
-2.36381322957	0.107508650604
-2.34922178988	0.107770333732
-2.33463035019	0.108030390558
-2.32003891051	0.108288821256
-2.30544747082	0.108545625994
-2.29085603113	0.108800804937
-2.27626459144	0.109054358246
-2.26167315175	0.109306286079
-2.24708171206	0.109556588592
-2.23249027237	0.109805265934
-2.21789883268	0.110052318254
-2.203307393	0.110297745698
-2.18871595331	0.110541548405
-2.17412451362	0.110783726516
-2.15953307393	0.111024280166
-2.14494163424	0.111263209488
-2.13035019455	0.111500514611
-2.11575875486	0.111736195665
-2.10116731517	0.111970252772
-2.08657587549	0.112202686056
-2.0719844358	0.112433495635
-2.05739299611	0.112662681628
-2.04280155642	0.11289024415
-2.02821011673	0.113116183311
-2.01361867704	0.113340499224
-1.99902723735	0.113563191995
-1.98443579766	0.11378426173
-1.96984435798	0.114003708534
-1.95525291829	0.114221532507
-1.9406614786	0.11443773375
-1.92607003891	0.114652312359
-1.91147859922	0.11486526843
-1.89688715953	0.115076602058
-1.88229571984	0.115286313333
-1.86770428015	0.115494402346
-1.85311284047	0.115700869186
-1.83852140078	0.115905713938
-1.82392996109	0.116108936688
-1.8093385214	0.116310537519
-1.79474708171	0.116510516512
-1.78015564202	0.116708873747
-1.76556420233	0.116905609303
-1.75097276265	0.117100723257
-1.73638132296	0.117294215684
-1.72178988327	0.117486086658
-1.70719844358	0.117676336252
-1.69260700389	0.117864964536
-1.6780155642	0.118051971581
-1.66342412451	0.118237357456
-1.64883268482	0.118421122226
-1.63424124514	0.118603265959
-1.61964980545	0.118783788719
-1.60505836576	0.118962690569
-1.59046692607	0.119139971571
-1.57587548638	0.119315631787
-1.56128404669	0.119489671276
-1.546692607	0.119662090097
-1.53210116731	0.119832888307
-1.51750972763	0.120002065964
-1.50291828794	0.120169623122
-1.48832684825	0.120335559836
-1.47373540856	0.12049987616
-1.45914396887	0.120662572146
-1.44455252918	0.120823647844
-1.42996108949	0.120983103306
-1.4153696498	0.121140938582
-1.40077821012	0.121297153719
-1.38618677043	0.121451748765
-1.37159533074	0.121604723766
-1.35700389105	0.12175607877
-1.34241245136	0.12190581382
-1.32782101167	0.122053928962
-1.31322957198	0.122200424237
-1.29863813229	0.122345299689
-1.28404669261	0.122488555359
-1.26945525292	0.122630191288
-1.25486381323	0.122770207516
-1.24027237354	0.122908604083
-1.22568093385	0.123045381026
-1.21108949416	0.123180538385
-1.19649805447	0.123314076195
-1.18190661479	0.123445994494
-1.1673151751	0.123576293317
-1.15272373541	0.123704972699
-1.13813229572	0.123832032674
-1.12354085603	0.123957473276
-1.10894941634	0.124081294538
-1.09435797665	0.124203496492
-1.07976653696	0.12432407917
-1.06517509728	0.124443042603
-1.05058365759	0.124560386822
-1.0359922179	0.124676111856
-1.02140077821	0.124790217734
-1.00680933852	0.124902704486
-0.992217898832	0.125013572139
-0.977626459143	0.12512282072
-0.963035019454	0.125230450258
-0.948443579766	0.125336460777
-0.933852140077	0.125440852304
-0.919260700388	0.125543624865
-0.9046692607	0.125644778484
-0.890077821011	0.125744313184
-0.875486381322	0.125842228991
-0.860894941633	0.125938525927
-0.846303501945	0.126033204015
-0.831712062256	0.126126263276
-0.817120622567	0.126217703734
-0.802529182879	0.126307525408
-0.78793774319	0.126395728321
-0.773346303501	0.126482312491
-0.758754863812	0.126567277939
-0.744163424124	0.126650624685
-0.729571984435	0.126732352746
-0.714980544746	0.126812462142
-0.700389105058	0.126890952891
-0.685797665369	0.12696782501
-0.67120622568	0.127043078516
-0.656614785991	0.127116713426
-0.642023346303	0.127188729756
-0.627431906614	0.127259127522
-0.612840466925	0.12732790674
-0.598249027237	0.127395067424
-0.583657587548	0.12746060959
-0.569066147859	0.127524533251
-0.55447470817	0.127586838421
-0.539883268482	0.127647525114
-0.525291828793	0.127706593343
-0.510700389104	0.12776404312
-0.496108949416	0.127819874457
-0.481517509727	0.127874087367
-0.466926070038	0.127926681861
-0.452334630349	0.12797765795
-0.437743190661	0.128027015645
-0.423151750972	0.128074754956
-0.408560311283	0.128120875893
-0.393968871594	0.128165378466
-0.379377431906	0.128208262684
-0.364785992217	0.128249528557
-0.350194552528	0.128289176092
-0.33560311284	0.128327205297
-0.321011673151	0.128363616182
-0.306420233462	0.128398408753
-0.291828793773	0.128431583017
-0.277237354085	0.128463138982
-0.262645914396	0.128493076653
-0.248054474707	0.128521396038
-0.233463035019	0.128548097141
-0.21887159533	0.128573179968
-0.204280155641	0.128596644524
-0.189688715952	0.128618490814
-0.175097276264	0.128638718843
-0.160505836575	0.128657328615
-0.145914396886	0.128674320133
-0.131322957198	0.1286896934
-0.116731517509	0.128703448421
-0.10214007782	0.128715585197
-0.0875486381314	0.128726103732
-0.0729571984427	0.128735004027
-0.058365758754	0.128742286084
-0.0437743190653	0.128747949904
-0.0291828793766	0.12875199549
-0.0145914396879	0.12875442284
8.5975671027e-13	0.128755231957
0.0145914396896	0.12875442284
0.0291828793783	0.12875199549
0.043774319067	0.128747949904
0.0583657587557	0.128742286084
0.0729571984444	0.128735004027
0.0875486381332	0.128726103732
0.102140077822	0.128715585197
0.116731517511	0.128703448421
0.131322957199	0.1286896934
0.145914396888	0.128674320133
0.160505836577	0.128657328615
0.175097276265	0.128638718843
0.189688715954	0.128618490814
0.204280155643	0.128596644524
0.218871595332	0.128573179968
0.23346303502	0.128548097141
0.248054474709	0.128521396038
0.262645914398	0.128493076653
0.277237354086	0.128463138982
0.291828793775	0.128431583017
0.306420233464	0.128398408753
0.321011673153	0.128363616182
0.335603112841	0.128327205297
0.35019455253	0.128289176092
0.364785992219	0.128249528557
0.379377431907	0.128208262684
0.393968871596	0.128165378466
0.408560311285	0.128120875893
0.423151750974	0.128074754956
0.437743190662	0.128027015645
0.452334630351	0.12797765795
0.46692607004	0.127926681861
0.481517509729	0.127874087367
0.496108949417	0.127819874457
0.510700389106	0.12776404312
0.525291828795	0.127706593343
0.539883268483	0.127647525114
0.554474708172	0.127586838421
0.569066147861	0.127524533251
0.58365758755	0.12746060959
0.598249027238	0.127395067424
0.612840466927	0.12732790674
0.627431906616	0.127259127522
0.642023346304	0.127188729756
0.656614785993	0.127116713426
0.671206225682	0.127043078516
0.685797665371	0.12696782501
0.700389105059	0.126890952891
0.714980544748	0.126812462142
0.729571984437	0.126732352746
0.744163424125	0.126650624685
0.758754863814	0.126567277939
0.773346303503	0.126482312491
0.787937743192	0.126395728321
0.80252918288	0.126307525408
0.817120622569	0.126217703734
0.831712062258	0.126126263276
0.846303501946	0.126033204015
0.860894941635	0.125938525927
0.875486381324	0.125842228991
0.890077821013	0.125744313184
0.904669260701	0.125644778484
0.91926070039	0.125543624865
0.933852140079	0.125440852304
0.948443579767	0.125336460777
0.963035019456	0.125230450258
0.977626459145	0.12512282072
0.992217898834	0.125013572139
1.00680933852	0.124902704486
1.02140077821	0.124790217734
1.0359922179	0.124676111856
1.05058365759	0.124560386822
1.06517509728	0.124443042603
1.07976653697	0.12432407917
1.09435797665	0.124203496492
1.10894941634	0.124081294538
1.12354085603	0.123957473276
1.13813229572	0.123832032674
1.15272373541	0.123704972699
1.1673151751	0.123576293317
1.18190661479	0.123445994494
1.19649805448	0.123314076195
1.21108949416	0.123180538385
1.22568093385	0.123045381026
1.24027237354	0.122908604083
1.25486381323	0.122770207516
1.26945525292	0.122630191288
1.28404669261	0.122488555359
1.2986381323	0.122345299689
1.31322957199	0.122200424237
1.32782101167	0.122053928962
1.34241245136	0.12190581382
1.35700389105	0.12175607877
1.37159533074	0.121604723766
1.38618677043	0.121451748764
1.40077821012	0.121297153719
1.41536964981	0.121140938582
1.4299610895	0.120983103306
1.44455252918	0.120823647844
1.45914396887	0.120662572146
1.47373540856	0.12049987616
1.48832684825	0.120335559836
1.50291828794	0.120169623122
1.51750972763	0.120002065964
1.53210116732	0.119832888307
1.546692607	0.119662090097
1.56128404669	0.119489671276
1.57587548638	0.119315631787
1.59046692607	0.119139971571
1.60505836576	0.118962690569
1.61964980545	0.118783788719
1.63424124514	0.118603265959
1.64883268483	0.118421122226
1.66342412451	0.118237357456
1.6780155642	0.118051971581
1.69260700389	0.117864964536
1.70719844358	0.117676336252
1.72178988327	0.117486086658
1.73638132296	0.117294215684
1.75097276265	0.117100723257
1.76556420234	0.116905609303
1.78015564202	0.116708873747
1.79474708171	0.116510516512
1.8093385214	0.116310537519
1.82392996109	0.116108936688
1.83852140078	0.115905713938
1.85311284047	0.115700869186
1.86770428016	0.115494402346
1.88229571985	0.115286313333
1.89688715953	0.115076602058
1.91147859922	0.11486526843
1.92607003891	0.114652312359
1.9406614786	0.11443773375
1.95525291829	0.114221532507
1.96984435798	0.114003708534
1.98443579767	0.11378426173
1.99902723736	0.113563191995
2.01361867704	0.113340499224
2.02821011673	0.113116183311
2.04280155642	0.11289024415
2.05739299611	0.112662681628
2.0719844358	0.112433495635
2.08657587549	0.112202686056
2.10116731518	0.111970252772
2.11575875486	0.111736195665
2.13035019455	0.111500514611
2.14494163424	0.111263209488
2.15953307393	0.111024280166
2.17412451362	0.110783726516
2.18871595331	0.110541548405
2.203307393	0.110297745698
2.21789883269	0.110052318254
2.23249027237	0.109805265934
2.24708171206	0.109556588592
2.26167315175	0.109306286079
2.27626459144	0.109054358246
2.29085603113	0.108800804937
2.30544747082	0.108545625994
2.32003891051	0.108288821256
2.3346303502	0.108030390558
2.34922178988	0.107770333732
2.36381322957	0.107508650604
2.37840466926	0.107245340998
2.39299610895	0.106980404734
2.40758754864	0.106713841627
2.42217898833	0.106445651488
2.43677042802	0.106175834124
2.45136186771	0.105904389338
2.46595330739	0.105631316926
2.48054474708	0.105356616683
2.49513618677	0.105080288395
2.50972762646	0.104802331846
2.52431906615	0.104522746814
2.53891050584	0.104241533072
2.55350194553	0.103958690385
2.56809338522	0.103674218517
2.5826848249	0.103388117222
2.59727626459	0.10310038625
2.61186770428	0.102811025343
2.62645914397	0.10252003424
2.64105058366	0.102227412671
2.65564202335	0.101933160359
2.67023346304	0.101637277021
2.68482490272	0.101339762367
2.69941634241	0.101040616097
2.7140077821	0.100739837908
2.72859922179	0.100437427484
2.74319066148	0.100133384505
2.75778210117	0.0998277086403
2.77237354086	0.0995203995504
2.78696498055	0.0992114568875
2.80155642023	0.0989008802943
2.81614785992	0.0985886694037
2.83073929961	0.0982748238388
2.8453307393	0.0979593432123
2.85992217899	0.0976422271261
2.87451361868	0.0973234751712
2.88910505837	0.0970030869272
2.90369649806	0.0966810619615
2.91828793774	0.0963573998297
2.93287937743	0.0960321000745
2.94747081712	0.0957051622252
2.96206225681	0.0953765857978
2.9766536965	0.095046370294
2.99124513619	0.0947145152007
3.00583657588	0.0943810199898
3.02042801557	0.0940458841173
3.03501945525	0.0937091070228
3.04961089494	0.0933706881289
3.06420233463	0.0930306268406
3.07879377432	0.0926889225445
3.09338521401	0.092345574608
3.1079766537	0.0920005823791
3.12256809339	0.0916539451849
3.13715953307	0.0913056623312
3.15175097276	0.0909557331016
3.16634241245	0.0906041567566
3.18093385214	0.0902509325327
3.19552529183	0.0898960596412
3.21011673152	0.0895395372676
3.22470817121	0.0891813645702
3.2392996109	0.0888215406792
3.25389105058	0.0884600646953
3.26848249027	0.0880969356887
3.28307392996	0.087732152698
3.29766536965	0.0873657147282
3.31225680934	0.0869976207503
3.32684824903	0.0866278696988
3.34143968872	0.0862564604711
3.35603112841	0.0858833919253
3.37062256809	0.085508662879
3.38521400778	0.0851322721072
3.39980544747	0.0847542183407
3.41439688716	0.0843745002642
3.42898832685	0.0839931165143
3.44357976654	0.0836100656776
3.45817120623	0.0832253462884
3.47276264592	0.0828389568265
3.4873540856	0.0824508957149
3.50194552529	0.0820611613176
3.51653696498	0.0816697519369
3.53112840467	0.0812766658105
3.54571984436	0.0808819011095
3.56031128405	0.0804854559351
3.57490272374	0.0800873283154
3.58949416343	0.0796875162033
3.60408560311	0.0792860174724
3.6186770428	0.0788828299142
3.63326848249	0.0784779512347
3.64785992218	0.0780713790509
3.66245136187	0.0776631108869
3.67704280156	0.0772531441709
3.69163424125	0.0768414762306
3.70622568093	0.0764281042895
3.72081712062	0.0760130254631
3.73540856031	0.0755962367545
3.75	0.0751777350502
3.76459143969	0.0747575171155
3.77918287938	0.0743355795905
3.79377431907	0.0739119189852
3.80836575876	0.0734865316752
3.82295719844	0.0730594138964
3.83754863813	0.0726305617411
3.85214007782	0.0721999711524
3.86673151751	0.07176763792
3.8813229572	0.0713335576751
3.89591439689	0.0708977258855
3.91050583658	0.0704601378512
3.92509727627	0.0700207886992
3.93968871595	0.0695796733794
3.95428015564	0.0691367866596
3.96887159533	0.0686921231214
3.98346303502	0.0682456771559
3.99805447471	0.06779744296
4.0126459144	0.0673474145325
4.02723735409	0.0668955856709
4.04182879378	0.0664419499682
4.05642023346	0.065986500811
4.07101167315	0.0655292313767
4.08560311284	0.0650701346329
4.10019455253	0.0646092033359
4.11478599222	0.0641464300312
4.12937743191	0.0636818070544
4.1439688716	0.0632153265324
4.15856031129	0.0627469803868
4.17315175097	0.0622767603376
4.18774319066	0.0618046579082
4.20233463035	0.0613306644324
4.21692607004	0.0608547710625
4.23151750973	0.0603769687788
4.24610894942	0.0598972484018
4.26070038911	0.0594156006052
4.27529182879	0.0589320159326
4.28988326848	0.058446484815
4.30447470817	0.057958997592
4.31906614786	0.0574695445351
4.33365758755	0.0569781158745
4.34824902724	0.0564847018287
4.36284046693	0.0559892926373
4.37743190662	0.0554918785987
4.3920233463	0.0549924501099
4.40661478599	0.0544909977122
4.42120622568	0.05398751214
4.43579766537	0.0534819843758
4.45038910506	0.0529744057083
4.46498054475	0.0524647677978
4.47957198444	0.0519530627458
4.49416342413	0.0514392831712
4.50875486381	0.0509234222923
4.5233463035	0.0504054740154
4.53793774319	0.0498854330305
4.55252918288	0.0493632949135
4.56712062257	0.0488390562361
4.58171206226	0.0483127146832
4.59630350195	0.0477842691783
4.61089494164	0.0472537200166
4.62548638132	0.046721069007
4.64007782101	0.046186319622
4.6546692607	0.0456494771565
4.66926070039	0.0451105488958
4.68385214008	0.0445695442914
4.69844357977	0.0440264751469
4.71303501946	0.0434813558121
4.72762645915	0.0429342033857
4.74221789883	0.0423850379277
4.75680933852	0.0418338826788
4.77140077821	0.0412807642896
4.7859922179	0.0407257130563
4.80058365759	0.0401687631645
4.81517509728	0.0396099529401
4.82976653697	0.0390493251053
4.84435797665	0.0384869270415
4.85894941634	0.0379228110553
4.87354085603	0.0373570346496
4.88813229572	0.0367896607958
4.90272373541	0.036220758208
4.9173151751	0.0356504016169
4.93190661479	0.0350786720421
4.94649805448	0.0345056570605
4.96108949416	0.0339314510706
4.97568093385	0.0333561555485
4.99027237354	0.0327798792958
5.00486381323	0.0322027386755
5.01945525292	0.0316248578348
5.03404669261	0.031046368911
5.0486381323	0.0304674122192
5.06322957199	0.0298881364191
5.07782101167	0.0293086986567
5.09241245136	0.0287292646802
5.10700389105	0.0281500089256
5.12159533074	0.0275711145701
5.13618677043	0.0269927735502
5.15077821012	0.0264151865415
5.16536964981	0.0258385628981
5.1799610895	0.025263120548
5.19455252918	0.024689085843
5.20914396887	0.0241166933604
5.22373540856	0.0235461856545
5.23832684825	0.0229778129553
5.25291828794	0.0224118328147
5.26750972763	0.0218485096969
5.28210116732	0.0212881145136
5.29669260701	0.0207309241032
5.31128404669	0.0201772206533
5.32587548638	0.0196272910688
5.34046692607	0.0190814262843
5.35505836576	0.0185399205243
5.36964980545	0.0180030705123
5.38424124514	0.0174711746315
5.39883268483	0.0169445320412
5.41342412451	0.0164234417512
5.4280155642	0.0159082016601
5.44260700389	0.0153991075617
5.45719844358	0.0148964521244
5.47178988327	0.0144005238513
5.48638132296	0.0139116060252
5.50097276265	0.0134299756471
5.51556420234	0.012955902374
5.53015564202	0.0124896474644
5.54474708171	0.0120314627389
5.5593385214	0.0115815895626
5.57392996109	0.0111402578586
5.58852140078	0.0107076851594
5.60311284047	0.0102840757039
5.61770428016	0.00986961958736
5.63229571985	0.00946449197139
5.64688715953	0.00906885236051
5.66147859922	0.00868284395136
5.67607003891	0.00830659306015
5.6906614786	0.00794020863307
5.70525291829	0.00758378184394
5.71984435798	0.00723738578234
5.73443579767	0.00690107523484
5.74902723736	0.00657488656102
5.76361867704	0.00625883766504
5.77821011673	0.00595292806266
5.79280155642	0.00565713904286
5.80739299611	0.00537143392205
5.8219844358	0.00509575838835
5.83657587549	0.00483004093235
5.85116731518	0.00457419336016
5.86575875487	0.00432811138377
5.88035019455	0.00409167528323
5.89494163424	0.0038647506345
5.90953307393	0.00364718909631
5.92412451362	0.0034388292493
5.93871595331	0.00323949747996
5.953307393	0.00304900890202
5.96789883269	0.00286716830778
5.98249027237	0.00269377114171
5.99708171206	0.00252860448891
6.01167315175	0.00237144807095
6.02626459144	0.0022220752421
6.04085603113	0.00208025397894
6.05544747082	0.00194574785702
6.07003891051	0.00181831700835
6.0846303502	0.00169771905425
6.09922178988	0.0015837100082
6.11381322957	0.00147604514439
6.12840466926	0.00137447982764
6.14299610895	0.00127877030128
6.15758754864	0.0011886744301
6.17217898833	0.00110395239587
6.18677042802	0.00102436734365
6.20136186771	0.000949685977527
6.21595330739	0.000879679105055
6.23054474708	0.000814122129918
6.24513618677	0.000752795493082
6.25972762646	0.000695485062877
6.27431906615	0.000641982474973
6.28891050584	0.000592085423471
6.30350194553	0.000545597904697
6.31809338522	0.000502330415507
6.3326848249	0.000462100108143
6.34727626459	0.000424730903886
6.36186770428	0.000390053567883
6.37645914397	0.000357905747628
6.39105058366	0.000328131977692
6.40564202335	0.000300583653301
6.42023346304	0.000275118975415
6.43482490272	0.000251602869938
6.44941634241	0.000229906883651
6.4640077821	0.000209909059429
6.47859922179	0.0001914937932
6.49319066148	0.000174551675064
6.50778210117	0.000158979316828
6.52237354086	0.000144679168163
6.53696498055	0.000131559323427
6.55155642023	0.000119533321093
6.56614785992	0.000108519937585
6.58073929961	9.84429771853e-05
6.5953307393	8.92310595594e-05
6.60992217899	8.08174062909e-05
6.62451361868	7.3139627706e-05
6.63910505837	6.61395111242e-05
6.65369649806	5.97628115577e-05
6.66828793774	5.39590457552e-05
6.68287937743	4.86812903747e-05
6.69747081712	4.3885984962e-05
6.71206225681	3.95327403059e-05
6.7266536965	3.55841526487e-05
6.74124513619	3.20056241398e-05
6.75583657588	2.87651898383e-05
6.77042801557	2.58333514951e-05
6.78501945525	2.31829182752e-05
6.79961089494	2.07888545195e-05
6.81420233463	1.86281345897e-05
6.82879377432	1.66796047877e-05
6.84338521401	1.49238522991e-05
6.8579766537	1.33430810702e-05
6.87256809339	1.19209944951e-05
6.88715953308	1.06426847601e-05
6.90175097276	9.49452866965e-06
6.91634241245	8.46408975567e-06
6.93093385214	7.54002645948e-06
6.94552529183	6.71200615912e-06
6.96011673152	5.97062480804e-06
6.97470817121	5.30733194304e-06
6.9892996109	4.71436081591e-06
7.00389105058	4.18466340096e-06
7.01848249027	3.71185003107e-06
7.03307392996	3.29013341664e-06
7.04766536965	2.91427680534e-06
7.06225680934	2.57954604509e-06
7.07684824903	2.28166531864e-06
7.09143968872	2.01677632468e-06
7.10603112841	1.78140068798e-06
7.12062256809	1.57240538864e-06
7.13521400778	1.3869710095e-06
7.14980544747	1.22256260898e-06
7.16439688716	1.07690303578e-06
7.17898832685	9.47948510905e-07
7.19357976654	8.33866311356e-07
7.20817120623	7.3301439901e-07
7.22276264592	6.43922846955e-07
7.2373540856	5.65276924281e-07
7.25194552529	4.95901708838e-07
7.26653696498	4.34748105671e-07
7.28112840467	3.8088015685e-07
7.29571984436	3.33463535999e-07
7.31031128405	2.91755128251e-07
7.32490272374	2.55093603272e-07
7.33949416343	2.22890895741e-07
7.35408560311	1.94624513951e-07
7.3686770428	1.69830603196e-07
7.38326848249	1.48097696253e-07
7.39785992218	1.29061088587e-07
7.41245136187	1.12397780867e-07
7.42704280156	9.78219360873e-08
7.44163424125	8.50808028971e-08
7.45622568094	7.39510608608e-08
7.47081712062	6.42355471046e-08
7.48540856031	5.57603273467e-08
7.5	4.83720775346e-08
7.51459143969	4.19357453465e-08
7.52918287938	3.63324635897e-08
7.54377431907	3.14576900157e-08
7.55836575876	2.72195505471e-08
7.57295719844	2.35373649856e-08
7.58754863813	2.03403362711e-08
7.60214007782	1.75663861898e-08
7.61673151751	1.51611220751e-08
7.6313229572	1.30769205711e-08
7.64591439689	1.12721158964e-08
7.66050583658	9.71028131492e-09
7.67509727627	8.35959365183e-09
7.68968871595	7.1922717367e-09
7.70428015564	6.18408059178e-09
7.71887159533	5.31389403672e-09
7.73346303502	4.56330914648e-09
7.74805447471	3.91630669972e-09
7.7626459144	3.35895237542e-09
7.77723735409	2.87913402401e-09
7.79182879378	2.46633084521e-09
7.80642023346	2.11141076197e-09
7.82101167315	1.80645268862e-09
7.83560311284	1.54459076047e-09
7.85019455253	1.31987791826e-09
7.86478599222	1.12716653851e-09
7.87937743191	9.62004060821e-10
7.8939688716	8.20541800053e-10
7.90856031129	6.99455339384e-10
7.92315175097	5.95875087562e-10
7.93774319066	5.07325749031e-10
7.95233463035	4.31673603664e-10
7.96692607004	3.67080623166e-10
7.98151750973	3.11964568381e-10
7.99610894942	2.64964313697e-10
8.01070038911	2.24909736742e-10
8.0252918288	1.9079559174e-10
8.03988326848	1.61758856519e-10
8.05447470817	1.37059105771e-10
8.06906614786	1.16061519011e-10
8.08365758755	9.82221801203e-11
8.09824902724	8.30753690772e-11
8.11284046693	7.02225836357e-11
8.12743190662	5.93230625068e-11
8.1420233463	5.0085610519e-11
8.15661478599	4.22615520518e-11
8.17120622568	3.56386612792e-11
8.18579766537	3.00359376725e-11
8.20038910506	2.52991121191e-11
8.21498054475	2.12967843798e-11
8.22957198444	1.79171054265e-11
8.24416342413	1.50649298657e-11
8.25875486381	1.26593735121e-11
8.2733463035	1.06317199775e-11
8.28793774319	8.923627615e-12
8.30252918288	7.48559482796e-12
8.31712062257	6.27564737709e-12
8.33171206226	5.25821640894e-12
8.34630350195	4.40318010308e-12
8.36089494164	3.68504567135e-12
8.37548638132	3.08225161239e-12
8.39007782101	2.57657296216e-12
8.4046692607	2.15261466904e-12
8.41926070039	1.79738034461e-12
8.43385214008	1.49990539624e-12
8.44844357977	1.25094517338e-12
8.46303501946	1.04271003012e-12
8.47762645915	8.68640410916e-13
8.49221789883	7.2321603014e-13
8.50680933852	6.01794096813e-13
8.52140077821	5.00472241774e-13
8.5359922179	4.15972464841e-13
8.55058365759	3.45542929357e-13
8.56517509728	2.86874928604e-13
8.57976653697	2.38032715539e-13
8.59435797666	1.97394248147e-13
8.60894941634	1.63601179958e-13
8.62354085603	1.35516686179e-13
8.63813229572	1.12189915933e-13
8.65272373541	9.28260531415e-14
8.6673151751	7.67611123255e-14
8.68190661479	6.34407405911e-14
8.69649805448	5.24023946847e-14
8.71108949416	4.32603692073e-14
8.72568093385	3.56932255369e-14
8.74027237354	2.94332450348e-14
8.75486381323	2.42575845703e-14
8.76945525292	1.99808660924e-14
8.78404669261	1.64489692967e-14
8.7986381323	1.3533838081e-14
8.81322957199	1.11291358217e-14
8.82782101167	9.14661427639e-15
8.84241245136	7.51307994039e-15
8.85700389105	6.16786203005e-15
8.87159533074	5.06069947085e-15
8.88618677043	4.1499797664e-15
8.90077821012	3.40127075479e-15
8.91536964981	2.78609865148e-15
8.9299610895	2.280930691e-15
8.94455252918	1.86632925051e-15
8.95914396887	1.52624853069e-15
8.97373540856	1.24745054194e-15
8.98832684825	1.01902005218e-15
9.00291828794	8.31962434646e-16
9.01750972763	6.78869868995e-16
9.03210116732	5.53645064295e-16
9.04669260701	4.51272264919e-16
9.06128404669	3.67627860446e-16
9.07587548638	2.99323611248e-16
9.09046692607	2.43577164362e-16
9.10505836576	1.98104981329e-16
9.11964980545	1.61034067625e-16
9.13424124514	1.30828955676e-16
9.14883268483	1.06231661772e-16
9.16342412452	8.62121087296e-17
9.1780155642	6.99273405729e-17
9.19260700389	5.66879017864e-17
9.20719844358	4.59302313499e-17
9.22178988327	3.71939163751e-17
9.23638132296	3.01030541956e-17
9.25097276265	2.43508846653e-17
9.26556420234	1.96872364258e-17
9.28015564202	1.59081878555e-17
9.29474708171	1.28476263767e-17
9.3093385214	1.03703030401e-17
9.32392996109	8.366168175e-18
9.33852140078	6.74572084858e-18
9.35311284047	5.43622432236e-18
9.36770428016	4.37858334021e-18
9.38229571985	3.52482417423e-18
9.39688715953	2.83601732303e-18
9.41147859922	2.28059514623e-18
9.42607003891	1.83297029478e-18
9.4406614786	1.47241750707e-18
9.45525291829	1.18215522904e-18
9.46984435798	9.48608532674e-19
9.48443579767	7.60796494029e-19
9.49902723736	6.09844672944e-19
9.51361867704	4.88583710824e-19
9.52821011673	3.91226621964e-19
9.54280155642	3.13102926224e-19
9.55739299611	2.50446981362e-19
9.5719844358	2.00222742602e-19
9.58657587549	1.59985945973e-19
9.60116731518	1.27767566717e-19
9.61575875487	1.01983737743e-19
9.63035019455	8.13601123363e-20
9.64494163424	6.48729041152e-20
9.65953307393	5.16993748812e-20
9.67412451362	4.11792765693e-20
9.68871595331	3.27823901695e-20
9.703307393	2.6084130401e-20
9.71789883269	2.07435975483e-20
9.73249027237	1.64878917591e-20
9.74708171206	1.30983914321e-20
9.76167315175	1.04002411981e-20
9.77626459144	8.25348842771e-21
9.79085603113	6.54643311746e-21
9.80544747082	5.18965278748e-21
9.82003891051	4.11197252019e-21
9.8346303502	3.2563901482e-21
9.84922178988	2.57752104941e-21
9.86381322957	2.03910046867e-21
9.87840466926	1.61232276074e-21
9.89299610895	1.27418998539e-21
9.90758754864	1.00643903644e-21
9.92217898833	7.94512590286e-22
9.93677042802	6.26900625065e-22
9.95136186771	4.94380141711e-22
9.96595330739	3.89682616579e-22
9.98054474708	3.06988800439e-22
9.99513618677	2.41721269475e-22
10.0097276265	1.90223063137e-22
10.0243190661	1.49619554847e-22
10.0389105058	1.17607252438e-22
10.0535019455	9.24019199026e-23
10.0680933852	7.25619284073e-23
10.0826848249	5.69573622021e-23
10.0972762646	4.46830951473e-23
10.1118677043	3.5034842546e-23
10.126459144	2.74518338598e-23
10.1410505837	2.15007655194e-23
10.1556420233	1.68264851435e-23
10.170233463	1.31625386407e-23
10.1848249027	1.02908542688e-23
10.1994163424	8.04158352014e-24
10.2140077821	6.27951981827e-24
10.2285992218	4.90137974918e-24
10.2431906615	3.82235135045e-24
10.2577821012	2.97911323299e-24
10.2723735409	2.31901394547e-24
10.2869649805	1.80455934255e-24
10.3015564202	1.40330181057e-24
10.3161478599	1.0910475994e-24
10.3307392996	8.47310050463e-25
10.3453307393	6.57522845257e-25
10.359922179	5.09517785886e-25
10.3745136187	3.94416297664e-25
10.3891050584	3.04524922724e-25
10.4036964981	2.3530420442e-25
10.4182879377	1.8158774318e-25
10.4328793774	1.40112577902e-25
10.4474708171	1.07907535471e-25
10.4620622568	8.30222156087e-26
10.4766536965	6.36938543986e-26
10.4912451362	4.88758975023e-26
10.5058365759	3.7324405508e-26
10.5204280156	2.85607426701e-26
10.5350194553	2.18902389074e-26
10.5496108949	1.68270815012e-26
10.5642023346	1.29646720027e-26
10.5787937743	1.00694637333e-26
10.593385214	7.8598014185e-27
10.6079766537	6.21029847104e-27
10.6225680934	4.97882678903e-27
10.6371595331	4.03763342693e-27
10.6517509728	3.34721107265e-27
10.6663424125	2.84190755141e-27
10.6809338521	2.46687481873e-27
10.6955252918	2.18783025945e-27
10.7101167315	1.99908700971e-27
10.7247081712	1.87580989278e-27
10.7392996109	1.81805080045e-27
10.7538910506	1.76342651322e-27
10.7684824903	1.73818940174e-27
10.78307393	1.71455297688e-27
10.7976653697	1.72576736222e-27
10.8122568093	1.71236190837e-27
10.826848249	1.70711900881e-27
10.8414396887	1.72384821932e-27
10.8560311284	1.79067406461e-27
10.8706225681	1.80332618663e-27
10.8852140078	1.80191862649e-27
10.8998054475	1.77919565561e-27
10.9143968872	1.78023059327e-27
10.9289883268	1.75177372104e-27
10.9435797665	1.73421067438e-27
10.9581712062	1.71691571408e-27
10.9727626459	1.75873688588e-27
10.9873540856	1.75264188009e-27
11.0019455253	1.7380398136e-27
11.016536965	1.71892152884e-27
11.0311284047	1.71191683348e-27
11.0457198444	1.71045693207e-27
11.060311284	1.74300548248e-27
11.0749027237	1.77867221245e-27
11.0894941634	1.88822127316e-27
11.1040856031	2.00391644807e-27
11.1186770428	2.17978528489e-27
11.1332684825	2.41076936854e-27
11.1478599222	2.77844535154e-27
11.1624513619	3.27226774444e-27
11.1770428016	3.98155104625e-27
11.1916342412	4.96623210552e-27
11.2062256809	6.3578138507e-27
11.2208171206	8.13398099298e-27
11.2354085603	1.07211535892e-26
11.25	1.30796469374e-26
11.2645914397	1.06305845975e-26
11.2791828794	7.94301789843e-27
11.2937743191	6.05680247465e-27
11.3083657588	4.59361313938e-27
11.3229571984	3.50261222199e-27
11.3375486381	2.65739247082e-27
11.3521400778	2.03226839568e-27
11.3667315175	1.55055453944e-27
11.3813229572	1.19157794711e-27
11.3959143969	9.26212993945e-28
11.4105058366	7.31465175447e-28
11.4250972763	5.86270813686e-28
11.439688716	4.77186893584e-28
11.4542801556	3.97748029918e-28
11.4688715953	3.41764894409e-28
11.483463035	2.97260396442e-28
11.4980544747	2.62758978812e-28
11.5126459144	2.4070152795e-28
11.5272373541	2.18848766836e-28
11.5418287938	2.03767065567e-28
11.5564202335	1.92816662949e-28
11.5710116732	1.85100684513e-28
11.5856031128	1.78885862135e-28
11.6001945525	1.77490304211e-28
11.6147859922	1.7716009146e-28
11.6293774319	1.80595721904e-28
11.6439688716	1.80820624e-28
11.6585603113	1.82279529465e-28
11.673151751	1.73683540886e-28
11.6877431907	1.74863478924e-28
11.7023346304	1.76697153853e-28
11.71692607	1.794677756e-28
11.7315175097	1.83408719924e-28
11.7461089494	1.92079405072e-28
11.7607003891	2.01140509737e-28
11.7752918288	2.1444654435e-28
11.7898832685	2.21354400662e-28
11.8044747082	2.353707473e-28
11.8190661479	2.49988422283e-28
11.8336575876	2.63356024271e-28
11.8482490272	2.74912525253e-28
11.8628404669	2.94772277785e-28
11.8774319066	3.10124406529e-28
11.8920233463	3.20984759428e-28
11.906614786	3.24143700675e-28
11.9212062257	3.28896299164e-28
11.9357976654	3.29177319589e-28
11.9503891051	3.30954402376e-28
11.9649805447	3.29540729709e-28
11.9795719844	3.27239291536e-28
11.9941634241	3.2196049912e-28
12.0087548638	3.17515815153e-28
12.0233463035	3.09380888925e-28
12.0379377432	3.08949289018e-28
12.0525291829	3.06694959117e-28
12.0671206226	2.99631607467e-28
12.0817120623	2.94970689239e-28
12.0963035019	2.94062313353e-28
12.1108949416	2.91616502475e-28
12.1254863813	3.00169841061e-28
12.140077821	3.11684919529e-28
12.1546692607	3.19888148231e-28
12.1692607004	3.2474796663e-28
12.1838521401	3.25048891577e-28
12.1984435798	3.24014626105e-28
12.2130350195	3.21478429101e-28
12.2276264591	3.22543677826e-28
12.2422178988	3.27960716753e-28
12.2568093385	3.39685960502e-28
12.2714007782	3.5169197102e-28
12.2859922179	3.61970115053e-28
12.3005836576	3.70099449845e-28
12.3151750973	3.74586118198e-28
12.329766537	3.74731844914e-28
12.3443579767	3.77893044076e-28
12.3589494163	3.80670246665e-28
12.373540856	3.91615327081e-28
12.3881322957	4.03140810368e-28
12.4027237354	4.09913518744e-28
12.4173151751	4.05323223419e-28
12.4319066148	4.01117400166e-28
12.4464980545	3.95636060094e-28
12.4610894942	3.96717638513e-28
12.4756809339	4.055732031e-28
12.4902723735	4.25698502444e-28
12.5048638132	4.37578477201e-28
12.5194552529	4.50700421663e-28
12.5340466926	4.5474171059e-28
12.5486381323	4.57953423543e-28
12.563229572	4.5977032898e-28
12.5778210117	4.64911610157e-28
12.5924124514	4.73004360947e-28
12.6070038911	4.98044484096e-28
12.6215953307	5.05602258837e-28
12.6361867704	5.09857758428e-28
12.6507782101	5.02099418167e-28
12.6653696498	4.9715272107e-28
12.6799610895	4.97766862342e-28
12.6945525292	5.09209346823e-28
12.7091439689	5.25132297435e-28
12.7237354086	5.65250337739e-28
12.7383268483	5.86170783399e-28
12.7529182879	5.93511327806e-28
12.7675097276	5.85615268613e-28
12.7821011673	5.85596843907e-28
12.796692607	5.7762724647e-28
12.8112840467	5.85048652459e-28
12.8258754864	6.04712874607e-28
12.8404669261	6.40699605757e-28
12.8550583658	6.51348602494e-28
12.8696498054	6.59703875376e-28
12.8842412451	6.49162698335e-28
12.8988326848	6.39584628373e-28
12.9134241245	6.35630702963e-28
12.9280155642	6.44343198522e-28
12.9426070039	6.56910710916e-28
12.9571984436	6.85486648112e-28
12.9717898833	6.92873764053e-28
12.986381323	6.98946204448e-28
13.0009727626	6.92008494698e-28
13.0155642023	6.87405533944e-28
13.030155642	6.78873411633e-28
13.0447470817	6.81807229071e-28
13.0593385214	6.93339309521e-28
13.0739299611	7.34025010863e-28
13.0885214008	7.5144764439e-28
13.1031128405	7.55642066887e-28
13.1177042802	7.47203009433e-28
13.1322957198	7.42533840965e-28
13.1468871595	7.34361596972e-28
13.1614785992	7.44141999185e-28
13.1760700389	7.65914203068e-28
13.1906614786	8.10092066476e-28
13.2052529183	8.18937455465e-28
13.219844358	8.31943712463e-28
13.2344357977	8.22416879178e-28
13.2490272374	8.15635771839e-28
13.263618677	8.14472389182e-28
13.2782101167	8.2240004284e-28
13.2928015564	8.30769781094e-28
13.3073929961	8.71249639954e-28
13.3219844358	8.88327865103e-28
13.3365758755	8.98793722897e-28
13.3511673152	8.84681910956e-28
13.3657587549	8.74100387897e-28
13.3803501946	8.5763106497e-28
13.3949416342	8.56299988882e-28
13.4095330739	8.69574553934e-28
13.4241245136	9.09640605131e-28
13.4387159533	9.17810449859e-28
13.453307393	9.25770856392e-28
13.4678988327	9.20419922565e-28
13.4824902724	9.18526283382e-28
13.4970817121	9.01232235758e-28
13.5116731518	9.07279789056e-28
13.5262645914	9.24391889643e-28
13.5408560311	9.71144048786e-28
13.5554474708	9.90397119156e-28
13.5700389105	1.00543005957e-27
13.5846303502	9.96056803195e-28
13.5992217899	9.85791628763e-28
13.6138132296	9.76058231488e-28
13.6284046693	9.83653801184e-28
13.642996109	9.90128141769e-28
13.6575875486	1.04040450804e-27
13.6721789883	1.05718693059e-27
13.686770428	1.06192765946e-27
13.7013618677	1.05495663177e-27
13.7159533074	1.05810532437e-27
13.7305447471	1.05075943312e-27
13.7451361868	1.05279353703e-27
13.7597276265	1.06274893217e-27
13.7743190661	1.10712873506e-27
13.7889105058	1.11259230294e-27
13.8035019455	1.11895051803e-27
13.8180933852	1.10055444228e-27
13.8326848249	1.08806952269e-27
13.8472762646	1.07890769426e-27
13.8618677043	1.09026865857e-27
13.876459144	1.10362532411e-27
13.8910505837	1.14970909802e-27
13.9056420233	1.16014328018e-27
13.920233463	1.16932360318e-27
13.9348249027	1.15578326496e-27
13.9494163424	1.15591027149e-27
13.9640077821	1.15134843214e-27
13.9785992218	1.16225020119e-27
13.9931906615	1.17387991111e-27
14.0077821012	1.22746421788e-27
14.0223735409	1.238660965e-27
14.0369649805	1.23500798898e-27
14.0515564202	1.21829088035e-27
14.0661478599	1.21142876422e-27
14.0807392996	1.19032590198e-27
14.0953307393	1.19541639078e-27
14.109922179	1.21005395678e-27
14.1245136187	1.26288060766e-27
14.1391050584	1.26655966241e-27
14.1536964981	1.26621670548e-27
14.1682879377	1.2446065933e-27
14.1828793774	1.23098792355e-27
14.1974708171	1.21313314727e-27
14.2120622568	1.21305278319e-27
14.2266536965	1.21298215046e-27
14.2412451362	1.26284006999e-27
14.2558365759	1.27685565709e-27
14.2704280156	1.28210490424e-27
14.2850194553	1.25834938782e-27
14.2996108949	1.25017031572e-27
14.3142023346	1.23345266459e-27
14.3287937743	1.23181370692e-27
14.343385214	1.23688257483e-27
14.3579766537	1.2878269977e-27
14.3725680934	1.29199671432e-27
14.3871595331	1.27947909089e-27
14.4017509728	1.25011643472e-27
14.4163424125	1.23554941031e-27
14.4309338521	1.20582471296e-27
14.4455252918	1.20038055322e-27
14.4601167315	1.20011795562e-27
14.4747081712	1.23629561096e-27
14.4892996109	1.23655087943e-27
14.5038910506	1.23601479551e-27
14.5184824903	1.2162009835e-27
14.53307393	1.20959095468e-27
14.5476653697	1.20216485218e-27
14.5622568093	1.20292167718e-27
14.576848249	1.19755423777e-27
14.5914396887	1.24338220485e-27
14.6060311284	1.24609808353e-27
14.6206225681	1.24177734679e-27
14.6352140078	1.20780170478e-27
14.6498054475	1.18791818612e-27
14.6643968872	1.1656045947e-27
14.6789883268	1.15147530653e-27
14.6935797665	1.13542131919e-27
14.7081712062	1.15637842674e-27
14.7227626459	1.13922808792e-27
14.7373540856	1.11944459379e-27
14.7519455253	1.07750205721e-27
14.766536965	1.05214370886e-27
14.7811284047	1.00626000001e-27
14.7957198444	9.81862478718e-28
14.810311284	9.52479497802e-28
14.8249027237	9.40180824399e-28
14.8394941634	8.89632631754e-28
14.8540856031	8.36334316777e-28
14.8686770428	7.72193061357e-28
14.8832684825	7.34149309618e-28
14.8978599222	7.14870733116e-28
14.9124513619	7.39101555411e-28
14.9270428016	8.17867946471e-28
14.9416342412	1.01737732225e-27
14.9562256809	1.3448273377e-27
14.9708171206	1.87799575854e-27
14.9854085603	2.85430482964e-27
15.0	3.88945985361e-27
