-14.9854085603	1.917617539e-27
-14.9708171206	1.10633660089e-27
-14.9562256809	6.56706620065e-28
-14.9416342412	3.70783207136e-28
-14.9270428016	2.11214612607e-28
-14.9124513619	1.22856754096e-28
-14.8978599222	8.20005393132e-29
-14.8832684825	6.6158626974e-29
-14.8686770428	6.84549354686e-29
-14.8540856031	7.54342589374e-29
-14.8394941634	8.75205069167e-29
-14.8249027237	9.16239498371e-29
-14.810311284	1.04876644122e-28
-14.7957198444	1.13958527402e-28
-14.7811284047	1.27892903447e-28
-14.766536965	1.3721536108e-28
-14.7519455253	1.48429759022e-28
-14.7373540856	1.54751961257e-28
-14.7227626459	1.57620228779e-28
-14.7081712062	1.4552187274e-28
-14.6935797665	1.48393775862e-28
-14.6789883268	1.51129787125e-28
-14.6643968872	1.57894634617e-28
-14.6498054475	1.5985116959e-28
-14.6352140078	1.68699231364e-28
-14.6206225681	1.69686480289e-28
-14.6060311284	1.69967412268e-28
-14.5914396887	1.58397125686e-28
-14.576848249	1.57844157181e-28
-14.5622568093	1.57484530314e-28
-14.5476653696	1.64779261367e-28
-14.53307393	1.66682881813e-28
-14.5184824903	1.73661590242e-28
-14.5038910506	1.75440050002e-28
-14.4892996109	1.76120840091e-28
-14.4747081712	1.62974045628e-28
-14.4601167315	1.62900307487e-28
-14.4455252918	1.61678577505e-28
-14.4309338521	1.67948483781e-28
-14.4163424125	1.68939792827e-28
-14.4017509728	1.74291532893e-28
-14.3871595331	1.73642129998e-28
-14.3725680934	1.72884380155e-28
-14.3579766537	1.56934421261e-28
-14.343385214	1.54398089949e-28
-14.3287937743	1.51853943338e-28
-14.3142023346	1.57035209759e-28
-14.2996108949	1.58291728792e-28
-14.2850194553	1.6533803436e-28
-14.2704280156	1.65524741906e-28
-14.2558365759	1.65393856711e-28
-14.2412451362	1.51512420313e-28
-14.2266536965	1.5116652359e-28
-14.2120622568	1.50076374226e-28
-14.1974708171	1.56457550249e-28
-14.1828793774	1.57918500526e-28
-14.1682879377	1.64471424575e-28
-14.1536964981	1.64236820053e-28
-14.1391050584	1.64090955333e-28
-14.1245136187	1.50899583069e-28
-14.109922179	1.50712187348e-28
-14.0953307393	1.50248671497e-28
-14.0807392996	1.56009078488e-28
-14.0661478599	1.57125593205e-28
-14.0515564202	1.62489992157e-28
-14.0369649805	1.60801893699e-28
-14.0223735409	1.60199813184e-28
-14.0077821012	1.45317945992e-28
-13.9931906615	1.43290480946e-28
-13.9785992218	1.41932008236e-28
-13.9640077821	1.46991506758e-28
-13.9494163424	1.49114984442e-28
-13.9348249027	1.55648528779e-28
-13.920233463	1.55413496843e-28
-13.9056420233	1.56711487621e-28
-13.8910505837	1.47385439558e-28
-13.876459144	1.47791135524e-28
-13.8618677043	1.50960073869e-28
-13.8472762646	1.59808571226e-28
-13.8326848249	1.64209948214e-28
-13.8180933852	1.71207263009e-28
-13.8035019455	1.74736421653e-28
-13.7889105058	1.79544958386e-28
-13.7743190661	1.74702452286e-28
-13.7597276265	1.76761798931e-28
-13.7451361868	1.82689649562e-28
-13.7305447471	1.89503143468e-28
-13.7159533074	1.94567675136e-28
-13.7013618677	1.99236397606e-28
-13.686770428	1.99629069477e-28
-13.6721789883	1.9766052019e-28
-13.6575875486	1.83099309852e-28
-13.6429961089	1.76782053935e-28
-13.6284046693	1.72624180596e-28
-13.6138132296	1.68902430356e-28
-13.5992217899	1.66911899532e-28
-13.5846303502	1.67059325781e-28
-13.5700389105	1.6240071251e-28
-13.5554474708	1.56937267788e-28
-13.5408560311	1.42442765053e-28
-13.5262645914	1.38256154596e-28
-13.5116731518	1.36757601625e-28
-13.4970817121	1.38158330075e-28
-13.4824902724	1.40410789424e-28
-13.4678988327	1.44516668996e-28
-13.453307393	1.47439538873e-28
-13.4387159533	1.49997527981e-28
-13.4241245136	1.48544731207e-28
-13.4095330739	1.52725844812e-28
-13.3949416342	1.59275649106e-28
-13.3803501946	1.65942063929e-28
-13.3657587549	1.69512172018e-28
-13.3511673152	1.74749720405e-28
-13.3365758755	1.7940647809e-28
-13.3219844358	1.81746693357e-28
-13.3073929961	1.79820785297e-28
-13.2928015564	1.83142234407e-28
-13.2782101167	1.88621870912e-28
-13.263618677	1.91556845888e-28
-13.2490272374	2.00003150591e-28
-13.2344357977	2.09849511476e-28
-13.219844358	2.15949415328e-28
-13.2052529183	2.27209798389e-28
-13.1906614786	2.36285771145e-28
-13.1760700389	2.4673528532e-28
-13.1614785992	2.60305879519e-28
-13.1468871595	2.72926915596e-28
-13.1322957198	2.80355496328e-28
-13.1177042802	2.87299124232e-28
-13.1031128405	2.93439949418e-28
-13.0885214008	2.97409843154e-28
-13.0739299611	3.00356452915e-28
-13.0593385214	3.04316024596e-28
-13.0447470817	3.14214430204e-28
-13.030155642	3.19631845851e-28
-13.0155642023	3.28942967007e-28
-13.0009727626	3.37906977079e-28
-12.986381323	3.44692537148e-28
-12.9717898833	3.54211192371e-28
-12.9571984436	3.61320743307e-28
-12.9426070039	3.65743863283e-28
-12.9280155642	3.75310277592e-28
-12.9134241245	3.82089665655e-28
-12.8988326848	3.91714407138e-28
-12.8842412451	3.9885387905e-28
-12.8696498054	4.05674392684e-28
-12.8550583658	4.16003266839e-28
-12.8404669261	4.32201884844e-28
-12.8258754864	4.41207454291e-28
-12.8112840467	4.50520458601e-28
-12.796692607	4.53409392374e-28
-12.7821011673	4.57943846379e-28
-12.7675097276	4.54670702328e-28
-12.7529182879	4.5221216434e-28
-12.7383268482	4.50104663494e-28
-12.7237354086	4.47410605612e-28
-12.7091439689	4.40333004199e-28
-12.6945525292	4.38352214877e-28
-12.6799610895	4.33065200278e-28
-12.6653696498	4.31329612911e-28
-12.6507782101	4.27470754414e-28
-12.6361867704	4.23191514117e-28
-12.6215953307	4.22628642632e-28
-12.6070038911	4.26076755716e-28
-12.5924124514	4.22335449156e-28
-12.5778210117	4.2256060669e-28
-12.563229572	4.14657507913e-28
-12.5486381323	4.13040772734e-28
-12.5340466926	4.15368342922e-28
-12.5194552529	4.21799661189e-28
-12.5048638132	4.33808965524e-28
-12.4902723735	4.58427285643e-28
-12.4756809339	4.74346955487e-28
-12.4610894942	4.88384778041e-28
-12.4464980545	4.88639125994e-28
-12.4319066148	4.90567981272e-28
-12.4173151751	4.83854527982e-28
-12.4027237354	4.7881601607e-28
-12.3881322957	4.71775790928e-28
-12.373540856	4.76160231551e-28
-12.3589494163	4.73882750694e-28
-12.3443579767	4.70267271689e-28
-12.329766537	4.58994805539e-28
-12.3151750973	4.58264311372e-28
-12.3005836576	4.52874379197e-28
-12.2859922179	4.52357450016e-28
-12.2714007782	4.57030485847e-28
-12.2568093385	4.77988644262e-28
-12.2422178988	4.83624154325e-28
-12.2276264591	4.92675285154e-28
-12.2130350195	4.88817842206e-28
-12.1984435798	4.89780942242e-28
-12.1838521401	4.85077283481e-28
-12.1692607004	4.86506761396e-28
-12.1546692607	4.89692567652e-28
-12.140077821	5.09322702887e-28
-12.1254863813	5.09007570553e-28
-12.1108949416	5.0546856106e-28
-12.0963035019	4.91422526011e-28
-12.0817120623	4.87388448392e-28
-12.0671206226	4.8142106332e-28
-12.0525291829	4.85130428643e-28
-12.0379377432	4.87168590426e-28
-12.0233463035	5.09840348663e-28
-12.0087548638	5.1475102834e-28
-11.9941634241	5.20315831439e-28
-11.9795719844	5.17292659386e-28
-11.9649805447	5.23855221648e-28
-11.9503891051	5.23769890475e-28
-11.9357976654	5.34819090394e-28
-11.9212062257	5.57917426137e-28
-11.906614786	6.06593710295e-28
-11.8920233463	6.25751787805e-28
-11.8774319066	6.34331198396e-28
-11.8628404669	6.19042102798e-28
-11.8482490272	6.08592208145e-28
-11.8336575875	5.91706103542e-28
-11.8190661479	5.86419572181e-28
-11.8044747082	5.78542155062e-28
-11.7898832685	5.91386759583e-28
-11.7752918288	5.80670277122e-28
-11.7607003891	5.66937912013e-28
-11.7461089494	5.43797331965e-28
-11.7315175097	5.34652267188e-28
-11.71692607	5.21029443651e-28
-11.7023346304	5.19537628349e-28
-11.6877431907	5.1630482694e-28
-11.673151751	5.32768057724e-28
-11.6585603113	5.33290362339e-28
-11.6439688716	5.28467967735e-28
-11.6293774319	5.11826035739e-28
-11.6147859922	5.04454910258e-28
-11.6001945525	4.92730915889e-28
-11.5856031128	5.00670117463e-28
-11.5710116732	5.17894182512e-28
-11.5564202335	5.57294471005e-28
-11.5418287938	5.63111346824e-28
-11.5272373541	5.72357935052e-28
-11.5126459144	5.69315846634e-28
-11.4980544747	5.68142347341e-28
-11.483463035	5.67553726958e-28
-11.4688715953	5.78334880295e-28
-11.4542801556	5.97685669752e-28
-11.439688716	6.42827215055e-28
-11.4250972763	6.70561647908e-28
-11.4105058366	7.14186625903e-28
-11.3959143969	7.71439658321e-28
-11.3813229572	8.73558780838e-28
-11.3667315175	1.01942638663e-27
-11.3521400778	1.23955030404e-27
-11.3375486381	1.54106717635e-27
-11.3229571984	1.97518513786e-27
-11.3083657588	2.56012058652e-27
-11.2937743191	3.40589869896e-27
-11.2791828794	4.54552714865e-27
-11.2645914397	6.28202007492e-27
-11.25	7.90472659834e-27
-11.2354085603	6.22057513032e-27
-11.2208171206	4.45919318449e-27
-11.2062256809	3.29085134696e-27
-11.1916342412	2.39750643397e-27
-11.1770428016	1.76034374324e-27
-11.1624513619	1.28948697547e-27
-11.1478599222	9.5046164885e-28
-11.1332684825	7.00495719115e-28
-11.1186770428	5.15009744234e-28
-11.1040856031	3.85874575985e-28
-11.0894941634	2.90716818625e-28
-11.0749027237	2.35256487034e-28
-11.060311284	2.02828711012e-28
-11.0457198444	1.88976438898e-28
-11.0311284047	1.83559190221e-28
-11.016536965	1.8815561319e-28
-11.0019455253	1.86770980018e-28
-10.9873540856	1.92040837935e-28
-10.9727626459	1.83229151496e-28
-10.9581712062	1.88179167318e-28
-10.9435797665	1.99414432368e-28
-10.9289883268	2.19368977098e-28
-10.9143968872	2.32038122258e-28
-10.8998054475	2.50609715068e-28
-10.8852140078	2.59137605415e-28
-10.8706225681	2.62285296623e-28
-10.8560311284	2.46821102789e-28
-10.8414396887	2.51967655743e-28
-10.826848249	2.56156073532e-28
-10.8122568093	2.71335255121e-28
-10.7976653696	2.81712071368e-28
-10.78307393	2.95698014581e-28
-10.7684824903	2.96660218872e-28
-10.7538910506	2.97531302239e-28
-10.7392996109	2.81157214479e-28
-10.7247081712	2.83920443971e-28
-10.7101167315	2.90122984531e-28
-10.6955252918	3.03935719108e-28
-10.6809338521	3.13619745683e-28
-10.6663424125	3.28856651593e-28
-10.6517509728	3.28046742268e-28
-10.6371595331	3.28524495388e-28
-10.6225680934	3.11212322923e-28
-10.6079766537	3.1114703534e-28
-10.593385214	3.13412165954e-28
-10.5787937743	3.26501289413e-28
-10.5642023346	3.33883767574e-28
-10.5496108949	3.49987159639e-28
-10.5350194553	3.51651214386e-28
-10.5204280156	3.53075791009e-28
-10.5058365759	3.35413607484e-28
-10.4912451362	3.37864776114e-28
-10.4766536965	3.40974468308e-28
-10.4620622568	3.54065485421e-28
-10.4474708171	3.61341000057e-28
-10.4328793774	3.71549255992e-28
-10.4182879377	3.65919196199e-28
-10.4036964981	3.59752937431e-28
-10.3891050584	3.33968825801e-28
-10.3745136187	3.28795394539e-28
-10.359922179	3.25814980234e-28
-10.3453307393	3.33281381143e-28
-10.3307392996	3.3599864998e-28
-10.3161478599	3.43582673671e-28
-10.3015564202	3.36339985243e-28
-10.2869649805	3.28573696857e-28
-10.2723735409	3.07307423216e-28
-10.2577821012	3.00133335816e-28
-10.2431906615	2.95806428326e-28
-10.2285992218	3.01141160941e-28
-10.2140077821	3.01848507199e-28
-10.1994163424	3.05945235907e-28
-10.1848249027	2.98862460845e-28
-10.170233463	2.91158754728e-28
-10.1556420233	2.70359274563e-28
-10.1410505837	2.64386916358e-28
-10.126459144	2.59032446761e-28
-10.1118677043	2.63685956608e-28
-10.0972762646	2.64857382393e-28
-10.0826848249	2.65721258983e-28
-10.0680933852	2.56982538847e-28
-10.0535019455	2.49983272591e-28
-10.0389105058	2.27051236867e-28
-10.0243190661	2.18009442951e-28
-10.0097276265	2.10909443692e-28
-9.99513618677	2.11748493041e-28
-9.98054474708	2.10282497164e-28
-9.96595330739	2.10936571275e-28
-9.9513618677	2.01468276838e-28
-9.93677042802	1.94605999367e-28
-9.92217898833	1.79405574338e-28
-9.90758754864	1.72444805674e-28
-9.89299610895	1.67137583608e-28
-9.87840466926	1.66979771624e-28
-9.86381322957	1.64326172221e-28
-9.84922178988	1.64963761447e-28
-9.83463035019	1.58821984721e-28
-9.82003891051	1.54233084142e-28
-9.80544747082	1.45273361538e-28
-9.79085603113	1.43423322089e-28
-9.77626459144	1.44261460504e-28
-9.76167315175	1.50039055924e-28
-9.74708171206	1.53164815648e-28
-9.73249027237	1.5722001583e-28
-9.71789883268	1.5783234886e-28
-9.703307393	1.62527694178e-28
-9.68871595331	1.66465464205e-28
-9.67412451362	1.73586676694e-28
-9.65953307393	1.81495674313e-28
-9.64494163424	1.90818101565e-28
-9.63035019455	2.00615691036e-28
-9.61575875486	2.0872848421e-28
-9.60116731517	2.17278562163e-28
-9.58657587549	2.31794159725e-28
-9.5719844358	2.54521228966e-28
-9.55739299611	2.73990568301e-28
-9.54280155642	2.94481773973e-28
-9.52821011673	3.17441865529e-28
-9.51361867704	3.43010926824e-28
-9.49902723735	3.72040068424e-28
-9.48443579767	4.07993804953e-28
-9.46984435798	4.54257404266e-28
-9.45525291829	5.25531898343e-28
-9.4406614786	5.94156900032e-28
-9.42607003891	6.75323119505e-28
-9.41147859922	7.74007630287e-28
-9.39688715953	8.9635222666e-28
-9.38229571984	1.04034216256e-27
-9.36770428016	1.23164368512e-27
-9.35311284047	1.47680089385e-27
-9.33852140078	1.81234521145e-27
-9.32392996109	2.19172575516e-27
-9.3093385214	2.64058314582e-27
-9.29474708171	3.1803131953e-27
-9.28015564202	3.86113860184e-27
-9.26556420233	4.68920369076e-27
-9.25097276265	5.74232457041e-27
-9.23638132296	7.08175423635e-27
-9.22178988327	8.81814705183e-27
-9.20719844358	1.0891542256e-26
-9.19260700389	1.34575073016e-26
-9.1780155642	1.66520429234e-26
-9.16342412451	2.06865415983e-26
-9.14883268482	2.574430313e-26
-9.13424124514	3.21552073909e-26
-9.11964980545	4.02706576003e-26
-9.10505836576	5.06906626515e-26
-9.09046692607	6.35724426443e-26
-9.07587548638	7.97182333772e-26
-9.06128404669	9.99932385302e-26
-9.046692607	1.25570140554e-25
-9.03210116731	1.57686035461e-25
-9.01750972763	1.98326361971e-25
-9.00291828794	2.4961259184e-25
-8.98832684825	3.14724545763e-25
-8.97373540856	3.96157012748e-25
-8.95914396887	4.98542302518e-25
-8.94455252918	6.27248998158e-25
-8.92996108949	7.89435048154e-25
-8.91536964981	9.9346660744e-25
-8.90077821012	1.2509222592e-24
-8.88618677043	1.57520273495e-24
-8.87159533074	1.98450551941e-24
-8.85700389105	2.49833104401e-24
-8.84241245136	3.14441947741e-24
-8.82782101167	3.95671922081e-24
-8.81322957198	4.97833637928e-24
-8.7986381323	6.26198210235e-24
-8.78404669261	7.87699201627e-24
-8.76945525292	9.90661224295e-24
-8.75486381323	1.24581305122e-23
-8.74027237354	1.56582597019e-23
-8.72568093385	1.96743410361e-23
-8.71108949416	2.47111438508e-23
-8.69649805447	3.10282180763e-23
-8.68190661479	3.89456095479e-23
-8.6673151751	4.88704180145e-23
-8.65272373541	6.13034424241e-23
-8.63813229572	7.68751697024e-23
-8.62354085603	9.63558504275e-23
-8.60894941634	1.20727781442e-22
-8.59435797665	1.51201650408e-22
-8.57976653696	1.89295417656e-22
-8.56517509728	2.36888607109e-22
-8.55058365759	2.96333580075e-22
-8.5359922179	3.70536894549e-22
-8.52140077821	4.63141557002e-22
-8.50680933852	5.78603501176e-22
-8.49221789883	7.22517382497e-22
-8.47762645914	9.01815986948e-22
-8.46303501945	1.12510638917e-21
-8.44844357977	1.40304202314e-21
-8.43385214008	1.74887215566e-21
-8.41926070039	2.17894785503e-21
-8.4046692607	2.71357058278e-21
-8.39007782101	3.37777003168e-21
-8.37548638132	4.20261004065e-21
-8.36089494163	5.22645391347e-21
-8.34630350195	6.49675211789e-21
-8.33171206226	8.07203497028e-21
-8.31712062257	1.00246918774e-20
-8.30252918288	1.24438822078e-20
-8.28793774319	1.54397125931e-20
-8.2733463035	1.91475935855e-20
-8.25875486381	2.37347111833e-20
-8.24416342412	2.94067672071e-20
-8.22957198444	3.64171098115e-20
-8.21498054475	4.50773284963e-20
-8.20038910506	5.57706701999e-20
-8.18579766537	6.89678991537e-20
-8.17120622568	8.52477266945e-20
-8.15661478599	1.05319911136e-19
-8.1420233463	1.30056194562e-19
-8.12743190661	1.60525513043e-19
-8.11284046693	1.98038585087e-19
-8.09824902724	2.4420136631e-19
-8.08365758755	3.00981273729e-19
-8.06906614786	3.70785732277e-19
-8.05447470817	4.56561145074e-19
-8.03988326848	5.61908679027e-19
-8.02529182879	6.91231917182e-19
-8.0107003891	8.4990992156e-19
-7.99610894942	1.04451176386e-18
-7.98151750973	1.28305404425e-18
-7.96692607004	1.57531659675e-18
-7.95233463035	1.93322143721e-18
-7.93774319066	2.37129806406e-18
-7.92315175097	2.90723964642e-18
-7.90856031128	3.56259049541e-18
-7.89396887159	4.36356201455e-18
-7.87937743191	5.34203377977e-18
-7.86478599222	6.53675460915e-18
-7.85019455253	7.99480392674e-18
-7.83560311284	9.77334798964e-18
-7.82101167315	1.19417711381e-17
-7.80642023346	1.45842328092e-17
-7.79182879377	1.78027829172e-17
-7.77723735409	2.17210890202e-17
-7.7626459144	2.64889386782e-17
-7.74805447471	3.22876642454e-17
-7.73346303502	3.93366891795e-17
-7.71887159533	4.79013637497e-17
-7.70428015564	5.83024454747e-17
-7.68968871595	7.09274294055e-17
-7.67509727626	8.62442491835e-17
-7.66050583658	1.04817653515e-16
-7.64591439689	1.27328904236e-16
-7.6313229572	1.54599369582e-16
-7.61673151751	1.87618851901e-16
-7.60214007782	2.27579493844e-16
-7.58754863813	2.75916429794e-16
-7.57295719844	3.34356374236e-16
-7.55836575875	4.04975876388e-16
-7.54377431907	4.90270855986e-16
-7.52918287938	5.93239739329e-16
-7.51459143969	7.17482869488e-16
-7.5	8.67320706974e-16
-7.48540856031	1.04793471742e-15
-7.47081712062	1.2655389019e-15
-7.45622568093	1.52757827902e-15
-7.44163424124	1.8429687996e-15
-7.42704280156	2.22238285919e-15
-7.41245136187	2.67858856188e-15
-7.39785992218	3.22685336387e-15
-7.38326848249	3.88542380386e-15
-7.3686770428	4.67609531965e-15
-7.35408560311	5.62488911439e-15
-7.33949416342	6.76285487406e-15
-7.32490272373	8.12702359921e-15
-7.31031128405	9.76153635181e-15
-7.29571984436	1.17189820204e-14
-7.28112840467	1.40619809803e-14
-7.26653696498	1.68650597394e-14
-7.25194552529	2.02168677248e-14
-7.2373540856	2.42227983401e-14
-7.22276264591	2.90080848395e-14
-7.20817120623	3.47214577473e-14
-7.19357976654	4.15394592939e-14
-7.17898832685	4.96715337331e-14
-7.16439688716	5.93660272587e-14
-7.14980544747	7.09172578157e-14
-7.13521400778	8.46738392488e-14
-7.12062256809	1.01048479337e-13
-7.1060311284	1.20529501854e-13
-7.09143968872	1.43694395246e-13
-7.07684824903	1.71225727893e-13
-7.06225680934	2.0392983785e-13
-7.04766536965	2.42758765797e-13
-7.03307392996	2.88835982489e-13
-7.01848249027	3.43486544541e-13
-7.00389105058	4.08272428001e-13
-6.98929961089	4.85033896534e-13
-6.97470817121	5.75937919129e-13
-6.96011673152	6.83534792064e-13
-6.94552529183	8.10824329575e-13
-6.93093385214	9.61333186845e-13
-6.91634241245	1.13920514408e-12
-6.90175097276	1.34930645436e-12
-6.88715953307	1.59734870978e-12
-6.87256809338	1.89003203689e-12
-6.8579766537	2.23521191927e-12
-6.84338521401	2.64209339784e-12
-6.82879377432	3.12145703459e-12
-6.81420233463	3.68592167193e-12
-6.79961089494	4.35024980795e-12
-6.78501945525	5.13170227596e-12
-6.77042801556	6.05044997489e-12
-6.75583657588	7.13005150745e-12
-6.74124513619	8.39800700257e-12
-6.7266536965	9.88639983455e-12
-6.71206225681	1.16326398001e-11
-6.69747081712	1.36803232405e-11
-6.68287937743	1.60802279673e-11
-6.66828793774	1.88914633784e-11
-6.65369649805	2.21827992346e-11
-6.63910505837	2.60341998551e-11
-6.62451361868	3.05385945453e-11
-6.60992217899	3.58039192501e-11
-6.5953307393	4.19554696911e-11
-6.58073929961	4.91386117815e-11
-6.56614785992	5.75219017437e-11
-6.55155642023	6.73006755967e-11
-6.53696498054	7.87011761915e-11
-6.52237354086	9.19852952697e-11
-6.50778210117	1.07456019052e-10
-6.49319066148	1.25463677653e-10
-6.47859922179	1.46413112741e-10
-6.4640077821	1.70771893146e-10
-6.44941634241	1.99079725935e-10
-6.43482490272	2.31959229989e-10
-6.42023346303	2.70128261922e-10
-6.40564202335	3.14414008848e-10
-6.39105058366	3.65769091568e-10
-6.37645914397	4.25289952943e-10
-6.36186770428	4.9423784283e-10
-6.34727626459	5.74062750722e-10
-6.3326848249	6.66430683195e-10
-6.31809338521	7.73254733374e-10
-6.30350194552	8.96730447253e-10
-6.28891050584	1.0393760548e-09
-6.27431906615	1.20407820634e-09
-6.25972762646	1.39414393278e-09
-6.24513618677	1.61335963941e-09
-6.23054474708	1.86605804072e-09
-6.21595330739	2.15719405637e-09
-6.2013618677	2.49243081073e-09
-6.18677042802	2.87823701747e-09
-6.17217898833	3.32199718245e-09
-6.15758754864	3.83213623095e-09
-6.14299610895	4.4182603511e-09
-6.12840466926	5.09131605851e-09
-6.11381322957	5.86376971767e-09
-6.09922178988	6.74981001482e-09
-6.08463035019	7.76557616071e-09
-6.07003891051	8.92941491905e-09
-6.05544747082	1.02621699016e-08
-6.04085603113	1.17875069594e-08
-6.02626459144	1.35322799184e-08
-6.01167315175	1.55269413786e-08
-5.99708171206	1.78060038045e-08
-5.98249027237	2.0408556705e-08
-5.96789883268	2.33788463129e-08
-5.953307393	2.67669248607e-08
-5.93871595331	3.06293772864e-08
-5.92412451362	3.50301340278e-08
-5.90953307393	4.00413794434e-08
-5.89494163424	4.57445663802e-08
-5.88035019455	5.22315484656e-08
-5.86575875486	5.96058428609e-08
-5.85116731517	6.79840374701e-08
-5.83657587549	7.74973579703e-08
-5.8219844358	8.82934115137e-08
-5.80739299611	1.00538125572e-07
-5.79280155642	1.14417902129e-07
-5.77821011673	1.30142009331e-07
-5.76361867704	1.47945234735e-07
-5.74902723735	1.68090826516e-07
-5.73443579766	1.90873751349e-07
-5.71984435798	2.16624300259e-07
-5.70525291829	2.45712076462e-07
-5.6906614786	2.78550402185e-07
-5.67607003891	3.15601184594e-07
-5.66147859922	3.5738028435e-07
-5.64688715953	4.04463433921e-07
-5.63229571984	4.57492756615e-07
-5.61770428016	5.17183941408e-07
-5.60311284047	5.84334132983e-07
-5.58852140078	6.59830601012e-07
-5.57392996109	7.4466025761e-07
-5.5593385214	8.39920097017e-07
-5.54474708171	9.46828637052e-07
-5.53015564202	1.06673844756e-06
-5.51556420233	1.20114985708e-06
-5.50097276265	1.35172593534e-06
-5.48638132296	1.52030885552e-06
-5.47178988327	1.70893774739e-06
-5.45719844358	1.91986815916e-06
-5.44260700389	2.15559325358e-06
-5.4280155642	2.41886687107e-06
-5.41342412451	2.71272860066e-06
-5.39883268482	3.04053100754e-06
-5.38424124514	3.40596917378e-06
-5.36964980545	3.81311271761e-06
-5.35505836576	4.26644046431e-06
-5.34046692607	4.77087795074e-06
-5.32587548638	5.33183795335e-06
-5.31128404669	5.95526423802e-06
-5.296692607	6.64767873814e-06
-5.28210116731	7.41623237502e-06
-5.26750972763	8.26875974233e-06
-5.25291828794	9.21383788344e-06
-5.23832684825	1.02608493967e-05
-5.22373540856	1.14200501103e-05
-5.20914396887	1.27026415724e-05
-5.19455252918	1.41208486076e-05
-5.17996108949	1.56880021934e-05
-5.1653696498	1.74186279113e-05
-5.15077821012	1.93285402303e-05
-5.13618677043	2.14349428761e-05
-5.12159533074	2.37565355395e-05
-5.10700389105	2.63136271708e-05
-5.09241245136	2.9128256101e-05
-5.07782101167	3.22243172205e-05
-5.06322957198	3.56276964354e-05
-5.0486381323	3.93664126044e-05
-5.03404669261	4.34707671444e-05
-5.01945525292	4.79735014678e-05
-5.00486381323	5.29099623942e-05
-4.99027237354	5.83182756467e-05
-4.97568093385	6.42395275116e-05
-4.96108949416	7.07179547049e-05
-4.94649805447	7.78011424445e-05
-4.93190661479	8.55402306839e-05
-4.9173151751	9.39901284088e-05
-4.90272373541	0.000103209735846
-4.88813229572	0.000113262174368
-4.87354085603	0.000124215023813
-4.85894941634	0.00013614056687
-4.84435797665	0.000149116040093
-4.82976653696	0.000163223891033
-4.81517509728	0.000178552040895
-4.80058365759	0.000195194152004
-4.7859922179	0.000213249899312
-4.77140077821	0.000232825245033
-4.75680933852	0.000254032715401
-4.74221789883	0.000276991678454
-4.72762645914	0.00030182862159
-4.71303501945	0.000328677427568
-4.69844357977	0.000357679647471
-4.68385214008	0.000388984769062
-4.66926070039	0.000422750478805
-4.6546692607	0.000459142915738
-4.64007782101	0.000498336915241
-4.62548638132	0.000540516240645
-4.61089494163	0.000585873800506
-4.59630350194	0.000634611849268
-4.58171206226	0.000686942168938
-4.56712062257	0.000743086229325
-4.55252918288	0.00080327532429
-4.53793774319	0.00086775068141
-4.5233463035	0.000936763542421
-4.50875486381	0.00101057521173
-4.49416342412	0.00108945707032
-4.47957198444	0.00117369055237
-4.46498054475	0.00126356708183
-4.45038910506	0.00135938796655
-4.43579766537	0.00146146424716
-4.42120622568	0.00157011649846
-4.40661478599	0.001685674581
-4.3920233463	0.00180847734058
-4.37743190661	0.00193887225393
-4.36284046693	0.00207721501866
-4.34824902724	0.00222386908608
-4.33365758755	0.00237920513579
-4.31906614786	0.00254360049099
-4.30447470817	0.00271743847415
-4.28988326848	0.00290110770277
-4.27529182879	0.00309500132562
-4.2607003891	0.0032995161999
-4.24610894942	0.00351505201072
-4.23151750973	0.00374201033431
-4.21692607004	0.00398079364703
-4.20233463035	0.00423180428281
-4.18774319066	0.00449544334213
-4.17315175097	0.00477210955589
-4.15856031128	0.0050621981085
-4.14396887159	0.0053660994246
-4.12937743191	0.00568419792437
-4.11478599222	0.00601687075312
-4.10019455253	0.0063644864909
-4.08560311284	0.00672740384854
-4.07101167315	0.00710597035669
-4.05642023346	0.00750052105501
-4.04182879377	0.00791137718858
-4.02723735408	0.00833884491915
-4.0126459144	0.00878321405875
-3.99805447471	0.00924475683336
-3.98346303502	0.00972372668455
-3.96887159533	0.0102203571165
-3.95428015564	0.010734860596
-3.93968871595	0.0112674275137
-3.92509727626	0.0118182252114
-3.91050583658	0.0123873970857
-3.89591439689	0.0129750617709
-3.8813229572	0.0135813124092
-3.86673151751	0.0142062160134
-3.85214007782	0.014849812926
-3.83754863813	0.0155121163795
-3.82295719844	0.0161931121622
-3.80836575875	0.0168927583897
-3.79377431907	0.0176109853882
-3.77918287938	0.0183476956861
-3.76459143969	0.0191027641189
-3.75	0.0198760380433
-3.73540856031	0.0206673376622
-3.72081712062	0.0214764564565
-3.70622568093	0.0223031617233
-3.69163424124	0.0231471952141
-3.67704280156	0.0240082738725
-3.66245136187	0.0248860906629
-3.64785992218	0.0257803154882
-3.63326848249	0.026690596188
-3.6186770428	0.0276165596123
-3.60408560311	0.0285578127634
-3.58949416342	0.0295139439987
-3.57490272373	0.0304845242878
-3.56031128405	0.0314691085139
-3.54571984436	0.0324672368151
-3.53112840467	0.0334784359542
-3.51653696498	0.0345022207117
-3.50194552529	0.0355380952926
-3.4873540856	0.0365855547396
-3.47276264591	0.0376440863464
-3.45817120623	0.0387131710611
-3.44357976654	0.0397922848761
-3.42898832685	0.0408809001946
-3.41439688716	0.0419784871708
-3.39980544747	0.043084515014
-3.38521400778	0.0441984532556
-3.37062256809	0.0453197729706
-3.3560311284	0.0464479479509
-3.34143968872	0.0475824558263
-3.32684824903	0.0487227791301
-3.31225680934	0.0498684063052
-3.29766536965	0.0510188326501
-3.28307392996	0.0521735612015
-3.26848249027	0.0533321035533
-3.25389105058	0.0544939806102
-3.23929961089	0.0556587232759
-3.22470817121	0.056825873076
-3.21011673152	0.0579949827158
-3.19552529183	0.0591656165734
-3.18093385214	0.0603373511307
-3.16634241245	0.0615097753413
-3.15175097276	0.0626824909392
-3.13715953307	0.0638551126893
-3.12256809338	0.0650272685819
-3.1079766537	0.0661985999734
-3.09338521401	0.0673687616767
-3.07879377432	0.068537422002
-3.06420233463	0.0697042627536
-3.04961089494	0.0708689791821
-3.03501945525	0.0720312798984
-3.02042801556	0.0731908867492
-3.00583657587	0.0743475346591
-2.99124513619	0.0755009714414
-2.9766536965	0.0766509575804
-2.96206225681	0.077797265988
-2.94747081712	0.0789396817372
-2.93287937743	0.0800780017759
-2.91828793774	0.0812120346227
-2.90369649805	0.0823416000471
-2.88910505837	0.0834665287375
-2.87451361868	0.084586661958
-2.85992217899	0.0857018511971
-2.8453307393	0.0868119578092
-2.83073929961	0.0879168526525
-2.81614785992	0.0890164157227
-2.80155642023	0.0901105357868
-2.78696498054	0.0911991100157
-2.77237354086	0.0922820436197
-2.75778210117	0.093359249486
-2.74319066148	0.0944306478206
-2.72859922179	0.0954961657948
-2.7140077821	0.0965557371988
-2.69941634241	0.0976093021001
-2.68482490272	0.0986568065118
-2.67023346303	0.099698202067
-2.65564202335	0.100733445703
-2.64105058366	0.101762499353
-2.62645914397	0.102785329653
-2.61186770428	0.103801907646
-2.59727626459	0.104812208514
-2.5826848249	0.105816211301
-2.56809338521	0.106813898663
-2.55350194552	0.107805256618
-2.53891050584	0.108790274308
-2.52431906615	0.109768943776
-2.50972762646	0.110741259746
-2.49513618677	0.111707219421
-2.48054474708	0.112666822285
-2.46595330739	0.113620069914
-2.4513618677	0.114566965806
-2.43677042801	0.115507515207
-2.42217898833	0.116441724955
-2.40758754864	0.117369603332
-2.39299610895	0.118291159923
-2.37840466926	0.11920640548
-2.36381322957	0.120115351803
-2.34922178988	0.121018011617
-2.33463035019	0.12191439847
-2.32003891051	0.122804526622
-2.30544747082	0.123688410959
-2.29085603113	0.124566066897
-2.27626459144	0.125437510303
-2.26167315175	0.126302757416
-2.24708171206	0.127161824781
-2.23249027237	0.128014729175
-2.21789883268	0.128861487557
-2.203307393	0.129702117003
-2.18871595331	0.130536634661
-2.17412451362	0.131365057701
-2.15953307393	0.132187403276
-2.14494163424	0.13300368848
-2.13035019455	0.133813930313
-2.11575875486	0.134618145651
-2.10116731517	0.135416351219
-2.08657587549	0.136208563559
-2.0719844358	0.136994799015
-2.05739299611	0.137775073707
-2.04280155642	0.138549403518
-2.02821011673	0.139317804075
-2.01361867704	0.140080290735
-1.99902723735	0.140836878577
-1.98443579766	0.14158758239
-1.96984435798	0.142332416667
-1.95525291829	0.143071395594
-1.9406614786	0.14380453305
-1.92607003891	0.144531842601
-1.91147859922	0.145253337496
-1.89688715953	0.145969030668
-1.88229571984	0.146678934732
-1.86770428015	0.147383061984
-1.85311284047	0.148081424407
-1.83852140078	0.148774033665
-1.82392996109	0.149460901113
-1.8093385214	0.150142037796
-1.79474708171	0.150817454452
-1.78015564202	0.151487161518
-1.76556420233	0.152151169134
-1.75097276265	0.152809487149
-1.73638132296	0.15346212512
-1.72178988327	0.154109092327
-1.70719844358	0.154750397769
-1.69260700389	0.155386050177
-1.6780155642	0.156016058015
-1.66342412451	0.156640429489
-1.64883268482	0.157259172549
-1.63424124514	0.157872294902
-1.61964980545	0.158479804012
-1.60505836576	0.159081707106
-1.59046692607	0.159678011188
-1.57587548638	0.160268723033
-1.56128404669	0.160853849205
-1.546692607	0.161433396054
-1.53210116731	0.162007369727
-1.51750972763	0.162575776173
-1.50291828794	0.163138621149
-1.48832684825	0.163695910222
-1.47373540856	0.164247648782
-1.45914396887	0.164793842041
-1.44455252918	0.165334495041
-1.42996108949	0.165869612658
-1.4153696498	0.166399199612
-1.40077821012	0.166923260464
-1.38618677043	0.167441799629
-1.37159533074	0.167954821375
-1.35700389105	0.16846232983
-1.34241245136	0.168964328989
-1.32782101167	0.169460822713
-1.31322957198	0.169951814738
-1.29863813229	0.170437308677
-1.28404669261	0.170917308025
-1.26945525292	0.171391816163
-1.25486381323	0.171860836359
-1.24027237354	0.172324371778
-1.22568093385	0.17278242548
-1.21108949416	0.173235000424
-1.19649805447	0.173682099475
-1.18190661479	0.174123725403
-1.1673151751	0.174559880889
-1.15272373541	0.174990568528
-1.13813229572	0.17541579083
-1.12354085603	0.175835550224
-1.10894941634	0.176249849061
-1.09435797665	0.176658689615
-1.07976653696	0.17706207409
-1.06517509728	0.177460004617
-1.05058365759	0.177852483258
-1.0359922179	0.178239512011
-1.02140077821	0.17862109281
-1.00680933852	0.178997227526
-0.992217898832	0.179367917972
-0.977626459143	0.179733165901
-0.963035019454	0.180092973014
-0.948443579766	0.180447340954
-0.933852140077	0.180796271314
-0.919260700388	0.181139765638
-0.9046692607	0.181477825417
-0.890077821011	0.181810452099
-0.875486381322	0.182137647084
-0.860894941633	0.182459411727
-0.846303501945	0.182775747343
-0.831712062256	0.183086655202
-0.817120622567	0.183392136535
-0.802529182879	0.183692192536
-0.78793774319	0.183986824357
-0.773346303501	0.184276033117
-0.758754863812	0.184559819897
-0.744163424124	0.184838185745
-0.729571984435	0.185111131674
-0.714980544746	0.185378658665
-0.700389105058	0.185640767668
-0.685797665369	0.1858974596
-0.67120622568	0.186148735352
-0.656614785991	0.186394595781
-0.642023346303	0.18663504172
-0.627431906614	0.186870073972
-0.612840466925	0.187099693313
-0.598249027237	0.187323900495
-0.583657587548	0.187542696243
-0.569066147859	0.187756081256
-0.55447470817	0.187964056211
-0.539883268482	0.188166621761
-0.525291828793	0.188363778536
-0.510700389104	0.188555527141
-0.496108949416	0.188741868163
-0.481517509727	0.188922802165
-0.466926070038	0.189098329689
-0.452334630349	0.189268451257
-0.437743190661	0.189433167372
-0.423151750972	0.189592478516
-0.408560311283	0.18974638515
-0.393968871594	0.18989488772
-0.379377431906	0.190037986651
-0.364785992217	0.190175682349
-0.350194552528	0.190307975204
-0.33560311284	0.190434865588
-0.321011673151	0.190556353855
-0.306420233462	0.190672440342
-0.291828793773	0.19078312537
-0.277237354085	0.190888409242
-0.262645914396	0.190988292248
-0.248054474707	0.191082774657
-0.233463035019	0.191171856727
-0.21887159533	0.191255538698
-0.204280155641	0.191333820793
-0.189688715952	0.191406703224
-0.175097276264	0.191474186184
-0.160505836575	0.191536269852
-0.145914396886	0.191592954394
-0.131322957198	0.191644239959
-0.116731517509	0.191690126682
-0.10214007782	0.191730614684
-0.0875486381314	0.191765704072
-0.0729571984427	0.191795394937
-0.058365758754	0.191819687357
-0.0437743190653	0.191838581396
-0.0291828793766	0.191852077103
-0.0145914396879	0.191860174513
8.5975671027e-13	0.191862873647
0.0145914396896	0.191860174513
0.0291828793783	0.191852077103
0.043774319067	0.191838581396
0.0583657587557	0.191819687357
0.0729571984444	0.191795394937
0.0875486381332	0.191765704072
0.102140077822	0.191730614684
0.116731517511	0.191690126682
0.131322957199	0.191644239959
0.145914396888	0.191592954394
0.160505836577	0.191536269852
0.175097276265	0.191474186184
0.189688715954	0.191406703224
0.204280155643	0.191333820793
0.218871595332	0.191255538698
0.23346303502	0.191171856727
0.248054474709	0.191082774657
0.262645914398	0.190988292248
0.277237354086	0.190888409242
0.291828793775	0.19078312537
0.306420233464	0.190672440342
0.321011673153	0.190556353855
0.335603112841	0.190434865588
0.35019455253	0.190307975204
0.364785992219	0.190175682349
0.379377431907	0.190037986651
0.393968871596	0.18989488772
0.408560311285	0.18974638515
0.423151750974	0.189592478516
0.437743190662	0.189433167372
0.452334630351	0.189268451257
0.46692607004	0.189098329689
0.481517509729	0.188922802165
0.496108949417	0.188741868163
0.510700389106	0.188555527141
0.525291828795	0.188363778536
0.539883268483	0.188166621761
0.554474708172	0.187964056211
0.569066147861	0.187756081256
0.58365758755	0.187542696242
0.598249027238	0.187323900495
0.612840466927	0.187099693313
0.627431906616	0.186870073972
0.642023346304	0.18663504172
0.656614785993	0.186394595781
0.671206225682	0.186148735352
0.685797665371	0.1858974596
0.700389105059	0.185640767668
0.714980544748	0.185378658665
0.729571984437	0.185111131674
0.744163424125	0.184838185745
0.758754863814	0.184559819897
0.773346303503	0.184276033117
0.787937743192	0.183986824357
0.80252918288	0.183692192536
0.817120622569	0.183392136535
0.831712062258	0.183086655202
0.846303501946	0.182775747343
0.860894941635	0.182459411727
0.875486381324	0.182137647084
0.890077821013	0.181810452099
0.904669260701	0.181477825417
0.91926070039	0.181139765638
0.933852140079	0.180796271314
0.948443579767	0.180447340954
0.963035019456	0.180092973014
0.977626459145	0.179733165901
0.992217898834	0.179367917972
1.00680933852	0.178997227526
1.02140077821	0.17862109281
1.0359922179	0.178239512011
1.05058365759	0.177852483258
1.06517509728	0.177460004617
1.07976653697	0.17706207409
1.09435797665	0.176658689615
1.10894941634	0.176249849061
1.12354085603	0.175835550224
1.13813229572	0.17541579083
1.15272373541	0.174990568528
1.1673151751	0.174559880889
1.18190661479	0.174123725403
1.19649805448	0.173682099475
1.21108949416	0.173235000424
1.22568093385	0.17278242548
1.24027237354	0.172324371778
1.25486381323	0.171860836359
1.26945525292	0.171391816163
1.28404669261	0.170917308025
1.2986381323	0.170437308677
1.31322957199	0.169951814738
1.32782101167	0.169460822713
1.34241245136	0.168964328989
1.35700389105	0.16846232983
1.37159533074	0.167954821375
1.38618677043	0.167441799629
1.40077821012	0.166923260464
1.41536964981	0.166399199612
1.4299610895	0.165869612658
1.44455252918	0.165334495041
1.45914396887	0.164793842041
1.47373540856	0.164247648782
1.48832684825	0.163695910223
1.50291828794	0.163138621149
1.51750972763	0.162575776173
1.53210116732	0.162007369727
1.546692607	0.161433396054
1.56128404669	0.160853849205
1.57587548638	0.160268723033
1.59046692607	0.159678011188
1.60505836576	0.159081707107
1.61964980545	0.158479804012
1.63424124514	0.157872294902
1.64883268483	0.157259172549
1.66342412451	0.156640429489
1.6780155642	0.156016058015
1.69260700389	0.155386050177
1.70719844358	0.15475039777
1.72178988327	0.154109092327
1.73638132296	0.15346212512
1.75097276265	0.152809487149
1.76556420234	0.152151169134
1.78015564202	0.151487161518
1.79474708171	0.150817454452
1.8093385214	0.150142037796
1.82392996109	0.149460901113
1.83852140078	0.148774033665
1.85311284047	0.148081424407
1.86770428016	0.147383061984
1.88229571985	0.146678934732
1.89688715953	0.145969030668
1.91147859922	0.145253337496
1.92607003891	0.144531842601
1.9406614786	0.14380453305
1.95525291829	0.143071395594
1.96984435798	0.142332416667
1.98443579767	0.141587582391
1.99902723736	0.140836878577
2.01361867704	0.140080290735
2.02821011673	0.139317804075
2.04280155642	0.138549403518
2.05739299611	0.137775073707
2.0719844358	0.136994799015
2.08657587549	0.136208563559
2.10116731518	0.135416351219
2.11575875486	0.134618145651
2.13035019455	0.133813930313
2.14494163424	0.13300368848
2.15953307393	0.132187403276
2.17412451362	0.131365057701
2.18871595331	0.130536634661
2.203307393	0.129702117003
2.21789883269	0.128861487557
2.23249027237	0.128014729175
2.24708171206	0.127161824781
2.26167315175	0.126302757416
2.27626459144	0.125437510303
2.29085603113	0.124566066897
2.30544747082	0.123688410959
2.32003891051	0.122804526622
2.3346303502	0.12191439847
2.34922178988	0.121018011618
2.36381322957	0.120115351803
2.37840466926	0.119206405481
2.39299610895	0.118291159923
2.40758754864	0.117369603333
2.42217898833	0.116441724955
2.43677042802	0.115507515207
2.45136186771	0.114566965806
2.46595330739	0.113620069915
2.48054474708	0.112666822285
2.49513618677	0.111707219421
2.50972762646	0.110741259746
2.52431906615	0.109768943776
2.53891050584	0.108790274308
2.55350194553	0.107805256618
2.56809338522	0.106813898663
2.5826848249	0.105816211301
2.59727626459	0.104812208514
2.61186770428	0.103801907646
2.62645914397	0.102785329653
2.64105058366	0.101762499354
2.65564202335	0.100733445703
2.67023346304	0.0996982020672
2.68482490272	0.098656806512
2.69941634241	0.0976093021003
2.7140077821	0.096555737199
2.72859922179	0.095496165795
2.74319066148	0.0944306478208
2.75778210117	0.0933592494862
2.77237354086	0.0922820436199
2.78696498055	0.0911991100159
2.80155642023	0.090110535787
2.81614785992	0.0890164157229
2.83073929961	0.0879168526527
2.8453307393	0.0868119578094
2.85992217899	0.0857018511973
2.87451361868	0.0845866619583
2.88910505837	0.0834665287377
2.90369649806	0.0823416000473
2.91828793774	0.0812120346229
2.93287937743	0.0800780017762
2.94747081712	0.0789396817374
2.96206225681	0.0777972659883
2.9766536965	0.0766509575807
2.99124513619	0.0755009714417
3.00583657588	0.0743475346594
3.02042801557	0.0731908867495
3.03501945525	0.0720312798987
3.04961089494	0.0708689791824
3.06420233463	0.0697042627539
3.07879377432	0.0685374220023
3.09338521401	0.067368761677
3.1079766537	0.0661985999737
3.12256809339	0.0650272685822
3.13715953307	0.0638551126896
3.15175097276	0.0626824909395
3.16634241245	0.0615097753416
3.18093385214	0.060337351131
3.19552529183	0.0591656165738
3.21011673152	0.0579949827161
3.22470817121	0.0568258730764
3.2392996109	0.0556587232763
3.25389105058	0.0544939806106
3.26848249027	0.0533321035537
3.28307392996	0.0521735612019
3.29766536965	0.0510188326505
3.31225680934	0.0498684063056
3.32684824903	0.0487227791305
3.34143968872	0.0475824558267
3.35603112841	0.0464479479512
3.37062256809	0.045319772971
3.38521400778	0.044198453256
3.39980544747	0.0430845150144
3.41439688716	0.0419784871711
3.42898832685	0.040880900195
3.44357976654	0.0397922848764
3.45817120623	0.0387131710615
3.47276264592	0.0376440863468
3.4873540856	0.03658555474
3.50194552529	0.0355380952929
3.51653696498	0.0345022207121
3.53112840467	0.0334784359546
3.54571984436	0.0324672368155
3.56031128405	0.0314691085143
3.57490272374	0.0304845242881
3.58949416343	0.0295139439991
3.60408560311	0.0285578127637
3.6186770428	0.0276165596127
3.63326848249	0.0266905961884
3.64785992218	0.0257803154886
3.66245136187	0.0248860906633
3.67704280156	0.0240082738728
3.69163424125	0.0231471952145
3.70622568093	0.0223031617236
3.72081712062	0.0214764564569
3.73540856031	0.0206673376625
3.75	0.0198760380437
3.76459143969	0.0191027641192
3.77918287938	0.0183476956865
3.79377431907	0.0176109853885
3.80836575876	0.0168927583901
3.82295719844	0.0161931121625
3.83754863813	0.0155121163799
3.85214007782	0.0148498129263
3.86673151751	0.0142062160137
3.8813229572	0.0135813124095
3.89591439689	0.0129750617711
3.91050583658	0.012387397086
3.92509727627	0.0118182252117
3.93968871595	0.0112674275139
3.95428015564	0.0107348605963
3.96887159533	0.0102203571167
3.98346303502	0.00972372668479
3.99805447471	0.0092447568336
4.0126459144	0.00878321405897
4.02723735409	0.00833884491937
4.04182879378	0.00791137718879
4.05642023346	0.00750052105521
4.07101167315	0.00710597035689
4.08560311284	0.00672740384873
4.10019455253	0.00636448649109
4.11478599222	0.0060168707533
4.12937743191	0.00568419792454
4.1439688716	0.00536609942477
4.15856031129	0.00506219810867
4.17315175097	0.00477210955604
4.18774319066	0.00449544334228
4.20233463035	0.00423180428296
4.21692607004	0.00398079364717
4.23151750973	0.00374201033445
4.24610894942	0.00351505201085
4.26070038911	0.00329951620002
4.27529182879	0.00309500132574
4.28988326848	0.00290110770289
4.30447470817	0.00271743847426
4.31906614786	0.0025436004911
4.33365758755	0.00237920513589
4.34824902724	0.00222386908618
4.36284046693	0.00207721501875
4.37743190662	0.00193887225402
4.3920233463	0.00180847734066
4.40661478599	0.00168567458107
4.42120622568	0.00157011649853
4.43579766537	0.00146146424723
4.45038910506	0.00135938796662
4.46498054475	0.00126356708189
4.47957198444	0.00117369055242
4.49416342413	0.00108945707038
4.50875486381	0.00101057521178
4.5233463035	0.000936763542472
4.53793774319	0.000867750681458
4.55252918288	0.000803275324334
4.56712062257	0.000743086229368
4.58171206226	0.000686942168978
4.59630350195	0.000634611849305
4.61089494164	0.000585873800542
4.62548638132	0.000540516240678
4.64007782101	0.000498336915272
4.6546692607	0.000459142915768
4.66926070039	0.000422750478833
4.68385214008	0.000388984769088
4.69844357977	0.000357679647495
4.71303501946	0.00032867742759
4.72762645915	0.000301828621612
4.74221789883	0.000276991678474
4.75680933852	0.00025403271542
4.77140077821	0.00023282524505
4.7859922179	0.000213249899329
4.80058365759	0.000195194152019
4.81517509728	0.000178552040909
4.82976653697	0.000163223891047
4.84435797665	0.000149116040105
4.85894941634	0.000136140566882
4.87354085603	0.000124215023824
4.88813229572	0.000113262174378
4.90272373541	0.000103209735855
4.9173151751	9.39901284173e-05
4.93190661479	8.55402306918e-05
4.94649805448	7.78011424519e-05
4.96108949416	7.07179547117e-05
4.97568093385	6.42395275179e-05
4.99027237354	5.83182756525e-05
5.00486381323	5.29099623997e-05
5.01945525292	4.79735014728e-05
5.03404669261	4.34707671491e-05
5.0486381323	3.93664126088e-05
5.06322957199	3.56276964394e-05
5.07782101167	3.22243172242e-05
5.09241245136	2.91282561044e-05
5.10700389105	2.63136271739e-05
5.12159533074	2.37565355423e-05
5.13618677043	2.14349428787e-05
5.15077821012	1.93285402327e-05
5.16536964981	1.74186279135e-05
5.1799610895	1.56880021954e-05
5.19455252918	1.41208486095e-05
5.20914396887	1.27026415741e-05
5.22373540856	1.14200501119e-05
5.23832684825	1.02608493982e-05
5.25291828794	9.21383788476e-06
5.26750972763	8.26875974355e-06
5.28210116732	7.41623237613e-06
5.29669260701	6.64767873916e-06
5.31128404669	5.95526423895e-06
5.32587548638	5.3318379542e-06
5.34046692607	4.77087795152e-06
5.35505836576	4.26644046502e-06
5.36964980545	3.81311271826e-06
5.38424124514	3.40596917438e-06
5.39883268483	3.04053100809e-06
5.41342412451	2.71272860116e-06
5.4280155642	2.41886687152e-06
5.44260700389	2.155593254e-06
5.45719844358	1.91986815954e-06
5.47178988327	1.70893774774e-06
5.48638132296	1.52030885584e-06
5.50097276265	1.35172593563e-06
5.51556420234	1.20114985735e-06
5.53015564202	1.0667384478e-06
5.54474708171	9.46828637275e-07
5.5593385214	8.39920097219e-07
5.57392996109	7.44660257793e-07
5.58852140078	6.59830601177e-07
5.60311284047	5.8433413313e-07
5.61770428016	5.17183941542e-07
5.63229571985	4.57492756736e-07
5.64688715953	4.04463434031e-07
5.66147859922	3.57380284449e-07
5.67607003891	3.15601184683e-07
5.6906614786	2.78550402265e-07
5.70525291829	2.45712076534e-07
5.71984435798	2.16624300323e-07
5.73443579767	1.90873751407e-07
5.74902723736	1.68090826569e-07
5.76361867704	1.47945234783e-07
5.77821011673	1.30142009374e-07
5.79280155642	1.14417902168e-07
5.80739299611	1.00538125607e-07
5.8219844358	8.82934115447e-08
5.83657587549	7.74973579979e-08
5.85116731518	6.79840374954e-08
5.86575875487	5.96058428838e-08
5.88035019455	5.22315484863e-08
5.89494163424	4.57445663988e-08
5.90953307393	4.004137946e-08
5.92412451362	3.50301340425e-08
5.93871595331	3.06293772994e-08
5.953307393	2.67669248719e-08
5.96789883269	2.3378846323e-08
5.98249027237	2.04085567138e-08
5.99708171206	1.78060038123e-08
6.01167315175	1.55269413854e-08
6.02626459144	1.35322799245e-08
6.04085603113	1.17875069646e-08
6.05544747082	1.02621699061e-08
6.07003891051	8.92941492288e-09
6.0846303502	7.76557616417e-09
6.09922178988	6.74981001785e-09
6.11381322957	5.86376972035e-09
6.12840466926	5.09131606084e-09
6.14299610895	4.41826035316e-09
6.15758754864	3.83213623273e-09
6.17217898833	3.32199718399e-09
6.18677042802	2.87823701874e-09
6.20136186771	2.49243081192e-09
6.21595330739	2.15719405742e-09
6.23054474708	1.86605804168e-09
6.24513618677	1.61335964025e-09
6.25972762646	1.39414393355e-09
6.27431906615	1.20407820703e-09
6.28891050584	1.03937605543e-09
6.30350194553	8.96730447781e-10
6.31809338522	7.73254733906e-10
6.3326848249	6.66430683688e-10
6.34727626459	5.74062751186e-10
6.36186770428	4.94237843241e-10
6.37645914397	4.25289953312e-10
6.39105058366	3.65769091878e-10
6.40564202335	3.14414009104e-10
6.42023346304	2.70128262105e-10
6.43482490272	2.31959230147e-10
6.44941634241	1.99079726058e-10
6.4640077821	1.70771893247e-10
6.47859922179	1.46413112809e-10
6.49319066148	1.25463677698e-10
6.50778210117	1.07456019069e-10
6.52237354086	9.19852952649e-11
6.53696498055	7.87011761553e-11
6.55155642023	6.73006755549e-11
6.56614785992	5.75219016935e-11
6.58073929961	4.91386117325e-11
6.5953307393	4.19554696419e-11
6.60992217899	3.58039192059e-11
6.62451361868	3.05385945032e-11
6.63910505837	2.60341998188e-11
6.65369649806	2.21827992013e-11
6.66828793774	1.88914633594e-11
6.68287937743	1.60802279551e-11
6.69747081712	1.36803232362e-11
6.71206225681	1.16326397993e-11
6.7266536965	9.88639983822e-12
6.74124513619	8.39800700725e-12
6.75583657588	7.13005151309e-12
6.77042801557	6.05044997903e-12
6.78501945525	5.13170228469e-12
6.79961089494	4.3502498183e-12
6.81420233463	3.68592168422e-12
6.82879377432	3.12145704696e-12
6.84338521401	2.64209341113e-12
6.8579766537	2.23521193249e-12
6.87256809339	1.89003204969e-12
6.88715953308	1.59734872066e-12
6.90175097276	1.34930646648e-12
6.91634241245	1.13920515591e-12
6.93093385214	9.61333198995e-13
6.94552529183	8.10824340878e-13
6.96011673152	6.83534802783e-13
6.97470817121	5.75937928633e-13
6.9892996109	4.85033905155e-13
7.00389105058	4.08272435001e-13
7.01848249027	3.43486551442e-13
7.03307392996	2.88835988557e-13
7.04766536965	2.42758771114e-13
7.06225680934	2.03929842194e-13
7.07684824903	1.71225731677e-13
7.09143968872	1.43694398256e-13
7.10603112841	1.20529504176e-13
7.12062256809	1.01048480745e-13
7.13521400778	8.46738405327e-14
7.14980544747	7.09172587776e-14
7.16439688716	5.93660281154e-14
7.17898832685	4.96715344694e-14
7.19357976654	4.15394600983e-14
7.20817120623	3.47214586043e-14
7.22276264592	2.90080858621e-14
7.2373540856	2.42227994124e-14
7.25194552529	2.02168691366e-14
7.26653696498	1.68650612531e-14
7.28112840467	1.40619825471e-14
7.29571984436	1.17189834739e-14
7.31031128405	9.76153772769e-15
7.32490272374	8.12702483932e-15
7.33949416343	6.76285598385e-15
7.35408560311	5.62489002804e-15
7.3686770428	4.67609621352e-15
7.38326848249	3.88542463107e-15
7.39785992218	3.22685417568e-15
7.41245136187	2.67858930678e-15
7.42704280156	2.2223835625e-15
7.44163424125	1.84296945549e-15
7.45622568094	1.52757892629e-15
7.47081712062	1.2655395214e-15
7.48540856031	1.04793538072e-15
7.5	8.67321364753e-16
7.51459143969	7.17483490313e-16
7.52918287938	5.93240296403e-16
7.54377431907	4.90271362809e-16
7.55836575876	4.04976323906e-16
7.57295719844	3.34356770498e-16
7.58754863813	2.75916767102e-16
7.60214007782	2.27579809318e-16
7.61673151751	1.8761913533e-16
7.6313229572	1.54599631398e-16
7.64591439689	1.2732913851e-16
7.66050583658	1.04817867355e-16
7.67509727627	8.6244439934e-17
7.68968871595	7.09276049339e-17
7.70428015564	5.83026024779e-17
7.71887159533	4.79015198923e-17
7.73346303502	3.93368357871e-17
7.74805447471	3.22878022131e-17
7.7626459144	2.64890629103e-17
7.77723735409	2.17212016105e-17
7.79182879378	1.78028816249e-17
7.80642023346	1.45843198095e-17
7.82101167315	1.19418449239e-17
7.83560311284	9.77341709699e-18
7.85019455253	7.99486708786e-18
7.86478599222	6.5368139476e-18
7.87937743191	5.34208819911e-18
7.8939688716	4.3636127374e-18
7.90856031129	3.56263682446e-18
7.92315175097	2.90728283782e-18
7.93774319066	2.37133780298e-18
7.95233463035	1.93326086362e-18
7.96692607004	1.57535432117e-18
7.98151750973	1.28309017e-18
7.99610894942	1.04454510539e-18
8.01070038911	8.4994071239e-19
8.0252918288	6.91259652812e-19
8.03988326848	5.61933846354e-19
8.05447470817	4.56583491055e-19
8.06906614786	3.70806818162e-19
8.08365758755	3.01000529835e-19
8.09824902724	2.44218945929e-19
8.11284046693	1.98054205181e-19
8.12743190662	1.60539475702e-19
8.1420233463	1.30068296405e-19
8.15661478599	1.05330393325e-19
8.17120622568	8.52564795587e-20
8.18579766537	6.89756725036e-20
8.20038910506	5.57775059639e-20
8.21498054475	4.50834669148e-20
8.22957198444	3.64225313999e-20
8.24416342413	2.94116272355e-20
8.25875486381	2.37390150036e-20
8.2733463035	1.91514646591e-20
8.28793774319	1.54431413283e-20
8.30252918288	1.24471042131e-20
8.31712062257	1.00276137761e-20
8.33171206226	8.07471587231e-21
8.34630350195	6.49912031375e-21
8.36089494164	5.22855985504e-21
8.37548638132	4.20443090981e-21
8.39007782101	3.3793425687e-21
8.4046692607	2.71487869155e-21
8.41926070039	2.18011194321e-21
8.43385214008	1.74989426254e-21
8.44844357977	1.40396381404e-21
8.46303501946	1.12591908388e-21
8.47762645915	9.02549497755e-22
8.49221789883	7.23166452691e-22
8.50680933852	5.79192914036e-22
8.52140077821	4.63670570053e-22
8.5359922179	3.71045377734e-22
8.55058365759	2.96801044423e-22
8.56517509728	2.3732188263e-22
8.57976653697	1.89680942855e-22
8.59435797666	1.51545630909e-22
8.60894941634	1.21024322486e-22
8.62354085603	9.6609964251e-23
8.63813229572	7.70854218988e-23
8.65272373541	6.14906570852e-23
8.6673151751	4.90321426039e-23
8.68190661479	3.90888318266e-23
8.69649805448	3.11525353241e-23
8.71108949416	2.48205277375e-23
8.72568093385	1.97688677687e-23
8.74027237354	1.57410478036e-23
8.75486381323	1.25290049219e-23
8.76945525292	9.9727264987e-24
8.78404669261	7.93637736589e-24
8.7986381323	6.3164103829e-24
8.81322957199	5.02643134554e-24
8.82782101167	3.99969062444e-24
8.84241245136	3.18151124037e-24
8.85700389105	2.53081930112e-24
8.87159533074	2.01207405052e-24
8.88618677043	1.60060899053e-24
8.90077821012	1.2736389251e-24
8.91536964981	1.01425530618e-24
8.9299610895	8.07971492164e-25
8.94455252918	6.44057237551e-25
8.95914396887	5.13328565206e-25
8.97373540856	4.09447310227e-25
8.98832684825	3.26377591169e-25
9.00291828794	2.60637242647e-25
9.01750972763	2.0841606691e-25
9.03210116732	1.67010274358e-25
9.04669260701	1.3390737145e-25
9.06128404669	1.07476189612e-25
9.07587548638	8.62131410425e-26
9.09046692607	6.92599896207e-26
9.10505836576	5.55082730238e-26
9.11964980545	4.47121572048e-26
9.13424124514	3.6095075574e-26
9.14883268483	2.92704701835e-26
9.16342412452	2.37882189236e-26
9.1780155642	1.93965236828e-26
9.19260700389	1.58004562025e-26
9.20719844358	1.29301906796e-26
9.22178988327	1.05324017473e-26
9.23638132296	8.65594324322e-27
9.25097276265	7.13420159091e-27
9.26556420234	5.95672189988e-27
9.28015564202	4.97589261317e-27
9.29474708171	4.18832358637e-27
9.3093385214	3.52129775106e-27
9.32392996109	2.98146596392e-27
9.33852140078	2.49553867773e-27
9.35311284047	2.13454036095e-27
9.36770428016	1.84090344913e-27
9.38229571985	1.61887397142e-27
9.39688715953	1.42120177397e-27
9.41147859922	1.25118365977e-27
9.42607003891	1.09610283512e-27
9.4406614786	9.73602854594e-28
9.45525291829	8.46712646371e-28
9.46984435798	7.56960148927e-28
9.48443579767	6.87152932121e-28
9.49902723736	6.41330901166e-28
9.51361867704	5.93441633844e-28
9.52821011673	5.54685302771e-28
9.54280155642	5.11403343539e-28
9.55739299611	4.80984859912e-28
9.5719844358	4.43983603874e-28
9.58657587549	4.20083258883e-28
9.60116731518	3.98812874719e-28
9.61575875487	3.91785530876e-28
9.63035019455	3.80775523045e-28
9.64494163424	3.69363561125e-28
9.65953307393	3.51637066815e-28
9.67412451362	3.38697362125e-28
9.68871595331	3.20339911709e-28
9.703307393	3.09817302316e-28
9.71789883269	2.98378332186e-28
9.73249027237	2.9320063509e-28
9.74708171206	2.85255368239e-28
9.76167315175	2.75664633778e-28
9.77626459144	2.56792274833e-28
9.79085603113	2.45383398913e-28
9.80544747082	2.33825547292e-28
9.82003891051	2.26350484745e-28
9.8346303502	2.20590323273e-28
9.84922178988	2.19818005026e-28
9.86381322957	2.16759423098e-28
9.87840466926	2.16633867061e-28
9.89299610895	2.12588277519e-28
9.90758754864	2.14984565131e-28
9.92217898833	2.23824783461e-28
9.93677042802	2.2767311322e-28
9.95136186771	2.26138054353e-28
9.96595330739	2.26560893912e-28
9.98054474708	2.25954742345e-28
9.99513618677	2.24305413996e-28
10.0097276265	2.1940866653e-28
10.0243190661	2.21994728896e-28
10.0389105058	2.31252259712e-28
10.0535019455	2.35074562021e-28
10.0680933852	2.35902088748e-28
10.0826848249	2.36431109623e-28
10.0972762646	2.38184990161e-28
10.1118677043	2.36919182841e-28
10.126459144	2.34557250464e-28
10.1410505837	2.40614277732e-28
10.1556420233	2.56510574857e-28
10.170233463	2.62974420683e-28
10.1848249027	2.69412916304e-28
10.1994163424	2.70474539207e-28
10.2140077821	2.69574556768e-28
10.2285992218	2.72351103604e-28
10.2431906615	2.75401992008e-28
10.2577821012	2.84536245604e-28
10.2723735409	3.04402953408e-28
10.2869649805	3.09396244699e-28
10.3015564202	3.14626120303e-28
10.3161478599	3.15339097714e-28
10.3307392996	3.12910652136e-28
10.3453307393	3.07325498604e-28
10.359922179	3.02124691343e-28
10.3745136187	3.04444331822e-28
10.3891050584	3.20011758224e-28
10.4036964981	3.23379428546e-28
10.4182879377	3.24142952975e-28
10.4328793774	3.21529289335e-28
10.4474708171	3.19010429017e-28
10.4620622568	3.13650851898e-28
10.4766536965	3.1058627295e-28
10.4912451362	3.150228378e-28
10.5058365759	3.36683759608e-28
10.5204280156	3.40650327127e-28
10.5350194553	3.40612801624e-28
10.5496108949	3.34454800824e-28
10.5642023346	3.29183377064e-28
10.5787937743	3.24692344634e-28
10.593385214	3.21035015115e-28
10.6079766537	3.20850105426e-28
10.6225680934	3.38186955462e-28
10.6371595331	3.36175839443e-28
10.6517509728	3.32111892396e-28
10.6663424125	3.25078491678e-28
10.6809338521	3.17974633221e-28
10.6955252918	3.11206091673e-28
10.7101167315	3.07690374122e-28
10.7247081712	3.08148820929e-28
10.7392996109	3.23347734515e-28
10.7538910506	3.24239849852e-28
10.7684824903	3.25142603046e-28
10.78307393	3.23721713293e-28
10.7976653697	3.27757721426e-28
10.8122568093	3.2527778889e-28
10.826848249	3.21759562854e-28
10.8414396887	3.25860292394e-28
10.8560311284	3.4535933939e-28
10.8706225681	3.47695018295e-28
10.8852140078	3.47169536895e-28
10.8998054475	3.41571624333e-28
10.9143968872	3.42237323508e-28
10.9289883268	3.41042125558e-28
10.9435797665	3.37490239382e-28
10.9581712062	3.40519114397e-28
10.9727626459	3.64583085146e-28
10.9873540856	3.72687570697e-28
11.0019455253	3.77696013025e-28
11.016536965	3.89544794051e-28
11.0311284047	4.09576976878e-28
11.0457198444	4.42023364009e-28
11.060311284	4.87914506753e-28
11.0749027237	5.52601906808e-28
11.0894941634	6.5275531481e-28
11.1040856031	7.75327070466e-28
11.1186770428	9.47861359692e-28
11.1332684825	1.18016980355e-27
11.1478599222	1.49783235273e-27
11.1624513619	1.9291439419e-27
11.1770428016	2.51161776937e-27
11.1916342412	3.30958323815e-27
11.2062256809	4.40955077928e-27
11.2208171206	5.82556648463e-27
11.2354085603	7.87237955063e-27
11.25	9.78086505781e-27
11.2645914397	7.95154611499e-27
11.2791828794	5.95240586657e-27
11.2937743191	4.5572869167e-27
11.3083657588	3.48580612821e-27
11.3229571984	2.67835392876e-27
11.3375486381	2.08216652367e-27
11.3521400778	1.64547396457e-27
11.3667315175	1.32372972657e-27
11.3813229572	1.08637398708e-27
11.3959143969	9.18108489681e-28
11.4105058366	7.92633752039e-28
11.4250972763	7.09999443804e-28
11.439688716	6.42522350457e-28
11.4542801556	5.96100629203e-28
11.4688715953	5.64818333452e-28
11.483463035	5.46984254682e-28
11.4980544747	5.31821565232e-28
11.5126459144	5.30393724242e-28
11.5272373541	5.18972852217e-28
11.5418287938	5.10659285002e-28
11.5564202335	4.98985387852e-28
11.5710116732	4.95540298072e-28
11.5856031128	4.88982574897e-28
11.6001945525	4.91110866325e-28
11.6147859922	4.89173653043e-28
11.6293774319	4.89680299023e-28
11.6439688716	4.8055904078e-28
11.6585603113	4.71047379662e-28
11.673151751	4.39242550197e-28
11.6877431907	4.28601204276e-28
11.7023346304	4.2032517821e-28
11.71692607	4.20648327604e-28
11.7315175097	4.20363742684e-28
11.7461089494	4.30644415851e-28
11.7607003891	4.41478526723e-28
11.7752918288	4.62869627231e-28
11.7898832685	4.74625093362e-28
11.8044747082	4.93944368973e-28
11.8190661479	5.17023343397e-28
11.8336575876	5.4378767643e-28
11.8482490272	5.70727335842e-28
11.8628404669	6.07893102792e-28
11.8774319066	6.41273416155e-28
11.8920233463	6.74287963735e-28
11.906614786	6.97223225921e-28
11.9212062257	7.18218891237e-28
11.9357976654	7.32414645377e-28
11.9503891051	7.50123981144e-28
11.9649805447	7.52630136229e-28
11.9795719844	7.5303503007e-28
11.9941634241	7.43339224355e-28
12.0087548638	7.33844923781e-28
12.0233463035	7.11821359849e-28
12.0379377432	7.03224251812e-28
12.0525291829	6.96609523551e-28
12.0671206226	6.88358611103e-28
12.0817120623	6.81063641022e-28
12.0963035019	6.84621422384e-28
12.1108949416	6.8598991722e-28
12.1254863813	7.01806618076e-28
12.140077821	7.20134535191e-28
12.1546692607	7.38239335836e-28
12.1692607004	7.48527992617e-28
12.1838521401	7.59325906232e-28
12.1984435798	7.61284326126e-28
12.2130350195	7.66888404227e-28
12.2276264591	7.71273264799e-28
12.2422178988	7.83096915953e-28
12.2568093385	7.96093284896e-28
12.2714007782	8.12428803348e-28
12.2859922179	8.23308143933e-28
12.3005836576	8.41424748296e-28
12.3151750973	8.49048214219e-28
12.329766537	8.57432420571e-28
12.3443579767	8.63451766878e-28
12.3589494163	8.70708197907e-28
12.373540856	8.7973203594e-28
12.3881322957	8.94841113711e-28
12.4027237354	9.09418191619e-28
12.4173151751	9.18664741964e-28
12.4319066148	9.25196022912e-28
12.4464980545	9.34794640306e-28
12.4610894942	9.42600310732e-28
12.4756809339	9.67669874182e-28
12.4902723735	9.97861699274e-28
12.5048638132	1.0220458438e-27
12.5194552529	1.04413182099e-27
12.5340466926	1.05620264255e-27
12.5486381323	1.05562785273e-27
12.563229572	1.05974881061e-27
12.5778210117	1.05372435281e-27
12.5924124514	1.05151643341e-27
12.6070038911	1.05087427456e-27
12.6215953307	1.04229449688e-27
12.6361867704	1.03239044615e-27
12.6507782101	1.022261265e-27
12.6653696498	1.01313722528e-27
12.6799610895	1.01754053694e-27
12.6945525292	1.0226007155e-27
12.7091439689	1.04388797268e-27
12.7237354086	1.08347433165e-27
12.7383268483	1.11180915432e-27
12.7529182879	1.11998065181e-27
12.7675097276	1.1184237784e-27
12.7821011673	1.11989094257e-27
12.796692607	1.1210196299e-27
12.8112840467	1.12371927035e-27
12.8258754864	1.14682735505e-27
12.8404669261	1.17822575968e-27
12.8550583658	1.18922131032e-27
12.8696498054	1.1970562126e-27
12.8842412451	1.19022761434e-27
12.8988326848	1.17735804539e-27
12.9134241245	1.1739347117e-27
12.9280155642	1.17091226805e-27
12.9426070039	1.17420745986e-27
12.9571984436	1.18240327169e-27
12.9717898833	1.17725592892e-27
12.986381323	1.167860371e-27
13.0009727626	1.15093893206e-27
13.0155642023	1.13348142981e-27
13.030155642	1.11958401207e-27
13.0447470817	1.10802128044e-27
13.0593385214	1.10809633522e-27
13.0739299611	1.13099978732e-27
13.0885214008	1.1374569646e-27
13.1031128405	1.13250404232e-27
13.1177042802	1.11663515155e-27
13.1322957198	1.10191635991e-27
13.1468871595	1.08778128869e-27
13.1614785992	1.08385041008e-27
13.1760700389	1.09888327817e-27
13.1906614786	1.12800085305e-27
13.2052529183	1.13023248179e-27
13.219844358	1.13264006002e-27
13.2344357977	1.11818324814e-27
13.2490272374	1.09738237577e-27
13.263618677	1.08776603925e-27
13.2782101167	1.07937405967e-27
13.2928015564	1.07093464493e-27
13.3073929961	1.08895143387e-27
13.3219844358	1.09633434062e-27
13.3365758755	1.09528877512e-27
13.3511673152	1.07452603559e-27
13.3657587549	1.05546039981e-27
13.3803501946	1.03751981219e-27
13.3949416342	1.02509182808e-27
13.4095330739	1.03482738288e-27
13.4241245136	1.06737199131e-27
13.4387159533	1.07034317622e-27
13.453307393	1.0775098677e-27
13.4678988327	1.07398019467e-27
13.4824902724	1.0681897323e-27
13.4970817121	1.05202761902e-27
13.5116731518	1.05112440871e-27
13.5262645914	1.06083997373e-27
13.5408560311	1.09157218298e-27
13.5554474708	1.10395471544e-27
13.5700389105	1.1168933417e-27
13.5846303502	1.10908600664e-27
13.5992217899	1.09386156427e-27
13.6138132296	1.08624567033e-27
13.6284046693	1.09132049818e-27
13.642996109	1.09603804218e-27
13.6575875486	1.13846887375e-27
13.6721789883	1.15378853152e-27
13.686770428	1.15772186121e-27
13.7013618677	1.15592605675e-27
13.7159533074	1.16276869798e-27
13.7305447471	1.16071377777e-27
13.7451361868	1.16047559458e-27
13.7597276265	1.16793099701e-27
13.7743190661	1.20460601477e-27
13.7889105058	1.20686418008e-27
13.8035019455	1.20851466343e-27
13.8180933852	1.19059753398e-27
13.8326848249	1.17288123631e-27
13.8472762646	1.16228801323e-27
13.8618677043	1.16721837057e-27
13.876459144	1.1738661151e-27
13.8910505837	1.19992949585e-27
13.9056420233	1.20261216796e-27
13.920233463	1.20610203489e-27
13.9348249027	1.18901027226e-27
13.9494163424	1.18346778328e-27
13.9640077821	1.17932316563e-27
13.9785992218	1.18453384302e-27
13.9931906615	1.18792147122e-27
14.0077821012	1.22682666699e-27
14.0223735409	1.23111932976e-27
14.0369649805	1.22311029202e-27
14.0515564202	1.20714790338e-27
14.0661478599	1.199779717e-27
14.0807392996	1.18126434301e-27
14.0953307393	1.18339593741e-27
14.109922179	1.1958475524e-27
14.1245136187	1.23738301278e-27
14.1391050584	1.2364378674e-27
14.1536964981	1.23337305011e-27
14.1682879377	1.21255385819e-27
14.1828793774	1.19598299553e-27
14.1974708171	1.17774441852e-27
14.2120622568	1.17179691827e-27
14.2266536965	1.16718368583e-27
14.2412451362	1.20587512878e-27
14.2558365759	1.21618528721e-27
14.2704280156	1.21885563426e-27
14.2850194553	1.19650718338e-27
14.2996108949	1.18815485016e-27
14.3142023346	1.17273539861e-27
14.3287937743	1.16888009791e-27
14.343385214	1.17526546239e-27
14.3579766537	1.22055928202e-27
14.3725680934	1.22258146896e-27
14.3871595331	1.20884849231e-27
14.4017509728	1.18547560406e-27
14.4163424125	1.17301037655e-27
14.4309338521	1.14704524319e-27
14.4455252918	1.14283676467e-27
14.4601167315	1.14257046741e-27
14.4747081712	1.17363200835e-27
14.4892996109	1.17630385048e-27
14.5038910506	1.18060157647e-27
14.5184824903	1.16527228958e-27
14.53307393	1.15621423464e-27
14.5476653697	1.14519339364e-27
14.5622568093	1.14187966885e-27
14.576848249	1.13393027363e-27
14.5914396887	1.17234491796e-27
14.6060311284	1.1766150151e-27
14.6206225681	1.17618169776e-27
14.6352140078	1.14916779727e-27
14.6498054475	1.13065356359e-27
14.6643968872	1.10772693168e-27
14.6789883268	1.09262494585e-27
14.6935797665	1.07628541775e-27
14.7081712062	1.0936756109e-27
14.7227626459	1.07885229716e-27
14.7373540856	1.06575746298e-27
14.7519455253	1.03547361182e-27
14.766536965	1.01544246113e-27
14.7811284047	9.74582681886e-28
14.7957198444	9.50199221227e-28
14.810311284	9.21811628922e-28
14.8249027237	9.07611619737e-28
14.8394941634	8.62596933853e-28
14.8540856031	8.15870306871e-28
14.8686770428	7.54088376801e-28
14.8832684825	7.11672665704e-28
14.8978599222	6.75173603501e-28
14.9124513619	6.65052923528e-28
14.9270428016	6.89103601768e-28
14.9416342412	7.99928918744e-28
14.9562256809	9.99503920101e-28
14.9708171206	1.35178358594e-27
14.9854085603	2.04281529729e-27
15.0	2.80382996844e-27
