-14.9854085603	1.93951470321e-27
-14.9708171206	1.14169204698e-27
-14.9562256809	6.86596399585e-28
-14.9416342412	3.97559360862e-28
-14.9270428016	2.33202060381e-28
-14.9124513619	1.42928255639e-28
-14.8978599222	9.62729765512e-29
-14.8832684825	7.13274959139e-29
-14.8686770428	6.52276885412e-29
-14.8540856031	6.65953653063e-29
-14.8394941634	7.30797872791e-29
-14.8249027237	7.27069477318e-29
-14.810311284	8.12663244959e-29
-14.7957198444	8.75321217017e-29
-14.7811284047	9.81524496582e-29
-14.766536965	1.05101312717e-28
-14.7519455253	1.13833466072e-28
-14.7373540856	1.18136773364e-28
-14.7227626459	1.20198683604e-28
-14.7081712062	1.09387863092e-28
-14.6935797665	1.11702982606e-28
-14.6789883268	1.13220969375e-28
-14.6643968872	1.19561595974e-28
-14.6498054475	1.22780119507e-28
-14.6352140078	1.31464600881e-28
-14.6206225681	1.33318131273e-28
-14.6060311284	1.34575179042e-28
-14.5914396887	1.24630903922e-28
-14.576848249	1.24803912207e-28
-14.5622568093	1.25628875189e-28
-14.5476653696	1.33349899292e-28
-14.53307393	1.35681058778e-28
-14.5184824903	1.42837131219e-28
-14.5038910506	1.44926375458e-28
-14.4892996109	1.46541378416e-28
-14.4747081712	1.35793088665e-28
-14.4601167315	1.36439769095e-28
-14.4455252918	1.35866278921e-28
-14.4309338521	1.41968421179e-28
-14.4163424125	1.43889612959e-28
-14.4017509728	1.50850281717e-28
-14.3871595331	1.52455971087e-28
-14.3725680934	1.53435200681e-28
-14.3579766537	1.40232643944e-28
-14.343385214	1.39835207961e-28
-14.3287937743	1.39808673148e-28
-14.3142023346	1.45181510594e-28
-14.2996108949	1.47668115478e-28
-14.2850194553	1.5499514805e-28
-14.2704280156	1.56486513451e-28
-14.2558365759	1.57662015034e-28
-14.2412451362	1.46724136057e-28
-14.2266536965	1.47725369417e-28
-14.2120622568	1.49474642829e-28
-14.1974708171	1.56111976025e-28
-14.1828793774	1.57868079608e-28
-14.1682879377	1.6391399393e-28
-14.1536964981	1.66231166156e-28
-14.1391050584	1.67080264705e-28
-14.1245136187	1.56636367978e-28
-14.109922179	1.57762955139e-28
-14.0953307393	1.60289662503e-28
-14.0807392996	1.6751104302e-28
-14.0661478599	1.70391678518e-28
-14.0515564202	1.77004615671e-28
-14.0369649805	1.78159363374e-28
-14.0223735409	1.77912011546e-28
-14.0077821012	1.68403761055e-28
-13.9931906615	1.68045342759e-28
-13.9785992218	1.70243823519e-28
-13.9640077821	1.78414592598e-28
-13.9494163424	1.81691150624e-28
-13.9348249027	1.8757820749e-28
-13.920233463	1.90695148994e-28
-13.9056420233	1.92999248747e-28
-13.8910505837	1.86871441134e-28
-13.876459144	1.8876655861e-28
-13.8618677043	1.95909276521e-28
-13.8472762646	2.04658536594e-28
-13.8326848249	2.11288281503e-28
-13.8180933852	2.20212948023e-28
-13.8035019455	2.30371959788e-28
-13.7889105058	2.40937871563e-28
-13.7743190661	2.4823570295e-28
-13.7597276265	2.56709923229e-28
-13.7451361868	2.68930982977e-28
-13.7305447471	2.82025100044e-28
-13.7159533074	2.88574645712e-28
-13.7013618677	2.90811073204e-28
-13.686770428	2.93827350257e-28
-13.6721789883	2.88621125583e-28
-13.6575875486	2.75188465596e-28
-13.6429961089	2.65750297672e-28
-13.6284046693	2.60309256062e-28
-13.6138132296	2.56374747552e-28
-13.5992217899	2.50761620647e-28
-13.5846303502	2.44501046594e-28
-13.5700389105	2.41801662878e-28
-13.5554474708	2.35864737106e-28
-13.5408560311	2.2739646112e-28
-13.5262645914	2.2508830713e-28
-13.5116731518	2.31477283615e-28
-13.4970817121	2.34349991269e-28
-13.4824902724	2.36580794285e-28
-13.4678988327	2.42358753843e-28
-13.453307393	2.49669946411e-28
-13.4387159533	2.57323710352e-28
-13.4241245136	2.69711108196e-28
-13.4095330739	2.8010927558e-28
-13.3949416342	2.93086501233e-28
-13.3803501946	3.08444684249e-28
-13.3657587549	3.14843335428e-28
-13.3511673152	3.18041123663e-28
-13.3365758755	3.28038293785e-28
-13.3219844358	3.31368945475e-28
-13.3073929961	3.31998993011e-28
-13.2928015564	3.35073618654e-28
-13.2782101167	3.42641541586e-28
-13.263618677	3.44694972641e-28
-13.2490272374	3.4833222842e-28
-13.2344357977	3.57102401356e-28
-13.219844358	3.69415671951e-28
-13.2052529183	3.83069287324e-28
-13.1906614786	4.06511080064e-28
-13.1760700389	4.25521589173e-28
-13.1614785992	4.49413111433e-28
-13.1468871595	4.62452373283e-28
-13.1322957198	4.74967405475e-28
-13.1177042802	4.83599338342e-28
-13.1031128405	4.95942615172e-28
-13.0885214008	5.04721162917e-28
-13.0739299611	5.18694856243e-28
-13.0593385214	5.254398091e-28
-13.0447470817	5.39471429014e-28
-13.030155642	5.45788380669e-28
-13.0155642023	5.53935828579e-28
-13.0009727626	5.59706104284e-28
-12.986381323	5.71268241084e-28
-12.9717898833	5.80348739817e-28
-12.9571984436	5.96023725611e-28
-12.9426070039	6.05330117466e-28
-12.9280155642	6.17309618498e-28
-12.9134241245	6.146519223e-28
-12.8988326848	6.15081665211e-28
-12.8842412451	6.14627920517e-28
-12.8696498054	6.21875229875e-28
-12.8550583658	6.23826022477e-28
-12.8404669261	6.41020297517e-28
-12.8258754864	6.4513609469e-28
-12.8112840467	6.53452202054e-28
-12.796692607	6.52156030795e-28
-12.7821011673	6.50022870391e-28
-12.7675097276	6.42851964009e-28
-12.7529182879	6.44122278122e-28
-12.7383268482	6.40218206404e-28
-12.7237354086	6.39114696166e-28
-12.7091439689	6.27342988728e-28
-12.6945525292	6.29530967358e-28
-12.6799610895	6.24079417881e-28
-12.6653696498	6.19528000278e-28
-12.6507782101	6.10553067076e-28
-12.6361867704	6.11748069449e-28
-12.6215953307	6.11565382099e-28
-12.6070038911	6.1876380797e-28
-12.5924124514	6.14449466609e-28
-12.5778210117	6.16337812661e-28
-12.563229572	6.06812374436e-28
-12.5486381323	6.01550802741e-28
-12.5340466926	5.99411654514e-28
-12.5194552529	6.09896427106e-28
-12.5048638132	6.2588265803e-28
-12.4902723735	6.61638993194e-28
-12.4756809339	6.81668003028e-28
-12.4610894942	7.01266438544e-28
-12.4464980545	7.02630333036e-28
-12.4319066148	7.01965082345e-28
-12.4173151751	6.93856018911e-28
-12.4027237354	6.88603546306e-28
-12.3881322957	6.75334744589e-28
-12.373540856	6.74746439829e-28
-12.3589494163	6.65972258931e-28
-12.3443579767	6.60364081579e-28
-12.329766537	6.42095311933e-28
-12.3151750973	6.3297909304e-28
-12.3005836576	6.17395259065e-28
-12.2859922179	6.17065509168e-28
-12.2714007782	6.15637241053e-28
-12.2568093385	6.34242152478e-28
-12.2422178988	6.35205278092e-28
-12.2276264591	6.44137988159e-28
-12.2130350195	6.35438921736e-28
-12.1984435798	6.33011769939e-28
-12.1838521401	6.23485985169e-28
-12.1692607004	6.1876971033e-28
-12.1546692607	6.14699169741e-28
-12.140077821	6.31047160951e-28
-12.1254863813	6.2486501346e-28
-12.1108949416	6.18306883e-28
-12.0963035019	5.99842590712e-28
-12.0817120623	5.89385591275e-28
-12.0671206226	5.7839035759e-28
-12.0525291829	5.81511658686e-28
-12.0379377432	5.79784225291e-28
-12.0233463035	5.98893190339e-28
-12.0087548638	5.97986436148e-28
-11.9941634241	6.02909606263e-28
-11.9795719844	5.97469138806e-28
-11.9649805447	6.0024737937e-28
-11.9503891051	5.97661937613e-28
-11.9357976654	6.0958803037e-28
-11.9212062257	6.29106748844e-28
-11.906614786	6.7721932018e-28
-11.8920233463	6.94538611985e-28
-11.8774319066	7.0695655865e-28
-11.8628404669	6.92403676794e-28
-11.8482490272	6.79774004852e-28
-11.8336575875	6.61228832246e-28
-11.8190661479	6.52697752078e-28
-11.8044747082	6.36866088816e-28
-11.7898832685	6.38721747141e-28
-11.7752918288	6.18428277103e-28
-11.7607003891	5.98617767723e-28
-11.7461089494	5.69694637436e-28
-11.7315175097	5.51744048946e-28
-11.71692607	5.31271634638e-28
-11.7023346304	5.24469681727e-28
-11.6877431907	5.10443238439e-28
-11.673151751	5.19730357744e-28
-11.6585603113	5.14631828593e-28
-11.6439688716	5.08938532293e-28
-11.6293774319	4.92850523921e-28
-11.6147859922	4.82054218315e-28
-11.6001945525	4.6931157949e-28
-11.5856031128	4.79044321022e-28
-11.5710116732	4.94174842124e-28
-11.5564202335	5.34579050553e-28
-11.5418287938	5.45389985089e-28
-11.5272373541	5.61869213343e-28
-11.5126459144	5.65702308616e-28
-11.4980544747	5.71245760954e-28
-11.483463035	5.81242719086e-28
-11.4688715953	6.03040406258e-28
-11.4542801556	6.28204341146e-28
-11.439688716	6.8458133767e-28
-11.4250972763	7.29446510596e-28
-11.4105058366	7.95780525832e-28
-11.3959143969	8.7632612793e-28
-11.3813229572	1.00149487688e-27
-11.3667315175	1.17936368965e-27
-11.3521400778	1.43781235387e-27
-11.3375486381	1.7731956991e-27
-11.3229571984	2.24118579085e-27
-11.3083657588	2.86946044294e-27
-11.2937743191	3.76825910422e-27
-11.2791828794	4.96061841833e-27
-11.2645914397	6.73801682039e-27
-11.25	8.40485097162e-27
-11.2354085603	6.76240616915e-27
-11.2208171206	4.98754926028e-27
-11.2062256809	3.79980025997e-27
-11.1916342412	2.8747168986e-27
-11.1770428016	2.19957097533e-27
-11.1624513619	1.68428118396e-27
-11.1478599222	1.29689036966e-27
-11.1332684825	9.99481381648e-28
-11.1186770428	7.74093863089e-28
-11.1040856031	6.04962690693e-28
-11.0894941634	4.72559037577e-28
-11.0749027237	3.8275746882e-28
-11.060311284	3.20195626077e-28
-11.0457198444	2.76608356198e-28
-11.0311284047	2.46135910745e-28
-11.016536965	2.2934452801e-28
-11.0019455253	2.1329038484e-28
-10.9873540856	2.04176267132e-28
-10.9727626459	1.83916811176e-28
-10.9581712062	1.78458817947e-28
-10.9435797665	1.79248909351e-28
-10.9289883268	1.86952328752e-28
-10.9143968872	1.91104170916e-28
-10.8998054475	2.00546758006e-28
-10.8852140078	2.05828714439e-28
-10.8706225681	2.08782769856e-28
-10.8560311284	1.97347536392e-28
-10.8414396887	2.01092479833e-28
-10.826848249	2.04739282983e-28
-10.8122568093	2.16927163393e-28
-10.7976653696	2.24248069809e-28
-10.78307393	2.33043712095e-28
-10.7684824903	2.33647334692e-28
-10.7538910506	2.34703738814e-28
-10.7392996109	2.22427754129e-28
-10.7247081712	2.26932812707e-28
-10.7101167315	2.32478331318e-28
-10.6955252918	2.46509372762e-28
-10.6809338521	2.56839306206e-28
-10.6663424125	2.69245612495e-28
-10.6517509728	2.7091436476e-28
-10.6371595331	2.74601898941e-28
-10.6225680934	2.64808050089e-28
-10.6079766537	2.67560262185e-28
-10.593385214	2.70013667369e-28
-10.5787937743	2.79303778036e-28
-10.5642023346	2.83854902863e-28
-10.5496108949	2.93946689607e-28
-10.5350194553	2.95328197773e-28
-10.5204280156	2.94249977446e-28
-10.5058365759	2.78810158379e-28
-10.4912451362	2.80259914974e-28
-10.4766536965	2.81104018213e-28
-10.4620622568	2.91423391092e-28
-10.4474708171	2.95155737953e-28
-10.4328793774	3.01426723037e-28
-10.4182879377	2.98164957695e-28
-10.4036964981	2.95167495922e-28
-10.3891050584	2.75191259588e-28
-10.3745136187	2.7247378143e-28
-10.359922179	2.72146889585e-28
-10.3453307393	2.79484361876e-28
-10.3307392996	2.82786169162e-28
-10.3161478599	2.89476852172e-28
-10.3015564202	2.87640870582e-28
-10.2869649805	2.84155655067e-28
-10.2723735409	2.67838547657e-28
-10.2577821012	2.63559646922e-28
-10.2431906615	2.60530627194e-28
-10.2285992218	2.65962769548e-28
-10.2140077821	2.65259182634e-28
-10.1994163424	2.69183992469e-28
-10.1848249027	2.644579068e-28
-10.170233463	2.55573278772e-28
-10.1556420233	2.37539093389e-28
-10.1410505837	2.31438096502e-28
-10.126459144	2.25188719261e-28
-10.1118677043	2.27811043386e-28
-10.0972762646	2.25784092936e-28
-10.0826848249	2.24713071409e-28
-10.0680933852	2.18129307767e-28
-10.0535019455	2.11304233672e-28
-10.0389105058	1.94014574596e-28
-10.0243190661	1.8830862435e-28
-10.0097276265	1.82742329567e-28
-9.99513618677	1.83893027285e-28
-9.98054474708	1.82828752221e-28
-9.96595330739	1.84181056107e-28
-9.9513618677	1.8016976176e-28
-9.93677042802	1.78153710108e-28
-9.92217898833	1.71495421536e-28
-9.90758754864	1.6997768152e-28
-9.89299610895	1.69752812291e-28
-9.87840466926	1.70302987644e-28
-9.86381322957	1.67649337328e-28
-9.84922178988	1.68718159711e-28
-9.83463035019	1.67198095832e-28
-9.82003891051	1.67489503102e-28
-9.80544747082	1.68248056538e-28
-9.79085603113	1.72508317596e-28
-9.77626459144	1.7834854918e-28
-9.76167315175	1.87359656983e-28
-9.74708171206	1.92975347391e-28
-9.73249027237	1.99444239846e-28
-9.71789883268	2.08807550072e-28
-9.703307393	2.19489068657e-28
-9.68871595331	2.36786800979e-28
-9.67412451362	2.52230330263e-28
-9.65953307393	2.63938823462e-28
-9.64494163424	2.74580471646e-28
-9.63035019455	2.8381415529e-28
-9.61575875486	2.91775772453e-28
-9.60116731517	3.01298880759e-28
-9.58657587549	3.14539698285e-28
-9.5719844358	3.3792856675e-28
-9.55739299611	3.51016091383e-28
-9.54280155642	3.57701799181e-28
-9.52821011673	3.59460320257e-28
-9.51361867704	3.61736866879e-28
-9.49902723735	3.63034054809e-28
-9.48443579767	3.66897381548e-28
-9.46984435798	3.72773013194e-28
-9.45525291829	3.93507542293e-28
-9.4406614786	4.02213243892e-28
-9.42607003891	4.07866598387e-28
-9.41147859922	4.14852185635e-28
-9.39688715953	4.21529042718e-28
-9.38229571984	4.29412198309e-28
-9.36770428016	4.47555377034e-28
-9.35311284047	4.72227573207e-28
-9.33852140078	5.2052170267e-28
-9.32392996109	5.57749636361e-28
-9.3093385214	5.89127236638e-28
-9.29474708171	6.14270637415e-28
-9.28015564202	6.42664515981e-28
-9.26556420233	6.72162075869e-28
-9.25097276265	7.14294544067e-28
-9.23638132296	7.69845401233e-28
-9.22178988327	8.51536046201e-28
-9.20719844358	9.16256506418e-28
-9.19260700389	9.79116279058e-28
-9.1780155642	1.04428999865e-27
-9.16342412451	1.12157894847e-27
-9.14883268482	1.21228114694e-27
-9.13424124514	1.32967148884e-27
-9.11964980545	1.47608730235e-27
-9.10505836576	1.68509547866e-27
-9.09046692607	1.89455859545e-27
-9.07587548638	2.1211881156e-27
-9.06128404669	2.36809770161e-27
-9.046692607	2.6553997398e-27
-9.03210116731	2.99848280428e-27
-9.01750972763	3.4190296353e-27
-9.00291828794	3.92076685068e-27
-8.98832684825	4.5676676425e-27
-8.97373540856	5.26291656945e-27
-8.95914396887	6.05845713604e-27
-8.94455252918	6.9842429041e-27
-8.92996108949	8.08339221955e-27
-8.91536964981	9.40338237946e-27
-8.90077821012	1.10340689206e-26
-8.88618677043	1.30465900189e-26
-8.87159533074	1.55800741026e-26
-8.85700389105	1.85374173711e-26
-8.84241245136	2.21246602673e-26
-8.82782101167	2.64911999282e-26
-8.81322957198	3.18576877273e-26
-8.7986381323	3.84583634185e-26
-8.78404669261	4.67104796592e-26
-8.76945525292	5.69797721515e-26
-8.75486381323	6.98903656027e-26
-8.74027237354	8.56291369926e-26
-8.72568093385	1.05059114644e-25
-8.71108949416	1.29083756872e-25
-8.69649805447	1.59016231491e-25
-8.68190661479	1.96257887187e-25
-8.6673151751	2.42950632707e-25
-8.65272373541	3.01188139427e-25
-8.63813229572	3.74234804383e-25
-8.62354085603	4.65125413363e-25
-8.60894941634	5.78889149763e-25
-8.59435797665	7.2087608865e-25
-8.57976653696	8.98787885645e-25
-8.56517509728	1.12182817197e-24
-8.55058365759	1.4014980661e-24
-8.5359922179	1.75165931825e-24
-8.52140077821	2.19164072067e-24
-8.50680933852	2.74068605218e-24
-8.49221789883	3.4272088968e-24
-8.47762645914	4.28562950137e-24
-8.46303501945	5.35923888256e-24
-8.44844357977	6.70188290407e-24
-8.43385214008	8.38198950359e-24
-8.41926070039	1.04823265808e-23
-8.4046692607	1.31096161629e-23
-8.39007782101	1.63910768613e-23
-8.37548638132	2.04911063209e-23
-8.36089494163	2.56115127167e-23
-8.34630350195	3.2006394467e-23
-8.33171206226	3.9990788581e-23
-8.31712062257	4.99580440681e-23
-8.30252918288	6.23923801581e-23
-8.28793774319	7.79032930357e-23
-8.2733463035	9.72236280181e-23
-8.25875486381	1.21290918713e-22
-8.24416342412	1.51255176076e-22
-8.22957198444	1.88553898886e-22
-8.21498054475	2.34962746706e-22
-8.20038910506	2.92686592766e-22
-8.18579766537	3.64447929293e-22
-8.17120622568	4.5363493605e-22
-8.15661478599	5.6439779486e-22
-8.1420233463	7.0191166115e-22
-8.12743190661	8.72552563491e-22
-8.11284046693	1.08421755639e-21
-8.09824902724	1.34665475274e-21
-8.08365758755	1.6719270166e-21
-8.06906614786	2.07485383107e-21
-8.05447470817	2.57378109449e-21
-8.03988326848	3.19119150433e-21
-8.02529182879	3.95490239871e-21
-8.0107003891	4.89911758523e-21
-7.99610894942	6.06603307789e-21
-7.98151750973	7.50751650741e-21
-7.96692607004	9.28737532086e-21
-7.95233463035	1.14839545832e-20
-7.93774319066	1.41935853427e-20
-7.92315175097	1.75342936747e-20
-7.90856031128	2.1651271579e-20
-7.89396887159	2.67224633991e-20
-7.87937743191	3.29662498035e-20
-7.86478599222	4.06501279942e-20
-7.85019455253	5.0101959868e-20
-7.83560311284	6.17230339789e-20
-7.82101167315	7.60045082286e-20
-7.80642023346	9.35467349276e-20
-7.79182879377	1.15084212057e-19
-7.77723735409	1.41514621865e-19
-7.7626459144	1.73934203079e-19
-7.74805447471	2.13681226559e-19
-7.73346303502	2.62389449119e-19
-7.71887159533	3.22050469918e-19
-7.70428015564	3.95093148096e-19
-7.68968871595	4.8447500595e-19
-7.67509727626	5.93799382629e-19
-7.66050583658	7.27452449955e-19
-7.64591439689	8.90771640777e-19
-7.6313229572	1.09024709653e-18
-7.61673151751	1.33376768498e-18
-7.60214007782	1.6309171726e-18
-7.58754863813	1.99333412604e-18
-7.57295719844	2.43514211589e-18
-7.55836575875	2.9734770992e-18
-7.54377431907	3.62911623482e-18
-7.52918287938	4.42723830852e-18
-7.51459143969	5.39835040837e-18
-7.5	6.57936090616e-18
-7.48540856031	8.01486398409e-18
-7.47081712062	9.75898279334e-18
-7.45622568093	1.18770796959e-17
-7.44163424124	1.44481098334e-17
-7.42704280156	1.7567438194e-17
-7.41245136187	2.13501826568e-17
-7.39785992218	2.59352441735e-17
-7.38326848249	3.14901328042e-17
-7.3686770428	3.82167582435e-17
-7.35408560311	4.63583827207e-17
-7.33949416342	5.62079222399e-17
-7.32490272373	6.81179439179e-17
-7.31031128405	8.25125709913e-17
-7.29571984436	9.99017759279e-17
-7.28112840467	1.20898428651e-16
-7.26653696498	1.46238716425e-16
-7.25194552529	1.76806493583e-16
-7.2373540856	2.13662397144e-16
-7.22276264591	2.58078514354e-16
-7.20817120623	3.11579868426e-16
-7.19357976654	3.75993735298e-16
-7.17898832685	4.53508487453e-16
-7.16439688716	5.4674361716e-16
-7.14980544747	6.58833110302e-16
-7.13521400778	7.9352459991e-16
-7.12062256809	9.55297330186e-16
-7.1060311284	1.14950218243e-15
-7.09143968872	1.38252821788e-15
-7.07684824903	1.66200020364e-15
-7.06225680934	1.99701306189e-15
-7.04766536965	2.39840981888e-15
-7.03307392996	2.87911117895e-15
-7.01848249027	3.45450575139e-15
-7.00389105058	4.14291234893e-15
-6.98929961089	4.96612659946e-15
-6.97470817121	5.95006815762e-15
-6.96011673152	7.12554513689e-15
-6.94552529183	8.52915769279e-15
-6.93093385214	1.02043647662e-14
-6.91634241245	1.22027433248e-14
-6.90175097276	1.45854735258e-14
-6.88715953307	1.74250902023e-14
-6.87256809338	2.08075456999e-14
-6.8579766537	2.48346410644e-14
-6.84338521401	2.96268861366e-14
-6.82879377432	3.53268654192e-14
-6.81420233463	4.21031951056e-14
-6.79961089494	5.01551740979e-14
-6.78501945525	5.97182462549e-14
-6.77042801556	7.10704136641e-14
-6.75583657588	8.4539759906e-14
-6.74124513619	1.00513274961e-13
-6.7266536965	1.19447195837e-13
-6.71206225681	1.41879121639e-13
-6.69747081712	1.68442195657e-13
-6.68287937743	1.99881702321e-13
-6.66828793774	2.37074475915e-13
-6.65369649805	2.81051588236e-13
-6.63910505837	3.33024849421e-13
-6.62451361868	3.94417756678e-13
-6.60992217899	4.66901602647e-13
-6.5953307393	5.52437594103e-13
-6.58073929961	6.53325944459e-13
-6.56614785992	7.72263071284e-13
-6.55155642023	9.124081934e-13
-6.53696498054	1.07746083565e-12
-6.52237354086	1.27175096808e-12
-6.50778210117	1.50034379889e-12
-6.49319066148	1.76916151376e-12
-6.47859922179	2.08512464179e-12
-6.4640077821	2.45631610485e-12
-6.44941634241	2.89217150384e-12
-6.43482490272	3.40369968834e-12
-6.42023346303	4.00373831673e-12
-6.40564202335	4.70724975312e-12
-6.39105058366	5.53166352614e-12
-6.37645914397	6.49727239718e-12
-6.36186770428	7.62769021655e-12
-6.34727626459	8.95038086869e-12
-6.3326848249	1.04972690426e-11
-6.31809338521	1.23054450387e-11
-6.30350194552	1.44179776685e-11
-6.28891050584	1.68848512345e-11
-6.27431906615	1.97640450006e-11
-6.25972762646	2.3122776012e-11
-6.24513618677	2.70389292341e-11
-6.23054474708	3.16027022399e-11
-6.21595330739	3.69184956023e-11
-6.2013618677	4.31070843824e-11
-6.18677042802	5.03081111251e-11
-6.17217898833	5.86829461997e-11
-6.15758754864	6.84179678991e-11
-6.14299610895	7.97283214576e-11
-6.12840466926	9.28622245823e-11
-6.11381322957	1.08105895955e-10
-6.09922178988	1.25789193607e-10
-6.08463035019	1.46292061511e-10
-6.07003891051	1.70051896039e-10
-6.05544747082	1.9757195831e-10
-6.04085603113	2.29430975575e-10
-6.02626459144	2.66294092789e-10
-6.01167315175	3.08925357098e-10
-5.99708171206	3.58201941019e-10
-5.98249027237	4.15130337005e-10
-5.96789883268	4.80864785277e-10
-5.953307393	5.56728230417e-10
-5.93871595331	6.44236139084e-10
-5.92412451362	7.45123553487e-10
-5.90953307393	8.61375800819e-10
-5.89494163424	9.95263332069e-10
-5.88035019455	1.14938122065e-09
-5.86575875486	1.32669391718e-09
-5.85116731517	1.53058592803e-09
-5.83657587549	1.76491916668e-09
-5.8219844358	2.03409781555e-09
-5.80739299611	2.34314163725e-09
-5.79280155642	2.69776878283e-09
-5.77821011673	3.10448926965e-09
-5.76361867704	3.57071043657e-09
-5.74902723735	4.10485583653e-09
-5.73443579766	4.71649919315e-09
-5.71984435798	5.41651523493e-09
-5.70525291829	6.21724942342e-09
-5.6906614786	7.13270882212e-09
-5.67607003891	8.17877659863e-09
-5.66147859922	9.37345293239e-09
-5.64688715953	1.07371254019e-08
-5.63229571984	1.22928722623e-08
-5.61770428016	1.4066802391e-08
-5.60311284047	1.60884360843e-08
-5.58852140078	1.8391131333e-08
-5.57392996109	2.10125606942e-08
-5.5593385214	2.39952444059e-08
-5.54474708171	2.73871459844e-08
-5.53015564202	3.12423371759e-08
-5.51556420233	3.56217398421e-08
-5.50097276265	4.05939531168e-08
-5.48638132296	4.62361750088e-08
-5.47178988327	5.26352285274e-08
-5.45719844358	5.98887034093e-08
-5.44260700389	6.81062255793e-08
-5.4280155642	7.7410867663e-08
-5.41342412451	8.79407151259e-08
-5.39883268482	9.98506039885e-08
-5.38424124514	1.13314047551e-07
-5.36964980545	1.28525371172e-07
-5.35505836576	1.45702075864e-07
-5.34046692607	1.65087453378e-07
-5.32587548638	1.86953477406e-07
-5.31128404669	2.11603997763e-07
-5.296692607	2.3937826669e-07
-5.28210116731	2.7065482896e-07
-5.26750972763	3.05855810121e-07
-5.25291828794	3.454516401e-07
-5.23832684825	3.89966252455e-07
-5.22373540856	4.39982802835e-07
-5.20914396887	4.96149953692e-07
-5.19455252918	5.59188776021e-07
-5.17996108949	6.29900322817e-07
-5.1653696498	7.09173933169e-07
-5.15077821012	7.97996330277e-07
-5.13618677043	8.97461581432e-07
-5.12159533074	1.00878199286e-06
-5.10700389105	1.13330001763e-06
-5.09241245136	1.27250126014e-06
-5.07782101167	1.42802866663e-06
-5.06322957198	1.60169799693e-06
-5.0486381323	1.79551467916e-06
-5.03404669261	2.01169215532e-06
-5.01945525292	2.25267183281e-06
-5.00486381323	2.52114476362e-06
-4.99027237354	2.82007518033e-06
-4.97568093385	3.15272602558e-06
-4.96108949416	3.52268661896e-06
-4.94649805447	3.93390261361e-06
-4.93190661479	4.39070840223e-06
-4.9173151751	4.89786214068e-06
-4.90272373541	5.4605835651e-06
-4.88813229572	6.084594787e-06
-4.87354085603	6.77616425852e-06
-4.85894941634	7.54215410837e-06
-4.84435797665	8.39007105665e-06
-4.82976653696	9.32812112453e-06
-4.81517509728	1.03652683621e-05
-4.80058365759	1.15112978247e-05
-4.7859922179	1.27768830345e-05
-4.77140077821	1.41736581699e-05
-4.75680933852	1.57142952311e-05
-4.74221789883	1.74125864341e-05
-4.72762645914	1.92835320886e-05
-4.71303501945	2.13434342183e-05
-4.69844357977	2.36099961837e-05
-4.68385214008	2.61024285658e-05
-4.66926070039	2.88415615676e-05
-4.6546692607	3.18499641901e-05
-4.64007782101	3.51520704274e-05
-4.62548638132	3.87743127254e-05
-4.61089494163	4.27452629336e-05
-4.59630350194	4.70957809693e-05
-4.58171206226	5.18591713986e-05
-4.56712062257	5.70713481191e-05
-4.55252918288	6.27710073108e-05
-4.53793774319	6.89998087944e-05
-4.5233463035	7.58025659103e-05
-4.50875486381	8.32274439984e-05
-4.49416342412	9.13261675244e-05
-4.47957198444	0.000100154235858
-4.46498054475	0.00010977114766
-4.45038910506	0.0001202406338
-4.43579766537	0.000131630898651
-4.42120622568	0.000144014869568
-4.40661478599	0.00015747045429
-4.3920233463	0.00017208080593
-4.37743190661	0.000187934595148
-4.36284046693	0.000205126289029
-4.34824902724	0.0002237564361
-4.33365758755	0.000243931956831
-4.31906614786	0.000265766438873
-4.30447470817	0.000289380436193
-4.28988326848	0.000314901771164
-4.27529182879	0.000342465838551
-4.2607003891	0.000372215910246
-4.24610894942	0.000404303439479
-4.23151750973	0.000438888363113
-4.21692607004	0.000476139400541
-4.20233463035	0.000516234347547
-4.18774319066	0.000559360363425
-4.17315175097	0.000605714249479
-4.15856031128	0.000655502716969
-4.14396887159	0.000708942642408
-4.12937743191	0.000766261308038
-4.11478599222	0.000827696625214
-4.10019455253	0.000893497338299
-4.08560311284	0.000963923206619
-4.07101167315	0.00103924516195
-4.05642023346	0.0011197454389
-4.04182879377	0.00120571767558
-4.02723735408	0.00129746698181
-4.0126459144	0.00139530997221
-3.99805447471	0.00149957476138
-3.98346303502	0.00161060091858
-3.96887159533	0.00172873937905
-3.95428015564	0.00185435230969
-3.93968871595	0.00198781292614
-3.92509727626	0.00212950525925
-3.91050583658	0.00227982386848
-3.89591439689	0.00243917349999
-3.8813229572	0.00260796868784
-3.86673151751	0.00278663329619
-3.85214007782	0.00297560000133
-3.83754863813	0.00317530971226
-3.82295719844	0.00338621092888
-3.80836575875	0.00360875903735
-3.79377431907	0.00384341554228
-3.77918287938	0.00409064723618
-3.76459143969	0.00435092530641
-3.75	0.00462472438109
-3.73540856031	0.00491252151496
-3.72081712062	0.00521479511756
-3.70622568093	0.0055320238258
-3.69163424124	0.00586468532392
-3.67704280156	0.0062132551143
-3.66245136187	0.0065782052427
-3.64785992218	0.0069600029825
-3.63326848249	0.00735910948263
-3.6186770428	0.00777597838437
-3.60408560311	0.00821105441274
-3.58949416342	0.00866477194854
-3.57490272373	0.00913755358756
-3.56031128405	0.00962980869352
-3.54571984436	0.0101419319521
-3.53112840467	0.0106743019331
-3.51653696498	0.0112272796688
-3.50194552529	0.0118012072549
-3.4873540856	0.012396406484
-3.47276264591	0.0130131775171
-3.45817120623	0.0136517976019
-3.44357976654	0.0143125198465
-3.42898832685	0.0149955720539
-3.41439688716	0.0157011556262
-3.39980544747	0.0164294445454
-3.38521400778	0.0171805844359
-3.37062256809	0.0179546917168
-3.3560311284	0.0187518528485
-3.34143968872	0.0195721236792
-3.32684824903	0.0204155288957
-3.31225680934	0.0212820615825
-3.29766536965	0.0221716828924
-3.28307392996	0.0230843218316
-3.26848249027	0.0240198751604
-3.25389105058	0.0249782074111
-3.23929961089	0.0259591510234
-3.22470817121	0.0269625065965
-3.21011673152	0.0279880432575
-3.19552529183	0.0290354991429
-3.18093385214	0.0301045819915
-3.16634241245	0.0311949698451
-3.15175097276	0.0323063118528
-3.13715953307	0.0334382291741
-3.12256809338	0.0345903159754
-3.1079766537	0.0357621405145
-3.09338521401	0.0369532463071
-3.07879377432	0.0381631533662
-3.06420233463	0.0393913595113
-3.04961089494	0.0406373417355
-3.03501945525	0.041900557627
-3.02042801556	0.0431804468331
-3.00583657587	0.0444764325628
-2.99124513619	0.0457879231167
-2.9766536965	0.0471143134378
-2.96206225681	0.0484549866753
-2.94747081712	0.0498093157535
-2.93287937743	0.0511766649377
-2.91828793774	0.0525563913906
-2.90369649805	0.0539478467118
-2.88910505837	0.0553503784541
-2.87451361868	0.0567633316096
-2.85992217899	0.0581860500603
-2.8453307393	0.0596178779879
-2.83073929961	0.0610581612375
-2.81614785992	0.0625062486302
-2.80155642023	0.0639614932223
-2.78696498054	0.0654232535051
-2.77237354086	0.0668908945446
-2.75778210117	0.0683637890572
-2.74319066148	0.0698413184197
-2.72859922179	0.071322873612
-2.7140077821	0.0728078560919
-2.69941634241	0.0742956785999
-2.68482490272	0.0757857658958
-2.67023346303	0.0772775554255
-2.65564202335	0.0787704979192
-2.64105058366	0.0802640579224
-2.62645914397	0.0817577142595
-2.61186770428	0.0832509604334
-2.59727626459	0.0847433049609
-2.5826848249	0.086234271647
-2.56809338521	0.087723399801
-2.55350194552	0.0892102443943
-2.53891050584	0.0906943761657
-2.52431906615	0.092175381674
-2.50972762646	0.0936528633021
-2.49513618677	0.0951264392159
-2.48054474708	0.096595743279
-2.46595330739	0.0980604249283
-2.4513618677	0.0995201490117
-2.43677042801	0.100974595592
-2.42217898833	0.102423459719
-2.40758754864	0.103866451173
-2.39299610895	0.105303294183
-2.37840466926	0.106733727122
-2.36381322957	0.108157502182
-2.34922178988	0.109574385026
-2.33463035019	0.110984154436
-2.32003891051	0.112386601935
-2.30544747082	0.113781531408
-2.29085603113	0.115168758709
-2.27626459144	0.116548111261
-2.26167315175	0.117919427655
-2.24708171206	0.119282557242
-2.23249027237	0.120637359726
-2.21789883268	0.121983704756
-2.203307393	0.123321471517
-2.18871595331	0.124650548331
-2.17412451362	0.125970832254
-2.15953307393	0.127282228681
-2.14494163424	0.128584650958
-2.13035019455	0.129878020001
-2.11575875486	0.131162263918
-2.10116731517	0.132437317649
-2.08657587549	0.1337031226
-2.0719844358	0.134959626303
-2.05739299611	0.136206782073
-2.04280155642	0.137444548681
-2.02821011673	0.138672890036
-2.01361867704	0.139891774879
-1.99902723735	0.141101176485
-1.98443579766	0.142301072377
-1.96984435798	0.143491444052
-1.95525291829	0.14467227672
-1.9406614786	0.145843559045
-1.92607003891	0.147005282908
-1.91147859922	0.148157443171
-1.89688715953	0.149300037463
-1.88229571984	0.15043306596
-1.86770428015	0.151556531193
-1.85311284047	0.152670437851
-1.83852140078	0.153774792606
-1.82392996109	0.154869603936
-1.8093385214	0.155954881966
-1.79474708171	0.157030638315
-1.78015564202	0.15809688595
-1.76556420233	0.159153639049
-1.75097276265	0.160200912876
-1.73638132296	0.161238723658
-1.72178988327	0.162267088471
-1.70719844358	0.163286025137
-1.69260700389	0.164295552123
-1.6780155642	0.165295688451
-1.66342412451	0.166286453606
-1.64883268482	0.167267867466
-1.63424124514	0.168239950216
-1.61964980545	0.169202722289
-1.60505836576	0.170156204295
-1.59046692607	0.171100416967
-1.57587548638	0.172035381104
-1.56128404669	0.172961117521
-1.546692607	0.173877647008
-1.53210116731	0.17478499028
-1.51750972763	0.175683167948
-1.50291828794	0.176572200476
-1.48832684825	0.177452108157
-1.47373540856	0.17832291108
-1.45914396887	0.179184629107
-1.44455252918	0.180037281851
-1.42996108949	0.180880888653
-1.4153696498	0.181715468567
-1.40077821012	0.182541040343
-1.38618677043	0.183357622415
-1.37159533074	0.184165232888
-1.35700389105	0.18496388953
-1.34241245136	0.18575360976
-1.32782101167	0.186534410648
-1.31322957198	0.187306308903
-1.29863813229	0.188069320872
-1.28404669261	0.188823462538
-1.26945525292	0.189568749517
-1.25486381323	0.190305197059
-1.24027237354	0.191032820045
-1.22568093385	0.191751632989
-1.21108949416	0.192461650045
-1.19649805447	0.193162885
-1.18190661479	0.193855351285
-1.1673151751	0.194539061975
-1.15272373541	0.195214029793
-1.13813229572	0.195880267116
-1.12354085603	0.196537785979
-1.10894941634	0.197186598078
-1.09435797665	0.19782671478
-1.07976653696	0.198458147126
-1.06517509728	0.199080905836
-1.05058365759	0.199695001317
-1.0359922179	0.200300443668
-1.02140077821	0.200897242687
-1.00680933852	0.201485407877
-0.992217898832	0.202064948452
-0.977626459143	0.202635873346
-0.963035019454	0.203198191217
-0.948443579766	0.203751910452
-0.933852140077	0.204297039179
-0.919260700388	0.204833585268
-0.9046692607	0.20536155634
-0.890077821011	0.205880959774
-0.875486381322	0.206391802709
-0.860894941633	0.206894092058
-0.846303501945	0.207387834506
-0.831712062256	0.207873036522
-0.817120622567	0.20834970436
-0.802529182879	0.208817844068
-0.78793774319	0.209277461495
-0.773346303501	0.209728562293
-0.758754863812	0.210171151922
-0.744163424124	0.210605235661
-0.729571984435	0.211030818608
-0.714980544746	0.211447905685
-0.700389105058	0.211856501645
-0.685797665369	0.21225661108
-0.67120622568	0.212648238416
-0.656614785991	0.213031387927
-0.642023346303	0.213406063736
-0.627431906614	0.213772269818
-0.612840466925	0.214130010006
-0.598249027237	0.214479287994
-0.583657587548	0.21482010734
-0.569066147859	0.215152471473
-0.55447470817	0.215476383694
-0.539883268482	0.215791847179
-0.525291828793	0.216098864983
-0.510700389104	0.216397440047
-0.496108949416	0.216687575194
-0.481517509727	0.216969273138
-0.466926070038	0.217242536484
-0.452334630349	0.217507367732
-0.437743190661	0.217763769279
-0.423151750972	0.218011743422
-0.408560311283	0.21825129236
-0.393968871594	0.218482418198
-0.379377431906	0.218705122944
-0.364785992217	0.218919408521
-0.350194552528	0.219125276759
-0.33560311284	0.219322729401
-0.321011673151	0.219511768109
-0.306420233462	0.219692394457
-0.291828793773	0.21986460994
-0.277237354085	0.220028415973
-0.262645914396	0.220183813893
-0.248054474707	0.220330804959
-0.233463035019	0.220469390356
-0.21887159533	0.220599571192
-0.204280155641	0.220721348505
-0.189688715952	0.220834723259
-0.175097276264	0.220939696348
-0.160505836575	0.221036268596
-0.145914396886	0.221124440758
-0.131322957198	0.221204213519
-0.116731517509	0.221275587499
-0.10214007782	0.221338563249
-0.0875486381314	0.221393141255
-0.0729571984427	0.221439321937
-0.058365758754	0.22147710565
-0.0437743190653	0.221506492682
-0.0291828793766	0.221527483259
-0.0145914396879	0.221540077541
8.5975671027e-13	0.221544275624
0.0145914396896	0.221540077541
0.0291828793783	0.221527483259
0.043774319067	0.221506492682
0.0583657587557	0.22147710565
0.0729571984444	0.221439321937
0.0875486381332	0.221393141255
0.102140077822	0.221338563249
0.116731517511	0.221275587499
0.131322957199	0.221204213519
0.145914396888	0.221124440758
0.160505836577	0.221036268596
0.175097276265	0.220939696348
0.189688715954	0.220834723259
0.204280155643	0.220721348505
0.218871595332	0.220599571192
0.23346303502	0.220469390356
0.248054474709	0.220330804959
0.262645914398	0.220183813893
0.277237354086	0.220028415973
0.291828793775	0.21986460994
0.306420233464	0.219692394457
0.321011673153	0.219511768109
0.335603112841	0.219322729401
0.35019455253	0.219125276759
0.364785992219	0.218919408521
0.379377431907	0.218705122944
0.393968871596	0.218482418198
0.408560311285	0.21825129236
0.423151750974	0.218011743422
0.437743190662	0.217763769279
0.452334630351	0.217507367732
0.46692607004	0.217242536484
0.481517509729	0.216969273138
0.496108949417	0.216687575194
0.510700389106	0.216397440047
0.525291828795	0.216098864983
0.539883268483	0.215791847179
0.554474708172	0.215476383694
0.569066147861	0.215152471473
0.58365758755	0.21482010734
0.598249027238	0.214479287994
0.612840466927	0.214130010006
0.627431906616	0.213772269818
0.642023346304	0.213406063736
0.656614785993	0.213031387927
0.671206225682	0.212648238416
0.685797665371	0.21225661108
0.700389105059	0.211856501645
0.714980544748	0.211447905685
0.729571984437	0.211030818608
0.744163424125	0.210605235661
0.758754863814	0.210171151922
0.773346303503	0.209728562293
0.787937743192	0.209277461495
0.80252918288	0.208817844068
0.817120622569	0.20834970436
0.831712062258	0.207873036522
0.846303501946	0.207387834506
0.860894941635	0.206894092058
0.875486381324	0.206391802709
0.890077821013	0.205880959774
0.904669260701	0.20536155634
0.91926070039	0.204833585268
0.933852140079	0.204297039179
0.948443579767	0.203751910453
0.963035019456	0.203198191217
0.977626459145	0.202635873346
0.992217898834	0.202064948452
1.00680933852	0.201485407877
1.02140077821	0.200897242687
1.0359922179	0.200300443668
1.05058365759	0.199695001317
1.06517509728	0.199080905836
1.07976653697	0.198458147126
1.09435797665	0.197826714781
1.10894941634	0.197186598078
1.12354085603	0.196537785979
1.13813229572	0.195880267116
1.15272373541	0.195214029793
1.1673151751	0.194539061975
1.18190661479	0.193855351285
1.19649805448	0.193162885
1.21108949416	0.192461650045
1.22568093385	0.191751632989
1.24027237354	0.191032820045
1.25486381323	0.190305197059
1.26945525292	0.189568749518
1.28404669261	0.188823462538
1.2986381323	0.188069320872
1.31322957199	0.187306308903
1.32782101167	0.186534410648
1.34241245136	0.185753609761
1.35700389105	0.18496388953
1.37159533074	0.184165232888
1.38618677043	0.183357622415
1.40077821012	0.182541040343
1.41536964981	0.181715468567
1.4299610895	0.180880888653
1.44455252918	0.180037281851
1.45914396887	0.179184629107
1.47373540856	0.17832291108
1.48832684825	0.177452108157
1.50291828794	0.176572200476
1.51750972763	0.175683167948
1.53210116732	0.174784990281
1.546692607	0.173877647008
1.56128404669	0.172961117522
1.57587548638	0.172035381104
1.59046692607	0.171100416967
1.60505836576	0.170156204295
1.61964980545	0.169202722289
1.63424124514	0.168239950216
1.64883268483	0.167267867466
1.66342412451	0.166286453606
1.6780155642	0.165295688451
1.69260700389	0.164295552124
1.70719844358	0.163286025137
1.72178988327	0.162267088471
1.73638132296	0.161238723658
1.75097276265	0.160200912877
1.76556420234	0.159153639049
1.78015564202	0.15809688595
1.79474708171	0.157030638315
1.8093385214	0.155954881966
1.82392996109	0.154869603936
1.83852140078	0.153774792606
1.85311284047	0.152670437851
1.86770428016	0.151556531193
1.88229571985	0.15043306596
1.89688715953	0.149300037463
1.91147859922	0.148157443172
1.92607003891	0.147005282908
1.9406614786	0.145843559045
1.95525291829	0.14467227672
1.96984435798	0.143491444053
1.98443579767	0.142301072377
1.99902723736	0.141101176485
2.01361867704	0.139891774879
2.02821011673	0.138672890036
2.04280155642	0.137444548681
2.05739299611	0.136206782073
2.0719844358	0.134959626303
2.08657587549	0.1337031226
2.10116731518	0.132437317649
2.11575875486	0.131162263919
2.13035019455	0.129878020001
2.14494163424	0.128584650958
2.15953307393	0.127282228681
2.17412451362	0.125970832254
2.18871595331	0.124650548332
2.203307393	0.123321471517
2.21789883269	0.121983704756
2.23249027237	0.120637359727
2.24708171206	0.119282557243
2.26167315175	0.117919427656
2.27626459144	0.116548111262
2.29085603113	0.11516875871
2.30544747082	0.113781531409
2.32003891051	0.112386601935
2.3346303502	0.110984154436
2.34922178988	0.109574385026
2.36381322957	0.108157502182
2.37840466926	0.106733727123
2.39299610895	0.105303294183
2.40758754864	0.103866451173
2.42217898833	0.102423459719
2.43677042802	0.100974595592
2.45136186771	0.0995201490121
2.46595330739	0.0980604249287
2.48054474708	0.0965957432795
2.49513618677	0.0951264392164
2.50972762646	0.0936528633026
2.52431906615	0.0921753816745
2.53891050584	0.0906943761662
2.55350194553	0.0892102443948
2.56809338522	0.0877233998014
2.5826848249	0.0862342716475
2.59727626459	0.0847433049614
2.61186770428	0.0832509604339
2.62645914397	0.08175771426
2.64105058366	0.0802640579229
2.65564202335	0.0787704979197
2.67023346304	0.077277555426
2.68482490272	0.0757857658963
2.69941634241	0.0742956786004
2.7140077821	0.0728078560924
2.72859922179	0.0713228736126
2.74319066148	0.0698413184202
2.75778210117	0.0683637890577
2.77237354086	0.0668908945451
2.78696498055	0.0654232535056
2.80155642023	0.0639614932229
2.81614785992	0.0625062486308
2.83073929961	0.061058161238
2.8453307393	0.0596178779885
2.85992217899	0.0581860500608
2.87451361868	0.0567633316101
2.88910505837	0.0553503784547
2.90369649806	0.0539478467124
2.91828793774	0.0525563913911
2.93287937743	0.0511766649383
2.94747081712	0.0498093157541
2.96206225681	0.0484549866759
2.9766536965	0.0471143134383
2.99124513619	0.0457879231173
3.00583657588	0.0444764325634
3.02042801557	0.0431804468336
3.03501945525	0.0419005576275
3.04961089494	0.0406373417361
3.06420233463	0.0393913595118
3.07879377432	0.0381631533668
3.09338521401	0.0369532463076
3.1079766537	0.0357621405151
3.12256809339	0.0345903159759
3.13715953307	0.0334382291746
3.15175097276	0.0323063118534
3.16634241245	0.0311949698456
3.18093385214	0.030104581992
3.19552529183	0.0290354991434
3.21011673152	0.027988043258
3.22470817121	0.026962506597
3.2392996109	0.0259591510239
3.25389105058	0.0249782074116
3.26848249027	0.0240198751609
3.28307392996	0.0230843218321
3.29766536965	0.0221716828929
3.31225680934	0.0212820615829
3.32684824903	0.0204155288961
3.34143968872	0.0195721236796
3.35603112841	0.0187518528489
3.37062256809	0.0179546917172
3.38521400778	0.0171805844363
3.39980544747	0.0164294445458
3.41439688716	0.0157011556266
3.42898832685	0.0149955720542
3.44357976654	0.0143125198469
3.45817120623	0.0136517976023
3.47276264592	0.0130131775174
3.4873540856	0.0123964064844
3.50194552529	0.0118012072552
3.51653696498	0.0112272796691
3.53112840467	0.0106743019334
3.54571984436	0.0101419319524
3.56031128405	0.00962980869382
3.57490272374	0.00913755358785
3.58949416343	0.00866477194883
3.60408560311	0.00821105441301
3.6186770428	0.00777597838464
3.63326848249	0.00735910948289
3.64785992218	0.00696000298275
3.66245136187	0.00657820524294
3.67704280156	0.00621325511453
3.69163424125	0.00586468532415
3.70622568093	0.00553202382601
3.72081712062	0.00521479511777
3.73540856031	0.00491252151516
3.75	0.00462472438128
3.76459143969	0.0043509253066
3.77918287938	0.00409064723635
3.79377431907	0.00384341554245
3.80836575876	0.00360875903751
3.82295719844	0.00338621092904
3.83754863813	0.00317530971241
3.85214007782	0.00297560000147
3.86673151751	0.00278663329632
3.8813229572	0.00260796868797
3.89591439689	0.00243917350011
3.91050583658	0.00227982386859
3.92509727627	0.00212950525936
3.93968871595	0.00198781292624
3.95428015564	0.00185435230979
3.96887159533	0.00172873937915
3.98346303502	0.00161060091866
3.99805447471	0.00149957476147
4.0126459144	0.00139530997229
4.02723735409	0.00129746698189
4.04182879378	0.00120571767565
4.05642023346	0.00111974543897
4.07101167315	0.00103924516201
4.08560311284	0.00096392320668
4.10019455253	0.000893497338356
4.11478599222	0.000827696625269
4.12937743191	0.000766261308089
4.1439688716	0.000708942642456
4.15856031129	0.000655502717015
4.17315175097	0.000605714249522
4.18774319066	0.000559360363465
4.20233463035	0.000516234347585
4.21692607004	0.000476139400576
4.23151750973	0.000438888363147
4.24610894942	0.00040430343951
4.26070038911	0.000372215910275
4.27529182879	0.000342465838578
4.28988326848	0.00031490177119
4.30447470817	0.000289380436217
4.31906614786	0.000265766438896
4.33365758755	0.000243931956852
4.34824902724	0.00022375643612
4.36284046693	0.000205126289047
4.37743190662	0.000187934595165
4.3920233463	0.000172080805947
4.40661478599	0.000157470454305
4.42120622568	0.000144014869582
4.43579766537	0.000131630898664
4.45038910506	0.000120240633812
4.46498054475	0.000109771147671
4.47957198444	0.000100154235868
4.49416342413	9.13261675341e-05
4.50875486381	8.32274440074e-05
4.5233463035	7.58025659186e-05
4.53793774319	6.89998088021e-05
4.55252918288	6.27710073179e-05
4.56712062257	5.70713481257e-05
4.58171206226	5.18591714047e-05
4.59630350195	4.7095780975e-05
4.61089494164	4.27452629388e-05
4.62548638132	3.87743127302e-05
4.64007782101	3.51520704319e-05
4.6546692607	3.18499641942e-05
4.66926070039	2.88415615714e-05
4.68385214008	2.61024285692e-05
4.69844357977	2.3609996187e-05
4.71303501946	2.13434342212e-05
4.72762645915	1.92835320913e-05
4.74221789883	1.74125864366e-05
4.75680933852	1.57142952334e-05
4.77140077821	1.4173658172e-05
4.7859922179	1.27768830364e-05
4.80058365759	1.15112978265e-05
4.81517509728	1.03652683637e-05
4.82976653697	9.328121126e-06
4.84435797665	8.390071058e-06
4.85894941634	7.54215410961e-06
4.87354085603	6.77616425965e-06
4.88813229572	6.08459478803e-06
4.90272373541	5.46058356604e-06
4.9173151751	4.89786214154e-06
4.93190661479	4.39070840302e-06
4.94649805448	3.93390261432e-06
4.96108949416	3.52268661961e-06
4.97568093385	3.15272602618e-06
4.99027237354	2.82007518088e-06
5.00486381323	2.52114476411e-06
5.01945525292	2.25267183326e-06
5.03404669261	2.01169215573e-06
5.0486381323	1.79551467954e-06
5.06322957199	1.60169799728e-06
5.07782101167	1.42802866694e-06
5.09241245136	1.27250126043e-06
5.10700389105	1.13330001789e-06
5.12159533074	1.00878199309e-06
5.13618677043	8.97461581638e-07
5.15077821012	7.97996330464e-07
5.16536964981	7.09173933337e-07
5.1799610895	6.29900322969e-07
5.19455252918	5.59188776157e-07
5.20914396887	4.96149953814e-07
5.22373540856	4.39982802944e-07
5.23832684825	3.89966252552e-07
5.25291828794	3.45451640186e-07
5.26750972763	3.05855810198e-07
5.28210116732	2.70654829029e-07
5.29669260701	2.39378266751e-07
5.31128404669	2.11603997817e-07
5.32587548638	1.86953477455e-07
5.34046692607	1.65087453421e-07
5.35505836576	1.45702075902e-07
5.36964980545	1.28525371205e-07
5.38424124514	1.13314047582e-07
5.39883268483	9.98506040159e-08
5.41342412451	8.79407151504e-08
5.4280155642	7.74108676848e-08
5.44260700389	6.81062255987e-08
5.45719844358	5.98887034266e-08
5.47178988327	5.26352285427e-08
5.48638132296	4.6236175022e-08
5.50097276265	4.0593953129e-08
5.51556420234	3.56217398528e-08
5.53015564202	3.12423371854e-08
5.54474708171	2.73871459926e-08
5.5593385214	2.39952444131e-08
5.57392996109	2.10125607003e-08
5.58852140078	1.83911313382e-08
5.60311284047	1.60884360884e-08
5.61770428016	1.40668023946e-08
5.63229571985	1.22928722653e-08
5.64688715953	1.07371254044e-08
5.66147859922	9.37345293443e-09
5.67607003891	8.17877660031e-09
5.6906614786	7.13270882344e-09
5.70525291829	6.21724942443e-09
5.71984435798	5.41651523557e-09
5.73443579767	4.71649919369e-09
5.74902723736	4.1048558369e-09
5.76361867704	3.57071043683e-09
5.77821011673	3.10448926976e-09
5.79280155642	2.69776878285e-09
5.80739299611	2.34314163717e-09
5.8219844358	2.03409781541e-09
5.83657587549	1.76491916643e-09
5.85116731518	1.5305859278e-09
5.86575875487	1.32669391693e-09
5.88035019455	1.1493812204e-09
5.89494163424	9.95263331792e-10
5.90953307393	8.61375800529e-10
5.92412451362	7.45123553166e-10
5.93871595331	6.44236138749e-10
5.953307393	5.56728230036e-10
5.96789883269	4.80864784921e-10
5.98249027237	4.15130336647e-10
5.99708171206	3.58201940674e-10
6.01167315175	3.08925356756e-10
6.02626459144	2.66294092461e-10
6.04085603113	2.29430975248e-10
6.05544747082	1.97571957992e-10
6.07003891051	1.70051895721e-10
6.0846303502	1.46292061224e-10
6.09922178988	1.25789193336e-10
6.11381322957	1.08105895706e-10
6.12840466926	9.28622243454e-11
6.14299610895	7.97283212403e-11
6.15758754864	6.84179676934e-11
6.17217898833	5.86829460075e-11
6.18677042802	5.03081109404e-11
6.20136186771	4.31070842226e-11
6.21595330739	3.69184954576e-11
6.23054474708	3.1602702111e-11
6.24513618677	2.70389291171e-11
6.25972762646	2.31227759083e-11
6.27431906615	1.97640449065e-11
6.28891050584	1.68848511499e-11
6.30350194553	1.44179775887e-11
6.31809338522	1.23054449731e-11
6.3326848249	1.04972689854e-11
6.34727626459	8.95038082008e-12
6.36186770428	7.62769017294e-12
6.37645914397	6.49727235955e-12
6.39105058366	5.53166349161e-12
6.40564202335	4.70724972132e-12
6.42023346304	4.00373828498e-12
6.43482490272	3.40369966142e-12
6.44941634241	2.89217147927e-12
6.4640077821	2.45631608288e-12
6.47859922179	2.08512462072e-12
6.49319066148	1.769161494e-12
6.50778210117	1.50034377933e-12
6.52237354086	1.27175094896e-12
6.53696498055	1.07746081592e-12
6.55155642023	9.12408175281e-13
6.56614785992	7.72263054244e-13
6.58073929961	6.53325929236e-13
6.5953307393	5.52437580539e-13
6.60992217899	4.66901591162e-13
6.62451361868	3.94417746756e-13
6.63910505837	3.33024841348e-13
6.65369649806	2.81051581602e-13
6.66828793774	2.3707447169e-13
6.68287937743	1.99881699566e-13
6.69747081712	1.68442194279e-13
6.71206225681	1.41879121153e-13
6.7266536965	1.1944719613e-13
6.74124513619	1.00513275561e-13
6.75583657588	8.45397607612e-14
6.77042801557	7.10704144905e-14
6.78501945525	5.97182476207e-14
6.79961089494	5.01551756855e-14
6.81420233463	4.21031969024e-14
6.82879377432	3.53268673126e-14
6.84338521401	2.9626888229e-14
6.8579766537	2.48346431863e-14
6.87256809339	2.0807547845e-14
6.88715953308	1.74250922097e-14
6.90175097276	1.45854756933e-14
6.91634241245	1.22027454856e-14
6.93093385214	1.0204366932e-14
6.94552529183	8.52915976073e-15
6.96011673152	7.12554712025e-15
6.97470817121	5.95006999497e-15
6.9892996109	4.96612831637e-15
7.00389105058	4.14291388549e-15
7.01848249027	3.45450724181e-15
7.03307392996	2.87911253824e-15
7.04766536965	2.39841105824e-15
7.06225680934	1.99701416098e-15
7.07684824903	1.66200119579e-15
7.09143968872	1.38252908432e-15
7.10603112841	1.14950293758e-15
7.12062256809	9.55297953462e-16
7.13521400778	7.93525158676e-16
7.14980544747	6.58833598661e-16
7.16439688716	5.4674406094e-16
7.17898832685	4.53508888556e-16
7.19357976654	3.75994117009e-16
7.20817120623	3.11580227343e-16
7.22276264592	2.58078864296e-16
7.2373540856	2.1366273479e-16
7.25194552529	1.76806843588e-16
7.26653696498	1.46239055478e-16
7.28112840467	1.20898754068e-16
7.29571984436	9.99020747153e-17
7.31031128405	8.25128487169e-17
7.32490272374	6.81181941727e-17
7.33949416343	5.62081475716e-17
7.35408560311	4.63585772146e-17
7.3686770428	3.82169379082e-17
7.38326848249	3.14902961843e-17
7.39785992218	2.59353953142e-17
7.41245136187	2.13503198883e-17
7.42704280156	1.75675645821e-17
7.44163424125	1.44482256848e-17
7.45622568094	1.18771883696e-17
7.47081712062	9.75908346503e-18
7.48540856031	8.01496319948e-18
7.5	6.57945456658e-18
7.51459143969	5.39843689078e-18
7.52918287938	4.42731585911e-18
7.54377431907	3.62918581439e-18
7.55836575876	2.97353843232e-18
7.57295719844	2.43519647067e-18
7.58754863813	1.99338095699e-18
7.60214007782	1.63095956001e-18
7.61673151751	1.33380523073e-18
7.6313229572	1.09028099372e-18
7.64591439689	8.90801805296e-19
7.66050583658	7.27479727853e-19
7.67509727627	5.93823712036e-19
7.68968871595	4.84497211014e-19
7.70428015564	3.95113233434e-19
7.71887159533	3.22069711277e-19
7.73346303502	2.62407230107e-19
7.74805447471	2.13697579168e-19
7.7626459144	1.73948847517e-19
7.77723735409	1.41527749699e-19
7.79182879378	1.15095669487e-19
7.80642023346	9.35566974155e-20
7.82101167315	7.60129625726e-20
7.83560311284	6.17306473947e-20
7.85019455253	5.01087626468e-20
7.86478599222	4.06563260319e-20
7.87937743191	3.29717966239e-20
7.8939688716	2.6727515067e-20
7.90856031129	2.16558198492e-20
7.92315175097	1.75384642343e-20
7.93774319066	1.41973905338e-20
7.95233463035	1.14876332129e-20
7.96692607004	9.29081592385e-21
7.98151750973	7.51072861916e-21
7.99610894942	6.06895875226e-21
8.01070038911	4.90177253139e-21
8.0252918288	3.95726216803e-21
8.03988326848	3.19330264013e-21
8.05447470817	2.57562672345e-21
8.06906614786	2.07655277472e-21
8.08365758755	1.67344793754e-21
8.09824902724	1.34801858876e-21
8.11284046693	1.08541254677e-21
8.12743190662	8.7360104781e-22
8.1420233463	7.02804853506e-22
8.15661478599	5.65157094558e-22
8.17120622568	4.5425804028e-22
8.18579766537	3.64987317403e-22
8.20038910506	2.93148981575e-22
8.21498054475	2.3536698441e-22
8.22957198444	1.88904103928e-22
8.24416342413	1.51564233705e-22
8.25875486381	1.21560468386e-22
8.2733463035	9.74631917162e-23
8.28793774319	7.81150243907e-23
8.30252918288	6.2593026142e-23
8.31712062257	5.01395054704e-23
8.33171206226	4.01552919385e-23
8.34630350195	3.21513461841e-23
8.36089494164	2.57382794879e-23
8.37548638132	2.05985568004e-23
8.39007782101	1.64820009614e-23
8.4046692607	1.31828897466e-23
8.41926070039	1.05460107102e-23
8.43385214008	8.43650847634e-24
8.44844357977	6.75043474135e-24
8.46303501946	5.40182391614e-24
8.47762645915	4.32422583281e-24
8.49221789883	3.4612674054e-24
8.50680933852	2.77167717503e-24
8.52140077821	2.21980833111e-24
8.5359922179	1.77931777276e-24
8.55058365759	1.4272029262e-24
8.56517509728	1.14590720424e-24
8.57976653697	9.20388369025e-25
8.59435797666	7.40068273189e-25
8.60894941634	5.95151816776e-25
8.62354085603	4.78891079539e-25
8.63813229572	3.85317770567e-25
8.65272373541	3.10914609867e-25
8.6673151751	2.51245469077e-25
8.68190661479	2.0356767987e-25
8.69649805448	1.65262237199e-25
8.71108949416	1.34616772667e-25
8.72568093385	1.09801908153e-25
8.74027237354	8.98087734545e-26
8.75486381323	7.35190918496e-26
8.76945525292	6.05522693311e-26
8.78404669261	5.00294010346e-26
8.7986381323	4.15914055531e-26
8.81322957199	3.46688719421e-26
8.82782101167	2.90450250908e-26
8.84241245136	2.43382095093e-26
8.85700389105	2.04717842076e-26
8.87159533074	1.71800740427e-26
8.88618677043	1.45605258505e-26
8.90077821012	1.24207412689e-26
8.91536964981	1.07131916027e-26
8.9299610895	9.27384318575e-27
8.94455252918	8.09951884895e-27
8.95914396887	7.07225647141e-27
8.97373540856	6.22219445681e-27
8.98832684825	5.44134330472e-27
9.00291828794	4.83053065068e-27
9.01750972763	4.31287168118e-27
9.03210116732	3.89898113953e-27
9.04669260701	3.51569417015e-27
9.06128404669	3.18849601966e-27
9.07587548638	2.86808681577e-27
9.09046692607	2.58751499338e-27
9.10505836576	2.29148836415e-27
9.11964980545	2.08457315943e-27
9.13424124514	1.90612046233e-27
9.14883268483	1.76244091849e-27
9.16342412452	1.62570163554e-27
9.1780155642	1.5199351293e-27
9.19260700389	1.3996529542e-27
9.20719844358	1.29145203035e-27
9.22178988327	1.16571761282e-27
9.23638132296	1.08091169723e-27
9.25097276265	1.00022435427e-27
9.26556420234	9.48476790558e-28
9.28015564202	8.91592990707e-28
9.29474708171	8.52532120912e-28
9.3093385214	8.08632285491e-28
9.32392996109	7.68003229877e-28
9.33852140078	7.11599756303e-28
9.35311284047	6.84794398051e-28
9.36770428016	6.60074916961e-28
9.38229571985	6.4925848409e-28
9.39688715953	6.29696982383e-28
9.41147859922	6.15239602759e-28
9.42607003891	5.88896337038e-28
9.4406614786	5.67771981823e-28
9.45525291829	5.34263545319e-28
9.46984435798	5.16045998722e-28
9.48443579767	5.03579639235e-28
9.49902723736	5.02918939784e-28
9.51361867704	4.9309788171e-28
9.52821011673	4.92195820133e-28
9.54280155642	4.82345998377e-28
9.55739299611	4.75921040411e-28
9.5719844358	4.56576682514e-28
9.58657587549	4.48802498949e-28
9.60116731518	4.39499759208e-28
9.61575875487	4.41377303122e-28
9.63035019455	4.36735093341e-28
9.64494163424	4.33997355921e-28
9.65953307393	4.23210482557e-28
9.67412451362	4.15461638783e-28
9.68871595331	3.99477650287e-28
9.703307393	3.93379272996e-28
9.71789883269	3.86063325e-28
9.73249027237	3.82805461615e-28
9.74708171206	3.74159724422e-28
9.76167315175	3.6438056855e-28
9.77626459144	3.42930508522e-28
9.79085603113	3.25203506663e-28
9.80544747082	3.04996341766e-28
9.82003891051	2.92792173252e-28
9.8346303502	2.81618339443e-28
9.84922178988	2.784247285e-28
9.86381322957	2.71976297316e-28
9.87840466926	2.69982438876e-28
9.89299610895	2.65438618716e-28
9.90758754864	2.61755566588e-28
9.92217898833	2.62576218186e-28
9.93677042802	2.62543486959e-28
9.95136186771	2.56468000336e-28
9.96595330739	2.53410917294e-28
9.98054474708	2.46696630273e-28
9.99513618677	2.42632335486e-28
10.0097276265	2.37381767402e-28
10.0243190661	2.36493110721e-28
10.0389105058	2.37505221595e-28
10.0535019455	2.38512785956e-28
10.0680933852	2.36687310513e-28
10.0826848249	2.37209251114e-28
10.0972762646	2.35544019749e-28
10.1118677043	2.33773622192e-28
10.126459144	2.30582089429e-28
10.1410505837	2.34077193841e-28
10.1556420233	2.43062858842e-28
10.170233463	2.47824154471e-28
10.1848249027	2.51458225919e-28
10.1994163424	2.50518620562e-28
10.2140077821	2.45245275443e-28
10.2285992218	2.45517090205e-28
10.2431906615	2.47917944383e-28
10.2577821012	2.54791105012e-28
10.2723735409	2.68781266936e-28
10.2869649805	2.74312195601e-28
10.3015564202	2.74988773662e-28
10.3161478599	2.73363504237e-28
10.3307392996	2.65535116688e-28
10.3453307393	2.56114737257e-28
10.359922179	2.46712657711e-28
10.3745136187	2.40363180142e-28
10.3891050584	2.41136560333e-28
10.4036964981	2.37930457302e-28
10.4182879377	2.3214520992e-28
10.4328793774	2.27307450903e-28
10.4474708171	2.20312303506e-28
10.4620622568	2.12273094834e-28
10.4766536965	2.06515282385e-28
10.4912451362	2.0805313431e-28
10.5058365759	2.16084812218e-28
10.5204280156	2.16010795965e-28
10.5350194553	2.13337652368e-28
10.5496108949	2.09605394414e-28
10.5642023346	2.04320491075e-28
10.5787937743	2.02169486072e-28
10.593385214	2.01319256538e-28
10.6079766537	2.028859636e-28
10.6225680934	2.11414526247e-28
10.6371595331	2.08467368059e-28
10.6517509728	2.02984853444e-28
10.6663424125	1.98955207911e-28
10.6809338521	1.90989766473e-28
10.6955252918	1.84448038405e-28
10.7101167315	1.79321207791e-28
10.7247081712	1.76083263698e-28
10.7392996109	1.75412739783e-28
10.7538910506	1.71310445549e-28
10.7684824903	1.68663470017e-28
10.78307393	1.67981064646e-28
10.7976653697	1.68214044579e-28
10.8122568093	1.67965074745e-28
10.826848249	1.66910354938e-28
10.8414396887	1.69940361463e-28
10.8560311284	1.764739695e-28
10.8706225681	1.78726510169e-28
10.8852140078	1.79928304617e-28
10.8998054475	1.81908745406e-28
10.9143968872	1.84574778161e-28
10.9289883268	1.90373205637e-28
10.9435797665	1.97547625641e-28
10.9581712062	2.05861057076e-28
10.9727626459	2.20778849755e-28
10.9873540856	2.34190935497e-28
11.0019455253	2.49518847617e-28
11.016536965	2.75382690598e-28
11.0311284047	3.09019892648e-28
11.0457198444	3.6103262949e-28
11.060311284	4.30715360053e-28
11.0749027237	5.19469675944e-28
11.0894941634	6.34333654968e-28
11.1040856031	7.85775627052e-28
11.1186770428	9.88451737521e-28
11.1332684825	1.26019138475e-27
11.1478599222	1.60851954921e-27
11.1624513619	2.07487151887e-27
11.1770428016	2.70106464265e-27
11.1916342412	3.52490253337e-27
11.2062256809	4.64084960508e-27
11.2208171206	6.06870835503e-27
11.2354085603	8.0971874017e-27
11.25	9.97568101548e-27
11.2645914397	8.16570493427e-27
11.2791828794	6.20317179111e-27
11.2937743191	4.8338716085e-27
11.3083657588	3.7640481442e-27
11.3229571984	2.94382033578e-27
11.3375486381	2.34388735558e-27
11.3521400778	1.90342952157e-27
11.3667315175	1.57875769826e-27
11.3813229572	1.32883340819e-27
11.3959143969	1.15850417284e-27
11.4105058366	1.0392798719e-27
11.4250972763	9.53600221997e-28
11.439688716	8.80057952537e-28
11.4542801556	8.31393275267e-28
11.4688715953	7.99693439002e-28
11.483463035	7.82551205574e-28
11.4980544747	7.60544223909e-28
11.5126459144	7.60039957918e-28
11.5272373541	7.51771716816e-28
11.5418287938	7.41399737897e-28
11.5564202335	7.23581002116e-28
11.5710116732	7.17509587325e-28
11.5856031128	7.10143210644e-28
11.6001945525	7.10663278032e-28
11.6147859922	7.05840797393e-28
11.6293774319	7.03452232267e-28
11.6439688716	6.88960769978e-28
11.6585603113	6.65910173736e-28
11.673151751	6.18995947074e-28
11.6877431907	6.01459896013e-28
11.7023346304	5.90037214836e-28
11.71692607	5.87714395589e-28
11.7315175097	5.80232712355e-28
11.7461089494	5.85496924918e-28
11.7607003891	5.94323732642e-28
11.7752918288	6.08729490588e-28
11.7898832685	6.10559804052e-28
11.8044747082	6.25858344789e-28
11.8190661479	6.45420359348e-28
11.8336575876	6.71677148139e-28
11.8482490272	6.90061045831e-28
11.8628404669	7.24349498605e-28
11.8774319066	7.59748975252e-28
11.8920233463	7.87312636653e-28
11.906614786	8.08215458433e-28
11.9212062257	8.28887970172e-28
11.9357976654	8.40696290243e-28
11.9503891051	8.5620248925e-28
11.9649805447	8.57491571872e-28
11.9795719844	8.52475954712e-28
11.9941634241	8.4186888219e-28
12.0087548638	8.23956448509e-28
12.0233463035	7.85168254514e-28
12.0379377432	7.68515494382e-28
12.0525291829	7.53654367468e-28
12.0671206226	7.41234366874e-28
12.0817120623	7.25270220078e-28
12.0963035019	7.27038051955e-28
12.1108949416	7.34067118384e-28
12.1254863813	7.45416209731e-28
12.140077821	7.54203304303e-28
12.1546692607	7.6776387378e-28
12.1692607004	7.80550253938e-28
12.1838521401	7.95487102019e-28
12.1984435798	7.9685651933e-28
12.2130350195	8.06020089779e-28
12.2276264591	8.18502910141e-28
12.2422178988	8.27732087921e-28
12.2568093385	8.35736695091e-28
12.2714007782	8.49853729268e-28
12.2859922179	8.64960557108e-28
12.3005836576	8.84952733023e-28
12.3151750973	8.93494613562e-28
12.329766537	9.00812366649e-28
12.3443579767	9.13538870969e-28
12.3589494163	9.21616209948e-28
12.373540856	9.29907284673e-28
12.3881322957	9.48456256803e-28
12.4027237354	9.63597659808e-28
12.4173151751	9.78102067155e-28
12.4319066148	9.79714291855e-28
12.4464980545	9.91221889441e-28
12.4610894942	1.01572622155e-27
12.4756809339	1.04660048004e-27
12.4902723735	1.08326202586e-27
12.5048638132	1.11455671719e-27
12.5194552529	1.13749779138e-27
12.5340466926	1.15555568814e-27
12.5486381323	1.1561224525e-27
12.563229572	1.16143386141e-27
12.5778210117	1.16555240318e-27
12.5924124514	1.15853575616e-27
12.6070038911	1.15068736187e-27
12.6215953307	1.13804406019e-27
12.6361867704	1.12828654629e-27
12.6507782101	1.11667007718e-27
12.6653696498	1.10168563396e-27
12.6799610895	1.10226775518e-27
12.6945525292	1.11800543828e-27
12.7091439689	1.14317003359e-27
12.7237354086	1.18238041212e-27
12.7383268483	1.21088415208e-27
12.7529182879	1.22680644063e-27
12.7675097276	1.23022766467e-27
12.7821011673	1.22995198986e-27
12.796692607	1.22968626073e-27
12.8112840467	1.24413040123e-27
12.8258754864	1.2695997013e-27
12.8404669261	1.30226263916e-27
12.8550583658	1.31485298394e-27
12.8696498054	1.32855042289e-27
12.8842412451	1.3278472493e-27
12.8988326848	1.32034132533e-27
12.9134241245	1.32298824361e-27
12.9280155642	1.33544846168e-27
12.9426070039	1.34329613164e-27
12.9571984436	1.35595678399e-27
12.9717898833	1.35281579713e-27
12.986381323	1.35059441412e-27
13.0009727626	1.33695413266e-27
13.0155642023	1.31907607149e-27
13.030155642	1.30608438679e-27
13.0447470817	1.30540700225e-27
13.0593385214	1.31007830468e-27
13.0739299611	1.33587219453e-27
13.0885214008	1.34280550419e-27
13.1031128405	1.33660420801e-27
13.1177042802	1.32214692265e-27
13.1322957198	1.30402236487e-27
13.1468871595	1.28727793352e-27
13.1614785992	1.29060849966e-27
13.1760700389	1.30614453373e-27
13.1906614786	1.33307873602e-27
13.2052529183	1.33010254945e-27
13.219844358	1.33276851127e-27
13.2344357977	1.3157454899e-27
13.2490272374	1.29174702832e-27
13.263618677	1.27499884504e-27
13.2782101167	1.2725199355e-27
13.2928015564	1.26131394826e-27
13.3073929961	1.27407026584e-27
13.3219844358	1.27489836157e-27
13.3365758755	1.26964662019e-27
13.3511673152	1.2463119193e-27
13.3657587549	1.2264072698e-27
13.3803501946	1.208573557e-27
13.3949416342	1.20079162557e-27
13.4095330739	1.20886029913e-27
13.4241245136	1.23867927157e-27
13.4387159533	1.2417016958e-27
13.453307393	1.2493248464e-27
13.4678988327	1.24826342627e-27
13.4824902724	1.24242794975e-27
13.4970817121	1.22220182978e-27
13.5116731518	1.22440359356e-27
13.5262645914	1.22931147402e-27
13.5408560311	1.25216987029e-27
13.5554474708	1.25997598131e-27
13.5700389105	1.2704554791e-27
13.5846303502	1.26233644458e-27
13.5992217899	1.24655099556e-27
13.6138132296	1.23846179425e-27
13.6284046693	1.24927939689e-27
13.642996109	1.25232380956e-27
13.6575875486	1.29428479113e-27
13.6721789883	1.30936163923e-27
13.686770428	1.31073490939e-27
13.7013618677	1.30832937283e-27
13.7159533074	1.31346496462e-27
13.7305447471	1.31064794039e-27
13.7451361868	1.31664013601e-27
13.7597276265	1.32788147402e-27
13.7743190661	1.36886850122e-27
13.7889105058	1.37240288884e-27
13.8035019455	1.37669330727e-27
13.8180933852	1.36032435199e-27
13.8326848249	1.34165211036e-27
13.8472762646	1.32766409709e-27
13.8618677043	1.33314597949e-27
13.876459144	1.3317375872e-27
13.8910505837	1.35271303939e-27
13.9056420233	1.3518147761e-27
13.920233463	1.3500038628e-27
13.9348249027	1.32981220812e-27
13.9494163424	1.32208725269e-27
13.9640077821	1.31321375209e-27
13.9785992218	1.31521365e-27
13.9931906615	1.31461396802e-27
14.0077821012	1.35082393831e-27
14.0223735409	1.35209934172e-27
14.0369649805	1.34126555315e-27
14.0515564202	1.32075920685e-27
14.0661478599	1.30712265672e-27
14.0807392996	1.28085693341e-27
14.0953307393	1.2795306376e-27
14.109922179	1.28520949455e-27
14.1245136187	1.32021111273e-27
14.1391050584	1.31574052577e-27
14.1536964981	1.31081016836e-27
14.1682879377	1.28700431686e-27
14.1828793774	1.26453130123e-27
14.1974708171	1.24175375255e-27
14.2120622568	1.23549567305e-27
14.2266536965	1.22590933999e-27
14.2412451362	1.26069746944e-27
14.2558365759	1.26939894099e-27
14.2704280156	1.27024297203e-27
14.2850194553	1.24508317667e-27
14.2996108949	1.23148424163e-27
14.3142023346	1.21178092867e-27
14.3287937743	1.20349042615e-27
14.343385214	1.20435404358e-27
14.3579766537	1.24584368419e-27
14.3725680934	1.24912616859e-27
14.3871595331	1.23489782688e-27
14.4017509728	1.20800560641e-27
14.4163424125	1.19181241523e-27
14.4309338521	1.1615763478e-27
14.4455252918	1.15145141438e-27
14.4601167315	1.14394385064e-27
14.4747081712	1.16400887288e-27
14.4892996109	1.16066102944e-27
14.5038910506	1.16174385735e-27
14.5184824903	1.14354087105e-27
14.53307393	1.12946003348e-27
14.5476653697	1.11405253839e-27
14.5622568093	1.10584423981e-27
14.576848249	1.09309102606e-27
14.5914396887	1.12507366829e-27
14.6060311284	1.12746564882e-27
14.6206225681	1.12372540385e-27
14.6352140078	1.09299631006e-27
14.6498054475	1.07267576549e-27
14.6643968872	1.04695682063e-27
14.6789883268	1.02674751509e-27
14.6935797665	1.01001609694e-27
14.7081712062	1.0242465534e-27
14.7227626459	1.01023889373e-27
14.7373540856	1.00062652428e-27
14.7519455253	9.73717790452e-28
14.766536965	9.57548363943e-28
14.7811284047	9.18099994253e-28
14.7957198444	8.94014890092e-28
14.810311284	8.6871853295e-28
14.8249027237	8.57987685991e-28
14.8394941634	8.21985760347e-28
14.8540856031	7.8515399715e-28
14.8686770428	7.34203974237e-28
14.8832684825	7.03120422259e-28
14.8978599222	6.79754458188e-28
14.9124513619	6.83584276456e-28
14.9270428016	7.13946235551e-28
14.9416342412	8.33122355777e-28
14.9562256809	1.03945945433e-27
14.9708171206	1.39748070422e-27
14.9854085603	2.08244193711e-27
15.0	2.81605129238e-27
