-14.9854085603	1.97057087022e-27
-14.9708171206	1.15587232132e-27
-14.9562256809	6.98121684232e-28
-14.9416342412	4.04255270832e-28
-14.9270428016	2.34315258984e-28
-14.9124513619	1.40115278997e-28
-14.8978599222	9.41232688672e-29
-14.8832684825	7.13335543296e-29
-14.8686770428	6.75930871309e-29
-14.8540856031	7.04143707905e-29
-14.8394941634	7.92386954804e-29
-14.8249027237	8.03634625854e-29
-14.810311284	9.09128453464e-29
-14.7957198444	9.89562633997e-29
-14.7811284047	1.11497241996e-28
-14.766536965	1.20260008027e-28
-14.7519455253	1.29973857579e-28
-14.7373540856	1.36727068736e-28
-14.7227626459	1.40090393376e-28
-14.7081712062	1.29532834719e-28
-14.6935797665	1.32141533828e-28
-14.6789883268	1.34199287581e-28
-14.6643968872	1.40669331209e-28
-14.6498054475	1.4429675531e-28
-14.6352140078	1.53602945803e-28
-14.6206225681	1.55448960411e-28
-14.6060311284	1.55861863563e-28
-14.5914396887	1.44114835288e-28
-14.576848249	1.44083459188e-28
-14.5622568093	1.44211669031e-28
-14.5476653696	1.52140107222e-28
-14.53307393	1.54772829748e-28
-14.5184824903	1.618475316e-28
-14.5038910506	1.64230129116e-28
-14.4892996109	1.66433093208e-28
-14.4747081712	1.54790995507e-28
-14.4601167315	1.54948403037e-28
-14.4455252918	1.53698004823e-28
-14.4309338521	1.58919507766e-28
-14.4163424125	1.6000396893e-28
-14.4017509728	1.65694108062e-28
-14.3871595331	1.66322133413e-28
-14.3725680934	1.66210209848e-28
-14.3579766537	1.51558270513e-28
-14.343385214	1.49443349974e-28
-14.3287937743	1.47551576749e-28
-14.3142023346	1.52684700526e-28
-14.2996108949	1.53800182371e-28
-14.2850194553	1.60159009816e-28
-14.2704280156	1.59896746376e-28
-14.2558365759	1.59253005771e-28
-14.2412451362	1.46195546124e-28
-14.2266536965	1.45782607e-28
-14.2120622568	1.44964781071e-28
-14.1974708171	1.51864748279e-28
-14.1828793774	1.5340459358e-28
-14.1682879377	1.58837578657e-28
-14.1536964981	1.59270146984e-28
-14.1391050584	1.59804610942e-28
-14.1245136187	1.48247340134e-28
-14.109922179	1.47812874777e-28
-14.0953307393	1.47384488724e-28
-14.0807392996	1.54537227052e-28
-14.0661478599	1.56945671741e-28
-14.0515564202	1.62186438342e-28
-14.0369649805	1.6176352088e-28
-14.0223735409	1.61685704499e-28
-14.0077821012	1.48983585743e-28
-13.9931906615	1.47073059687e-28
-13.9785992218	1.46594536945e-28
-13.9640077821	1.52616927232e-28
-13.9494163424	1.55862140489e-28
-13.9348249027	1.62255521724e-28
-13.920233463	1.62854776478e-28
-13.9056420233	1.64493337375e-28
-13.8910505837	1.56831220784e-28
-13.876459144	1.57738453298e-28
-13.8618677043	1.6159131429e-28
-13.8472762646	1.71285453617e-28
-13.8326848249	1.76088591502e-28
-13.8180933852	1.84218463906e-28
-13.8035019455	1.90176210602e-28
-13.7889105058	1.97201383434e-28
-13.7743190661	1.98510453109e-28
-13.7597276265	2.04977645024e-28
-13.7451361868	2.1415930892e-28
-13.7305447471	2.24693710199e-28
-13.7159533074	2.27643800643e-28
-13.7013618677	2.31625399756e-28
-13.686770428	2.32643490982e-28
-13.6721789883	2.29524013682e-28
-13.6575875486	2.15160601561e-28
-13.6429961089	2.06696258077e-28
-13.6284046693	2.00959630734e-28
-13.6138132296	1.97620279857e-28
-13.5992217899	1.93427977383e-28
-13.5846303502	1.93003076584e-28
-13.5700389105	1.86991333253e-28
-13.5554474708	1.82797431406e-28
-13.5408560311	1.73120462927e-28
-13.5262645914	1.7070763988e-28
-13.5116731518	1.72053348704e-28
-13.4970817121	1.74832190709e-28
-13.4824902724	1.75661961339e-28
-13.4678988327	1.82039212584e-28
-13.453307393	1.86247611788e-28
-13.4387159533	1.91639773524e-28
-13.4241245136	1.98293691408e-28
-13.4095330739	2.05205870746e-28
-13.3949416342	2.15725865584e-28
-13.3803501946	2.25555351985e-28
-13.3657587549	2.32403791605e-28
-13.3511673152	2.40839264361e-28
-13.3365758755	2.48329845268e-28
-13.3219844358	2.55878911777e-28
-13.3073929961	2.58024745776e-28
-13.2928015564	2.59357774312e-28
-13.2782101167	2.61534192727e-28
-13.263618677	2.70974492684e-28
-13.2490272374	2.83215926922e-28
-13.2344357977	2.95326395879e-28
-13.219844358	3.05668865786e-28
-13.2052529183	3.18159944329e-28
-13.1906614786	3.3962670203e-28
-13.1760700389	3.54421243806e-28
-13.1614785992	3.7374746181e-28
-13.1468871595	3.9069235977e-28
-13.1322957198	4.0199838296e-28
-13.1177042802	4.1369966771e-28
-13.1031128405	4.19827151019e-28
-13.0885214008	4.25459862611e-28
-13.0739299611	4.34213278228e-28
-13.0593385214	4.42673524713e-28
-13.0447470817	4.55010372965e-28
-13.030155642	4.64168002791e-28
-13.0155642023	4.73279266493e-28
-13.0009727626	4.82033283725e-28
-12.986381323	4.90194538803e-28
-12.9717898833	4.98612955614e-28
-12.9571984436	5.097686279e-28
-12.9426070039	5.15413564809e-28
-12.9280155642	5.22151823244e-28
-12.9134241245	5.23696526087e-28
-12.8988326848	5.20755475828e-28
-12.8842412451	5.21903388572e-28
-12.8696498054	5.25270545062e-28
-12.8550583658	5.28922945075e-28
-12.8404669261	5.43749299333e-28
-12.8258754864	5.48768556102e-28
-12.8112840467	5.56229940036e-28
-12.796692607	5.6049498313e-28
-12.7821011673	5.60870761761e-28
-12.7675097276	5.5673396434e-28
-12.7529182879	5.54323335736e-28
-12.7383268482	5.51472163627e-28
-12.7237354086	5.4955346541e-28
-12.7091439689	5.41173940654e-28
-12.6945525292	5.39406585607e-28
-12.6799610895	5.31573189815e-28
-12.6653696498	5.25055860772e-28
-12.6507782101	5.21527448354e-28
-12.6361867704	5.15902353162e-28
-12.6215953307	5.12416051372e-28
-12.6070038911	5.17879441246e-28
-12.5924124514	5.11559904624e-28
-12.5778210117	5.10062006385e-28
-12.563229572	5.03598340395e-28
-12.5486381323	4.98985455837e-28
-12.5340466926	5.00627160285e-28
-12.5194552529	5.09409433739e-28
-12.5048638132	5.2184907705e-28
-12.4902723735	5.49743061917e-28
-12.4756809339	5.6153118795e-28
-12.4610894942	5.74858221151e-28
-12.4464980545	5.76732720651e-28
-12.4319066148	5.73601622392e-28
-12.4173151751	5.66329105401e-28
-12.4027237354	5.61222632788e-28
-12.3881322957	5.53312007959e-28
-12.373540856	5.55021921091e-28
-12.3589494163	5.46306819215e-28
-12.3443579767	5.43776500497e-28
-12.329766537	5.31738174896e-28
-12.3151750973	5.23287838005e-28
-12.3005836576	5.14734804076e-28
-12.2859922179	5.11918034695e-28
-12.2714007782	5.1473346094e-28
-12.2568093385	5.33814665394e-28
-12.2422178988	5.39057850896e-28
-12.2276264591	5.48462447514e-28
-12.2130350195	5.410454382e-28
-12.1984435798	5.40269922125e-28
-12.1838521401	5.36297661043e-28
-12.1692607004	5.32375885025e-28
-12.1546692607	5.30478990657e-28
-12.140077821	5.47371649552e-28
-12.1254863813	5.43179855174e-28
-12.1108949416	5.38547893118e-28
-12.0963035019	5.22768521619e-28
-12.0817120623	5.13000797355e-28
-12.0671206226	5.0640909854e-28
-12.0525291829	5.08440275881e-28
-12.0379377432	5.0719439455e-28
-12.0233463035	5.2499901193e-28
-12.0087548638	5.27957118109e-28
-11.9941634241	5.34900421361e-28
-11.9795719844	5.30831366275e-28
-11.9649805447	5.3445692461e-28
-11.9503891051	5.35240904061e-28
-11.9357976654	5.46349571927e-28
-11.9212062257	5.67502613131e-28
-11.906614786	6.18905434833e-28
-11.8920233463	6.38071268786e-28
-11.8774319066	6.50836557892e-28
-11.8628404669	6.38082915642e-28
-11.8482490272	6.24049135861e-28
-11.8336575875	6.08487016301e-28
-11.8190661479	5.98104530324e-28
-11.8044747082	5.84318715499e-28
-11.7898832685	5.91283975765e-28
-11.7752918288	5.75493148125e-28
-11.7607003891	5.60774242432e-28
-11.7461089494	5.36335673567e-28
-11.7315175097	5.22028471892e-28
-11.71692607	5.06509886726e-28
-11.7023346304	5.00170976336e-28
-11.6877431907	4.90846295447e-28
-11.673151751	5.02809956642e-28
-11.6585603113	4.98595240434e-28
-11.6439688716	4.96826312718e-28
-11.6293774319	4.82365839255e-28
-11.6147859922	4.73343323075e-28
-11.6001945525	4.6481019982e-28
-11.5856031128	4.74042099683e-28
-11.5710116732	4.89976402177e-28
-11.5564202335	5.29395811764e-28
-11.5418287938	5.40741297075e-28
-11.5272373541	5.58002174049e-28
-11.5126459144	5.60773113481e-28
-11.4980544747	5.64556350681e-28
-11.483463035	5.74122475708e-28
-11.4688715953	5.94097729371e-28
-11.4542801556	6.18830176463e-28
-11.439688716	6.74623308811e-28
-11.4250972763	7.16371474182e-28
-11.4105058366	7.76067025649e-28
-11.3959143969	8.53629411841e-28
-11.3813229572	9.75121525954e-28
-11.3667315175	1.14818972075e-27
-11.3521400778	1.39193275335e-27
-11.3375486381	1.72126144047e-27
-11.3229571984	2.18261756454e-27
-11.3083657588	2.80245484301e-27
-11.2937743191	3.69895661127e-27
-11.2791828794	4.89204018517e-27
-11.2645914397	6.676589971e-27
-11.25	8.35292144216e-27
-11.2354085603	6.65955376588e-27
-11.2208171206	4.8646270842e-27
-11.2062256809	3.6575349823e-27
-11.1916342412	2.7214272187e-27
-11.1770428016	2.04593016424e-27
-11.1624513619	1.53969792221e-27
-11.1478599222	1.16464487883e-27
-11.1332684825	8.81693630189e-28
-11.1186770428	6.68177857865e-28
-11.1040856031	5.14613781222e-28
-11.0894941634	3.93178754999e-28
-11.0749027237	3.17265149855e-28
-11.060311284	2.65089933587e-28
-11.0457198444	2.34745301369e-28
-11.0311284047	2.14351455068e-28
-11.016536965	2.05714137027e-28
-11.0019455253	1.96193157401e-28
-10.9873540856	1.96386363589e-28
-10.9727626459	1.81008343119e-28
-10.9581712062	1.8084181408e-28
-10.9435797665	1.86057234463e-28
-10.9289883268	1.99718565926e-28
-10.9143968872	2.0894106851e-28
-10.8998054475	2.22737538613e-28
-10.8852140078	2.29445474914e-28
-10.8706225681	2.34069675274e-28
-10.8560311284	2.19214176554e-28
-10.8414396887	2.23533388023e-28
-10.826848249	2.25960959642e-28
-10.8122568093	2.39449766536e-28
-10.7976653696	2.49049111154e-28
-10.78307393	2.60866317841e-28
-10.7684824903	2.62177494976e-28
-10.7538910506	2.64703212138e-28
-10.7392996109	2.50934890453e-28
-10.7247081712	2.57366326585e-28
-10.7101167315	2.6184175177e-28
-10.6955252918	2.77135041583e-28
-10.6809338521	2.87196010424e-28
-10.6663424125	2.99994521503e-28
-10.6517509728	3.03291288013e-28
-10.6371595331	3.08765645094e-28
-10.6225680934	2.9462444921e-28
-10.6079766537	2.96623359514e-28
-10.593385214	2.98421597347e-28
-10.5787937743	3.12076228979e-28
-10.5642023346	3.19681930562e-28
-10.5496108949	3.3352060982e-28
-10.5350194553	3.36033864845e-28
-10.5204280156	3.3766320224e-28
-10.5058365759	3.1882485247e-28
-10.4912451362	3.2075256003e-28
-10.4766536965	3.21711448187e-28
-10.4620622568	3.33805182272e-28
-10.4474708171	3.39052260908e-28
-10.4328793774	3.47122827014e-28
-10.4182879377	3.4414877751e-28
-10.4036964981	3.41599562213e-28
-10.3891050584	3.18431228927e-28
-10.3745136187	3.1610112469e-28
-10.359922179	3.13985330395e-28
-10.3453307393	3.21560345923e-28
-10.3307392996	3.24289461629e-28
-10.3161478599	3.30788532163e-28
-10.3015564202	3.28337966972e-28
-10.2869649805	3.26116598061e-28
-10.2723735409	3.06007208374e-28
-10.2577821012	3.01336505772e-28
-10.2431906615	2.9739221178e-28
-10.2285992218	3.04533029909e-28
-10.2140077821	3.0569624423e-28
-10.1994163424	3.09848689641e-28
-10.1848249027	3.05427451603e-28
-10.170233463	2.98753616241e-28
-10.1556420233	2.76848105373e-28
-10.1410505837	2.69604644946e-28
-10.126459144	2.63430249835e-28
-10.1118677043	2.67424222568e-28
-10.0972762646	2.65487265435e-28
-10.0826848249	2.64147129519e-28
-10.0680933852	2.56159656137e-28
-10.0535019455	2.50815015203e-28
-10.0389105058	2.30016573237e-28
-10.0243190661	2.21660154608e-28
-10.0097276265	2.13609041733e-28
-9.99513618677	2.14716136836e-28
-9.98054474708	2.12687164771e-28
-9.96595330739	2.13347178575e-28
-9.9513618677	2.08230583253e-28
-9.93677042802	2.05173317197e-28
-9.92217898833	1.94493968974e-28
-9.90758754864	1.90298141795e-28
-9.89299610895	1.87747591219e-28
-9.87840466926	1.88410898168e-28
-9.86381322957	1.84824090285e-28
-9.84922178988	1.84140051906e-28
-9.83463035019	1.81553590215e-28
-9.82003891051	1.79924529375e-28
-9.80544747082	1.74183193442e-28
-9.79085603113	1.76263545815e-28
-9.77626459144	1.80175591729e-28
-9.76167315175	1.87849507865e-28
-9.74708171206	1.92337402938e-28
-9.73249027237	1.97290750346e-28
-9.71789883268	2.03215221302e-28
-9.703307393	2.11518463974e-28
-9.68871595331	2.21974529992e-28
-9.67412451362	2.32838251105e-28
-9.65953307393	2.41335733535e-28
-9.64494163424	2.49647460043e-28
-9.63035019455	2.55971346758e-28
-9.61575875486	2.60014184303e-28
-9.60116731517	2.66701398138e-28
-9.58657587549	2.78008294155e-28
-9.5719844358	2.95862225593e-28
-9.55739299611	3.06595654192e-28
-9.54280155642	3.14084895783e-28
-9.52821011673	3.18122234707e-28
-9.51361867704	3.22031903198e-28
-9.49902723735	3.28214033637e-28
-9.48443579767	3.36709656213e-28
-9.46984435798	3.48319543956e-28
-9.45525291829	3.74081843555e-28
-9.4406614786	3.89744645059e-28
-9.42607003891	4.06999334955e-28
-9.41147859922	4.25150031231e-28
-9.39688715953	4.46396607783e-28
-9.38229571984	4.6851617737e-28
-9.36770428016	5.0494692841e-28
-9.35311284047	5.52123935203e-28
-9.33852140078	6.26402052838e-28
-9.32392996109	6.9263745619e-28
-9.3093385214	7.61281345872e-28
-9.29474708171	8.26069312231e-28
-9.28015564202	9.07909388436e-28
-9.26556420233	1.00036446436e-27
-9.25097276265	1.12057710454e-27
-9.23638132296	1.2682244438e-27
-9.22178988327	1.47566010377e-27
-9.20719844358	1.67518746976e-27
-9.19260700389	1.902914561e-27
-9.1780155642	2.16622390883e-27
-9.16342412451	2.48741618322e-27
-9.14883268482	2.87569549717e-27
-9.13424124514	3.37192142841e-27
-9.11964980545	3.99081670371e-27
-9.10505836576	4.80849282899e-27
-9.09046692607	5.74048323621e-27
-9.07587548638	6.85734309609e-27
-9.06128404669	8.19809091285e-27
-9.046692607	9.84429249007e-27
-9.03210116731	1.18542542853e-26
-9.01750972763	1.43819928489e-26
-9.00291828794	1.75213502139e-26
-8.98832684825	2.15161190065e-26
-8.97373540856	2.62941110329e-26
-8.95914396887	3.21846976583e-26
-8.94455252918	3.94114101233e-26
-8.92996108949	4.8386841453e-26
-8.91536964981	5.95300425219e-26
-8.90077821012	7.35898407109e-26
-8.88618677043	9.1155178169e-26
-8.87159533074	1.13337329266e-25
-8.85700389105	1.4070741512e-25
-8.84241245136	1.7493259519e-25
-8.82782101167	2.17637349351e-25
-8.81322957198	2.7109444182e-25
-8.7986381323	3.38032787899e-25
-8.78404669261	4.22346139978e-25
-8.76945525292	5.28213367749e-25
-8.75486381323	6.61541598032e-25
-8.74027237354	8.27852077697e-25
-8.72568093385	1.0363813096e-24
-8.71108949416	1.29759598971e-24
-8.69649805447	1.62534061807e-24
-8.68190661479	2.03642885667e-24
-8.6673151751	2.55284442187e-24
-8.65272373541	3.20089222368e-24
-8.63813229572	4.01467934422e-24
-8.62354085603	5.03340072151e-24
-8.60894941634	6.31104139897e-24
-8.59435797665	7.9118599557e-24
-8.57976653696	9.91899211479e-24
-8.56517509728	1.24341185837e-23
-8.55058365759	1.5586298337e-23
-8.5359922179	1.95336905193e-23
-8.52140077821	2.44794161298e-23
-8.50680933852	3.06615425676e-23
-8.49221789883	3.83918254741e-23
-8.47762645914	4.80536535894e-23
-8.46303501945	6.01269585257e-23
-8.44844357977	7.52081040072e-23
-8.43385214008	9.40449308863e-23
-8.41926070039	1.17554710458e-22
-8.4046692607	1.46893896778e-22
-8.39007782101	1.83475705554e-22
-8.37548638132	2.29083572839e-22
-8.36089494163	2.85909885526e-22
-8.34630350195	3.56697740654e-22
-8.33171206226	4.44836430482e-22
-8.31712062257	5.54543839334e-22
-8.30252918288	6.91014570815e-22
-8.28793774319	8.60717825626e-22
-8.2733463035	1.07158985515e-21
-8.25875486381	1.3335352908e-21
-8.24416342412	1.65876013079e-21
-8.22957198444	2.06238563789e-21
-8.21498054475	2.56307966028e-21
-8.20038910506	3.18392404209e-21
-8.18579766537	3.95335109513e-21
-8.17120622568	4.9065473262e-21
-8.15661478599	6.08672610941e-21
-8.1420233463	7.54731791043e-21
-8.12743190661	9.35407325638e-21
-8.11284046693	1.15880179422e-20
-8.09824902724	1.43488599054e-20
-8.08365758755	1.77594089412e-20
-8.06906614786	2.19703897275e-20
-8.05447470817	2.71673231247e-20
-8.03988326848	3.35776510631e-20
-8.02529182879	4.14810728649e-20
-8.0107003891	5.12206188756e-20
-7.99610894942	6.32173851924e-20
-7.98151750973	7.79875234589e-20
-7.96692607004	9.61636512884e-20
-7.95233463035	1.18520163657e-19
-7.93774319066	1.46005594919e-19
-7.92315175097	1.79779647624e-19
-7.90856031128	2.21261837397e-19
-7.89396887159	2.72186750918e-19
-7.87937743191	3.34674375553e-19
-7.86478599222	4.11313319969e-19
-7.85019455253	5.05263814859e-19
-7.83560311284	6.20380775217e-19
-7.82101167315	7.61365533804e-19
-7.80642023346	9.33946211214e-19
-7.79182879377	1.14510325263e-18
-7.77723735409	1.40333546765e-18
-7.7626459144	1.71898617322e-18
-7.74805447471	2.10463619265e-18
-7.73346303502	2.57558447703e-18
-7.71887159533	3.15041774662e-18
-7.70428015564	3.8517155965e-18
-7.68968871595	4.70688223978e-18
-7.67509727626	5.74917526952e-18
-7.66050583658	7.01892833348e-18
-7.64591439689	8.56503458205e-18
-7.6313229572	1.04467304497e-17
-7.61673151751	1.2735750618e-17
-7.60214007782	1.55189167927e-17
-7.58754863813	1.89012669273e-17
-7.57295719844	2.30097992353e-17
-7.55836575875	2.79980066925e-17
-7.54377431907	3.40512972305e-17
-7.52918287938	4.13935164127e-17
-7.51459143969	5.02948063876e-17
-7.5	6.10809119053e-17
-7.48540856031	7.41443002816e-17
-7.47081712062	8.99584367492e-17
-7.45622568093	1.09093301221e-16
-7.44163424124	1.32234902046e-16
-7.42704280156	1.60208585369e-16
-7.41245136187	1.94006811128e-16
-7.39785992218	2.34822407456e-16
-7.38326848249	2.84088284716e-16
-7.3686770428	3.43524870771e-16
-7.35408560311	4.15196803843e-16
-7.33949416342	5.01580456397e-16
-7.32490272373	6.05644651115e-16
-7.31031128405	7.30946697232e-16
-7.29571984436	8.81746940871e-16
-7.28112840467	1.06314502629e-15
-7.26653696498	1.28124222861e-15
-7.25194552529	1.54333436349e-15
-7.2373540856	1.8581413185e-15
-7.22276264591	2.23607951421e-15
-7.20817120623	2.68958589929e-15
-7.19357976654	3.23350207399e-15
-7.17898832685	3.88553029262e-15
-7.16439688716	4.6667738966e-15
-7.14980544747	5.6023779778e-15
-7.13521400778	6.72228787366e-15
-7.12062256809	8.06214751638e-15
-7.1060311284	9.6643616035e-15
-7.09143968872	1.15793525063e-14
-7.07684824903	1.3867044906e-14
-7.06225680934	1.65986200693e-14
-7.04766536965	1.98585863246e-14
-7.03307392996	2.37472228294e-14
-7.01848249027	2.8383460541e-14
-7.00389105058	3.39082789537e-14
-6.98929961089	4.04887060038e-14
-6.97470817121	4.83225294709e-14
-6.96011673152	5.76438390575e-14
-6.94552529183	6.8729545602e-14
-6.93093385214	8.19070429034e-14
-6.91634241245	9.75632099523e-14
-6.90175097276	1.16154979277e-13
-6.88715953307	1.38221740786e-13
-6.87256809338	1.64399886754e-13
-6.8579766537	1.95439865561e-13
-6.84338521401	2.32226157239e-13
-6.82879377432	2.75800665058e-13
-6.81420233463	3.27390087894e-13
-6.79961089494	3.88437937448e-13
-6.78501945525	4.60641960802e-13
-6.77042801556	5.45997866383e-13
-6.75583657588	6.46850372885e-13
-6.74124513619	7.65952792685e-13
-6.7266536965	9.06536516738e-13
-6.71206225681	1.0723920185e-12
-6.69747081712	1.26796321835e-12
-6.68287937743	1.49845736633e-12
-6.66828793774	1.76997290518e-12
-6.65369649805	2.08964818875e-12
-6.63910505837	2.46583433933e-12
-6.62451361868	2.90829607826e-12
-6.60992217899	3.42844488414e-12
-6.5953307393	4.03960956501e-12
-6.58073929961	4.75735003734e-12
-6.56614785992	5.59982103222e-12
-6.55155642023	6.58819340221e-12
-6.53696498054	7.74714190009e-12
-6.52237354086	9.10540954831e-12
-6.50778210117	1.06964603152e-11
-6.49319066148	1.25592333992e-11
-6.47859922179	1.47390144967e-11
-6.4640077821	1.72884415653e-11
-6.44941634241	2.02686652141e-11
-6.43482490272	2.37506866489e-11
-6.42023346303	2.78168995179e-11
-6.40564202335	3.25628655775e-11
-6.39105058366	3.80993585835e-11
-6.37645914397	4.45547153708e-11
-6.36186770428	5.20775388269e-11
-6.34727626459	6.0839803471e-11
-6.3326848249	7.10404216113e-11
-6.31809338521	8.29093358134e-11
-6.30350194552	9.6712212672e-11
-6.28891050584	1.12755822848e-10
-6.27431906615	1.31394204264e-10
-6.25972762646	1.53035717886e-10
-6.24513618677	1.78151120774e-10
-6.23054474708	2.07282797194e-10
-6.21595330739	2.41055307809e-10
-6.2013618677	2.80187437491e-10
-6.18677042802	3.25505946536e-10
-6.17217898833	3.77961256148e-10
-6.15758754864	4.38645329839e-10
-6.14299610895	5.08812044896e-10
-6.12840466926	5.89900386886e-10
-6.11381322957	6.83560841681e-10
-6.09922178988	7.91685407404e-10
-6.08463035019	9.16441701144e-10
-6.07003891051	1.06031169531e-09
-6.05544747082	1.22613568377e-09
-6.04085603113	1.4171621533e-09
-6.02626459144	1.63710431671e-09
-6.01167315175	1.89020415767e-09
-5.99708171206	2.18130493835e-09
-5.98249027237	2.51593323663e-09
-5.96789883268	2.9003917047e-09
-5.953307393	3.34186388358e-09
-5.93871595331	3.84853256316e-09
-5.92412451362	4.42971335274e-09
-5.90953307393	5.09600531698e-09
-5.89494163424	5.85946074819e-09
-5.88035019455	6.73377637872e-09
-5.86575875486	7.73450860084e-09
-5.85116731517	8.87931554645e-09
-5.83657587549	1.01882291991e-08
-5.8219844358	1.16839610581e-08
-5.80739299611	1.33922452651e-08
-5.79280155642	1.53422235207e-08
-5.77821011673	1.75668765921e-08
-5.76361867704	2.01035077208e-08
-5.74902723735	2.29942838041e-08
-5.73443579766	2.62868408383e-08
-5.71984435798	3.00349607888e-08
-5.70525291829	3.42993277873e-08
-5.6906614786	3.91483723687e-08
-5.67607003891	4.46592133331e-08
-5.66147859922	5.0918707787e-08
-5.64688715953	5.80246209569e-08
-5.63229571984	6.60869285164e-08
-5.61770428016	7.52292653932e-08
-5.60311284047	8.55905363793e-08
-5.58852140078	9.73267053136e-08
-5.57392996109	1.10612781198e-07
-5.5593385214	1.25645021297e-07
-5.54474708171	1.42643373144e-07
-5.53015564202	1.61854179334e-07
-5.51556420233	1.83553171168e-07
-5.50097276265	2.08048779496e-07
-5.48638132296	2.35685793607e-07
-5.47178988327	2.66849401666e-07
-5.45719844358	3.01969649092e-07
-5.44260700389	3.41526354281e-07
-5.4280155642	3.86054524395e-07
-5.41342412451	4.36150317408e-07
-5.39883268482	4.9247760033e-07
-5.38424124514	5.55775157479e-07
-5.36964980545	6.2686460689e-07
-5.35505836576	7.06659087381e-07
-5.34046692607	7.96172783564e-07
-5.32587548638	8.96531360989e-07
-5.31128404669	1.00898338895e-06
-5.296692607	1.13491283391e-06
-5.28210116731	1.27585271243e-06
-5.26750972763	1.43349999838e-06
-5.25291828794	1.6097318857e-06
-5.23832684825	1.80662351456e-06
-5.22373540856	2.02646727559e-06
-5.20914396887	2.27179381389e-06
-5.19455252918	2.54539486221e-06
-5.17996108949	2.85034803974e-06
-5.1653696498	3.19004376127e-06
-5.15077821012	3.5682144089e-06
-5.13618677043	3.98896592701e-06
-5.12159533074	4.45681200899e-06
-5.10700389105	4.97671105282e-06
-5.09241245136	5.55410607047e-06
-5.07782101167	6.19496774464e-06
-5.06322957198	6.90584083429e-06
-5.0486381323	7.69389413845e-06
-5.03404669261	8.56697423522e-06
-5.01945525292	9.53366322081e-06
-5.00486381323	1.06033406797e-05
-4.99027237354	1.1786250124e-05
-4.97568093385	1.30935701453e-05
-4.96108949416	1.45374905286e-05
-4.94649805447	1.61312935792e-05
-4.93190661479	1.78894409203e-05
-4.9173151751	1.98276660183e-05
-4.90272373541	2.19630726936e-05
-4.88813229572	2.4314239875e-05
-4.87354085603	2.69013328521e-05
-4.85894941634	2.9746221276e-05
-4.84435797665	3.28726041511e-05
-4.82976653696	3.63061420541e-05
-4.81517509728	4.00745968021e-05
-4.80058365759	4.42079787793e-05
-4.7859922179	4.87387021147e-05
-4.77140077821	5.37017478821e-05
-4.75680933852	5.91348354712e-05
-4.74221789883	6.50786022493e-05
-4.72762645914	7.15767916052e-05
-4.71303501945	7.86764494287e-05
-4.69844357977	8.6428129041e-05
-4.68385214008	9.48861045468e-05
-4.66926070039	0.000104108592532
-4.6546692607	0.000114157981975
-4.64007782101	0.000125101072182
-4.62548638132	0.000137009318493
-4.61089494163	0.000149959085444
-4.59630350194	0.000164031906977
-4.58171206226	0.000179314753234
-4.56712062257	0.000195900303378
-4.55252918288	0.000213887223783
-4.53793774319	0.00023338045086
-4.5233463035	0.000254491477676
-4.50875486381	0.000277338643421
-4.49416342412	0.000302047424676
-4.47957198444	0.000328750727309
-4.46498054475	0.000357589177742
-4.45038910506	0.000388711412178
-4.43579766537	0.000422274362288
-4.42120622568	0.000458443535729
-4.40661478599	0.000497393289744
-4.3920233463	0.000539307095973
-4.37743190661	0.000584377794506
-4.36284046693	0.000632807835069
-4.34824902724	0.000684809503156
-4.33365758755	0.00074060512879
-4.31906614786	0.000800427275534
-4.30447470817	0.000864518907245
-4.28988326848	0.000933133530041
-4.27529182879	0.00100653530684
-4.2607003891	0.0010849991418
-4.24610894942	0.00116881073203
-4.23151750973	0.00125826658371
-4.21692607004	0.00135367399011
-4.20233463035	0.00145535096864
-4.18774319066	0.0015636261544
-4.17315175097	0.00167883864766
-4.15856031128	0.00180133781282
-4.14396887159	0.00193148302641
-4.12937743191	0.00206964337208
-4.11478599222	0.00221619728055
-4.10019455253	0.0023715321126
-4.08560311284	0.00253604368377
-4.07101167315	0.0027101357293
-4.05642023346	0.00289421930845
-4.04182879377	0.00308871214748
-4.02723735408	0.00329403792109
-4.0126459144	0.00351062547229
-3.99805447471	0.00373890797135
-3.98346303502	0.00397932201464
-3.96887159533	0.00423230666483
-3.95428015564	0.00449830243426
-3.93968871595	0.00477775021377
-3.92509727626	0.00507109015
-3.91050583658	0.00537876047416
-3.89591439689	0.00570119628639
-3.8813229572	0.00603882829981
-3.86673151751	0.00639208154906
-3.85214007782	0.00676137406861
-3.83754863813	0.00714711554651
-3.82295719844	0.00754970595955
-3.80836575875	0.00796953419647
-3.79377431907	0.00840697667583
-3.77918287938	0.00886239596581
-3.76459143969	0.00933613941317
-3.75	0.00982853778892
-3.73540856031	0.0103399039585
-3.72081712062	0.0108705315842
-3.70622568093	0.0114206938672
-3.69163424124	0.0119906423377
-3.67704280156	0.0125806057002
-3.66245136187	0.0131907887416
-3.64785992218	0.0138213713085
-3.63326848249	0.0144725073624
-3.6186770428	0.0151443241168
-3.60408560311	0.0158369212641
-3.58949416342	0.016550370297
-3.57490272373	0.0172847139294
-3.56031128405	0.0180399656206
-3.54571984436	0.0188161092075
-3.53112840467	0.0196130986466
-3.51653696498	0.020430857869
-3.50194552529	0.0212692807486
-3.4873540856	0.0221282311851
-3.47276264591	0.0230075433017
-3.45817120623	0.0239070217556
-3.44357976654	0.0248264421611
-3.42898832685	0.0257655516207
-3.41439688716	0.0267240693638
-3.39980544747	0.0277016874868
-3.38521400778	0.0286980717906
-3.37062256809	0.0297128627114
-3.3560311284	0.0307456763379
-3.34143968872	0.0317961055089
-3.32684824903	0.0328637209848
-3.31225680934	0.0339480726864
-3.29766536965	0.0350486909922
-3.28307392996	0.0361650880882
-3.26848249027	0.0372967593614
-3.25389105058	0.038443184829
-3.23929961089	0.0396038305963
-3.22470817121	0.0407781503336
-3.21011673152	0.0419655867669
-3.19552529183	0.0431655731709
-3.18093385214	0.0443775348614
-3.16634241245	0.0456008906754
-3.15175097276	0.0468350544349
-3.13715953307	0.0480794363869
-3.12256809338	0.0493334446134
-3.1079766537	0.0505964864047
-3.09338521401	0.051867969593
-3.07879377432	0.0531473038389
-3.06420233463	0.0544339018679
-3.04961089494	0.055727180653
-3.03501945525	0.0570265625389
-3.02042801556	0.0583314763065
-3.00583657587	0.0596413581743
-2.99124513619	0.0609556527352
-2.9766536965	0.0622738138268
-2.96206225681	0.0635953053356
-2.94747081712	0.0649196019328
-2.93287937743	0.0662461897432
-2.91828793774	0.0675745669464
-2.90369649805	0.0689042443122
-2.88910505837	0.0702347456698
-2.87451361868	0.0715656083136
-2.85992217899	0.072896383346
-2.8453307393	0.0742266359601
-2.83073929961	0.0755559456641
-2.81614785992	0.076883906449
-2.80155642023	0.0782101269034
-2.78696498054	0.0795342302769
-2.77237354086	0.0808558544958
-2.75778210117	0.0821746521326
-2.74319066148	0.0834902903333
-2.72859922179	0.0848024507055
-2.7140077821	0.0861108291691
-2.69941634241	0.0874151357736
-2.68482490272	0.0887150944841
-2.67023346303	0.0900104429393
-2.65564202335	0.0913009321849
-2.64105058366	0.0925863263828
-2.62645914397	0.0938664025024
-2.61186770428	0.0951409499924
-2.59727626459	0.0964097704393
-2.5826848249	0.0976726772119
-2.56809338521	0.0989294950966
-2.55350194552	0.100180059923
-2.53891050584	0.101424218186
-2.52431906615	0.102661826657
-2.50972762646	0.103892752001
-2.49513618677	0.105116870387
-2.48054474708	0.106334067098
-2.46595330739	0.107544236148
-2.4513618677	0.108747279895
-2.43677042801	0.109943108667
-2.42217898833	0.111131640383
-2.40758754864	0.112312800187
-2.39299610895	0.113486520088
-2.37840466926	0.114652738607
-2.36381322957	0.11581140043
-2.34922178988	0.116962456075
-2.33463035019	0.118105861563
-2.32003891051	0.119241578101
-2.30544747082	0.120369571776
-2.29085603113	0.12148981326
-2.27626459144	0.122602277519
-2.26167315175	0.123706943542
-2.24708171206	0.124803794074
-2.23249027237	0.125892815361
-2.21789883268	0.126973996907
-2.203307393	0.128047331242
-2.18871595331	0.129112813695
-2.17412451362	0.130170442188
-2.15953307393	0.131220217028
-2.14494163424	0.132262140717
-2.13035019455	0.133296217772
-2.11575875486	0.134322454545
-2.10116731517	0.135340859067
-2.08657587549	0.136351440888
-2.0719844358	0.137354210933
-2.05739299611	0.138349181365
-2.04280155642	0.139336365454
-2.02821011673	0.140315777456
-2.01361867704	0.1412874325
-1.99902723735	0.142251346479
-1.98443579766	0.143207535955
-1.96984435798	0.144156018058
-1.95525291829	0.145096810409
-1.9406614786	0.146029931032
-1.92607003891	0.146955398281
-1.91147859922	0.147873230775
-1.89688715953	0.148783447327
-1.88229571984	0.149686066892
-1.86770428015	0.150581108505
-1.85311284047	0.151468591242
-1.83852140078	0.152348534162
-1.82392996109	0.153220956275
-1.8093385214	0.154085876499
-1.79474708171	0.154943313629
-1.78015564202	0.155793286304
-1.76556420233	0.156635812977
-1.75097276265	0.157470911896
-1.73638132296	0.158298601076
-1.72178988327	0.159118898282
-1.70719844358	0.159931821012
-1.69260700389	0.160737386479
-1.6780155642	0.161535611601
-1.66342412451	0.162326512991
-1.64883268482	0.163110106941
-1.63424124514	0.163886409421
-1.61964980545	0.164655436071
-1.60505836576	0.165417202192
-1.59046692607	0.16617172275
-1.57587548638	0.166919012364
-1.56128404669	0.167659085314
-1.546692607	0.168391955534
-1.53210116731	0.169117636615
-1.51750972763	0.169836141806
-1.50291828794	0.170547484016
-1.48832684825	0.171251675815
-1.47373540856	0.171948729441
-1.45914396887	0.172638656798
-1.44455252918	0.173321469467
-1.42996108949	0.173997178703
-1.4153696498	0.174665795447
-1.40077821012	0.175327330327
-1.38618677043	0.175981793663
-1.37159533074	0.176629195477
-1.35700389105	0.177269545494
-1.34241245136	0.177902853151
-1.32782101167	0.178529127603
-1.31322957198	0.179148377727
-1.29863813229	0.179760612131
-1.28404669261	0.18036583916
-1.26945525292	0.1809640669
-1.25486381323	0.181555303187
-1.24027237354	0.182139555614
-1.22568093385	0.182716831534
-1.21108949416	0.183287138069
-1.19649805447	0.183850482116
-1.18190661479	0.184406870352
-1.1673151751	0.184956309242
-1.15272373541	0.185498805042
-1.13813229572	0.186034363809
-1.12354085603	0.186562991404
-1.10894941634	0.187084693497
-1.09435797665	0.187599475576
-1.07976653696	0.188107342951
-1.06517509728	0.188608300756
-1.05058365759	0.18910235396
-1.0359922179	0.189589507369
-1.02140077821	0.190069765629
-1.00680933852	0.190543133237
-0.992217898832	0.191009614538
-0.977626459143	0.191469213738
-0.963035019454	0.1919219349
-0.948443579766	0.192367781955
-0.933852140077	0.192806758703
-0.919260700388	0.193238868817
-0.9046692607	0.193664115851
-0.890077821011	0.194082503236
-0.875486381322	0.194494034291
-0.860894941633	0.194898712226
-0.846303501945	0.19529654014
-0.831712062256	0.19568752103
-0.817120622567	0.196071657792
-0.802529182879	0.196448953224
-0.78793774319	0.19681941003
-0.773346303501	0.197183030822
-0.758754863812	0.197539818125
-0.744163424124	0.197889774376
-0.729571984435	0.19823290193
-0.714980544746	0.19856920306
-0.700389105058	0.198898679963
-0.685797665369	0.199221334757
-0.67120622568	0.199537169491
-0.656614785991	0.199846186138
-0.642023346303	0.200148386604
-0.627431906614	0.200443772729
-0.612840466925	0.200732346285
-0.598249027237	0.201014108983
-0.583657587548	0.201289062472
-0.569066147859	0.20155720834
-0.55447470817	0.201818548119
-0.539883268482	0.202073083282
-0.525291828793	0.202320815249
-0.510700389104	0.202561745386
-0.496108949416	0.202795875007
-0.481517509727	0.203023205375
-0.466926070038	0.203243737704
-0.452334630349	0.203457473159
-0.437743190661	0.20366441286
-0.423151750972	0.203864557879
-0.408560311283	0.204057909244
-0.393968871594	0.204244467939
-0.379377431906	0.204424234906
-0.364785992217	0.204597211046
-0.350194552528	0.204763397216
-0.33560311284	0.204922794236
-0.321011673151	0.205075402886
-0.306420233462	0.205221223906
-0.291828793773	0.205360257999
-0.277237354085	0.205492505833
-0.262645914396	0.205617968037
-0.248054474707	0.205736645205
-0.233463035019	0.205848537896
-0.21887159533	0.205953646634
-0.204280155641	0.206051971908
-0.189688715952	0.206143514176
-0.175097276264	0.20622827386
-0.160505836575	0.206306251349
-0.145914396886	0.206377447002
-0.131322957198	0.206441861143
-0.116731517509	0.206499494066
-0.10214007782	0.206550346033
-0.0875486381314	0.206594417273
-0.0729571984427	0.206631707987
-0.058365758754	0.206662218342
-0.0437743190653	0.206685948476
-0.0291828793766	0.206702898496
-0.0145914396879	0.206713068477
8.5975671027e-13	0.206716458465
0.0145914396896	0.206713068477
0.0291828793783	0.206702898496
0.043774319067	0.206685948476
0.0583657587557	0.206662218342
0.0729571984444	0.206631707987
0.0875486381332	0.206594417273
0.102140077822	0.206550346033
0.116731517511	0.206499494066
0.131322957199	0.206441861143
0.145914396888	0.206377447002
0.160505836577	0.206306251349
0.175097276265	0.20622827386
0.189688715954	0.206143514176
0.204280155643	0.206051971908
0.218871595332	0.205953646634
0.23346303502	0.205848537896
0.248054474709	0.205736645205
0.262645914398	0.205617968037
0.277237354086	0.205492505833
0.291828793775	0.205360257999
0.306420233464	0.205221223906
0.321011673153	0.205075402886
0.335603112841	0.204922794236
0.35019455253	0.204763397216
0.364785992219	0.204597211046
0.379377431907	0.204424234906
0.393968871596	0.204244467939
0.408560311285	0.204057909244
0.423151750974	0.203864557879
0.437743190662	0.20366441286
0.452334630351	0.203457473159
0.46692607004	0.203243737704
0.481517509729	0.203023205375
0.496108949417	0.202795875007
0.510700389106	0.202561745386
0.525291828795	0.202320815249
0.539883268483	0.202073083282
0.554474708172	0.201818548119
0.569066147861	0.20155720834
0.58365758755	0.201289062472
0.598249027238	0.201014108983
0.612840466927	0.200732346285
0.627431906616	0.200443772729
0.642023346304	0.200148386604
0.656614785993	0.199846186138
0.671206225682	0.199537169491
0.685797665371	0.199221334757
0.700389105059	0.198898679963
0.714980544748	0.19856920306
0.729571984437	0.19823290193
0.744163424125	0.197889774376
0.758754863814	0.197539818125
0.773346303503	0.197183030822
0.787937743192	0.19681941003
0.80252918288	0.196448953224
0.817120622569	0.196071657792
0.831712062258	0.19568752103
0.846303501946	0.19529654014
0.860894941635	0.194898712226
0.875486381324	0.194494034291
0.890077821013	0.194082503236
0.904669260701	0.193664115851
0.91926070039	0.193238868817
0.933852140079	0.192806758703
0.948443579767	0.192367781955
0.963035019456	0.1919219349
0.977626459145	0.191469213738
0.992217898834	0.191009614538
1.00680933852	0.190543133237
1.02140077821	0.190069765629
1.0359922179	0.189589507369
1.05058365759	0.18910235396
1.06517509728	0.188608300756
1.07976653697	0.188107342951
1.09435797665	0.187599475576
1.10894941634	0.187084693497
1.12354085603	0.186562991404
1.13813229572	0.186034363809
1.15272373541	0.185498805042
1.1673151751	0.184956309242
1.18190661479	0.184406870352
1.19649805448	0.183850482116
1.21108949416	0.183287138069
1.22568093385	0.182716831534
1.24027237354	0.182139555614
1.25486381323	0.181555303187
1.26945525292	0.1809640669
1.28404669261	0.18036583916
1.2986381323	0.179760612131
1.31322957199	0.179148377727
1.32782101167	0.178529127603
1.34241245136	0.177902853152
1.35700389105	0.177269545494
1.37159533074	0.176629195477
1.38618677043	0.175981793663
1.40077821012	0.175327330327
1.41536964981	0.174665795447
1.4299610895	0.173997178703
1.44455252918	0.173321469467
1.45914396887	0.172638656798
1.47373540856	0.171948729441
1.48832684825	0.171251675815
1.50291828794	0.170547484016
1.51750972763	0.169836141806
1.53210116732	0.169117636615
1.546692607	0.168391955534
1.56128404669	0.167659085314
1.57587548638	0.166919012364
1.59046692607	0.16617172275
1.60505836576	0.165417202192
1.61964980545	0.164655436071
1.63424124514	0.163886409421
1.64883268483	0.163110106941
1.66342412451	0.162326512991
1.6780155642	0.161535611601
1.69260700389	0.160737386479
1.70719844358	0.159931821012
1.72178988327	0.159118898282
1.73638132296	0.158298601076
1.75097276265	0.157470911896
1.76556420234	0.156635812977
1.78015564202	0.155793286304
1.79474708171	0.154943313629
1.8093385214	0.154085876499
1.82392996109	0.153220956275
1.83852140078	0.152348534162
1.85311284047	0.151468591242
1.86770428016	0.150581108506
1.88229571985	0.149686066892
1.89688715953	0.148783447327
1.91147859922	0.147873230775
1.92607003891	0.146955398282
1.9406614786	0.146029931032
1.95525291829	0.145096810409
1.96984435798	0.144156018058
1.98443579767	0.143207535955
1.99902723736	0.142251346479
2.01361867704	0.1412874325
2.02821011673	0.140315777456
2.04280155642	0.139336365454
2.05739299611	0.138349181365
2.0719844358	0.137354210933
2.08657587549	0.136351440888
2.10116731518	0.135340859067
2.11575875486	0.134322454545
2.13035019455	0.133296217772
2.14494163424	0.132262140718
2.15953307393	0.131220217028
2.17412451362	0.130170442188
2.18871595331	0.129112813695
2.203307393	0.128047331242
2.21789883269	0.126973996907
2.23249027237	0.125892815361
2.24708171206	0.124803794074
2.26167315175	0.123706943542
2.27626459144	0.122602277519
2.29085603113	0.12148981326
2.30544747082	0.120369571776
2.32003891051	0.119241578101
2.3346303502	0.118105861563
2.34922178988	0.116962456075
2.36381322957	0.11581140043
2.37840466926	0.114652738607
2.39299610895	0.113486520088
2.40758754864	0.112312800187
2.42217898833	0.111131640383
2.43677042802	0.109943108667
2.45136186771	0.108747279895
2.46595330739	0.107544236148
2.48054474708	0.106334067098
2.49513618677	0.105116870387
2.50972762646	0.103892752001
2.52431906615	0.102661826657
2.53891050584	0.101424218186
2.55350194553	0.100180059924
2.56809338522	0.0989294950969
2.5826848249	0.0976726772122
2.59727626459	0.0964097704396
2.61186770428	0.0951409499928
2.62645914397	0.0938664025027
2.64105058366	0.0925863263832
2.65564202335	0.0913009321852
2.67023346304	0.0900104429397
2.68482490272	0.0887150944844
2.69941634241	0.087415135774
2.7140077821	0.0861108291695
2.72859922179	0.0848024507058
2.74319066148	0.0834902903336
2.75778210117	0.0821746521329
2.77237354086	0.0808558544962
2.78696498055	0.0795342302773
2.80155642023	0.0782101269038
2.81614785992	0.0768839064494
2.83073929961	0.0755559456645
2.8453307393	0.0742266359605
2.85992217899	0.0728963833464
2.87451361868	0.071565608314
2.88910505837	0.0702347456702
2.90369649806	0.0689042443126
2.91828793774	0.0675745669468
2.93287937743	0.0662461897436
2.94747081712	0.0649196019332
2.96206225681	0.063595305336
2.9766536965	0.0622738138272
2.99124513619	0.0609556527356
3.00583657588	0.0596413581748
3.02042801557	0.058331476307
3.03501945525	0.0570265625394
3.04961089494	0.0557271806535
3.06420233463	0.0544339018684
3.07879377432	0.0531473038393
3.09338521401	0.0518679695934
3.1079766537	0.0505964864051
3.12256809339	0.0493334446138
3.13715953307	0.0480794363874
3.15175097276	0.0468350544353
3.16634241245	0.0456008906759
3.18093385214	0.0443775348619
3.19552529183	0.0431655731714
3.21011673152	0.0419655867673
3.22470817121	0.0407781503341
3.2392996109	0.0396038305967
3.25389105058	0.0384431848295
3.26848249027	0.0372967593619
3.28307392996	0.0361650880887
3.29766536965	0.0350486909927
3.31225680934	0.0339480726869
3.32684824903	0.0328637209853
3.34143968872	0.0317961055093
3.35603112841	0.0307456763383
3.37062256809	0.0297128627118
3.38521400778	0.028698071791
3.39980544747	0.0277016874872
3.41439688716	0.0267240693643
3.42898832685	0.0257655516211
3.44357976654	0.0248264421615
3.45817120623	0.0239070217561
3.47276264592	0.0230075433021
3.4873540856	0.0221282311855
3.50194552529	0.021269280749
3.51653696498	0.0204308578694
3.53112840467	0.019613098647
3.54571984436	0.0188161092079
3.56031128405	0.018039965621
3.57490272374	0.0172847139298
3.58949416343	0.0165503702974
3.60408560311	0.0158369212644
3.6186770428	0.0151443241171
3.63326848249	0.0144725073627
3.64785992218	0.0138213713088
3.66245136187	0.0131907887419
3.67704280156	0.0125806057005
3.69163424125	0.011990642338
3.70622568093	0.0114206938675
3.72081712062	0.0108705315845
3.73540856031	0.0103399039588
3.75	0.0098285377892
3.76459143969	0.00933613941344
3.77918287938	0.00886239596607
3.79377431907	0.00840697667608
3.80836575876	0.00796953419671
3.82295719844	0.00754970595979
3.83754863813	0.00714711554674
3.85214007782	0.00676137406883
3.86673151751	0.00639208154927
3.8813229572	0.00603882830002
3.89591439689	0.00570119628659
3.91050583658	0.00537876047435
3.92509727627	0.00507109015018
3.93968871595	0.00477775021395
3.95428015564	0.00449830243443
3.96887159533	0.004232306665
3.98346303502	0.0039793220148
3.99805447471	0.00373890797149
4.0126459144	0.00351062547243
4.02723735409	0.00329403792122
4.04182879378	0.00308871214761
4.05642023346	0.00289421930857
4.07101167315	0.00271013572942
4.08560311284	0.00253604368388
4.10019455253	0.00237153211271
4.11478599222	0.00221619728065
4.12937743191	0.00206964337218
4.1439688716	0.0019314830265
4.15856031129	0.00180133781291
4.17315175097	0.00167883864775
4.18774319066	0.00156362615448
4.20233463035	0.00145535096872
4.21692607004	0.00135367399019
4.23151750973	0.00125826658378
4.24610894942	0.00116881073209
4.26070038911	0.00108499914186
4.27529182879	0.00100653530689
4.28988326848	0.000933133530096
4.30447470817	0.000864518907297
4.31906614786	0.000800427275583
4.33365758755	0.000740605128836
4.34824902724	0.000684809503199
4.36284046693	0.000632807835111
4.37743190662	0.000584377794545
4.3920233463	0.00053930709601
4.40661478599	0.000497393289778
4.42120622568	0.000458443535761
4.43579766537	0.000422274362318
4.45038910506	0.000388711412206
4.46498054475	0.000357589177769
4.47957198444	0.000328750727334
4.49416342413	0.000302047424699
4.50875486381	0.000277338643443
4.5233463035	0.000254491477696
4.53793774319	0.000233380450879
4.55252918288	0.000213887223801
4.56712062257	0.000195900303395
4.58171206226	0.000179314753249
4.59630350195	0.000164031906991
4.61089494164	0.000149959085457
4.62548638132	0.000137009318505
4.64007782101	0.000125101072193
4.6546692607	0.000114157981986
4.66926070039	0.000104108592542
4.68385214008	9.4886104556e-05
4.69844357977	8.64281290495e-05
4.71303501946	7.86764494367e-05
4.72762645915	7.15767916126e-05
4.74221789883	6.50786022561e-05
4.75680933852	5.91348354775e-05
4.77140077821	5.3701747888e-05
4.7859922179	4.87387021201e-05
4.80058365759	4.42079787843e-05
4.81517509728	4.00745968067e-05
4.82976653697	3.63061420583e-05
4.84435797665	3.2872604155e-05
4.85894941634	2.97462212796e-05
4.87354085603	2.69013328554e-05
4.88813229572	2.4314239878e-05
4.90272373541	2.19630726964e-05
4.9173151751	1.98276660209e-05
4.93190661479	1.78894409227e-05
4.94649805448	1.61312935814e-05
4.96108949416	1.45374905306e-05
4.97568093385	1.30935701472e-05
4.99027237354	1.17862501257e-05
5.00486381323	1.06033406813e-05
5.01945525292	9.53366322225e-06
5.03404669261	8.56697423654e-06
5.0486381323	7.69389413966e-06
5.06322957199	6.90584083541e-06
5.07782101167	6.19496774565e-06
5.09241245136	5.5541060714e-06
5.10700389105	4.97671105367e-06
5.12159533074	4.45681200977e-06
5.13618677043	3.98896592771e-06
5.15077821012	3.56821440954e-06
5.16536964981	3.19004376186e-06
5.1799610895	2.85034804027e-06
5.19455252918	2.54539486269e-06
5.20914396887	2.27179381433e-06
5.22373540856	2.02646727598e-06
5.23832684825	1.80662351492e-06
5.25291828794	1.60973188602e-06
5.26750972763	1.43349999867e-06
5.28210116732	1.2758527127e-06
5.29669260701	1.13491283415e-06
5.31128404669	1.00898338917e-06
5.32587548638	8.96531361186e-07
5.34046692607	7.96172783741e-07
5.35505836576	7.06659087541e-07
5.36964980545	6.26864607034e-07
5.38424124514	5.55775157611e-07
5.39883268483	4.9247760045e-07
5.41342412451	4.36150317517e-07
5.4280155642	3.86054524493e-07
5.44260700389	3.4152635437e-07
5.45719844358	3.01969649172e-07
5.47178988327	2.66849401738e-07
5.48638132296	2.35685793672e-07
5.50097276265	2.08048779556e-07
5.51556420234	1.83553171222e-07
5.53015564202	1.61854179383e-07
5.54474708171	1.42643373188e-07
5.5593385214	1.25645021336e-07
5.57392996109	1.10612781232e-07
5.58852140078	9.73267053444e-08
5.60311284047	8.55905364061e-08
5.61770428016	7.52292654173e-08
5.63229571985	6.60869285377e-08
5.64688715953	5.80246209758e-08
5.66147859922	5.09187078035e-08
5.67607003891	4.46592133478e-08
5.6906614786	3.91483723816e-08
5.70525291829	3.42993277985e-08
5.71984435798	3.00349607983e-08
5.73443579767	2.62868408469e-08
5.74902723736	2.29942838117e-08
5.76361867704	2.01035077275e-08
5.77821011673	1.75668765979e-08
5.79280155642	1.53422235258e-08
5.80739299611	1.33922452695e-08
5.8219844358	1.16839610619e-08
5.83657587549	1.01882292023e-08
5.85116731518	8.87931554938e-09
5.86575875487	7.73450860342e-09
5.88035019455	6.73377638102e-09
5.89494163424	5.85946075016e-09
5.90953307393	5.09600531867e-09
5.92412451362	4.42971335412e-09
5.93871595331	3.84853256429e-09
5.953307393	3.34186388441e-09
5.96789883269	2.90039170541e-09
5.98249027237	2.51593323718e-09
5.99708171206	2.18130493879e-09
6.01167315175	1.89020415798e-09
6.02626459144	1.63710431694e-09
6.04085603113	1.41716215342e-09
6.05544747082	1.22613568381e-09
6.07003891051	1.06031169526e-09
6.0846303502	9.16441701095e-10
6.09922178988	7.91685407329e-10
6.11381322957	6.83560841596e-10
6.12840466926	5.89900386776e-10
6.14299610895	5.08812044784e-10
6.15758754864	4.38645329711e-10
6.17217898833	3.77961256012e-10
6.18677042802	3.25505946376e-10
6.20136186771	2.8018743736e-10
6.21595330739	2.41055307686e-10
6.23054474708	2.07282797085e-10
6.24513618677	1.78151120668e-10
6.25972762646	1.53035717793e-10
6.27431906615	1.31394204176e-10
6.28891050584	1.12755822771e-10
6.30350194553	9.6712212592e-11
6.31809338522	8.29093357572e-11
6.3326848249	7.10404215642e-11
6.34727626459	6.08398034349e-11
6.36186770428	5.20775387927e-11
6.37645914397	4.45547153403e-11
6.39105058366	3.8099358551e-11
6.40564202335	3.25628655432e-11
6.42023346304	2.78168994748e-11
6.43482490272	2.37506866112e-11
6.44941634241	2.02686651764e-11
6.4640077821	1.72884415301e-11
6.47859922179	1.47390144601e-11
6.49319066148	1.2559233362e-11
6.50778210117	1.06964602757e-11
6.52237354086	9.1054095074e-12
6.53696498055	7.74714185479e-12
6.55155642023	6.58819335955e-12
6.56614785992	5.59982099056e-12
6.58073929961	4.75734999942e-12
6.5953307393	4.03960953024e-12
6.60992217899	3.42844485383e-12
6.62451361868	2.90829605122e-12
6.63910505837	2.46583431633e-12
6.65369649806	2.08964816887e-12
6.66828793774	1.76997289135e-12
6.68287937743	1.49845735629e-12
6.69747081712	1.2679632118e-12
6.71206225681	1.0723920141e-12
6.7266536965	9.06536514506e-13
6.74124513619	7.65952791436e-13
6.75583657588	6.46850372551e-13
6.77042801557	5.45997866126e-13
6.78501945525	4.60641962318e-13
6.79961089494	3.88437939717e-13
6.81420233463	3.27390090911e-13
6.82879377432	2.75800668357e-13
6.84338521401	2.3222616108e-13
6.8579766537	1.95439869529e-13
6.87256809339	1.64399890869e-13
6.88715953308	1.38221744556e-13
6.90175097276	1.161549835e-13
6.91634241245	9.75632142839e-14
6.93093385214	8.19070473506e-14
6.94552529183	6.8729549827e-14
6.96011673152	5.76438431301e-14
6.97470817121	4.83225332409e-14
6.9892996109	4.04887095129e-14
7.00389105058	3.39082820127e-14
7.01848249027	2.83834635588e-14
7.03307392996	2.37472255856e-14
7.04766536965	1.98585888462e-14
7.06225680934	1.65986222705e-14
7.07684824903	1.38670468754e-14
7.09143968872	1.15793541891e-14
7.10603112841	9.66436305284e-15
7.12062256809	8.06214863737e-15
7.13521400778	6.72228887757e-15
7.14980544747	5.60237884222e-15
7.16439688716	4.66677468155e-15
7.17898832685	3.885531001e-15
7.19357976654	3.23350276591e-15
7.20817120623	2.68958656604e-15
7.22276264592	2.23608019311e-15
7.2373540856	1.85814198544e-15
7.25194552529	1.54333509332e-15
7.26653696498	1.2812429571e-15
7.28112840467	1.06314574597e-15
7.29571984436	8.81747606056e-16
7.31031128405	7.30947318396e-16
7.32490272374	6.05645210491e-16
7.33949416343	5.01580962528e-16
7.35408560311	4.15197237463e-16
7.3686770428	3.43525279535e-16
7.38326848249	2.84088660848e-16
7.39785992218	2.34822763901e-16
7.41245136187	1.94007139191e-16
7.42704280156	1.60208890438e-16
7.44163424125	1.3223518453e-16
7.45622568094	1.09093570476e-16
7.47081712062	8.99586880856e-17
7.48540856031	7.41445535681e-17
7.5	6.10811560903e-17
7.51459143969	5.02950351582e-17
7.52918287938	4.13937215725e-17
7.54377431907	3.40514820139e-17
7.55836575876	2.79981703636e-17
7.57295719844	2.30099444832e-17
7.58754863813	1.89013916811e-17
7.60214007782	1.55190312488e-17
7.61673151751	1.27358531254e-17
7.6313229572	1.04468242097e-17
7.64591439689	8.56511819329e-18
7.66050583658	7.0190039828e-18
7.67509727627	5.74924318411e-18
7.68968871595	4.70694412795e-18
7.70428015564	3.85177134059e-18
7.71887159533	3.15047168346e-18
7.73346303502	2.57563462766e-18
7.74805447471	2.10468295512e-18
7.7626459144	1.71902796498e-18
7.77723735409	1.40337298659e-18
7.79182879378	1.14513605141e-18
7.80642023346	9.33974916645e-19
7.82101167315	7.61389850627e-19
7.83560311284	6.20402908937e-19
7.85019455253	5.05283849046e-19
7.86478599222	4.11331746587e-19
7.87937743191	3.34690965968e-19
7.8939688716	2.72201926342e-19
7.90856031129	2.2127563094e-19
7.92315175097	1.7979237729e-19
7.93774319066	1.46017232854e-19
7.95233463035	1.18531460969e-19
7.96692607004	9.61742935136e-20
7.98151750973	7.79975893778e-20
7.99610894942	6.32265969008e-20
8.01070038911	5.12290228891e-20
8.0252918288	4.14885893159e-20
8.03988326848	3.35844198956e-20
8.05447470817	2.71732637956e-20
8.06906614786	2.19758895407e-20
8.08365758755	1.77643752733e-20
8.09824902724	1.43533684285e-20
8.11284046693	1.15919842739e-20
8.12743190662	9.35758596355e-21
8.1420233463	7.55034426696e-21
8.15661478599	6.08931170598e-21
8.17120622568	4.90868661147e-21
8.18579766537	3.95521903937e-21
8.20038910506	3.18554040191e-21
8.21498054475	2.56451167001e-21
8.22957198444	2.0636396916e-21
8.24416342413	1.65987514524e-21
8.25875486381	1.33451961447e-21
8.2733463035	1.07247160807e-21
8.28793774319	8.61494635873e-22
8.30252918288	6.91743455735e-22
8.31712062257	5.55204380795e-22
8.33171206226	4.45438625368e-22
8.34630350195	3.57229656622e-22
8.36089494164	2.86376989035e-22
8.37548638132	2.29482287292e-22
8.39007782101	1.83816540751e-22
8.4046692607	1.47172276787e-22
8.41926070039	1.17798833131e-22
8.43385214008	9.42569565149e-23
8.44844357977	7.53977316561e-23
8.46303501946	6.02931750287e-23
8.47762645915	4.82030330254e-23
8.49221789883	3.85244880611e-23
8.50680933852	3.07822068975e-23
8.52140077821	2.45877031765e-23
8.5359922179	1.96385102797e-23
8.55058365759	1.56835557044e-23
8.56517509728	1.25244736737e-23
8.57976653697	9.9994110001e-24
8.59435797666	7.98327163039e-24
8.60894941634	6.37222125454e-24
8.62354085603	5.08548159647e-24
8.63813229572	4.05678326909e-24
8.65272373541	3.23777614766e-24
8.6673151751	2.58444194506e-24
8.68190661479	2.06417210479e-24
8.69649805448	1.64924170916e-24
8.71108949416	1.31850595031e-24
8.72568093385	1.05437095493e-24
8.74027237354	8.43556566665e-25
8.75486381323	6.74894469299e-25
8.76945525292	5.40880632528e-25
8.78404669261	4.33879049709e-25
8.7986381323	3.48679736711e-25
8.81322957199	2.80460148768e-25
8.82782101167	2.26002355381e-25
8.84241245136	1.82136880399e-25
8.85700389105	1.47019652655e-25
8.87159533074	1.186106408e-25
8.88618677043	9.60574828857e-26
8.90077821012	7.80127366061e-26
8.91536964981	6.36633721124e-26
8.9299610895	5.20646882722e-26
8.94455252918	4.27551097871e-26
8.95914396887	3.51530906012e-26
8.97373540856	2.90203732766e-26
8.98832684825	2.39333215314e-26
9.00291828794	1.99076474531e-26
9.01750972763	1.66451895567e-26
9.03210116732	1.4025514225e-26
9.04669260701	1.18212268178e-26
9.06128404669	1.00191570592e-26
9.07587548638	8.4881741715e-27
9.09046692607	7.21062678083e-27
9.10505836576	6.0813825782e-27
9.11964980545	5.20710742969e-27
9.13424124514	4.48598262874e-27
9.14883268483	3.91872772059e-27
9.16342412452	3.42519700223e-27
9.1780155642	3.0182579999e-27
9.19260700389	2.64814728041e-27
9.20719844358	2.33244709074e-27
9.22178988327	2.0311438509e-27
9.23638132296	1.80278485215e-27
9.25097276265	1.60844876911e-27
9.26556420234	1.46769549257e-27
9.28015564202	1.33267847482e-27
9.29474708171	1.2280796282e-27
9.3093385214	1.12780046e-27
9.32392996109	1.03537477727e-27
9.33852140078	9.34236852794e-28
9.35311284047	8.72477120189e-28
9.36770428016	8.18922927008e-28
9.38229571985	7.82396352868e-28
9.39688715953	7.38562874663e-28
9.41147859922	7.02184233026e-28
9.42607003891	6.60962185246e-28
9.4406614786	6.2594418426e-28
9.45525291829	5.78292004358e-28
9.46984435798	5.50257260159e-28
9.48443579767	5.32396459558e-28
9.49902723736	5.24936342832e-28
9.51361867704	5.07883261779e-28
9.52821011673	4.9915156342e-28
9.54280155642	4.83547625907e-28
9.55739299611	4.74559889735e-28
9.5719844358	4.53011554679e-28
9.58657587549	4.4058356878e-28
9.60116731518	4.30088381016e-28
9.61575875487	4.29849055319e-28
9.63035019455	4.25538708525e-28
9.64494163424	4.21690314147e-28
9.65953307393	4.1010742552e-28
9.67412451362	4.04410188387e-28
9.68871595331	3.877735643e-28
9.703307393	3.79595054864e-28
9.71789883269	3.71550383227e-28
9.73249027237	3.67202323768e-28
9.74708171206	3.57892215246e-28
9.76167315175	3.46095859933e-28
9.77626459144	3.26171187702e-28
9.79085603113	3.12973176812e-28
9.80544747082	2.95799139165e-28
9.82003891051	2.86344283749e-28
9.8346303502	2.78533608793e-28
9.84922178988	2.77769925688e-28
9.86381322957	2.72205824412e-28
9.87840466926	2.70465913142e-28
9.89299610895	2.66471539097e-28
9.90758754864	2.67402001226e-28
9.92217898833	2.71057428583e-28
9.93677042802	2.72743976668e-28
9.95136186771	2.69121736692e-28
9.96595330739	2.67979088113e-28
9.98054474708	2.6162112688e-28
9.99513618677	2.57459004179e-28
10.0097276265	2.5439886764e-28
10.0243190661	2.57047188997e-28
10.0389105058	2.60967061698e-28
10.0535019455	2.61917643871e-28
10.0680933852	2.60637855558e-28
10.0826848249	2.61963420859e-28
10.0972762646	2.62443732802e-28
10.1118677043	2.60869825944e-28
10.126459144	2.59086956971e-28
10.1410505837	2.65189363705e-28
10.1556420233	2.74803668147e-28
10.170233463	2.79452960836e-28
10.1848249027	2.81350784849e-28
10.1994163424	2.79976804631e-28
10.2140077821	2.75789962088e-28
10.2285992218	2.75241095911e-28
10.2431906615	2.78276602053e-28
10.2577821012	2.87022354028e-28
10.2723735409	3.00704297996e-28
10.2869649805	3.05435972818e-28
10.3015564202	3.06210944403e-28
10.3161478599	3.05492340521e-28
10.3307392996	3.0011625043e-28
10.3453307393	2.91596167651e-28
10.359922179	2.84558398696e-28
10.3745136187	2.82360515178e-28
10.3891050584	2.85490483034e-28
10.4036964981	2.83061405216e-28
10.4182879377	2.78326209143e-28
10.4328793774	2.74412214275e-28
10.4474708171	2.67868273245e-28
10.4620622568	2.58464831397e-28
10.4766536965	2.53823140738e-28
10.4912451362	2.54895733231e-28
10.5058365759	2.66483494853e-28
10.5204280156	2.67328070128e-28
10.5350194553	2.62561456304e-28
10.5496108949	2.56679270457e-28
10.5642023346	2.49765485479e-28
10.5787937743	2.42411541053e-28
10.593385214	2.37724499224e-28
10.6079766537	2.38065455386e-28
10.6225680934	2.47113257839e-28
10.6371595331	2.43672873251e-28
10.6517509728	2.35319209504e-28
10.6663424125	2.28265121499e-28
10.6809338521	2.20076526981e-28
10.6955252918	2.11683607491e-28
10.7101167315	2.07421086365e-28
10.7247081712	2.06030266343e-28
10.7392996109	2.09606860451e-28
10.7538910506	2.06804472487e-28
10.7684824903	2.03591268406e-28
10.78307393	2.03037569481e-28
10.7976653697	2.02987952448e-28
10.8122568093	2.0079463802e-28
10.826848249	2.00492837871e-28
10.8414396887	2.04912659504e-28
10.8560311284	2.14824555393e-28
10.8706225681	2.16225063151e-28
10.8852140078	2.13885461089e-28
10.8998054475	2.11518814763e-28
10.9143968872	2.11921844889e-28
10.9289883268	2.13347219174e-28
10.9435797665	2.17183444123e-28
10.9581712062	2.24501057214e-28
10.9727626459	2.42020534483e-28
10.9873540856	2.53851285352e-28
11.0019455253	2.61935004135e-28
11.016536965	2.83233409572e-28
11.0311284047	3.10274813759e-28
11.0457198444	3.54429570331e-28
11.060311284	4.15800941553e-28
11.0749027237	4.96754742456e-28
11.0894941634	6.0612166429e-28
11.1040856031	7.5035845231e-28
11.1186770428	9.45733870415e-28
11.1332684825	1.20976062825e-27
11.1478599222	1.55155271976e-27
11.1624513619	2.01241757013e-27
11.1770428016	2.63466827478e-27
11.1916342412	3.46800316925e-27
11.2062256809	4.59750598923e-27
11.2208171206	6.04247262966e-27
11.2354085603	8.11378138658e-27
11.25	1.0044307023e-26
11.2645914397	8.20352044379e-27
11.2791828794	6.20499515361e-27
11.2937743191	4.79750979136e-27
11.3083657588	3.70814641638e-27
11.3229571984	2.87636189232e-27
11.3375486381	2.26806003227e-27
11.3521400778	1.82547957965e-27
11.3667315175	1.49761110939e-27
11.3813229572	1.24613705532e-27
11.3959143969	1.07444151427e-27
11.4105058366	9.47438081084e-28
11.4250972763	8.60561052975e-28
11.439688716	7.86155856321e-28
11.4542801556	7.36456520099e-28
11.4688715953	7.02359517762e-28
11.483463035	6.83921628205e-28
11.4980544747	6.61780095012e-28
11.5126459144	6.61357812629e-28
11.5272373541	6.49509872665e-28
11.5418287938	6.3897321476e-28
11.5564202335	6.23186934162e-28
11.5710116732	6.20343848734e-28
11.5856031128	6.12170192911e-28
11.6001945525	6.13599806055e-28
11.6147859922	6.07998766268e-28
11.6293774319	6.08911626474e-28
11.6439688716	5.95803523575e-28
11.6585603113	5.77984422742e-28
11.673151751	5.36845599391e-28
11.6877431907	5.19963518487e-28
11.7023346304	5.09907359835e-28
11.71692607	5.08335151874e-28
11.7315175097	5.00651111758e-28
11.7461089494	5.08851470005e-28
11.7607003891	5.17903353003e-28
11.7752918288	5.34693806835e-28
11.7898832685	5.42177947292e-28
11.8044747082	5.60888124752e-28
11.8190661479	5.83315829188e-28
11.8336575876	6.1203643707e-28
11.8482490272	6.33224717553e-28
11.8628404669	6.71731055975e-28
11.8774319066	7.06672314359e-28
11.8920233463	7.39015684767e-28
11.906614786	7.60256208528e-28
11.9212062257	7.81434875752e-28
11.9357976654	7.95889603478e-28
11.9503891051	8.15289787973e-28
11.9649805447	8.13394639953e-28
11.9795719844	8.12003029318e-28
11.9941634241	8.00911406626e-28
12.0087548638	7.86210749285e-28
12.0233463035	7.57230542603e-28
12.0379377432	7.45287542837e-28
12.0525291829	7.3275523501e-28
12.0671206226	7.24684742026e-28
12.0817120623	7.10771191196e-28
12.0963035019	7.13620609167e-28
12.1108949416	7.17056532882e-28
12.1254863813	7.3394107942e-28
12.140077821	7.47411762252e-28
12.1546692607	7.63983566893e-28
12.1692607004	7.74437543474e-28
12.1838521401	7.86015078115e-28
12.1984435798	7.84634573313e-28
12.2130350195	7.93317877731e-28
12.2276264591	7.96789038339e-28
12.2422178988	8.0516062966e-28
12.2568093385	8.12703908189e-28
12.2714007782	8.28187172896e-28
12.2859922179	8.4044527058e-28
12.3005836576	8.60247590484e-28
12.3151750973	8.66761213161e-28
12.329766537	8.76132446984e-28
12.3443579767	8.80287319546e-28
12.3589494163	8.9092702932e-28
12.373540856	9.03004820407e-28
12.3881322957	9.20339072171e-28
12.4027237354	9.33104798332e-28
12.4173151751	9.46955441905e-28
12.4319066148	9.490602156e-28
12.4464980545	9.61272552157e-28
12.4610894942	9.7772998276e-28
12.4756809339	1.00960141138e-27
12.4902723735	1.04364672543e-27
12.5048638132	1.07144935964e-27
12.5194552529	1.08919345101e-27
12.5340466926	1.10584988471e-27
12.5486381323	1.10332292361e-27
12.563229572	1.1091300398e-27
12.5778210117	1.1101507136e-27
12.5924124514	1.10680477823e-27
12.6070038911	1.1017046023e-27
12.6215953307	1.09282444516e-27
12.6361867704	1.08084953953e-27
12.6507782101	1.07255822008e-27
12.6653696498	1.06013888068e-27
12.6799610895	1.06432822384e-27
12.6945525292	1.07576843887e-27
12.7091439689	1.10125389125e-27
12.7237354086	1.14215305933e-27
12.7383268483	1.17332054915e-27
12.7529182879	1.1843813506e-27
12.7675097276	1.18800860867e-27
12.7821011673	1.18922793343e-27
12.796692607	1.19105679642e-27
12.8112840467	1.19898652591e-27
12.8258754864	1.22295597147e-27
12.8404669261	1.25617675086e-27
12.8550583658	1.26882265741e-27
12.8696498054	1.27807665974e-27
12.8842412451	1.27600706416e-27
12.8988326848	1.26284069818e-27
12.9134241245	1.26851983239e-27
12.9280155642	1.27599821859e-27
12.9426070039	1.28518158761e-27
12.9571984436	1.2933699314e-27
12.9717898833	1.28727886677e-27
12.986381323	1.27764518808e-27
13.0009727626	1.26468457453e-27
13.0155642023	1.24228809838e-27
13.030155642	1.23184405156e-27
13.0447470817	1.22412971941e-27
13.0593385214	1.22447291843e-27
13.0739299611	1.24568244684e-27
13.0885214008	1.25334262045e-27
13.1031128405	1.24428742142e-27
13.1177042802	1.23151273086e-27
13.1322957198	1.2161433196e-27
13.1468871595	1.20283432106e-27
13.1614785992	1.1989738453e-27
13.1760700389	1.21123083059e-27
13.1906614786	1.24056114704e-27
13.2052529183	1.23788094117e-27
13.219844358	1.23454543081e-27
13.2344357977	1.22038766986e-27
13.2490272374	1.19318737484e-27
13.263618677	1.18311845872e-27
13.2782101167	1.17557904683e-27
13.2928015564	1.16569255137e-27
13.3073929961	1.17739064187e-27
13.3219844358	1.17621439985e-27
13.3365758755	1.16818604029e-27
13.3511673152	1.14783825159e-27
13.3657587549	1.12899430682e-27
13.3803501946	1.11059477185e-27
13.3949416342	1.10154508832e-27
13.4095330739	1.11010561719e-27
13.4241245136	1.14160151256e-27
13.4387159533	1.14594879526e-27
13.453307393	1.14839097524e-27
13.4678988327	1.14553242593e-27
13.4824902724	1.14058863085e-27
13.4970817121	1.1231766659e-27
13.5116731518	1.12192991106e-27
13.5262645914	1.13107431116e-27
13.5408560311	1.15934630091e-27
13.5554474708	1.17176705568e-27
13.5700389105	1.17995988712e-27
13.5846303502	1.17334663297e-27
13.5992217899	1.16156646314e-27
13.6138132296	1.15271614816e-27
13.6284046693	1.15451809498e-27
13.642996109	1.15740939734e-27
13.6575875486	1.2001382569e-27
13.6721789883	1.21503250905e-27
13.686770428	1.21902669483e-27
13.7013618677	1.21592644197e-27
13.7159533074	1.2203747343e-27
13.7305447471	1.21837783585e-27
13.7451361868	1.21863970952e-27
13.7597276265	1.22997701682e-27
13.7743190661	1.26574799873e-27
13.7889105058	1.26489773486e-27
13.8035019455	1.2645059605e-27
13.8180933852	1.24788281991e-27
13.8326848249	1.23109980621e-27
13.8472762646	1.21945792099e-27
13.8618677043	1.22401298098e-27
13.876459144	1.2287886441e-27
13.8910505837	1.25426526651e-27
13.9056420233	1.25420893446e-27
13.920233463	1.25376010722e-27
13.9348249027	1.23582744127e-27
13.9494163424	1.23083086224e-27
13.9640077821	1.22735231453e-27
13.9785992218	1.23237755269e-27
13.9931906615	1.23480988646e-27
14.0077821012	1.27506607343e-27
14.0223735409	1.27758090983e-27
14.0369649805	1.2682465352e-27
14.0515564202	1.24996827832e-27
14.0661478599	1.24001468357e-27
14.0807392996	1.21929276155e-27
14.0953307393	1.21907986353e-27
14.109922179	1.2291560885e-27
14.1245136187	1.26807194623e-27
14.1391050584	1.26491548599e-27
14.1536964981	1.2602884332e-27
14.1682879377	1.2389587016e-27
14.1828793774	1.22140990895e-27
14.1974708171	1.20148975063e-27
14.2120622568	1.19557706538e-27
14.2266536965	1.19080088368e-27
14.2412451362	1.22935059016e-27
14.2558365759	1.24051165449e-27
14.2704280156	1.24454934937e-27
14.2850194553	1.22323007087e-27
14.2996108949	1.21447998627e-27
14.3142023346	1.19917270133e-27
14.3287937743	1.19377802356e-27
14.343385214	1.19829682189e-27
14.3579766537	1.24174499998e-27
14.3725680934	1.24367501391e-27
14.3871595331	1.23023481226e-27
14.4017509728	1.20530482683e-27
14.4163424125	1.19176412086e-27
14.4309338521	1.16269482597e-27
14.4455252918	1.15599889637e-27
14.4601167315	1.15294840641e-27
14.4747081712	1.17839501787e-27
14.4892996109	1.1759527561e-27
14.5038910506	1.17693158453e-27
14.5184824903	1.16015767873e-27
14.53307393	1.14796230181e-27
14.5476653697	1.13150181375e-27
14.5622568093	1.12690092141e-27
14.576848249	1.1158667062e-27
14.5914396887	1.14975027089e-27
14.6060311284	1.15397652587e-27
14.6206225681	1.15282689134e-27
14.6352140078	1.12329143313e-27
14.6498054475	1.1040434797e-27
14.6643968872	1.07913379284e-27
14.6789883268	1.06034967737e-27
14.6935797665	1.04241016536e-27
14.7081712062	1.05622945178e-27
14.7227626459	1.03933545311e-27
14.7373540856	1.02573271362e-27
14.7519455253	9.95402337872e-28
14.766536965	9.7653040465e-28
14.7811284047	9.35740173503e-28
14.7957198444	9.11494726183e-28
14.810311284	8.84168098993e-28
14.8249027237	8.71474599017e-28
14.8394941634	8.31245475203e-28
14.8540856031	7.89060177176e-28
14.8686770428	7.33603837968e-28
14.8832684825	6.98176036864e-28
14.8978599222	6.71760125888e-28
14.9124513619	6.6836727572e-28
14.9270428016	6.98923000847e-28
14.9416342412	8.21558237845e-28
14.9562256809	1.03221830587e-27
14.9708171206	1.4011698648e-27
14.9854085603	2.09965824481e-27
15.0	2.85663300621e-27
