-14.9854085603	2.21469763242e-27
-14.9708171206	1.31413147082e-27
-14.9562256809	7.98582573445e-28
-14.9416342412	4.69485410206e-28
-14.9270428016	2.81180437686e-28
-14.9124513619	1.75862120938e-28
-14.8978599222	1.23054836079e-28
-14.8832684825	9.98271374336e-29
-14.8686770428	9.96449595277e-29
-14.8540856031	1.05905721363e-28
-14.8394941634	1.18601269535e-28
-14.8249027237	1.21032864904e-28
-14.810311284	1.36482192748e-28
-14.7957198444	1.48136978782e-28
-14.7811284047	1.66975260131e-28
-14.766536965	1.80236495434e-28
-14.7519455253	1.929716651e-28
-14.7373540856	2.01126368757e-28
-14.7227626459	2.05174591185e-28
-14.7081712062	1.91748500327e-28
-14.6935797665	1.95789817977e-28
-14.6789883268	2.00189397047e-28
-14.6643968872	2.10806457365e-28
-14.6498054475	2.15754612208e-28
-14.6352140078	2.27416083823e-28
-14.6206225681	2.29870056778e-28
-14.6060311284	2.29753276005e-28
-14.5914396887	2.12738168477e-28
-14.576848249	2.12048882123e-28
-14.5622568093	2.12560016572e-28
-14.5476653696	2.23690801245e-28
-14.53307393	2.26790668995e-28
-14.5184824903	2.34363786106e-28
-14.5038910506	2.35271836666e-28
-14.4892996109	2.3540350981e-28
-14.4747081712	2.17500290002e-28
-14.4601167315	2.17341052801e-28
-14.4455252918	2.1848972881e-28
-14.4309338521	2.28233014232e-28
-14.4163424125	2.30520055839e-28
-14.4017509728	2.37780889772e-28
-14.3871595331	2.37375213709e-28
-14.3725680934	2.3676670544e-28
-14.3579766537	2.15524404714e-28
-14.343385214	2.12735555154e-28
-14.3287937743	2.10470816767e-28
-14.3142023346	2.1639177731e-28
-14.2996108949	2.17854234547e-28
-14.2850194553	2.25470563502e-28
-14.2704280156	2.24993151939e-28
-14.2558365759	2.22895348482e-28
-14.2412451362	2.03814606736e-28
-14.2266536965	2.01977682339e-28
-14.2120622568	1.99286079631e-28
-14.1974708171	2.04475279584e-28
-14.1828793774	2.05093621082e-28
-14.1682879377	2.10532871448e-28
-14.1536964981	2.09227406018e-28
-14.1391050584	2.05646698148e-28
-14.1245136187	1.8532248685e-28
-14.109922179	1.81963618167e-28
-14.0953307393	1.79317082277e-28
-14.0807392996	1.84022464672e-28
-14.0661478599	1.85454397975e-28
-14.0515564202	1.9069668421e-28
-14.0369649805	1.88514791607e-28
-14.0223735409	1.85202160485e-28
-14.0077821012	1.6439424042e-28
-13.9931906615	1.59379931118e-28
-13.9785992218	1.55832992995e-28
-13.9640077821	1.59358905378e-28
-13.9494163424	1.58675435243e-28
-13.9348249027	1.62702728503e-28
-13.920233463	1.60140883518e-28
-13.9056420233	1.55977105707e-28
-13.8910505837	1.38224901507e-28
-13.876459144	1.34195466875e-28
-13.8618677043	1.32617443127e-28
-13.8472762646	1.36696724693e-28
-13.8326848249	1.37553796732e-28
-13.8180933852	1.42716758217e-28
-13.8035019455	1.43092913738e-28
-13.7889105058	1.39130485787e-28
-13.7743190661	1.24212023933e-28
-13.7597276265	1.21271249542e-28
-13.7451361868	1.20361563389e-28
-13.7305447471	1.24405422359e-28
-13.7159533074	1.26882556828e-28
-13.7013618677	1.31149565895e-28
-13.686770428	1.30408490034e-28
-13.6721789883	1.26651941007e-28
-13.6575875486	1.11793364325e-28
-13.6429961089	1.06346428269e-28
-13.6284046693	1.03461466625e-28
-13.6138132296	1.03585777034e-28
-13.5992217899	1.02969884934e-28
-13.5846303502	1.04481459617e-28
-13.5700389105	1.02148728345e-28
-13.5554474708	9.70881732555e-29
-13.5408560311	8.29159070513e-29
-13.5262645914	7.94833244781e-29
-13.5116731518	7.82072091516e-29
-13.4970817121	8.0348519642e-29
-13.4824902724	8.08984579933e-29
-13.4678988327	8.32877613021e-29
-13.453307393	8.18777354674e-29
-13.4387159533	7.82952418182e-29
-13.4241245136	6.76431035843e-29
-13.4095330739	6.4867492801e-29
-13.3949416342	6.30903198725e-29
-13.3803501946	6.48854601854e-29
-13.3657587549	6.6963941797e-29
-13.3511673152	7.0735654848e-29
-13.3365758755	7.23168427967e-29
-13.3219844358	7.15175320285e-29
-13.3073929961	6.5607027187e-29
-13.2928015564	6.57304475495e-29
-13.2782101167	6.73619943473e-29
-13.263618677	6.89363330498e-29
-13.2490272374	7.05973816593e-29
-13.2344357977	7.41001864059e-29
-13.219844358	7.39926391774e-29
-13.2052529183	7.34769653712e-29
-13.1906614786	7.07548545815e-29
-13.1760700389	7.10123940628e-29
-13.1614785992	7.23474815204e-29
-13.1468871595	7.40336561765e-29
-13.1322957198	7.42202514849e-29
-13.1177042802	7.59978145061e-29
-13.1031128405	7.5311176456e-29
-13.0885214008	7.09167427014e-29
-13.0739299611	6.46799331078e-29
-13.0593385214	6.32705101659e-29
-13.0447470817	6.27130713128e-29
-13.030155642	6.1052762144e-29
-13.0155642023	6.10266665555e-29
-13.0009727626	6.17112472816e-29
-12.986381323	6.14667425322e-29
-12.9717898833	6.05434660798e-29
-12.9571984436	5.91695797e-29
-12.9426070039	5.91421638779e-29
-12.9280155642	6.13439581571e-29
-12.9134241245	6.27452800334e-29
-12.8988326848	6.51811160593e-29
-12.8842412451	6.83917525043e-29
-12.8696498054	7.32344604021e-29
-12.8550583658	7.77989381145e-29
-12.8404669261	8.74137925221e-29
-12.8258754864	9.46985398769e-29
-12.8112840467	1.0233481008e-28
-12.796692607	1.06453474715e-28
-12.7821011673	1.11489505215e-28
-12.7675097276	1.14158616152e-28
-12.7529182879	1.18035723606e-28
-12.7383268482	1.19268501072e-28
-12.7237354086	1.23279050451e-28
-12.7091439689	1.25397533853e-28
-12.6945525292	1.29264495668e-28
-12.6799610895	1.29275585317e-28
-12.6653696498	1.32554753735e-28
-12.6507782101	1.35149187905e-28
-12.6361867704	1.41343307858e-28
-12.6215953307	1.49067330885e-28
-12.6070038911	1.63664414732e-28
-12.5924124514	1.71118728901e-28
-12.5778210117	1.78857422987e-28
-12.563229572	1.7886486896e-28
-12.5486381323	1.82691746113e-28
-12.5340466926	1.87019968732e-28
-12.5194552529	1.95954408483e-28
-12.5048638132	2.08201828266e-28
-12.4902723735	2.35539152095e-28
-12.4756809339	2.52105445207e-28
-12.4610894942	2.67443431981e-28
-12.4464980545	2.74282304649e-28
-12.4319066148	2.82858553729e-28
-12.4173151751	2.87716694134e-28
-12.4027237354	2.98957062916e-28
-12.3881322957	3.07246633578e-28
-12.373540856	3.34473453425e-28
-12.3589494163	3.47473433495e-28
-12.3443579767	3.60415733377e-28
-12.329766537	3.61529384939e-28
-12.3151750973	3.71689245663e-28
-12.3005836576	3.74814419327e-28
-12.2859922179	3.86234142472e-28
-12.2714007782	4.02989733285e-28
-12.2568093385	4.38577645222e-28
-12.2422178988	4.55776139414e-28
-12.2276264591	4.72721322626e-28
-12.2130350195	4.7654717652e-28
-12.1984435798	4.85053463044e-28
-12.1838521401	4.89059422455e-28
-12.1692607004	4.96974690912e-28
-12.1546692607	5.07351037586e-28
-12.140077821	5.44442258452e-28
-12.1254863813	5.5861517699e-28
-12.1108949416	5.67001968996e-28
-12.0963035019	5.58123581966e-28
-12.0817120623	5.57715715794e-28
-12.0671206226	5.55981321065e-28
-12.0525291829	5.67169275843e-28
-12.0379377432	5.77927638428e-28
-12.0233463035	6.15980469173e-28
-12.0087548638	6.29849326235e-28
-11.9941634241	6.43618992416e-28
-11.9795719844	6.4325695519e-28
-11.9649805447	6.50492696712e-28
-11.9503891051	6.50985538255e-28
-11.9357976654	6.64585385435e-28
-11.9212062257	6.88808312011e-28
-11.906614786	7.4470491209e-28
-11.8920233463	7.66377623638e-28
-11.8774319066	7.8028052462e-28
-11.8628404669	7.69917664529e-28
-11.8482490272	7.64187354007e-28
-11.8336575875	7.55255495646e-28
-11.8190661479	7.57119660229e-28
-11.8044747082	7.61459623571e-28
-11.7898832685	7.99186547059e-28
-11.7752918288	8.01598108263e-28
-11.7607003891	7.96811669611e-28
-11.7461089494	7.79316876365e-28
-11.7315175097	7.75295726193e-28
-11.71692607	7.70260604517e-28
-11.7023346304	7.80318821801e-28
-11.6877431907	7.85012471194e-28
-11.673151751	8.18439800233e-28
-11.6585603113	8.24348205005e-28
-11.6439688716	8.1831999105e-28
-11.6293774319	7.96504749477e-28
-11.6147859922	7.80697474694e-28
-11.6001945525	7.61973635666e-28
-11.5856031128	7.68039857545e-28
-11.5710116732	7.75533135924e-28
-11.5564202335	8.07702080887e-28
-11.5418287938	7.9598294486e-28
-11.5272373541	7.84500318298e-28
-11.5126459144	7.53919236886e-28
-11.4980544747	7.24850355238e-28
-11.483463035	7.02830910084e-28
-11.4688715953	6.96824913336e-28
-11.4542801556	6.99262432355e-28
-11.439688716	7.33119375711e-28
-11.4250972763	7.32724883298e-28
-11.4105058366	7.40941253092e-28
-11.3959143969	7.57414452803e-28
-11.3813229572	8.1958809829e-28
-11.3667315175	9.26248262275e-28
-11.3521400778	1.11090630775e-27
-11.3375486381	1.38427552082e-27
-11.3229571984	1.79965051307e-27
-11.3083657588	2.36628561154e-27
-11.2937743191	3.19482763739e-27
-11.2791828794	4.3037200007e-27
-11.2645914397	6.00534730882e-27
-11.25	7.5823453824e-27
-11.2354085603	5.84816512337e-27
-11.2208171206	4.03470604476e-27
-11.2062256809	2.83722618703e-27
-11.1916342412	1.94522961625e-27
-11.1770428016	1.3241567011e-27
-11.1624513619	8.7774995822e-28
-11.1478599222	5.7766937752e-28
-11.1332684825	3.72760698102e-28
-11.1186770428	2.40767581891e-28
-11.1040856031	1.59661039735e-28
-11.0894941634	1.08991230869e-28
-11.0749027237	9.55304022419e-29
-11.060311284	1.01898473589e-28
-11.0457198444	1.22369029366e-28
-11.0311284047	1.48828571795e-28
-11.016536965	1.82255044396e-28
-11.0019455253	2.09728629203e-28
-10.9873540856	2.38882881707e-28
-10.9727626459	2.47826446186e-28
-10.9581712062	2.72662887134e-28
-10.9435797665	3.00232706131e-28
-10.9289883268	3.35733943129e-28
-10.9143968872	3.65885313775e-28
-10.8998054475	3.96813001963e-28
-10.8852140078	4.16766625444e-28
-10.8706225681	4.26773529031e-28
-10.8560311284	4.07158690808e-28
-10.8414396887	4.12998608759e-28
-10.826848249	4.2265962557e-28
-10.8122568093	4.43063191155e-28
-10.7976653696	4.59589957841e-28
-10.78307393	4.76252057664e-28
-10.7684824903	4.79896701016e-28
-10.7538910506	4.82409840723e-28
-10.7392996109	4.59747822163e-28
-10.7247081712	4.59526609565e-28
-10.7101167315	4.63661162465e-28
-10.6955252918	4.77988113761e-28
-10.6809338521	4.85737548121e-28
-10.6663424125	4.95770888198e-28
-10.6517509728	4.91447569146e-28
-10.6371595331	4.79263149635e-28
-10.6225680934	4.43118758855e-28
-10.6079766537	4.3100831935e-28
-10.593385214	4.24836149019e-28
-10.5787937743	4.33932225337e-28
-10.5642023346	4.39734412219e-28
-10.5496108949	4.47887956598e-28
-10.5350194553	4.46426619019e-28
-10.5204280156	4.44549754826e-28
-10.5058365759	4.17236690816e-28
-10.4912451362	4.1249232854e-28
-10.4766536965	4.07997248135e-28
-10.4620622568	4.10969233872e-28
-10.4474708171	4.06791315326e-28
-10.4328793774	4.02843498438e-28
-10.4182879377	3.87017291081e-28
-10.4036964981	3.64579245994e-28
-10.3891050584	3.14406458021e-28
-10.3745136187	2.90642741266e-28
-10.359922179	2.75509966769e-28
-10.3453307393	2.7030832224e-28
-10.3307392996	2.6491875046e-28
-10.3161478599	2.6551886114e-28
-10.3015564202	2.60653348559e-28
-10.2869649805	2.55029811472e-28
-10.2723735409	2.41202728556e-28
-10.2577821012	2.48558641296e-28
-10.2431906615	2.69798324744e-28
-10.2285992218	3.09278791424e-28
-10.2140077821	3.6321333952e-28
-10.1994163424	4.43909685752e-28
-10.1848249027	5.46827733557e-28
-10.170233463	6.8382535117e-28
-10.1556420233	8.74948885567e-28
-10.1410505837	1.13125136777e-27
-10.126459144	1.46340354719e-27
-10.1118677043	1.91576830341e-27
-10.0972762646	2.50183941512e-27
-10.0826848249	3.24004474551e-27
-10.0680933852	4.20113559713e-27
-10.0535019455	5.46634201859e-27
-10.0389105058	7.17350228555e-27
-10.0243190661	9.3683801517e-27
-10.0097276265	1.21987660484e-26
-9.99513618677	1.58709704276e-26
-9.98054474708	2.06397343101e-26
-9.96595330739	2.6800415845e-26
-9.9513618677	3.47818831269e-26
-9.93677042802	4.5196354401e-26
-9.92217898833	5.8697154861e-26
-9.90758754864	7.58105487373e-26
-9.89299610895	9.7715157714e-26
-9.87840466926	1.25604893515e-25
-9.86381322957	1.61355747816e-25
-9.84922178988	2.0715119669e-25
-9.83463035019	2.65816365198e-25
-9.82003891051	3.41096471661e-25
-9.80544747082	4.37890746167e-25
-9.79085603113	5.61323197525e-25
-9.77626459144	7.1888886934e-25
-9.76167315175	9.20014549524e-25
-9.74708171206	1.17654425383e-24
-9.73249027237	1.50323160852e-24
-9.71789883268	1.92009588698e-24
-9.703307393	2.45145737888e-24
-9.68871595331	3.12949341958e-24
-9.67412451362	3.99123723305e-24
-9.65953307393	5.08627851804e-24
-9.64494163424	6.47727049996e-24
-9.63035019455	8.24506137935e-24
-9.61575875486	1.04889982698e-23
-9.60116731517	1.3338252033e-23
-9.58657587549	1.6953518363e-23
-9.5719844358	2.15398045234e-23
-9.55739299611	2.73474154377e-23
-9.54280155642	3.47006030172e-23
-9.52821011673	4.40048254369e-23
-9.51361867704	5.57773668652e-23
-9.49902723735	7.06643915113e-23
-9.48443579767	8.94802232313e-23
-9.46984435798	1.13249722405e-22
-9.45525291829	1.43271599921e-22
-9.4406614786	1.81145056904e-22
-9.42607003891	2.28913752532e-22
-9.41147859922	2.89129768245e-22
-9.39688715953	3.65005085364e-22
-9.38229571984	4.60556269326e-22
-9.36770428016	5.80838195878e-22
-9.35311284047	7.32173893695e-22
-9.33852140078	9.22493810248e-22
-9.32392996109	1.16166869637e-21
-9.3093385214	1.46209906937e-21
-9.29474708171	1.83928191368e-21
-9.28015564202	2.31261910778e-21
-9.26556420233	2.90629433826e-21
-9.25097276265	3.65055619974e-21
-9.23638132296	4.58312263242e-21
-9.22178988327	5.75107007611e-21
-9.20719844358	7.21290847563e-21
-9.19260700389	9.04171992614e-21
-9.1780155642	1.13284666696e-20
-9.16342412451	1.41864146402e-20
-9.14883268482	1.77563814972e-20
-9.13424124514	2.221354008e-20
-9.11964980545	2.77754834225e-20
-9.10505836576	3.47126218429e-20
-9.09046692607	4.33602112696e-20
-9.07587548638	5.41345293889e-20
-9.06128404669	6.75517102387e-20
-9.046692607	8.42515905806e-20
-9.03210116731	1.05026548224e-19
-9.01750972763	1.30857892644e-19
-9.00291828794	1.62959547803e-19
-8.98832684825	2.0283332738e-19
-8.97373540856	2.52334420823e-19
-8.95914396887	3.13756032035e-19
-8.94455252918	3.89929194677e-19
-8.92996108949	4.84348400025e-19
-8.91536964981	6.01323446515e-19
-8.90077821012	7.46168122164e-19
-8.88618677043	9.25429018093e-19
-8.87159533074	1.14716936298e-18
-8.85700389105	1.42131074843e-18
-8.84241245136	1.7600614578e-18
-8.82782101167	2.17843027432e-18
-8.81322957198	2.69486201285e-18
-8.7986381323	3.33200961408e-18
-8.78404669261	4.11768218087e-18
-8.76945525292	5.08599491535e-18
-8.75486381323	6.27878334193e-18
-8.74027237354	7.74731282361e-18
-8.72568093385	9.55438362379e-18
-8.71108949416	1.17768738944e-17
-8.69649805447	1.45088530555e-17
-8.68190661479	1.7865353579e-17
-8.6673151751	2.19869766876e-17
-8.65272373541	2.70454719614e-17
-8.63813229572	3.32505333156e-17
-8.62354085603	4.08580254424e-17
-8.60894941634	5.01800094604e-17
-8.59435797665	6.1596848079e-17
-8.57976653696	7.55719265221e-17
-8.56517509728	9.26694411434e-17
-8.55058365759	1.13575975644e-16
-8.5359922179	1.3912657091e-16
-8.52140077821	1.70336297473e-16
-8.50680933852	2.08438323296e-16
-8.49221789883	2.54930049752e-16
-8.47762645914	3.11628655097e-16
-8.46303501945	3.80738200026e-16
-8.44844357977	4.64930501848e-16
-8.43385214008	5.67442624295e-16
-8.41926070039	6.92194257305e-16
-8.4046692607	8.43929100966e-16
-8.39007782101	1.02838478541e-15
-8.37548638132	1.25249743088e-15
-8.36089494163	1.52464717968e-15
-8.34630350195	1.85495331457e-15
-8.33171206226	2.25562821782e-15
-8.31712062257	2.74140220779e-15
-8.30252918288	3.33003259358e-15
-8.28793774319	4.04291387473e-15
-8.2733463035	4.90580801756e-15
-8.25875486381	5.94971899091e-15
-8.24416342412	7.21193803132e-15
-8.22957198444	8.7372936527e-15
-8.21498054475	1.05796443754e-14
-8.20038910506	1.28036613665e-14
-8.18579766537	1.54869549715e-14
-8.17120622568	1.87226111261e-14
-8.15661478599	2.26222130689e-14
-8.1420233463	2.73194420227e-14
-8.12743190661	3.29743615558e-14
-8.11284046693	3.97785152438e-14
-8.09824902724	4.79609868306e-14
-8.08365758755	5.77956012554e-14
-8.06906614786	6.96094745367e-14
-8.05447470817	8.37931620548e-14
-8.03988326848	1.00812692156e-13
-8.02529182879	1.21223833095e-13
-8.0107003891	1.45688989811e-13
-7.99610894942	1.74997210046e-13
-7.98151750973	2.10087851918e-13
-7.96692607004	2.52078570431e-13
-7.95233463035	3.02298386936e-13
-7.93774319066	3.62326744354e-13
-7.92315175097	4.34039598205e-13
-7.90856031128	5.19663786294e-13
-7.89396887159	6.21841109459e-13
-7.87937743191	7.43703827873e-13
-7.86478599222	8.8896353608e-13
-7.85019455253	1.06201573456e-12
-7.83560311284	1.26806278233e-12
-7.82101167315	1.51325838003e-12
-7.80642023346	1.80487723603e-12
-7.79182879377	2.15151419969e-12
-7.77723735409	2.56331780068e-12
-7.7626459144	3.05226399226e-12
-7.74805447471	3.63247679976e-12
-7.73346303502	4.32060368685e-12
-7.71887159533	5.13625466922e-12
-7.70428015564	6.10251571039e-12
-7.68968871595	7.24654853344e-12
-7.67509727626	8.60029100159e-12
-7.66050583658	1.02012743354e-11
-7.64591439689	1.20935760875e-11
-7.6313229572	1.43289306709e-11
-7.61673151751	1.69680226775e-11
-7.60214007782	2.00819920541e-11
-7.58754863813	2.37541847217e-11
-7.57295719844	2.80821872803e-11
-7.55836575875	3.31801904106e-11
-7.54377431907	3.91817321516e-11
-7.52918287938	4.62428800787e-11
-7.51459143969	5.45459201173e-11
-7.5	6.43036296808e-11
-7.48540856031	7.57642244462e-11
-7.47081712062	8.92170820498e-11
-7.45622568093	1.04999357677e-10
-7.44163424124	1.23503628035e-10
-7.42704280156	1.45186716406e-10
-7.41245136187	1.70579874335e-10
-7.39785992218	2.00300520527e-10
-7.38326848249	2.35065765816e-10
-7.3686770428	2.75707985161e-10
-7.35408560311	3.23192734126e-10
-7.33949416342	3.78639348308e-10
-7.32490272373	4.43344611289e-10
-7.31031128405	5.18809928626e-10
-7.29571984436	6.06772505715e-10
-7.28112840467	7.09241093823e-10
-7.26653696498	8.28536944829e-10
-7.25194552529	9.67340699877e-10
-7.2373540856	1.12874603352e-09
-7.22276264591	1.31632098221e-09
-7.20817120623	1.5341780077e-09
-7.19357976654	1.78705398074e-09
-7.17898832685	2.08040142358e-09
-7.16439688716	2.42049251955e-09
-7.14980544747	2.81453758911e-09
-7.13521400778	3.27081994447e-09
-7.12062256809	3.79884927315e-09
-7.1060311284	4.40953596545e-09
-7.09143968872	5.11538909798e-09
-7.07684824903	5.93074111241e-09
-7.06225680934	6.87200259621e-09
-7.04766536965	7.95795097763e-09
-7.03307392996	9.21005739907e-09
-7.01848249027	1.06528565311e-08
-7.00389105058	1.23143646451e-08
-6.98929961089	1.42265518716e-08
-6.97470817121	1.64258752514e-08
-6.96011673152	1.89538799262e-08
-6.94552529183	2.18578766448e-08
-6.93093385214	2.51917046581e-08
-6.91634241245	2.9016590078e-08
-6.90175097276	3.34021108604e-08
-6.88715953307	3.84272807754e-08
-6.87256809338	4.41817660358e-08
-6.8579766537	5.07672496946e-08
-6.84338521401	5.82989604791e-08
-6.82879377432	6.69073844516e-08
-6.81420233463	7.67401797379e-08
-6.79961089494	8.79643165949e-08
-6.78501945525	1.00768467287e-07
-6.77042801556	1.15365672625e-07
-6.75583657588	1.3199631461e-07
-6.74124513619	1.50931427399e-07
-6.7266536965	1.7247638185e-07
-6.71206225681	1.96974982127e-07
-6.69747081712	2.24814016334e-07
-6.68287937743	2.5642830693e-07
-6.66828793774	2.92306310647e-07
-6.65369649805	3.32996321954e-07
-6.63910505837	3.79113338703e-07
-6.62451361868	4.31346653443e-07
-6.60992217899	4.90468239109e-07
-6.5953307393	5.57342003265e-07
-6.58073929961	6.3293399092e-07
-6.56614785992	7.18323622053e-07
-6.55155642023	8.14716056445e-07
-6.53696498054	9.23455785193e-07
-6.52237354086	1.04604155533e-06
-6.50778210117	1.18414274143e-06
-6.49319066148	1.3396172856e-06
-6.47859922179	1.51453133539e-06
-6.4640077821	1.7111807171e-06
-6.44941634241	1.93211439056e-06
-6.43482490272	2.18016003981e-06
-6.42023346303	2.45845196298e-06
-6.40564202335	2.77046143328e-06
-6.39105058366	3.12002971184e-06
-6.37645914397	3.51140390185e-06
-6.36186770428	3.94927584211e-06
-6.34727626459	4.43882424619e-06
-6.3326848249	4.9857603018e-06
-6.31809338521	5.59637695217e-06
-6.30350194552	6.27760208844e-06
-6.28891050584	7.03705588835e-06
-6.27431906615	7.88311254175e-06
-6.25972762646	8.824966608e-06
-6.24513618677	9.87270425337e-06
-6.23054474708	1.10373796182e-05
-6.21595330739	1.23310965639e-05
-6.2013618677	1.37670960476e-05
-6.18677042802	1.53598493693e-05
-6.17217898833	1.71251575284e-05
-6.15758754864	1.90802569201e-05
-6.14299610895	2.12439315877e-05
-6.12840466926	2.3636632234e-05
-6.11381322957	2.62806021749e-05
-6.09922178988	2.92000103979e-05
-6.08463035019	3.24210918591e-05
-6.07003891051	3.59722951249e-05
-6.05544747082	3.98844374263e-05
-6.04085603113	4.41908671552e-05
-6.02626459144	4.89276337853e-05
-6.01167315175	5.41336651494e-05
-5.99708171206	5.98509519482e-05
-5.98249027237	6.61247393035e-05
-5.96789883268	7.30037250975e-05
-5.953307393	8.05402647676e-05
-5.93871595331	8.87905821437e-05
-5.92412451362	9.7814985826e-05
-5.90953307393	0.00010767809051
-5.89494163424	0.000118449042564
-5.88035019455	0.00013020174906
-5.86575875486	0.000143015109345
-5.85116731517	0.000156973248134
-5.83657587549	0.000172165748962
-5.8219844358	0.000188687886748
-5.80739299611	0.000206640858054
-5.79280155642	0.00022613200752
-5.77821011673	0.000247275048829
-5.76361867704	0.000270190278405
-5.74902723735	0.000295004779953
-5.73443579766	0.000321852617784
-5.71984435798	0.000350875016803
-5.70525291829	0.000382220526877
-5.6906614786	0.000416045169243
-5.67607003891	0.000452512562483
-5.66147859922	0.000491794025554
-5.64688715953	0.00053406865528
-5.63229571984	0.000579523375681
-5.61770428016	0.000628352956466
-5.60311284047	0.000680759998071
-5.58852140078	0.000736954880579
-5.57392996109	0.000797155673987
-5.5593385214	0.000861588007291
-5.54474708171	0.000930484894044
-5.53015564202	0.00100408651215
-5.51556420233	0.00108263993581
-5.50097276265	0.0011663988179
-5.48638132296	0.001255623021
-5.47178988327	0.00135057819605
-5.45719844358	0.00145153530743
-5.44260700389	0.00155877010401
-5.4280155642	0.00167256253588
-5.41342412451	0.00179319611709
-5.39883268482	0.00192095723489
-5.38424124514	0.00205613440679
-5.36964980545	0.00219901748707
-5.35505836576	0.00234989682479
-5.34046692607	0.00250906237619
-5.32587548638	0.00267680277458
-5.31128404669	0.00285340436155
-5.296692607	0.00303915018389
-5.28210116731	0.00323431896089
-5.26750972763	0.00343918402748
-5.25291828794	0.00365401225894
-5.23832684825	0.00387906298338
-5.22373540856	0.00411458688867
-5.20914396887	0.00436082493062
-5.19455252918	0.00461800724973
-5.17996108949	0.00488635210391
-5.1653696498	0.00516606482463
-5.15077821012	0.00545733680424
-5.13618677043	0.00576034452199
-5.12159533074	0.00607524861622
-5.10700389105	0.00640219301021
-5.09241245136	0.00674130409845
-5.07782101167	0.00709269000038
-5.06322957198	0.00745643988762
-5.0486381323	0.00783262339059
-5.03404669261	0.00822129008969
-5.01945525292	0.00862246909561
-5.00486381323	0.00903616872261
-4.99027237354	0.00946237625783
-4.97568093385	0.00990105782906
-4.96108949416	0.0103521583723
-4.94649805447	0.0108156016999
-4.93190661479	0.0112912906689
-4.9173151751	0.0117791074486
-4.90272373541	0.0122789138856
-4.88813229572	0.0127905519632
-4.87354085603	0.0133138443522
-4.85894941634	0.0138485950478
-4.84435797665	0.0143945900893
-4.82976653696	0.0149515983559
-4.81517509728	0.0155193724317
-4.80058365759	0.0160976495363
-4.7859922179	0.0166861525097
-4.77140077821	0.0172845908483
-4.75680933852	0.0178926617818
-4.74221789883	0.0185100513837
-4.72762645914	0.019136435709
-4.71303501945	0.0197714819493
-4.69844357977	0.0204148495991
-4.68385214008	0.021066191625
-4.66926070039	0.0217251556311
-4.6546692607	0.0223913850123
-4.64007782101	0.0230645200914
-4.62548638132	0.0237441992301
-4.61089494163	0.0244300599121
-4.59630350194	0.0251217397896
-4.58171206226	0.0258188776902
-4.56712062257	0.0265211145801
-4.55252918288	0.0272280944789
-4.53793774319	0.0279394653227
-4.5233463035	0.0286548797746
-4.50875486381	0.0293739959787
-4.49416342412	0.0300964782563
-4.47957198444	0.0308219977449
-4.46498054475	0.0315502329772
-4.45038910506	0.0322808704011
-4.43579766537	0.0330136048419
-4.42120622568	0.0337481399057
-4.40661478599	0.0344841883264
-4.3920233463	0.035221472257
-4.37743190661	0.0359597235081
-4.36284046693	0.0366986837339
-4.34824902724	0.0374381045692
-4.33365758755	0.0381777477196
-4.31906614786	0.0389173850075
-4.30447470817	0.0396567983753
-4.28988326848	0.0403957798513
-4.27529182879	0.041134131478
-4.2607003891	0.0418716652082
-4.24610894942	0.0426082027698
-4.23151750973	0.0433435755039
-4.21692607004	0.0440776241774
-4.20233463035	0.0448101987738
-4.18774319066	0.0455411582647
-4.17315175097	0.0462703703641
-4.15856031128	0.0469977112686
-4.14396887159	0.0477230653855
-4.12937743191	0.0484463250509
-4.11478599222	0.0491673902401
-4.10019455253	0.0498861682725
-4.08560311284	0.0506025735122
-4.07101167315	0.0513165270665
-4.05642023346	0.0520279564838
-4.04182879377	0.0527367954523
-4.02723735408	0.0534429835006
-4.0126459144	0.0541464657017
-3.99805447471	0.0548471923813
-3.98346303502	0.055545118831
-3.96887159533	0.0562402050285
-3.95428015564	0.0569324153634
-3.93968871595	0.0576217183712
-3.92509727626	0.0583080864747
-3.91050583658	0.0589914957347
-3.89591439689	0.0596719256077
-3.8813229572	0.0603493587145
-3.86673151751	0.0610237806164
-3.85214007782	0.0616951796013
-3.83754863813	0.0623635464794
-3.82295719844	0.0630288743877
-3.80836575875	0.0636911586041
-3.79377431907	0.0643503963709
-3.77918287938	0.0650065867267
-3.76459143969	0.0656597303484
-3.75	0.066309829401
-3.73540856031	0.0669568873963
-3.72081712062	0.0676009090603
-3.70622568093	0.0682419002082
-3.69163424124	0.0688798676273
-3.67704280156	0.0695148189676
-3.66245136187	0.0701467626401
-3.64785992218	0.070775707721
-3.63326848249	0.0714016638637
-3.6186770428	0.0720246412168
-3.60408560311	0.0726446503479
-3.58949416342	0.0732617021735
-3.57490272373	0.0738758078947
-3.56031128405	0.0744869789375
-3.54571984436	0.0750952268987
-3.53112840467	0.0757005634959
-3.51653696498	0.0763030005222
-3.50194552529	0.0769025498054
-3.4873540856	0.07749922317
-3.47276264591	0.0780930324043
-3.45817120623	0.0786839892299
-3.44357976654	0.0792721052743
-3.42898832685	0.0798573920475
-3.41439688716	0.0804398609202
-3.39980544747	0.0810195231052
-3.38521400778	0.0815963896411
-3.37062256809	0.0821704713781
-3.3560311284	0.0827417789658
-3.34143968872	0.0833103228431
-3.32684824903	0.0838761132292
-3.31225680934	0.0844391601174
-3.29766536965	0.0849994732685
-3.28307392996	0.0855570622077
-3.26848249027	0.0861119362205
-3.25389105058	0.0866641043515
-3.23929961089	0.0872135754028
-3.22470817121	0.0877603579344
-3.21011673152	0.0883044602645
-3.19552529183	0.088845890471
-3.18093385214	0.0893846563935
-3.16634241245	0.0899207656357
-3.15175097276	0.0904542255686
-3.13715953307	0.0909850433339
-3.12256809338	0.0915132258477
-3.1079766537	0.0920387798048
-3.09338521401	0.092561711683
-3.07879377432	0.0930820277478
-3.06420233463	0.093599734057
-3.04961089494	0.094114836466
-3.03501945525	0.0946273406324
-3.02042801556	0.0951372520218
-3.00583657587	0.0956445759122
-2.99124513619	0.0961493173999
-2.9766536965	0.0966514814045
-2.96206225681	0.0971510726741
-2.94747081712	0.0976480957906
-2.93287937743	0.0981425551748
-2.91828793774	0.0986344550916
-2.90369649805	0.0991237996551
-2.88910505837	0.0996105928333
-2.87451361868	0.100094838453
-2.85992217899	0.100576540206
-2.8453307393	0.101055701651
-2.83073929961	0.101532326221
-2.81614785992	0.102006417225
-2.80155642023	0.102477977856
-2.78696498054	0.102947011192
-2.77237354086	0.103413520201
-2.75778210117	0.103877507746
-2.74319066148	0.104338976588
-2.72859922179	0.104797929391
-2.7140077821	0.105254368723
-2.69941634241	0.105708297062
-2.68482490272	0.1061597168
-2.67023346303	0.106608630243
-2.65564202335	0.107055039617
-2.64105058366	0.10749894707
-2.62645914397	0.107940354677
-2.61186770428	0.108379264438
-2.59727626459	0.108815678287
-2.5826848249	0.109249598089
-2.56809338521	0.109681025648
-2.55350194552	0.110109962703
-2.53891050584	0.110536410938
-2.52431906615	0.110960371978
-2.50972762646	0.111381847392
-2.49513618677	0.1118008387
-2.48054474708	0.112217347369
-2.46595330739	0.112631374819
-2.4513618677	0.113042922423
-2.43677042801	0.113451991508
-2.42217898833	0.113858583359
-2.40758754864	0.11426269922
-2.39299610895	0.114664340295
-2.37840466926	0.115063507748
-2.36381322957	0.115460202708
-2.34922178988	0.115854426267
-2.33463035019	0.116246179485
-2.32003891051	0.116635463387
-2.30544747082	0.117022278967
-2.29085603113	0.117406627189
-2.27626459144	0.117788508986
-2.26167315175	0.118167925266
-2.24708171206	0.118544876906
-2.23249027237	0.118919364759
-2.21789883268	0.119291389652
-2.203307393	0.119660952388
-2.18871595331	0.120028053746
-2.17412451362	0.120392694483
-2.15953307393	0.120754875333
-2.14494163424	0.121114597011
-2.13035019455	0.121471860209
-2.11575875486	0.121826665602
-2.10116731517	0.122179013843
-2.08657587549	0.12252890557
-2.0719844358	0.122876341401
-2.05739299611	0.123221321937
-2.04280155642	0.123563847765
-2.02821011673	0.123903919453
-2.01361867704	0.124241537555
-1.99902723735	0.12457670261
-1.98443579766	0.124909415142
-1.96984435798	0.125239675662
-1.95525291829	0.125567484668
-1.9406614786	0.125892842642
-1.92607003891	0.126215750057
-1.91147859922	0.126536207372
-1.89688715953	0.126854215034
-1.88229571984	0.127169773479
-1.86770428015	0.127482883131
-1.85311284047	0.127793544405
-1.83852140078	0.128101757704
-1.82392996109	0.128407523422
-1.8093385214	0.128710841942
-1.79474708171	0.129011713638
-1.78015564202	0.129310138875
-1.76556420233	0.129606118009
-1.75097276265	0.129899651387
-1.73638132296	0.130190739348
-1.72178988327	0.130479382222
-1.70719844358	0.130765580332
-1.69260700389	0.131049333993
-1.6780155642	0.131330643511
-1.66342412451	0.131609509188
-1.64883268482	0.131885931315
-1.63424124514	0.132159910179
-1.61964980545	0.132431446058
-1.60505836576	0.132700539227
-1.59046692607	0.13296718995
-1.57587548638	0.133231398489
-1.56128404669	0.133493165097
-1.546692607	0.133752490022
-1.53210116731	0.134009373508
-1.51750972763	0.134263815791
-1.50291828794	0.134515817102
-1.48832684825	0.134765377669
-1.47373540856	0.135012497713
-1.45914396887	0.135257177448
-1.44455252918	0.135499417088
-1.42996108949	0.135739216838
-1.4153696498	0.1359765769
-1.40077821012	0.136211497472
-1.38618677043	0.136443978747
-1.37159533074	0.136674020913
-1.35700389105	0.136901624154
-1.34241245136	0.137126788652
-1.32782101167	0.137349514582
-1.31322957198	0.137569802117
-1.29863813229	0.137787651426
-1.28404669261	0.138003062672
-1.26945525292	0.138216036019
-1.25486381323	0.138426571622
-1.24027237354	0.138634669637
-1.22568093385	0.138840330214
-1.21108949416	0.1390435535
-1.19649805447	0.139244339641
-1.18190661479	0.139442688776
-1.1673151751	0.139638601043
-1.15272373541	0.139832076578
-1.13813229572	0.140023115513
-1.12354085603	0.140211717976
-1.10894941634	0.140397884093
-1.09435797665	0.140581613987
-1.07976653696	0.14076290778
-1.06517509728	0.140941765589
-1.05058365759	0.141118187529
-1.0359922179	0.141292173713
-1.02140077821	0.141463724251
-1.00680933852	0.141632839251
-0.992217898832	0.141799518817
-0.977626459143	0.141963763054
-0.963035019454	0.14212557206
-0.948443579766	0.142284945935
-0.933852140077	0.142441884775
-0.919260700388	0.142596388672
-0.9046692607	0.14274845772
-0.890077821011	0.142898092006
-0.875486381322	0.143045291619
-0.860894941633	0.143190056644
-0.846303501945	0.143332387165
-0.831712062256	0.143472283262
-0.817120622567	0.143609745015
-0.802529182879	0.143744772501
-0.78793774319	0.143877365796
-0.773346303501	0.144007524974
-0.758754863812	0.144135250107
-0.744163424124	0.144260541265
-0.729571984435	0.144383398516
-0.714980544746	0.144503821926
-0.700389105058	0.144621811562
-0.685797665369	0.144737367485
-0.67120622568	0.144850489758
-0.656614785991	0.144961178441
-0.642023346303	0.145069433591
-0.627431906614	0.145175255266
-0.612840466925	0.145278643521
-0.598249027237	0.145379598409
-0.583657587548	0.145478119983
-0.569066147859	0.145574208293
-0.55447470817	0.145667863388
-0.539883268482	0.145759085316
-0.525291828793	0.145847874124
-0.510700389104	0.145934229855
-0.496108949416	0.146018152554
-0.481517509727	0.146099642262
-0.466926070038	0.14617869902
-0.452334630349	0.146255322867
-0.437743190661	0.146329513841
-0.423151750972	0.146401271979
-0.408560311283	0.146470597315
-0.393968871594	0.146537489885
-0.379377431906	0.146601949719
-0.364785992217	0.146663976851
-0.350194552528	0.146723571309
-0.33560311284	0.146780733122
-0.321011673151	0.146835462319
-0.306420233462	0.146887758925
-0.291828793773	0.146937622965
-0.277237354085	0.146985054464
-0.262645914396	0.147030053444
-0.248054474707	0.147072619925
-0.233463035019	0.147112753929
-0.21887159533	0.147150455475
-0.204280155641	0.14718572458
-0.189688715952	0.147218561261
-0.175097276264	0.147248965534
-0.160505836575	0.147276937412
-0.145914396886	0.147302476909
-0.131322957198	0.147325584037
-0.116731517509	0.147346258807
-0.10214007782	0.147364501228
-0.0875486381314	0.147380311309
-0.0729571984427	0.147393689058
-0.058365758754	0.14740463448
-0.0437743190653	0.147413147581
-0.0291828793766	0.147419228364
-0.0145914396879	0.147422876833
8.5975671027e-13	0.147424092989
0.0145914396896	0.147422876833
0.0291828793783	0.147419228364
0.043774319067	0.147413147581
0.0583657587557	0.14740463448
0.0729571984444	0.147393689058
0.0875486381332	0.147380311309
0.102140077822	0.147364501228
0.116731517511	0.147346258807
0.131322957199	0.147325584037
0.145914396888	0.147302476909
0.160505836577	0.147276937412
0.175097276265	0.147248965534
0.189688715954	0.147218561261
0.204280155643	0.14718572458
0.218871595332	0.147150455475
0.23346303502	0.147112753929
0.248054474709	0.147072619925
0.262645914398	0.147030053444
0.277237354086	0.146985054464
0.291828793775	0.146937622965
0.306420233464	0.146887758925
0.321011673153	0.146835462319
0.335603112841	0.146780733122
0.35019455253	0.146723571309
0.364785992219	0.146663976851
0.379377431907	0.146601949719
0.393968871596	0.146537489885
0.408560311285	0.146470597315
0.423151750974	0.146401271979
0.437743190662	0.146329513841
0.452334630351	0.146255322867
0.46692607004	0.14617869902
0.481517509729	0.146099642262
0.496108949417	0.146018152554
0.510700389106	0.145934229855
0.525291828795	0.145847874124
0.539883268483	0.145759085316
0.554474708172	0.145667863388
0.569066147861	0.145574208293
0.58365758755	0.145478119983
0.598249027238	0.145379598409
0.612840466927	0.145278643521
0.627431906616	0.145175255266
0.642023346304	0.145069433591
0.656614785993	0.144961178441
0.671206225682	0.144850489758
0.685797665371	0.144737367485
0.700389105059	0.144621811562
0.714980544748	0.144503821926
0.729571984437	0.144383398516
0.744163424125	0.144260541265
0.758754863814	0.144135250107
0.773346303503	0.144007524974
0.787937743192	0.143877365796
0.80252918288	0.143744772501
0.817120622569	0.143609745015
0.831712062258	0.143472283262
0.846303501946	0.143332387165
0.860894941635	0.143190056644
0.875486381324	0.143045291619
0.890077821013	0.142898092006
0.904669260701	0.14274845772
0.91926070039	0.142596388672
0.933852140079	0.142441884775
0.948443579767	0.142284945935
0.963035019456	0.14212557206
0.977626459145	0.141963763054
0.992217898834	0.141799518817
1.00680933852	0.141632839251
1.02140077821	0.141463724251
1.0359922179	0.141292173713
1.05058365759	0.141118187529
1.06517509728	0.140941765589
1.07976653697	0.14076290778
1.09435797665	0.140581613987
1.10894941634	0.140397884093
1.12354085603	0.140211717976
1.13813229572	0.140023115513
1.15272373541	0.139832076578
1.1673151751	0.139638601043
1.18190661479	0.139442688776
1.19649805448	0.139244339641
1.21108949416	0.1390435535
1.22568093385	0.138840330214
1.24027237354	0.138634669637
1.25486381323	0.138426571622
1.26945525292	0.138216036019
1.28404669261	0.138003062672
1.2986381323	0.137787651426
1.31322957199	0.137569802117
1.32782101167	0.137349514582
1.34241245136	0.137126788652
1.35700389105	0.136901624154
1.37159533074	0.136674020913
1.38618677043	0.136443978747
1.40077821012	0.136211497472
1.41536964981	0.1359765769
1.4299610895	0.135739216838
1.44455252918	0.135499417088
1.45914396887	0.135257177448
1.47373540856	0.135012497713
1.48832684825	0.134765377669
1.50291828794	0.134515817102
1.51750972763	0.134263815791
1.53210116732	0.134009373508
1.546692607	0.133752490022
1.56128404669	0.133493165097
1.57587548638	0.133231398489
1.59046692607	0.13296718995
1.60505836576	0.132700539227
1.61964980545	0.132431446058
1.63424124514	0.132159910179
1.64883268483	0.131885931315
1.66342412451	0.131609509188
1.6780155642	0.131330643511
1.69260700389	0.131049333993
1.70719844358	0.130765580332
1.72178988327	0.130479382222
1.73638132296	0.130190739348
1.75097276265	0.129899651387
1.76556420234	0.129606118009
1.78015564202	0.129310138875
1.79474708171	0.129011713638
1.8093385214	0.128710841942
1.82392996109	0.128407523422
1.83852140078	0.128101757704
1.85311284047	0.127793544405
1.86770428016	0.127482883131
1.88229571985	0.127169773479
1.89688715953	0.126854215034
1.91147859922	0.126536207372
1.92607003891	0.126215750057
1.9406614786	0.125892842642
1.95525291829	0.125567484668
1.96984435798	0.125239675662
1.98443579767	0.124909415142
1.99902723736	0.12457670261
2.01361867704	0.124241537555
2.02821011673	0.123903919453
2.04280155642	0.123563847765
2.05739299611	0.123221321937
2.0719844358	0.122876341401
2.08657587549	0.12252890557
2.10116731518	0.122179013843
2.11575875486	0.121826665602
2.13035019455	0.121471860209
2.14494163424	0.121114597011
2.15953307393	0.120754875333
2.17412451362	0.120392694483
2.18871595331	0.120028053746
2.203307393	0.119660952388
2.21789883269	0.119291389652
2.23249027237	0.118919364759
2.24708171206	0.118544876906
2.26167315175	0.118167925266
2.27626459144	0.117788508986
2.29085603113	0.117406627189
2.30544747082	0.117022278967
2.32003891051	0.116635463387
2.3346303502	0.116246179485
2.34922178988	0.115854426267
2.36381322957	0.115460202708
2.37840466926	0.115063507748
2.39299610895	0.114664340295
2.40758754864	0.11426269922
2.42217898833	0.113858583359
2.43677042802	0.113451991508
2.45136186771	0.113042922423
2.46595330739	0.112631374819
2.48054474708	0.112217347369
2.49513618677	0.1118008387
2.50972762646	0.111381847392
2.52431906615	0.110960371978
2.53891050584	0.110536410938
2.55350194553	0.110109962703
2.56809338522	0.109681025648
2.5826848249	0.109249598089
2.59727626459	0.108815678287
2.61186770428	0.108379264438
2.62645914397	0.107940354677
2.64105058366	0.10749894707
2.65564202335	0.107055039617
2.67023346304	0.106608630243
2.68482490272	0.1061597168
2.69941634241	0.105708297062
2.7140077821	0.105254368723
2.72859922179	0.104797929391
2.74319066148	0.104338976588
2.75778210117	0.103877507746
2.77237354086	0.103413520201
2.78696498055	0.102947011192
2.80155642023	0.102477977856
2.81614785992	0.102006417225
2.83073929961	0.101532326221
2.8453307393	0.101055701651
2.85992217899	0.100576540206
2.87451361868	0.100094838453
2.88910505837	0.0996105928333
2.90369649806	0.0991237996551
2.91828793774	0.0986344550916
2.93287937743	0.0981425551748
2.94747081712	0.0976480957906
2.96206225681	0.0971510726741
2.9766536965	0.0966514814045
2.99124513619	0.0961493173999
3.00583657588	0.0956445759122
3.02042801557	0.0951372520218
3.03501945525	0.0946273406325
3.04961089494	0.094114836466
3.06420233463	0.093599734057
3.07879377432	0.0930820277478
3.09338521401	0.092561711683
3.1079766537	0.0920387798048
3.12256809339	0.0915132258477
3.13715953307	0.0909850433339
3.15175097276	0.0904542255686
3.16634241245	0.0899207656357
3.18093385214	0.0893846563935
3.19552529183	0.088845890471
3.21011673152	0.0883044602645
3.22470817121	0.0877603579344
3.2392996109	0.0872135754028
3.25389105058	0.0866641043515
3.26848249027	0.0861119362205
3.28307392996	0.0855570622077
3.29766536965	0.0849994732686
3.31225680934	0.0844391601174
3.32684824903	0.0838761132293
3.34143968872	0.0833103228431
3.35603112841	0.0827417789659
3.37062256809	0.0821704713781
3.38521400778	0.0815963896411
3.39980544747	0.0810195231052
3.41439688716	0.0804398609202
3.42898832685	0.0798573920475
3.44357976654	0.0792721052743
3.45817120623	0.0786839892299
3.47276264592	0.0780930324044
3.4873540856	0.07749922317
3.50194552529	0.0769025498054
3.51653696498	0.0763030005223
3.53112840467	0.0757005634959
3.54571984436	0.0750952268988
3.56031128405	0.0744869789376
3.57490272374	0.0738758078947
3.58949416343	0.0732617021735
3.60408560311	0.0726446503479
3.6186770428	0.0720246412169
3.63326848249	0.0714016638638
3.64785992218	0.070775707721
3.66245136187	0.0701467626401
3.67704280156	0.0695148189677
3.69163424125	0.0688798676273
3.70622568093	0.0682419002083
3.72081712062	0.0676009090604
3.73540856031	0.0669568873963
3.75	0.066309829401
3.76459143969	0.0656597303484
3.77918287938	0.0650065867267
3.79377431907	0.0643503963709
3.80836575876	0.0636911586042
3.82295719844	0.0630288743877
3.83754863813	0.0623635464794
3.85214007782	0.0616951796013
3.86673151751	0.0610237806164
3.8813229572	0.0603493587146
3.89591439689	0.0596719256078
3.91050583658	0.0589914957347
3.92509727627	0.0583080864748
3.93968871595	0.0576217183712
3.95428015564	0.0569324153635
3.96887159533	0.0562402050286
3.98346303502	0.0555451188311
3.99805447471	0.0548471923814
4.0126459144	0.0541464657018
4.02723735409	0.0534429835007
4.04182879378	0.0527367954524
4.05642023346	0.0520279564839
4.07101167315	0.0513165270666
4.08560311284	0.0506025735123
4.10019455253	0.0498861682726
4.11478599222	0.0491673902402
4.12937743191	0.048446325051
4.1439688716	0.0477230653856
4.15856031129	0.0469977112687
4.17315175097	0.0462703703642
4.18774319066	0.0455411582648
4.20233463035	0.0448101987739
4.21692607004	0.0440776241775
4.23151750973	0.043343575504
4.24610894942	0.0426082027699
4.26070038911	0.0418716652083
4.27529182879	0.0411341314782
4.28988326848	0.0403957798514
4.30447470817	0.0396567983755
4.31906614786	0.0389173850076
4.33365758755	0.0381777477198
4.34824902724	0.0374381045693
4.36284046693	0.036698683734
4.37743190662	0.0359597235083
4.3920233463	0.0352214722571
4.40661478599	0.0344841883265
4.42120622568	0.0337481399059
4.43579766537	0.0330136048421
4.45038910506	0.0322808704012
4.46498054475	0.0315502329773
4.47957198444	0.0308219977451
4.49416342413	0.0300964782565
4.50875486381	0.0293739959788
4.5233463035	0.0286548797748
4.53793774319	0.0279394653228
4.55252918288	0.027228094479
4.56712062257	0.0265211145803
4.58171206226	0.0258188776903
4.59630350195	0.0251217397897
4.61089494164	0.0244300599123
4.62548638132	0.0237441992303
4.64007782101	0.0230645200915
4.6546692607	0.0223913850125
4.66926070039	0.0217251556312
4.68385214008	0.0210661916252
4.69844357977	0.0204148495993
4.71303501946	0.0197714819495
4.72762645915	0.0191364357092
4.74221789883	0.0185100513839
4.75680933852	0.0178926617819
4.77140077821	0.0172845908485
4.7859922179	0.0166861525099
4.80058365759	0.0160976495365
4.81517509728	0.0155193724319
4.82976653697	0.014951598356
4.84435797665	0.0143945900895
4.85894941634	0.0138485950479
4.87354085603	0.0133138443524
4.88813229572	0.0127905519634
4.90272373541	0.0122789138857
4.9173151751	0.0117791074487
4.93190661479	0.011291290669
4.94649805448	0.0108156017
4.96108949416	0.0103521583725
4.97568093385	0.00990105782921
4.99027237354	0.00946237625798
5.00486381323	0.00903616872275
5.01945525292	0.00862246909575
5.03404669261	0.00822129008983
5.0486381323	0.00783262339072
5.06322957199	0.00745643988776
5.07782101167	0.00709269000051
5.09241245136	0.00674130409858
5.10700389105	0.00640219301034
5.12159533074	0.00607524861635
5.13618677043	0.00576034452211
5.15077821012	0.00545733680436
5.16536964981	0.00516606482475
5.1799610895	0.00488635210402
5.19455252918	0.00461800724984
5.20914396887	0.00436082493072
5.22373540856	0.00411458688877
5.23832684825	0.00387906298348
5.25291828794	0.00365401225903
5.26750972763	0.00343918402757
5.28210116732	0.00323431896098
5.29669260701	0.00303915018398
5.31128404669	0.00285340436163
5.32587548638	0.00267680277465
5.34046692607	0.00250906237627
5.35505836576	0.00234989682486
5.36964980545	0.00219901748714
5.38424124514	0.00205613440685
5.39883268483	0.00192095723495
5.41342412451	0.00179319611715
5.4280155642	0.00167256253594
5.44260700389	0.00155877010407
5.45719844358	0.00145153530749
5.47178988327	0.0013505781961
5.48638132296	0.00125562302105
5.50097276265	0.00116639881794
5.51556420234	0.00108263993586
5.53015564202	0.00100408651219
5.54474708171	0.000930484894084
5.5593385214	0.000861588007329
5.57392996109	0.000797155674023
5.58852140078	0.000736954880614
5.60311284047	0.000680759998103
5.61770428016	0.000628352956497
5.63229571985	0.00057952337571
5.64688715953	0.000534068655307
5.66147859922	0.000491794025579
5.67607003891	0.000452512562507
5.6906614786	0.000416045169266
5.70525291829	0.000382220526898
5.71984435798	0.000350875016823
5.73443579767	0.000321852617803
5.74902723736	0.000295004779971
5.76361867704	0.000270190278422
5.77821011673	0.000247275048844
5.79280155642	0.000226132007535
5.80739299611	0.000206640858068
5.8219844358	0.000188687886761
5.83657587549	0.000172165748974
5.85116731518	0.000156973248145
5.86575875487	0.000143015109355
5.88035019455	0.000130201749069
5.89494163424	0.000118449042573
5.90953307393	0.000107678090518
5.92412451362	9.78149858338e-05
5.93871595331	8.8790582151e-05
5.953307393	8.05402647743e-05
5.96789883269	7.30037251037e-05
5.98249027237	6.61247393093e-05
5.99708171206	5.98509519536e-05
6.01167315175	5.41336651543e-05
6.02626459144	4.89276337899e-05
6.04085603113	4.41908671594e-05
6.05544747082	3.98844374302e-05
6.07003891051	3.59722951285e-05
6.0846303502	3.24210918625e-05
6.09922178988	2.9200010401e-05
6.11381322957	2.62806021778e-05
6.12840466926	2.36366322366e-05
6.14299610895	2.12439315901e-05
6.15758754864	1.90802569223e-05
6.17217898833	1.71251575304e-05
6.18677042802	1.53598493712e-05
6.20136186771	1.37670960494e-05
6.21595330739	1.23310965655e-05
6.23054474708	1.10373796197e-05
6.24513618677	9.87270425473e-06
6.25972762646	8.82496660925e-06
6.27431906615	7.8831125429e-06
6.28891050584	7.03705588941e-06
6.30350194553	6.27760208941e-06
6.31809338522	5.59637695307e-06
6.3326848249	4.98576030263e-06
6.34727626459	4.43882424695e-06
6.36186770428	3.9492758428e-06
6.37645914397	3.51140390248e-06
6.39105058366	3.12002971242e-06
6.40564202335	2.77046143381e-06
6.42023346304	2.45845196346e-06
6.43482490272	2.18016004024e-06
6.44941634241	1.93211439095e-06
6.4640077821	1.71118071746e-06
6.47859922179	1.51453133571e-06
6.49319066148	1.33961728589e-06
6.50778210117	1.18414274169e-06
6.52237354086	1.04604155557e-06
6.53696498055	9.23455785406e-07
6.55155642023	8.1471605664e-07
6.56614785992	7.18323622229e-07
6.58073929961	6.3293399108e-07
6.5953307393	5.5734200341e-07
6.60992217899	4.9046823924e-07
6.62451361868	4.31346653562e-07
6.63910505837	3.7911333881e-07
6.65369649806	3.32996322051e-07
6.66828793774	2.92306310736e-07
6.68287937743	2.56428307011e-07
6.69747081712	2.24814016408e-07
6.71206225681	1.96974982194e-07
6.7266536965	1.72476381912e-07
6.74124513619	1.50931427455e-07
6.75583657588	1.31996314661e-07
6.77042801557	1.15365672672e-07
6.78501945525	1.00768467329e-07
6.79961089494	8.79643166339e-08
6.81420233463	7.67401797736e-08
6.82879377432	6.69073844841e-08
6.84338521401	5.82989605086e-08
6.8579766537	5.07672497213e-08
6.87256809339	4.41817660599e-08
6.88715953308	3.84272807967e-08
6.90175097276	3.34021108799e-08
6.91634241245	2.90165900956e-08
6.93093385214	2.5191704674e-08
6.94552529183	2.1857876659e-08
6.96011673152	1.8953879939e-08
6.97470817121	1.64258752628e-08
6.9892996109	1.42265518818e-08
7.00389105058	1.2314364654e-08
7.01848249027	1.06528565391e-08
7.03307392996	9.21005740618e-09
7.04766536965	7.95795098394e-09
7.06225680934	6.87200260175e-09
7.07684824903	5.93074111734e-09
7.09143968872	5.11538910232e-09
7.10603112841	4.40953596929e-09
7.12062256809	3.79884927647e-09
7.13521400778	3.27081994748e-09
7.14980544747	2.81453759178e-09
7.16439688716	2.42049252194e-09
7.17898832685	2.08040142571e-09
7.19357976654	1.78705398268e-09
7.20817120623	1.53417800944e-09
7.22276264592	1.3163209838e-09
7.2373540856	1.12874603495e-09
7.25194552529	9.67340701245e-10
7.26653696498	8.28536946091e-10
7.28112840467	7.09241094981e-10
7.29571984436	6.06772506748e-10
7.31031128405	5.18809929557e-10
7.32490272374	4.43344612106e-10
7.33949416343	3.7863934903e-10
7.35408560311	3.23192734737e-10
7.3686770428	2.75707985721e-10
7.38326848249	2.35065766315e-10
7.39785992218	2.00300520976e-10
7.41245136187	1.70579874728e-10
7.42704280156	1.45186716758e-10
7.44163424125	1.23503628344e-10
7.45622568094	1.04999357959e-10
7.47081712062	8.92170822995e-11
7.48540856031	7.5764224692e-11
7.5	6.43036299103e-11
7.51459143969	5.45459203229e-11
7.52918287938	4.62428802571e-11
7.54377431907	3.91817323113e-11
7.55836575876	3.31801905478e-11
7.57295719844	2.80821874016e-11
7.58754863813	2.37541848238e-11
7.60214007782	2.00819921504e-11
7.61673151751	1.69680227628e-11
7.6313229572	1.43289307474e-11
7.64591439689	1.20935761532e-11
7.66050583658	1.02012743925e-11
7.67509727627	8.60029104805e-12
7.68968871595	7.24654857219e-12
7.70428015564	6.10251573987e-12
7.71887159533	5.13625469704e-12
7.73346303502	4.32060371076e-12
7.74805447471	3.63247682064e-12
7.7626459144	3.05226400878e-12
7.77723735409	2.56331781421e-12
7.79182879378	2.15151420934e-12
7.80642023346	1.80487724321e-12
7.82101167315	1.51325838387e-12
7.83560311284	1.26806278648e-12
7.85019455253	1.06201573843e-12
7.86478599222	8.88963540035e-13
7.87937743191	7.43703831265e-13
7.8939688716	6.21841112909e-13
7.90856031129	5.19663789093e-13
7.92315175097	4.34039600954e-13
7.93774319066	3.62326746514e-13
7.95233463035	3.02298389991e-13
7.96692607004	2.52078573837e-13
7.98151750973	2.10087855671e-13
7.99610894942	1.74997213663e-13
8.01070038911	1.45688993401e-13
8.0252918288	1.21223836352e-13
8.03988326848	1.0081269526e-13
8.05447470817	8.37931647288e-14
8.06906614786	6.96094774567e-14
8.08365758755	5.77956040667e-14
8.09824902724	4.79609896042e-14
8.11284046693	3.97785177401e-14
8.12743190662	3.29743638584e-14
8.1420233463	2.73194439542e-14
8.15661478599	2.26222147032e-14
8.17120622568	1.87226123342e-14
8.18579766537	1.54869561189e-14
8.20038910506	1.28036623705e-14
8.21498054475	1.05796453204e-14
8.22957198444	8.73729448154e-15
8.24416342413	7.21193881393e-15
8.25875486381	5.94971967305e-15
8.2733463035	4.90580864382e-15
8.28793774319	4.0429143936e-15
8.30252918288	3.33003313869e-15
8.31712062257	2.74140272651e-15
8.33171206226	2.2556287242e-15
8.34630350195	1.85495377566e-15
8.36089494164	1.52464761149e-15
8.37548638132	1.25249780192e-15
8.39007782101	1.02838511846e-15
8.4046692607	8.43929369678e-16
8.41926070039	6.92194525993e-16
8.43385214008	5.67442873392e-16
8.44844357977	4.64930745382e-16
8.46303501946	3.8073842933e-16
8.47762645915	3.11628876547e-16
8.49221789883	2.54930251048e-16
8.50680933852	2.0843851279e-16
8.52140077821	1.7033646778e-16
8.5359922179	1.39126748712e-16
8.55058365759	1.13576144823e-16
8.56517509728	9.26696051665e-17
8.57976653697	7.55720765185e-17
8.59435797666	6.15969878279e-17
8.60894941634	5.0180131457e-17
8.62354085603	4.08581332963e-17
8.63813229572	3.32506232295e-17
8.65272373541	2.70455569674e-17
8.6673151751	2.1987052815e-17
8.68190661479	1.7865423492e-17
8.69649805448	1.45089154972e-17
8.71108949416	1.17769314203e-17
8.72568093385	9.55443453613e-18
8.74027237354	7.74735900159e-18
8.75486381323	6.27882335451e-18
8.76945525292	5.08603402197e-18
8.78404669261	4.11771853509e-18
8.7986381323	3.33204402328e-18
8.81322957199	2.69489322616e-18
8.82782101167	2.17845918063e-18
8.84241245136	1.76008721582e-18
8.85700389105	1.42133413868e-18
8.87159533074	1.14718968213e-18
8.88618677043	9.25448473845e-19
8.90077821012	7.46186088416e-19
8.91536964981	6.01340312949e-19
8.9299610895	4.84363743752e-19
8.94455252918	3.89943428459e-19
8.95914396887	3.13768825876e-19
8.97373540856	2.52346211896e-19
8.98832684825	2.02843844441e-19
9.00291828794	1.62969695739e-19
9.01750972763	1.3086730206e-19
9.03210116732	1.05035333783e-19
9.04669260701	8.42595349647e-20
9.06128404669	6.75589361541e-20
9.07587548638	5.41409053113e-20
9.09046692607	4.33658994532e-20
9.10505836576	3.47175300662e-20
9.11964980545	2.77800130108e-20
9.13424124514	2.22175889629e-20
9.14883268483	1.77600461773e-20
9.16342412452	1.41896616622e-20
9.1780155642	1.13313789249e-20
9.19260700389	9.04425986869e-21
9.20719844358	7.21515746455e-21
9.22178988327	5.75301114649e-21
9.23638132296	4.58491633695e-21
9.25097276265	3.65215831815e-21
9.26556420234	2.90774590686e-21
9.28015564202	2.31389730984e-21
9.29474708171	1.84043244983e-21
9.3093385214	1.46310910441e-21
9.32392996109	1.16256525319e-21
9.33852140078	9.23268530006e-22
9.35311284047	7.32894252922e-22
9.36770428016	5.81486321619e-22
9.38229571985	4.61140830826e-22
9.39688715953	3.6551968288e-22
9.41147859922	2.89588701058e-22
9.42607003891	2.29312188195e-22
9.4406614786	1.81496271794e-22
9.45525291829	1.43569506054e-22
9.46984435798	1.1352057096e-22
9.48443579767	8.97201952584e-23
9.49902723736	7.0879300405e-23
9.51361867704	5.59658141375e-23
9.52821011673	4.417243527e-23
9.54280155642	3.4845483868e-23
9.55739299611	2.74756425376e-23
9.5719844358	2.16497082857e-23
9.58657587549	1.70542490966e-23
9.60116731518	1.34279444298e-23
9.61575875487	1.05701837621e-23
9.63035019455	8.31637951048e-24
9.64494163424	6.54068569867e-24
9.65953307393	5.14105538272e-24
9.67412451362	4.03925596026e-24
9.68871595331	3.17032243191e-24
9.703307393	2.48848242246e-24
9.71789883269	1.95253497681e-24
9.73249027237	1.53195534223e-24
9.74708171206	1.20150524828e-24
9.76167315175	9.41969076967e-25
9.77626459144	7.37655078922e-25
9.79085603113	5.77546385139e-25
9.80544747082	4.51452700441e-25
9.82003891051	3.53297091421e-25
9.8346303502	2.76529166053e-25
9.84922178988	2.16702549206e-25
9.86381322957	1.69652280031e-25
9.87840466926	1.32970731603e-25
9.89299610895	1.04123145377e-25
9.90758754864	8.14916278842e-26
9.92217898833	6.36301119459e-26
9.93677042802	4.98140704644e-26
9.95136186771	3.89511635628e-26
9.96595330739	3.05796159316e-26
9.98054474708	2.3976588398e-26
9.99513618677	1.88345986245e-26
10.0097276265	1.4766429778e-26
10.0243190661	1.16273625208e-26
10.0389105058	9.09825837862e-27
10.0535019455	7.20089933431e-27
10.0680933852	5.74757521661e-27
10.0826848249	4.64723056458e-27
10.0972762646	3.7854336907e-27
10.1118677043	3.10943864237e-27
10.126459144	2.5710637654e-27
10.1410505837	2.18134139413e-27
10.1556420233	1.88523318433e-27
10.170233463	1.65788858132e-27
10.1848249027	1.48853685048e-27
10.1994163424	1.34961335537e-27
10.2140077821	1.24222766031e-27
10.2285992218	1.16649924311e-27
10.2431906615	1.11677264176e-27
10.2577821012	1.0860636749e-27
10.2723735409	1.09644576646e-27
10.2869649805	1.08961433881e-27
10.3015564202	1.0924910647e-27
10.3161478599	1.08568337659e-27
10.3307392996	1.08474039382e-27
10.3453307393	1.06992401094e-27
10.359922179	1.07520057934e-27
10.3745136187	1.08881665167e-27
10.3891050584	1.1374370084e-27
10.4036964981	1.16059439859e-27
10.4182879377	1.18205791957e-27
10.4328793774	1.18629738355e-27
10.4474708171	1.20020369802e-27
10.4620622568	1.19882849858e-27
10.4766536965	1.21371606086e-27
10.4912451362	1.23740196079e-27
10.5058365759	1.31049103737e-27
10.5204280156	1.33647670809e-27
10.5350194553	1.35074475004e-27
10.5496108949	1.34641573366e-27
10.5642023346	1.3506922802e-27
10.5787937743	1.33976677244e-27
10.593385214	1.34414980741e-27
10.6079766537	1.35525622313e-27
10.6225680934	1.40838860836e-27
10.6371595331	1.40882429984e-27
10.6517509728	1.40644030251e-27
10.6663424125	1.38463505105e-27
10.6809338521	1.37420605014e-27
10.6955252918	1.35076612049e-27
10.7101167315	1.35181500034e-27
10.7247081712	1.35482768289e-27
10.7392996109	1.39779422468e-27
10.7538910506	1.40146163864e-27
10.7684824903	1.40468432056e-27
10.78307393	1.39047188829e-27
10.7976653697	1.39726129891e-27
10.8122568093	1.37576954356e-27
10.826848249	1.36679240364e-27
10.8414396887	1.36860401864e-27
10.8560311284	1.41362616008e-27
10.8706225681	1.41482239872e-27
10.8852140078	1.40643409256e-27
10.8998054475	1.37601972771e-27
10.9143968872	1.36666162916e-27
10.9289883268	1.33953453715e-27
10.9435797665	1.32589134972e-27
10.9581712062	1.31037680958e-27
10.9727626459	1.34719678378e-27
10.9873540856	1.34520561401e-27
11.0019455253	1.33243496329e-27
11.016536965	1.31493089745e-27
11.0311284047	1.30863582984e-27
11.0457198444	1.31021810467e-27
11.060311284	1.34279633726e-27
11.0749027237	1.3768876283e-27
11.0894941634	1.47033810429e-27
11.1040856031	1.56722495603e-27
11.1186770428	1.71761348439e-27
11.1332684825	1.90983984434e-27
11.1478599222	2.20825413076e-27
11.1624513619	2.61545481903e-27
11.1770428016	3.20168862314e-27
11.1916342412	4.0102821137e-27
11.2062256809	5.16488042434e-27
11.2208171206	6.64105100676e-27
11.2354085603	8.79549712971e-27
11.25	1.07769919533e-26
11.2645914397	8.77451074018e-27
11.2791828794	6.56289594154e-27
11.2937743191	5.01834563672e-27
11.3083657588	3.81293250394e-27
11.3229571984	2.92875545411e-27
11.3375486381	2.25544234285e-27
11.3521400778	1.75321959946e-27
11.3667315175	1.36513640279e-27
11.3813229572	1.07942440772e-27
11.3959143969	8.70643968562e-28
11.4105058366	7.14676617696e-28
11.4250972763	5.9982789208e-28
11.439688716	5.15609904114e-28
11.4542801556	4.52315167229e-28
11.4688715953	4.06187382536e-28
11.483463035	3.72872586084e-28
11.4980544747	3.45935640801e-28
11.5126459144	3.30733713202e-28
11.5272373541	3.16596954041e-28
11.5418287938	3.05179148982e-28
11.5564202335	2.99638824705e-28
11.5710116732	2.99313585034e-28
11.5856031128	2.96031461493e-28
11.6001945525	2.98348464451e-28
11.6147859922	3.00070924729e-28
11.6293774319	3.05858819642e-28
11.6439688716	3.10009217616e-28
11.6585603113	3.10371825647e-28
11.673151751	3.00706176403e-28
11.6877431907	3.04009020828e-28
11.7023346304	3.07398185522e-28
11.71692607	3.11220093166e-28
11.7315175097	3.19261957467e-28
11.7461089494	3.32833247038e-28
11.7607003891	3.50398023844e-28
11.7752918288	3.69398988134e-28
11.7898832685	3.86071404586e-28
11.8044747082	4.06965162094e-28
11.8190661479	4.28243095504e-28
11.8336575876	4.4715947573e-28
11.8482490272	4.65876192233e-28
11.8628404669	4.94210828196e-28
11.8774319066	5.19894730176e-28
11.8920233463	5.38448059068e-28
11.906614786	5.50413659796e-28
11.9212062257	5.57288133426e-28
11.9357976654	5.60295821901e-28
11.9503891051	5.67930923569e-28
11.9649805447	5.67895399088e-28
11.9795719844	5.62816412158e-28
11.9941634241	5.60432078062e-28
12.0087548638	5.51619822708e-28
12.0233463035	5.38586829692e-28
12.0379377432	5.37458970967e-28
12.0525291829	5.33775276426e-28
12.0671206226	5.23783088245e-28
12.0817120623	5.16870314748e-28
12.0963035019	5.15224292052e-28
12.1108949416	5.15738272414e-28
12.1254863813	5.2503566713e-28
12.140077821	5.37795223631e-28
12.1546692607	5.50204732031e-28
12.1692607004	5.58131946198e-28
12.1838521401	5.60295012711e-28
12.1984435798	5.57050389861e-28
12.2130350195	5.53608819435e-28
12.2276264591	5.55269450663e-28
12.2422178988	5.56514704859e-28
12.2568093385	5.64945619531e-28
12.2714007782	5.76099821893e-28
12.2859922179	5.84386298402e-28
12.3005836576	5.91640323174e-28
12.3151750973	5.92433646489e-28
12.329766537	5.90782418037e-28
12.3443579767	5.91746300875e-28
12.3589494163	5.88855033016e-28
12.373540856	5.96841116703e-28
12.3881322957	6.06822106982e-28
12.4027237354	6.12163373977e-28
12.4173151751	6.05143753472e-28
12.4319066148	5.98101305807e-28
12.4464980545	5.91355097192e-28
12.4610894942	5.91595666859e-28
12.4756809339	5.97351750312e-28
12.4902723735	6.12910039504e-28
12.5048638132	6.21372166535e-28
12.5194552529	6.2952142282e-28
12.5340466926	6.27090038273e-28
12.5486381323	6.2175399678e-28
12.563229572	6.19920987939e-28
12.5778210117	6.18482501582e-28
12.5924124514	6.13337872958e-28
12.6070038911	6.23074987188e-28
12.6215953307	6.21718337856e-28
12.6361867704	6.17913547918e-28
12.6507782101	6.01607691151e-28
12.6653696498	5.8831177637e-28
12.6799610895	5.82274157608e-28
12.6945525292	5.88136141278e-28
12.7091439689	5.97848463615e-28
12.7237354086	6.31481244337e-28
12.7383268483	6.50962656848e-28
12.7529182879	6.56026188802e-28
12.7675097276	6.46420960851e-28
12.7821011673	6.42093243558e-28
12.796692607	6.32726777798e-28
12.8112840467	6.37309265886e-28
12.8258754864	6.51548401137e-28
12.8404669261	6.82531421192e-28
12.8550583658	6.91000865347e-28
12.8696498054	6.98729680884e-28
12.8842412451	6.89192557016e-28
12.8988326848	6.78353563447e-28
12.9134241245	6.72350477526e-28
12.9280155642	6.76323712304e-28
12.9426070039	6.80812835191e-28
12.9571984436	7.01697701094e-28
12.9717898833	7.04295617045e-28
12.986381323	7.07534154456e-28
13.0009727626	6.96602860373e-28
13.0155642023	6.8760736134e-28
13.030155642	6.76331291629e-28
13.0447470817	6.78551830929e-28
13.0593385214	6.85824334395e-28
13.0739299611	7.22045038755e-28
13.0885214008	7.37922709387e-28
13.1031128405	7.4212917345e-28
13.1177042802	7.30921149339e-28
13.1322957198	7.24839891339e-28
13.1468871595	7.14622305733e-28
13.1614785992	7.21330380391e-28
13.1760700389	7.40384228256e-28
13.1906614786	7.80166356683e-28
13.2052529183	7.87046568464e-28
13.219844358	7.9665274397e-28
13.2344357977	7.84242221124e-28
13.2490272374	7.74272088681e-28
13.263618677	7.71031009354e-28
13.2782101167	7.77901566312e-28
13.2928015564	7.78661314978e-28
13.3073929961	8.1056855376e-28
13.3219844358	8.25184448818e-28
13.3365758755	8.33206567524e-28
13.3511673152	8.17384269891e-28
13.3657587549	8.07296659314e-28
13.3803501946	7.90054019655e-28
13.3949416342	7.86760590869e-28
13.4095330739	7.95654970657e-28
13.4241245136	8.30349192279e-28
13.4387159533	8.3689687203e-28
13.453307393	8.45587189492e-28
13.4678988327	8.40356955752e-28
13.4824902724	8.38300432342e-28
13.4970817121	8.23873248769e-28
13.5116731518	8.327414591e-28
13.5262645914	8.49838756237e-28
13.5408560311	8.92183863426e-28
13.5554474708	9.11793594047e-28
13.5700389105	9.28441532713e-28
13.5846303502	9.22514267017e-28
13.5992217899	9.16561633782e-28
13.6138132296	9.12325048736e-28
13.6284046693	9.23081714847e-28
13.642996109	9.28927277521e-28
13.6575875486	9.7845495492e-28
13.6721789883	9.97910114457e-28
13.686770428	1.00531773042e-27
13.7013618677	9.99091438342e-28
13.7159533074	1.00554064342e-27
13.7305447471	1.0008383714e-27
13.7451361868	1.00533384667e-27
13.7597276265	1.01749050266e-27
13.7743190661	1.06008481222e-27
13.7889105058	1.0652198012e-27
13.8035019455	1.07195208407e-27
13.8180933852	1.05418533702e-27
13.8326848249	1.04304850857e-27
13.8472762646	1.03552725847e-27
13.8618677043	1.05042190211e-27
13.876459144	1.06326351111e-27
13.8910505837	1.10504254378e-27
13.9056420233	1.11640635325e-27
13.920233463	1.12688791386e-27
13.9348249027	1.11360289357e-27
13.9494163424	1.1150246681e-27
13.9640077821	1.11181586199e-27
13.9785992218	1.1241543066e-27
13.9931906615	1.13338453333e-27
14.0077821012	1.1837882793e-27
14.0223735409	1.19506106508e-27
14.0369649805	1.19361076398e-27
14.0515564202	1.17813374047e-27
14.0661478599	1.17376435337e-27
14.0807392996	1.15548380972e-27
14.0953307393	1.16370219348e-27
14.109922179	1.17917977354e-27
14.1245136187	1.23051521266e-27
14.1391050584	1.2346621517e-27
14.1536964981	1.23724209225e-27
14.1682879377	1.21659755146e-27
14.1828793774	1.20525710034e-27
14.1974708171	1.18927357823e-27
14.2120622568	1.19133401849e-27
14.2266536965	1.19106910991e-27
14.2412451362	1.23835875075e-27
14.2558365759	1.25401526642e-27
14.2704280156	1.26171154516e-27
14.2850194553	1.2391981887e-27
14.2996108949	1.23433024929e-27
14.3142023346	1.21967198245e-27
14.3287937743	1.2215211634e-27
14.343385214	1.2305755405e-27
14.3579766537	1.28258008801e-27
14.3725680934	1.28756783265e-27
14.3871595331	1.27626852504e-27
14.4017509728	1.24938506862e-27
14.4163424125	1.23725809116e-27
14.4309338521	1.20989651838e-27
14.4455252918	1.20517233272e-27
14.4601167315	1.20381020315e-27
14.4747081712	1.23982070753e-27
14.4892996109	1.24296330399e-27
14.5038910506	1.24788124403e-27
14.5184824903	1.23171760135e-27
14.53307393	1.2243542265e-27
14.5476653697	1.21589926501e-27
14.5622568093	1.21668618534e-27
14.576848249	1.2124673855e-27
14.5914396887	1.25618166876e-27
14.6060311284	1.25940446881e-27
14.6206225681	1.25633784511e-27
14.6352140078	1.22357076539e-27
14.6498054475	1.20406539759e-27
14.6643968872	1.18142653447e-27
14.6789883268	1.16855250299e-27
14.6935797665	1.1523808973e-27
14.7081712062	1.17216910663e-27
14.7227626459	1.15369440927e-27
14.7373540856	1.13584960901e-27
14.7519455253	1.09667382463e-27
14.766536965	1.07477851309e-27
14.7811284047	1.03263778475e-27
14.7957198444	1.01077270492e-27
14.810311284	9.846031234e-28
14.8249027237	9.73356281857e-28
14.8394941634	9.25024073043e-28
14.8540856031	8.72799904611e-28
14.8686770428	8.06737481748e-28
14.8832684825	7.63592476439e-28
14.8978599222	7.31740619873e-28
14.9124513619	7.35379131283e-28
14.9270428016	7.76714450226e-28
14.9416342412	9.18729704518e-28
14.9562256809	1.1609492581e-27
14.9708171206	1.57109949618e-27
14.9854085603	2.341688426e-27
15.0	3.18851562604e-27
