-14.9854085603	2.60458508783e-27
-14.9708171206	1.57315908894e-27
-14.9562256809	9.71730386772e-28
-14.9416342412	5.77745179989e-28
-14.9270428016	3.47128738007e-28
-14.9124513619	2.13534508056e-28
-14.8978599222	1.50468299901e-28
-14.8832684825	1.20029726923e-28
-14.8686770428	1.16610181346e-28
-14.8540856031	1.216994584e-28
-14.8394941634	1.35338368509e-28
-14.8249027237	1.38076393177e-28
-14.810311284	1.55621258303e-28
-14.7957198444	1.71034592198e-28
-14.7811284047	1.92366484751e-28
-14.766536965	2.07808178919e-28
-14.7519455253	2.23844912996e-28
-14.7373540856	2.32791568325e-28
-14.7227626459	2.36686371825e-28
-14.7081712062	2.2157327513e-28
-14.6935797665	2.26620779199e-28
-14.6789883268	2.32293199592e-28
-14.6643968872	2.43779729166e-28
-14.6498054475	2.50275960512e-28
-14.6352140078	2.62083729446e-28
-14.6206225681	2.64023844725e-28
-14.6060311284	2.64414448125e-28
-14.5914396887	2.45680937829e-28
-14.576848249	2.44662032999e-28
-14.5622568093	2.45499573772e-28
-14.5476653696	2.57047042242e-28
-14.53307393	2.6038776449e-28
-14.5184824903	2.67697226807e-28
-14.5038910506	2.69751895578e-28
-14.4892996109	2.70533128677e-28
-14.4747081712	2.52586573944e-28
-14.4601167315	2.52861410056e-28
-14.4455252918	2.53790572542e-28
-14.4309338521	2.63619656346e-28
-14.4163424125	2.67735744846e-28
-14.4017509728	2.75144829472e-28
-14.3871595331	2.73654874726e-28
-14.3725680934	2.71230332686e-28
-14.3579766537	2.47695441542e-28
-14.343385214	2.43076993606e-28
-14.3287937743	2.41325985444e-28
-14.3142023346	2.48299230348e-28
-14.2996108949	2.51716510002e-28
-14.2850194553	2.59860416827e-28
-14.2704280156	2.5935629484e-28
-14.2558365759	2.5723860443e-28
-14.2412451362	2.37133718072e-28
-14.2266536965	2.33959826001e-28
-14.2120622568	2.31355342187e-28
-14.1974708171	2.38056949015e-28
-14.1828793774	2.39928609758e-28
-14.1682879377	2.44979164684e-28
-14.1536964981	2.42636598886e-28
-14.1391050584	2.37498515627e-28
-14.1245136187	2.13211562946e-28
-14.109922179	2.07977124554e-28
-14.0953307393	2.04115150649e-28
-14.0807392996	2.08964493745e-28
-14.0661478599	2.11166724313e-28
-14.0515564202	2.16734020397e-28
-14.0369649805	2.13840204148e-28
-14.0223735409	2.09035196947e-28
-14.0077821012	1.85961751551e-28
-13.9931906615	1.79899289155e-28
-13.9785992218	1.7519016277e-28
-13.9640077821	1.78708743366e-28
-13.9494163424	1.7777058774e-28
-13.9348249027	1.81152984309e-28
-13.920233463	1.77297609586e-28
-13.9056420233	1.71829877595e-28
-13.8910505837	1.51124593035e-28
-13.876459144	1.45143452061e-28
-13.8618677043	1.41173538024e-28
-13.8472762646	1.44749132092e-28
-13.8326848249	1.45388583188e-28
-13.8180933852	1.49617268629e-28
-13.8035019455	1.47522458647e-28
-13.7889105058	1.4173632066e-28
-13.7743190661	1.22882470144e-28
-13.7597276265	1.17932202981e-28
-13.7451361868	1.14542235441e-28
-13.7305447471	1.17477983649e-28
-13.7159533074	1.1809765618e-28
-13.7013618677	1.21140971946e-28
-13.686770428	1.17266740008e-28
-13.6721789883	1.1233709554e-28
-13.6575875486	9.56043845039e-29
-13.6429961089	8.98124298831e-29
-13.6284046693	8.65420951701e-29
-13.6138132296	8.79108003274e-29
-13.5992217899	8.86367156225e-29
-13.5846303502	9.23100211183e-29
-13.5700389105	9.04950119e-29
-13.5554474708	8.64957619647e-29
-13.5408560311	7.28917173573e-29
-13.5262645914	6.91405653299e-29
-13.5116731518	6.73303921789e-29
-13.4970817121	7.01912126421e-29
-13.4824902724	7.22642175155e-29
-13.4678988327	7.54882303469e-29
-13.453307393	7.47395353694e-29
-13.4387159533	7.19163202721e-29
-13.4241245136	6.0446429104e-29
-13.4095330739	5.62802678258e-29
-13.3949416342	5.36193313351e-29
-13.3803501946	5.50833565512e-29
-13.3657587549	5.64757448303e-29
-13.3511673152	5.9295845803e-29
-13.3365758755	6.00222207027e-29
-13.3219844358	5.98619468139e-29
-13.3073929961	5.43131807348e-29
-13.2928015564	5.32767723365e-29
-13.2782101167	5.39935830294e-29
-13.263618677	5.50608294818e-29
-13.2490272374	5.56452771212e-29
-13.2344357977	5.73040845649e-29
-13.219844358	5.63281274435e-29
-13.2052529183	5.44869798785e-29
-13.1906614786	4.98129498287e-29
-13.1760700389	4.81447453248e-29
-13.1614785992	4.70130602217e-29
-13.1468871595	4.73781685287e-29
-13.1322957198	4.72113600401e-29
-13.1177042802	4.73916063345e-29
-13.1031128405	4.70223595992e-29
-13.0885214008	4.36252280397e-29
-13.0739299611	3.86885222046e-29
-13.0593385214	3.65867373742e-29
-13.0447470817	3.55914728317e-29
-13.030155642	3.43962742744e-29
-13.0155642023	3.4612703331e-29
-13.0009727626	3.53507918092e-29
-12.986381323	3.55105982177e-29
-12.9717898833	3.48907704876e-29
-12.9571984436	3.43358545482e-29
-12.9426070039	3.42478940549e-29
-12.9280155642	3.51523191952e-29
-12.9134241245	3.47762404611e-29
-12.8988326848	3.61907357732e-29
-12.8842412451	3.77542669231e-29
-12.8696498054	4.04003075291e-29
-12.8550583658	4.40751146157e-29
-12.8404669261	5.2157271656e-29
-12.8258754864	5.74082407655e-29
-12.8112840467	6.15170332064e-29
-12.796692607	6.24406892978e-29
-12.7821011673	6.5027040165e-29
-12.7675097276	6.6787676689e-29
-12.7529182879	7.01855843452e-29
-12.7383268482	7.25040576635e-29
-12.7237354086	7.88003018125e-29
-12.7091439689	8.04491612505e-29
-12.6945525292	8.47528088526e-29
-12.6799610895	8.44764397258e-29
-12.6653696498	8.64540036863e-29
-12.6507782101	8.81665147769e-29
-12.6361867704	9.28463881999e-29
-12.6215953307	9.79524540553e-29
-12.6070038911	1.11060733275e-28
-12.5924124514	1.17176678365e-28
-12.5778210117	1.22723153925e-28
-12.563229572	1.20901216363e-28
-12.5486381323	1.22512298691e-28
-12.5340466926	1.24438981112e-28
-12.5194552529	1.30804061633e-28
-12.5048638132	1.40318479234e-28
-12.4902723735	1.64272306488e-28
-12.4756809339	1.77150216471e-28
-12.4610894942	1.90303729905e-28
-12.4464980545	1.9544127239e-28
-12.4319066148	2.01072607222e-28
-12.4173151751	2.05262771465e-28
-12.4027237354	2.16648694937e-28
-12.3881322957	2.29013692044e-28
-12.373540856	2.58429272251e-28
-12.3589494163	2.75142398548e-28
-12.3443579767	2.88820941518e-28
-12.329766537	2.93129233832e-28
-12.3151750973	3.01392534468e-28
-12.3005836576	3.05781895999e-28
-12.2859922179	3.19361426406e-28
-12.2714007782	3.35587368917e-28
-12.2568093385	3.72785112291e-28
-12.2422178988	3.93226499977e-28
-12.2276264591	4.09531450197e-28
-12.2130350195	4.09933810696e-28
-12.1984435798	4.1793337146e-28
-12.1838521401	4.22127135812e-28
-12.1692607004	4.32317366859e-28
-12.1546692607	4.45569280438e-28
-12.140077821	4.83396807396e-28
-12.1254863813	4.9706355763e-28
-12.1108949416	5.03429257533e-28
-12.0963035019	4.95869165756e-28
-12.0817120623	4.94408587912e-28
-12.0671206226	4.9556899831e-28
-12.0525291829	5.09352240312e-28
-12.0379377432	5.221399687e-28
-12.0233463035	5.61406328262e-28
-12.0087548638	5.76393185997e-28
-11.9941634241	5.87927119519e-28
-11.9795719844	5.84870756205e-28
-11.9649805447	5.87937210104e-28
-11.9503891051	5.89163675171e-28
-11.9357976654	6.05042867209e-28
-11.9212062257	6.27204565748e-28
-11.906614786	6.76559333697e-28
-11.8920233463	6.94528664384e-28
-11.8774319066	7.03497094693e-28
-11.8628404669	6.93436850206e-28
-11.8482490272	6.87244954465e-28
-11.8336575875	6.81512955436e-28
-11.8190661479	6.89405784941e-28
-11.8044747082	7.00904985963e-28
-11.7898832685	7.41580272599e-28
-11.7752918288	7.49323909314e-28
-11.7607003891	7.4962546121e-28
-11.7461089494	7.33314626695e-28
-11.7315175097	7.26989549758e-28
-11.71692607	7.25901419555e-28
-11.7023346304	7.41517501441e-28
-11.6877431907	7.50354296832e-28
-11.673151751	7.88964730428e-28
-11.6585603113	7.96154872439e-28
-11.6439688716	7.91892248625e-28
-11.6293774319	7.71404788407e-28
-11.6147859922	7.53438971371e-28
-11.6001945525	7.3349145966e-28
-11.5856031128	7.34048637971e-28
-11.5710116732	7.38468876828e-28
-11.5564202335	7.64163102842e-28
-11.5418287938	7.48327629863e-28
-11.5272373541	7.31340665392e-28
-11.5126459144	6.96521300559e-28
-11.4980544747	6.60269300628e-28
-11.483463035	6.31855677028e-28
-11.4688715953	6.162948487e-28
-11.4542801556	6.10355405088e-28
-11.439688716	6.34321904199e-28
-11.4250972763	6.27897267457e-28
-11.4105058366	6.29699752067e-28
-11.3959143969	6.42467383152e-28
-11.3813229572	7.09279409636e-28
-11.3667315175	8.31180324959e-28
-11.3521400778	1.04628469897e-27
-11.3375486381	1.36049927615e-27
-11.3229571984	1.83808282117e-27
-11.3083657588	2.49519067593e-27
-11.2937743191	3.44065824655e-27
-11.2791828794	4.71351975649e-27
-11.2645914397	6.64477566448e-27
-11.25	8.43537846532e-27
-11.2354085603	6.49774500547e-27
-11.2208171206	4.46014723734e-27
-11.2062256809	3.10333228782e-27
-11.1916342412	2.09745039856e-27
-11.1770428016	1.40130568374e-27
-11.1624513619	9.13390458729e-28
-11.1478599222	5.90164960773e-28
-11.1332684825	3.74593101684e-28
-11.1186770428	2.4213366953e-28
-11.1040856031	1.66037906812e-28
-11.0894941634	1.24383617748e-28
-11.0749027237	1.24480413036e-28
-11.060311284	1.46236771255e-28
-11.0457198444	1.84811064613e-28
-11.0311284047	2.28237969251e-28
-11.016536965	2.76315631408e-28
-11.0019455253	3.13395815085e-28
-10.9873540856	3.5138514055e-28
-10.9727626459	3.69796063018e-28
-10.9581712062	4.0295946261e-28
-10.9435797665	4.36197863568e-28
-10.9289883268	4.81015142603e-28
-10.9143968872	5.12966981303e-28
-10.8998054475	5.43193109461e-28
-10.8852140078	5.55641253059e-28
-10.8706225681	5.56499475006e-28
-10.8560311284	5.31810020497e-28
-10.8414396887	5.25791856242e-28
-10.826848249	5.21629036458e-28
-10.8122568093	5.2730461094e-28
-10.7976653696	5.26729757808e-28
-10.78307393	5.234058907e-28
-10.7684824903	5.03692589956e-28
-10.7538910506	4.78141989437e-28
-10.7392996109	4.2656546797e-28
-10.7247081712	3.93785602872e-28
-10.7101167315	3.6309272508e-28
-10.6955252918	3.40627281823e-28
-10.6809338521	3.12652451888e-28
-10.6663424125	2.85422008255e-28
-10.6517509728	2.50747441407e-28
-10.6371595331	2.18833070511e-28
-10.6225680934	1.84091244288e-28
-10.6079766537	1.78547605511e-28
-10.593385214	1.98417237672e-28
-10.5787937743	2.51558560163e-28
-10.5642023346	3.43459571458e-28
-10.5496108949	4.93924088176e-28
-10.5350194553	7.17767597488e-28
-10.5204280156	1.03897332634e-27
-10.5058365759	1.50987944835e-27
-10.4912451362	2.17065340603e-27
-10.4766536965	3.08831861297e-27
-10.4620622568	4.33430949986e-27
-10.4474708171	6.03028510243e-27
-10.4328793774	8.28107117762e-27
-10.4182879377	1.13323933936e-26
-10.4036964981	1.54180883612e-26
-10.3891050584	2.0926856948e-26
-10.3745136187	2.81335037657e-26
-10.359922179	3.7511902753e-26
-10.3453307393	4.9615995514e-26
-10.3307392996	6.5363915621e-26
-10.3161478599	8.5715993026e-26
-10.3015564202	1.12167554053e-25
-10.2869649805	1.46441403559e-25
-10.2723735409	1.91015773121e-25
-10.2577821012	2.48255663032e-25
-10.2431906615	3.2196651059e-25
-10.2285992218	4.16753113693e-25
-10.2140077821	5.38819974074e-25
-10.1994163424	6.95717171302e-25
-10.1848249027	8.97268794566e-25
-10.170233463	1.15593936731e-24
-10.1556420233	1.48844837254e-24
-10.1410505837	1.91355155531e-24
-10.126459144	2.4571936634e-24
-10.1118677043	3.15270483431e-24
-10.0972762646	4.04212464695e-24
-10.0826848249	5.17701311726e-24
-10.0680933852	6.62668743659e-24
-10.0535019455	8.47725417239e-24
-10.0389105058	1.08404468661e-23
-10.0243190661	1.38517196598e-23
-10.0097276265	1.76868002471e-23
-9.99513618677	2.25703702855e-23
-9.98054474708	2.87863897028e-23
-9.96595330739	3.66922175101e-23
-9.9513618677	4.67438654879e-23
-9.93677042802	5.9519570931e-23
-9.92217898833	7.57473324315e-23
-9.90758754864	9.63348111579e-23
-9.89299610895	1.22446272644e-22
-9.87840466926	1.55541462646e-22
-9.86381322957	1.97478513714e-22
-9.84922178988	2.50589070316e-22
-9.83463035019	3.17818959981e-22
-9.82003891051	4.0288042924e-22
-9.80544747082	5.10455396898e-22
-9.79085603113	6.46400976004e-22
-9.77626459144	8.18114665574e-22
-9.76167315175	1.03489324291e-21
-9.74708171206	1.30842437451e-21
-9.73249027237	1.65336609464e-21
-9.71789883268	2.0881793257e-21
-9.703307393	2.63596771391e-21
-9.68871595331	3.32576244779e-21
-9.67412451362	4.19383720843e-21
-9.65953307393	5.28569081438e-21
-9.64494163424	6.65830808639e-21
-9.63035019455	8.38301043703e-21
-9.61575875486	1.05489380402e-20
-9.60116731517	1.32676062518e-20
-9.58657587549	1.66782666694e-20
-9.5719844358	2.09548334344e-20
-9.55739299611	2.63141061893e-20
-9.54280155642	3.30266919947e-20
-9.52821011673	4.14298825786e-20
-9.51361867704	5.19440867162e-20
-9.49902723735	6.50925991508e-20
-9.48443579767	8.15267635469e-20
-9.46984435798	1.02056687155e-19
-9.45525291829	1.27689874601e-19
-9.4406614786	1.59677202982e-19
-9.42607003891	1.99572862777e-19
-9.41147859922	2.49305573801e-19
-9.39688715953	3.11268127025e-19
-9.38229571984	3.88426673228e-19
-9.36770428016	4.84457238517e-19
-9.35311284047	6.03911784815e-19
-9.33852140078	7.52424954039e-19
-9.32392996109	9.36965516232e-19
-9.3093385214	1.16615105077e-18
-9.29474708171	1.45062974508e-18
-9.28015564202	1.80355366936e-18
-9.26556420233	2.24115514591e-18
-9.25097276265	2.78346081617e-18
-9.23638132296	3.45516192539e-18
-9.22178988327	4.28668615366e-18
-9.20719844358	5.31550410542e-18
-9.19260700389	6.58774277448e-18
-9.1780155642	8.16014819978e-18
-9.16342412451	1.01024937091e-17
-9.14883268482	1.25005182965e-17
-9.13424124514	1.54595269537e-17
-9.11964980545	1.91087772283e-17
-9.10505836576	2.36068462295e-17
-9.09046692607	2.91481553525e-17
-9.07587548638	3.59709603211e-17
-9.06128404669	4.43670574142e-17
-9.046692607	5.46936244298e-17
-9.03210116731	6.73876076435e-17
-9.01750972763	8.29832515639e-17
-9.00291828794	1.02133375924e-16
-8.98832684825	1.25635267653e-16
-8.97373540856	1.54462055622e-16
-8.95914396887	1.89800879645e-16
-8.94455252918	2.3309908737e-16
-8.92996108949	2.86120297118e-16
-8.91536964981	3.51012245776e-16
-8.90077821012	4.30389001632e-16
-8.88618677043	5.27430348187e-16
-8.87159533074	6.46002060472e-16
-8.85700389105	7.9080110459e-16
-8.84241245136	9.67531213638e-16
-8.82782101167	1.18311461042e-15
-8.81322957198	1.44594753882e-15
-8.7986381323	1.76620821311e-15
-8.78404669261	2.15622796956e-15
-8.76945525292	2.63093799017e-15
-8.75486381323	3.20840711916e-15
-8.74027237354	3.91048831274e-15
-8.72568093385	4.76359612921e-15
-8.71108949416	5.79964006688e-15
-8.69649805447	7.05714546319e-15
-8.68190661479	8.58259775079e-15
-8.6673151751	1.0432054731e-14
-8.65272373541	1.26730778519e-14
-8.63813229572	1.53870454835e-14
-8.62354085603	1.86719206176e-14
-8.60894941634	2.26455621382e-14
-8.59435797665	2.74496814362e-14
-8.57976653696	3.3254569843e-14
-8.56517509728	4.02647410664e-14
-8.55058365759	4.87256637428e-14
-8.5359922179	5.89317879168e-14
-8.52140077821	7.12361096995e-14
-8.50680933852	8.60615591467e-14
-8.49221789883	1.0391455516e-13
-8.47762645914	1.25401123408e-13
-8.46303501945	1.51246055154e-13
-8.44844357977	1.82315662185e-13
-8.43385214008	2.19644788982e-13
-8.41926070039	2.64468855168e-13
-8.4046692607	3.18261844468e-13
-8.39007782101	3.82781308684e-13
-8.37548638132	4.60121657519e-13
-8.36089494163	5.52777207683e-13
-8.34630350195	6.63716740762e-13
-8.33171206226	7.96471604156e-13
-8.31712062257	9.55239757757e-13
-8.30252918288	1.14500856089e-12
-8.28793774319	1.37169959366e-12
-8.2733463035	1.64233934012e-12
-8.25875486381	1.96526023773e-12
-8.24416342412	2.3503373185e-12
-8.22957198444	2.80926657981e-12
-8.21498054475	3.35589220804e-12
-8.20038910506	4.00659099104e-12
-8.18579766537	4.78072359677e-12
-8.17120622568	5.70116401588e-12
-8.15661478599	6.79492025808e-12
-8.1420233463	8.09386159436e-12
-8.12743190661	9.63556999921e-12
-8.11284046693	1.14643363818e-11
-8.09824902724	1.36323253994e-11
-8.08365758755	1.62009364884e-11
-8.06906614786	1.9242393043e-11
-8.05447470817	2.28415967696e-11
-8.03988326848	2.70982899056e-11
-8.02529182879	3.2129574779e-11
-8.0107003891	3.80728476205e-11
-7.99610894942	4.50892124675e-11
-7.98151750973	5.33674508713e-11
-7.96692607004	6.31286347563e-11
-7.95233463035	7.4631482789e-11
-7.93774319066	8.81785758121e-11
-7.92315175097	1.04123563919e-10
-7.90856031128	1.22879517606e-10
-7.89396887159	1.44928597522e-10
-7.87937743191	1.70833243253e-10
-7.86478599222	2.01249110237e-10
-7.85019455253	2.36940017411e-10
-7.83560311284	2.787952054e-10
-7.82101167315	3.27849248118e-10
-7.80642023346	3.85305008785e-10
-7.79182879377	4.5256008681e-10
-7.77723735409	5.31237263506e-10
-7.7626459144	6.23219525782e-10
-7.74805447471	7.30690326038e-10
-7.73346303502	8.56179826883e-10
-7.71887159533	1.00261798011e-09
-7.70428015564	1.17339540478e-09
-7.68968871595	1.37243315676e-09
-7.67509727626	1.6042626286e-09
-7.66050583658	1.87411697987e-09
-7.64591439689	2.18803568241e-09
-7.6313229572	2.55298396881e-09
-7.61673151751	2.97698920388e-09
-7.60214007782	3.46929645432e-09
-7.58754863813	4.0405458213e-09
-7.57295719844	4.70297442014e-09
-7.55836575875	5.47064625206e-09
-7.54377431907	6.35971360966e-09
-7.52918287938	7.3887141052e-09
-7.51459143969	8.57890790363e-09
-7.5	9.95466029102e-09
-7.48540856031	1.15438753195e-08
-7.47081712062	1.33784869577e-08
-7.45622568093	1.5495014879e-08
-7.44163424124	1.79351929072e-08
-7.42704280156	2.07466790085e-08
-7.41245136187	2.39838567353e-08
-7.39785992218	2.77087391362e-08
-7.38326848249	3.19919873628e-08
-7.3686770428	3.69140575373e-08
-7.35408560311	4.2566490917e-08
-7.33949416342	4.9053363987e-08
-7.32490272373	5.64929168814e-08
-7.31031128405	6.50193804322e-08
-7.29571984436	7.47850242509e-08
-7.28112840467	8.59624505092e-08
-7.26653696498	9.87471605654e-08
-7.25194552529	1.13360424257e-07
-7.2373540856	1.30052484589e-07
-7.22276264591	1.49106133691e-07
-7.20817120623	1.70840699284e-07
-7.19357976654	1.95616484593e-07
-7.17898832685	2.23839708501e-07
-7.16439688716	2.55967997023e-07
-7.14980544747	2.92516481631e-07
-7.13521400778	3.34064564806e-07
-7.12062256809	3.81263418332e-07
-7.1060311284	4.34844285281e-07
-7.09143968872	4.95627662472e-07
-7.07684824903	5.64533446265e-07
-7.06225680934	6.42592131065e-07
-7.04766536965	7.30957156666e-07
-7.03307392996	8.30918507727e-07
-7.01848249027	9.43917676105e-07
-7.00389105058	1.07156410452e-06
-6.98929961089	1.21565323806e-06
-6.97470817121	1.37818631844e-06
-6.96011673152	1.56139206417e-06
-6.94552529183	1.76775038897e-06
-6.93093385214	2.00001831921e-06
-6.91634241245	2.26125828023e-06
-6.90175097276	2.55486893063e-06
-6.88715953307	2.88461873212e-06
-6.87256809338	3.25468245159e-06
-6.8579766537	3.66968080052e-06
-6.84338521401	4.13472342506e-06
-6.82879377432	4.65545546766e-06
-6.81420233463	5.2381079286e-06
-6.79961089494	5.88955206149e-06
-6.78501945525	6.61735804286e-06
-6.77042801556	7.42985815957e-06
-6.75583657588	8.33621476106e-06
-6.74124513619	9.34649322475e-06
-6.7266536965	1.04717401822e-05
-6.71206225681	1.17240672512e-05
-6.69747081712	1.31167405148e-05
-6.68287937743	1.46642759798e-05
-6.66828793774	1.63825412368e-05
-6.65369649805	1.8288863533e-05
-6.63910505837	2.04021444473e-05
-6.62451361868	2.27429813413e-05
-6.60992217899	2.53337957302e-05
-6.5953307393	2.81989686927e-05
-6.58073929961	3.13649833989e-05
-6.56614785992	3.48605748023e-05
-6.55155642023	3.87168864901e-05
-6.53696498054	4.2967634641e-05
-6.52237354086	4.7649278979e-05
-6.50778210117	5.2801200551e-05
-6.49319066148	5.84658860844e-05
-6.47859922179	6.46891186073e-05
-6.4640077821	7.15201739294e-05
-6.44941634241	7.90120224925e-05
-6.43482490272	8.7221536006e-05
-6.42023346303	9.6209698176e-05
-6.40564202335	0.000106041818734
-6.39105058366	0.00011678774985
-6.37645914397	0.00012852210391
-6.36186770428	0.000141324471482
-6.34727626459	0.000155279638221
-6.3326848249	0.000170477799268
-6.31809338521	0.00018701476962
-6.30350194552	0.000204992188789
-6.28891050584	0.000224517717936
-6.27431906615	0.000245705227544
-6.25972762646	0.000268674973581
-6.24513618677	0.000293553759939
-6.23054474708	0.000320475084903
-6.21595330739	0.000349579269214
-6.2013618677	0.000381013563282
-6.18677042802	0.000414932230982
-6.17217898833	0.000451496607444
-6.15758754864	0.000490875128187
-6.14299610895	0.000533243326975
-6.12840466926	0.000578783799751
-6.11381322957	0.000627686132072
-6.09922178988	0.000680146787546
-6.08463035019	0.000736368954866
-6.07003891051	0.000796562351181
-6.05544747082	0.000860942979747
-6.04085603113	0.000929732839973
-6.02626459144	0.00100315958828
-6.01167315175	0.00108145614845
-5.99708171206	0.0011648602705
-5.98249027237	0.00125361403745
-5.96789883268	0.00134796331979
-5.953307393	0.00144815717793
-5.93871595331	0.00155444721326
-5.92412451362	0.00166708686904
-5.90953307393	0.00178633068293
-5.89494163424	0.00191243349333
-5.88035019455	0.00204564960232
-5.86575875486	0.00218623189867
-5.85116731517	0.00233443094479
-5.83657587549	0.00249049403197
-5.8219844358	0.00265466420908
-5.80739299611	0.00282717929008
-5.79280155642	0.00300827084636
-5.77821011673	0.00319816319016
-5.76361867704	0.00339707235597
-5.74902723735	0.00360520508689
-5.73443579766	0.00382275783315
-5.71984435798	0.00404991577047
-5.70525291829	0.00428685184562
-5.6906614786	0.00453372585692
-5.67607003891	0.00479068357708
-5.66147859922	0.00505785592581
-5.64688715953	0.00533535819923
-5.63229571984	0.00562328936289
-5.61770428016	0.00592173141469
-5.60311284047	0.0062307488236
-5.58852140078	0.00655038804926
-5.57392996109	0.00688067714729
-5.5593385214	0.0072216254639
-5.54474708171	0.00757322342309
-5.53015564202	0.00793544240861
-5.51556420233	0.00830823474213
-5.50097276265	0.00869153375818
-5.48638132296	0.00908525397548
-5.47178988327	0.00948929136354
-5.45719844358	0.00990352370231
-5.44260700389	0.0103278110322
-5.4280155642	0.0107619961904
-5.41342412451	0.0112059054298
-5.39883268482	0.011659349114
-5.38424124514	0.0121221224844
-5.36964980545	0.0125940064917
-5.35505836576	0.0130747686855
-5.34046692607	0.0135641641554
-5.32587548638	0.0140619365147
-5.31128404669	0.0145678189213
-5.296692607	0.0150815351256
-5.28210116731	0.0156028005392
-5.26750972763	0.0161313233169
-5.25291828794	0.0166668054431
-5.23832684825	0.0172089438161
-5.22373540856	0.0177574313234
-5.20914396887	0.0183119579013
-5.19455252918	0.0188722115714
-5.17996108949	0.0194378794499
-5.1653696498	0.0200086487231
-5.15077821012	0.0205842075847
-5.13618677043	0.0211642461307
-5.12159533074	0.0217484572081
-5.10700389105	0.0223365372141
-5.09241245136	0.0229281868437
-5.07782101167	0.0235231117834
-5.06322957198	0.0241210233489
-5.0486381323	0.0247216390676
-5.03404669261	0.0253246832033
-5.01945525292	0.0259298872246
-5.00486381323	0.0265369902175
-4.99027237354	0.0271457392418
-4.97568093385	0.0277558896337
-4.96108949416	0.0283672052562
-4.94649805447	0.0289794586981
-4.93190661479	0.0295924314252
-4.9173151751	0.030205913884
-4.90272373541	0.0308197055627
-4.88813229572	0.0314336150108
-4.87354085603	0.0320474598192
-4.85894941634	0.0326610665661
-4.84435797665	0.0332742707291
-4.82976653696	0.0338869165672
-4.81517509728	0.0344988569763
-4.80058365759	0.0351099533193
-4.7859922179	0.0357200752359
-4.77140077821	0.0363291004317
-4.75680933852	0.036936914452
-4.74221789883	0.0375434104416
-4.72762645914	0.0381484888918
-4.71303501945	0.0387520573796
-4.69844357977	0.0393540302978
-4.68385214008	0.0399543285811
-4.66926070039	0.0405528794278
-4.6546692607	0.0411496160197
-4.64007782101	0.041744477242
-4.62548638132	0.0423374074037
-4.61089494163	0.0429283559604
-4.59630350194	0.0435172772412
-4.58171206226	0.0441041301788
-4.56712062257	0.044688878046
-4.55252918288	0.0452714881983
-4.53793774319	0.0458519318222
-4.5233463035	0.0464301836924
-4.50875486381	0.0470062219354
-4.49416342412	0.0475800278026
-4.47957198444	0.0481515854507
-4.46498054475	0.0487208817319
-4.45038910506	0.0492879059924
-4.43579766537	0.0498526498796
-4.42120622568	0.0504151071593
-4.40661478599	0.0509752735409
-4.3920233463	0.0515331465118
-4.37743190661	0.052088725181
-4.36284046693	0.0526420101309
-4.34824902724	0.0531930032776
-4.33365758755	0.0537417077396
-4.31906614786	0.0542881277145
-4.30447470817	0.054832268364
-4.28988326848	0.0553741357049
-4.27529182879	0.0559137365097
-4.2607003891	0.0564510782118
-4.24610894942	0.056986168819
-4.23151750973	0.0575190168329
-4.21692607004	0.0580496311741
-4.20233463035	0.0585780211137
-4.18774319066	0.05910419621
-4.17315175097	0.0596281662505
-4.15856031128	0.0601499411988
-4.14396887159	0.0606695311464
-4.12937743191	0.0611869462682
-4.11478599222	0.0617021967833
-4.10019455253	0.0622152929183
-4.08560311284	0.0627262448753
-4.07101167315	0.0632350628027
-4.05642023346	0.0637417567691
-4.04182879377	0.0642463367407
-4.02723735408	0.0647488125607
-4.0126459144	0.0652491939318
-3.99805447471	0.0657474904004
-3.98346303502	0.0662437113437
-3.96887159533	0.0667378659581
-3.95428015564	0.0672299632499
-3.93968871595	0.0677200120272
-3.92509727626	0.0682080208936
-3.91050583658	0.0686939982434
-3.89591439689	0.0691779522577
-3.8813229572	0.0696598909018
-3.86673151751	0.0701398219237
-3.85214007782	0.0706177528535
-3.83754863813	0.0710936910034
-3.82295719844	0.0715676434686
-3.80836575875	0.072039617129
-3.79377431907	0.0725096186513
-3.77918287938	0.0729776544916
-3.76459143969	0.0734437308982
-3.75	0.0739078539155
-3.73540856031	0.0743700293874
-3.72081712062	0.0748302629617
-3.70622568093	0.075288560094
-3.69163424124	0.0757449260524
-3.67704280156	0.0761993659221
-3.66245136187	0.0766518846099
-3.64785992218	0.0771024868494
-3.63326848249	0.0775511772056
-3.6186770428	0.0779979600798
-3.60408560311	0.0784428397146
-3.58949416342	0.078885820199
-3.57490272373	0.0793269054728
-3.56031128405	0.0797660993319
-3.54571984436	0.080203405433
-3.53112840467	0.080638827298
-3.51653696498	0.081072368319
-3.50194552529	0.0815040317627
-3.4873540856	0.081933820775
-3.47276264591	0.0823617383851
-3.45817120623	0.0827877875099
-3.44357976654	0.0832119709585
-3.42898832685	0.0836342914354
-3.41439688716	0.0840547515453
-3.39980544747	0.0844733537965
-3.38521400778	0.0848901006047
-3.37062256809	0.0853049942962
-3.3560311284	0.0857180371121
-3.34143968872	0.0861292312112
-3.32684824903	0.0865385786729
-3.31225680934	0.0869460815011
-3.29766536965	0.0873517416268
-3.28307392996	0.0877555609107
-3.26848249027	0.0881575411467
-3.25389105058	0.0885576840639
-3.23929961089	0.0889559913297
-3.22470817121	0.0893524645519
-3.21011673152	0.0897471052814
-3.19552529183	0.0901399150144
-3.18093385214	0.0905308951943
-3.16634241245	0.0909200472144
-3.15175097276	0.0913073724194
-3.13715953307	0.0916928721077
-3.12256809338	0.0920765475329
-3.1079766537	0.0924583999061
-3.09338521401	0.0928384303971
-3.07879377432	0.0932166401364
-3.06420233463	0.0935930302165
-3.04961089494	0.0939676016936
-3.03501945525	0.0943403555891
-3.02042801556	0.0947112928906
-3.00583657587	0.0950804145537
-2.99124513619	0.0954477215029
-2.9766536965	0.0958132146332
-2.96206225681	0.0961768948106
-2.94747081712	0.0965387628741
-2.93287937743	0.0968988196358
-2.91828793774	0.0972570658828
-2.90369649805	0.0976135023775
-2.88910505837	0.097968129859
-2.87451361868	0.0983209490435
-2.85992217899	0.0986719606256
-2.8453307393	0.0990211652791
-2.83073929961	0.0993685636574
-2.81614785992	0.0997141563945
-2.80155642023	0.100057944106
-2.78696498054	0.100399927388
-2.77237354086	0.100740106823
-2.75778210117	0.101078482971
-2.74319066148	0.101415056381
-2.72859922179	0.101749827584
-2.7140077821	0.102082797097
-2.69941634241	0.102413965421
-2.68482490272	0.102743333044
-2.67023346303	0.103070900441
-2.65564202335	0.103396668073
-2.64105058366	0.103720636389
-2.62645914397	0.104042805826
-2.61186770428	0.104363176808
-2.59727626459	0.104681749748
-2.5826848249	0.104998525051
-2.56809338521	0.105313503107
-2.55350194552	0.105626684298
-2.53891050584	0.105938068996
-2.52431906615	0.106247657562
-2.50972762646	0.106555450351
-2.49513618677	0.106861447705
-2.48054474708	0.107165649959
-2.46595330739	0.107468057441
-2.4513618677	0.107768670468
-2.43677042801	0.108067489351
-2.42217898833	0.108364514393
-2.40758754864	0.108659745889
-2.39299610895	0.108953184128
-2.37840466926	0.10924482939
-2.36381322957	0.109534681949
-2.34922178988	0.109822742075
-2.33463035019	0.110109010026
-2.32003891051	0.11039348606
-2.30544747082	0.110676170425
-2.29085603113	0.110957063363
-2.27626459144	0.111236165113
-2.26167315175	0.111513475907
-2.24708171206	0.111788995971
-2.23249027237	0.112062725526
-2.21789883268	0.112334664789
-2.203307393	0.112604813972
-2.18871595331	0.11287317328
-2.17412451362	0.113139742916
-2.15953307393	0.113404523077
-2.14494163424	0.113667513956
-2.13035019455	0.113928715741
-2.11575875486	0.114188128618
-2.10116731517	0.114445752766
-2.08657587549	0.114701588362
-2.0719844358	0.114955635579
-2.05739299611	0.115207894584
-2.04280155642	0.115458365545
-2.02821011673	0.115707048621
-2.01361867704	0.115953943971
-1.99902723735	0.11619905175
-1.98443579766	0.11644237211
-1.96984435798	0.116683905198
-1.95525291829	0.116923651159
-1.9406614786	0.117161610135
-1.92607003891	0.117397782267
-1.91147859922	0.117632167688
-1.89688715953	0.117864766533
-1.88229571984	0.118095578933
-1.86770428015	0.118324605014
-1.85311284047	0.118551844902
-1.83852140078	0.11877729872
-1.82392996109	0.119000966588
-1.8093385214	0.119222848623
-1.79474708171	0.119442944939
-1.78015564202	0.119661255651
-1.76556420233	0.119877780869
-1.75097276265	0.1200925207
-1.73638132296	0.120305475252
-1.72178988327	0.120516644627
-1.70719844358	0.120726028928
-1.69260700389	0.120933628254
-1.6780155642	0.121139442704
-1.66342412451	0.121343472373
-1.64883268482	0.121545717355
-1.63424124514	0.121746177743
-1.61964980545	0.121944853625
-1.60505836576	0.122141745092
-1.59046692607	0.122336852229
-1.57587548638	0.122530175122
-1.56128404669	0.122721713854
-1.546692607	0.122911468506
-1.53210116731	0.123099439159
-1.51750972763	0.12328562589
-1.50291828794	0.123470028778
-1.48832684825	0.123652647898
-1.47373540856	0.123833483323
-1.45914396887	0.124012535126
-1.44455252918	0.124189803377
-1.42996108949	0.124365288148
-1.4153696498	0.124538989506
-1.40077821012	0.124710907517
-1.38618677043	0.124881042249
-1.37159533074	0.125049393765
-1.35700389105	0.125215962128
-1.34241245136	0.1253807474
-1.32782101167	0.125543749642
-1.31322957198	0.125704968914
-1.29863813229	0.125864405273
-1.28404669261	0.126022058777
-1.26945525292	0.126177929483
-1.25486381323	0.126332017444
-1.24027237354	0.126484322715
-1.22568093385	0.126634845349
-1.21108949416	0.126783585398
-1.19649805447	0.126930542912
-1.18190661479	0.127075717941
-1.1673151751	0.127219110534
-1.15272373541	0.127360720738
-1.13813229572	0.127500548601
-1.12354085603	0.127638594169
-1.10894941634	0.127774857485
-1.09435797665	0.127909338596
-1.07976653696	0.128042037542
-1.06517509728	0.128172954368
-1.05058365759	0.128302089115
-1.0359922179	0.128429441822
-1.02140077821	0.12855501253
-1.00680933852	0.128678801278
-0.992217898832	0.128800808103
-0.977626459143	0.128921033044
-0.963035019454	0.129039476137
-0.948443579766	0.129156137417
-0.933852140077	0.12927101692
-0.919260700388	0.12938411468
-0.9046692607	0.129495430731
-0.890077821011	0.129604965104
-0.875486381322	0.129712717833
-0.860894941633	0.129818688949
-0.846303501945	0.129922878483
-0.831712062256	0.130025286464
-0.817120622567	0.130125912922
-0.802529182879	0.130224757886
-0.78793774319	0.130321821384
-0.773346303501	0.130417103442
-0.758754863812	0.130510604089
-0.744163424124	0.130602323349
-0.729571984435	0.130692261249
-0.714980544746	0.130780417813
-0.700389105058	0.130866793066
-0.685797665369	0.130951387031
-0.67120622568	0.131034199732
-0.656614785991	0.13111523119
-0.642023346303	0.131194481428
-0.627431906614	0.131271950467
-0.612840466925	0.131347638329
-0.598249027237	0.131421545032
-0.583657587548	0.131493670597
-0.569066147859	0.131564015044
-0.55447470817	0.131632578389
-0.539883268482	0.131699360653
-0.525291828793	0.131764361851
-0.510700389104	0.131827582001
-0.496108949416	0.13188902112
-0.481517509727	0.131948679224
-0.466926070038	0.132006556327
-0.452334630349	0.132062652445
-0.437743190661	0.132116967593
-0.423151750972	0.132169501783
-0.408560311283	0.132220255031
-0.393968871594	0.132269227347
-0.379377431906	0.132316418746
-0.364785992217	0.132361829239
-0.350194552528	0.132405458838
-0.33560311284	0.132447307552
-0.321011673151	0.132487375394
-0.306420233462	0.132525662374
-0.291828793773	0.132562168499
-0.277237354085	0.132596893781
-0.262645914396	0.132629838227
-0.248054474707	0.132661001847
-0.233463035019	0.132690384646
-0.21887159533	0.132717986634
-0.204280155641	0.132743807816
-0.189688715952	0.132767848199
-0.175097276264	0.13279010779
-0.160505836575	0.132810586593
-0.145914396886	0.132829284613
-0.131322957198	0.132846201856
-0.116731517509	0.132861338325
-0.10214007782	0.132874694025
-0.0875486381314	0.132886268958
-0.0729571984427	0.132896063127
-0.058365758754	0.132904076535
-0.0437743190653	0.132910309183
-0.0291828793766	0.132914761074
-0.0145914396879	0.132917432208
8.5975671027e-13	0.132918322586
0.0145914396896	0.132917432208
0.0291828793783	0.132914761074
0.043774319067	0.132910309183
0.0583657587557	0.132904076535
0.0729571984444	0.132896063127
0.0875486381332	0.132886268958
0.102140077822	0.132874694025
0.116731517511	0.132861338325
0.131322957199	0.132846201856
0.145914396888	0.132829284613
0.160505836577	0.132810586593
0.175097276265	0.13279010779
0.189688715954	0.132767848199
0.204280155643	0.132743807816
0.218871595332	0.132717986634
0.23346303502	0.132690384646
0.248054474709	0.132661001847
0.262645914398	0.132629838227
0.277237354086	0.132596893781
0.291828793775	0.132562168499
0.306420233464	0.132525662374
0.321011673153	0.132487375394
0.335603112841	0.132447307552
0.35019455253	0.132405458838
0.364785992219	0.132361829239
0.379377431907	0.132316418746
0.393968871596	0.132269227347
0.408560311285	0.132220255031
0.423151750974	0.132169501783
0.437743190662	0.132116967593
0.452334630351	0.132062652445
0.46692607004	0.132006556327
0.481517509729	0.131948679224
0.496108949417	0.13188902112
0.510700389106	0.131827582001
0.525291828795	0.131764361851
0.539883268483	0.131699360653
0.554474708172	0.131632578389
0.569066147861	0.131564015044
0.58365758755	0.131493670597
0.598249027238	0.131421545032
0.612840466927	0.131347638329
0.627431906616	0.131271950467
0.642023346304	0.131194481428
0.656614785993	0.13111523119
0.671206225682	0.131034199732
0.685797665371	0.130951387031
0.700389105059	0.130866793066
0.714980544748	0.130780417813
0.729571984437	0.130692261249
0.744163424125	0.130602323349
0.758754863814	0.130510604089
0.773346303503	0.130417103442
0.787937743192	0.130321821384
0.80252918288	0.130224757886
0.817120622569	0.130125912922
0.831712062258	0.130025286464
0.846303501946	0.129922878483
0.860894941635	0.129818688949
0.875486381324	0.129712717833
0.890077821013	0.129604965104
0.904669260701	0.129495430731
0.91926070039	0.12938411468
0.933852140079	0.12927101692
0.948443579767	0.129156137417
0.963035019456	0.129039476137
0.977626459145	0.128921033044
0.992217898834	0.128800808103
1.00680933852	0.128678801278
1.02140077821	0.12855501253
1.0359922179	0.128429441822
1.05058365759	0.128302089115
1.06517509728	0.128172954368
1.07976653697	0.128042037542
1.09435797665	0.127909338596
1.10894941634	0.127774857485
1.12354085603	0.127638594169
1.13813229572	0.127500548601
1.15272373541	0.127360720738
1.1673151751	0.127219110534
1.18190661479	0.127075717941
1.19649805448	0.126930542912
1.21108949416	0.126783585398
1.22568093385	0.126634845349
1.24027237354	0.126484322715
1.25486381323	0.126332017444
1.26945525292	0.126177929483
1.28404669261	0.126022058777
1.2986381323	0.125864405273
1.31322957199	0.125704968914
1.32782101167	0.125543749642
1.34241245136	0.1253807474
1.35700389105	0.125215962128
1.37159533074	0.125049393765
1.38618677043	0.124881042249
1.40077821012	0.124710907517
1.41536964981	0.124538989506
1.4299610895	0.124365288148
1.44455252918	0.124189803377
1.45914396887	0.124012535126
1.47373540856	0.123833483323
1.48832684825	0.123652647898
1.50291828794	0.123470028778
1.51750972763	0.12328562589
1.53210116732	0.123099439159
1.546692607	0.122911468506
1.56128404669	0.122721713854
1.57587548638	0.122530175122
1.59046692607	0.122336852229
1.60505836576	0.122141745092
1.61964980545	0.121944853625
1.63424124514	0.121746177743
1.64883268483	0.121545717355
1.66342412451	0.121343472373
1.6780155642	0.121139442704
1.69260700389	0.120933628254
1.70719844358	0.120726028928
1.72178988327	0.120516644627
1.73638132296	0.120305475252
1.75097276265	0.1200925207
1.76556420234	0.119877780869
1.78015564202	0.119661255651
1.79474708171	0.119442944939
1.8093385214	0.119222848623
1.82392996109	0.119000966588
1.83852140078	0.11877729872
1.85311284047	0.118551844902
1.86770428016	0.118324605014
1.88229571985	0.118095578933
1.89688715953	0.117864766533
1.91147859922	0.117632167688
1.92607003891	0.117397782266
1.9406614786	0.117161610135
1.95525291829	0.116923651159
1.96984435798	0.116683905198
1.98443579767	0.11644237211
1.99902723736	0.11619905175
2.01361867704	0.115953943971
2.02821011673	0.115707048621
2.04280155642	0.115458365545
2.05739299611	0.115207894584
2.0719844358	0.114955635579
2.08657587549	0.114701588362
2.10116731518	0.114445752766
2.11575875486	0.114188128618
2.13035019455	0.113928715741
2.14494163424	0.113667513956
2.15953307393	0.113404523077
2.17412451362	0.113139742916
2.18871595331	0.11287317328
2.203307393	0.112604813972
2.21789883269	0.112334664789
2.23249027237	0.112062725526
2.24708171206	0.111788995971
2.26167315175	0.111513475907
2.27626459144	0.111236165113
2.29085603113	0.110957063363
2.30544747082	0.110676170425
2.32003891051	0.11039348606
2.3346303502	0.110109010026
2.34922178988	0.109822742075
2.36381322957	0.109534681949
2.37840466926	0.10924482939
2.39299610895	0.108953184128
2.40758754864	0.108659745889
2.42217898833	0.108364514393
2.43677042802	0.108067489351
2.45136186771	0.107768670468
2.46595330739	0.107468057441
2.48054474708	0.107165649959
2.49513618677	0.106861447705
2.50972762646	0.106555450351
2.52431906615	0.106247657562
2.53891050584	0.105938068996
2.55350194553	0.105626684298
2.56809338522	0.105313503107
2.5826848249	0.104998525051
2.59727626459	0.104681749748
2.61186770428	0.104363176807
2.62645914397	0.104042805826
2.64105058366	0.103720636389
2.65564202335	0.103396668073
2.67023346304	0.103070900441
2.68482490272	0.102743333044
2.69941634241	0.102413965421
2.7140077821	0.102082797097
2.72859922179	0.101749827584
2.74319066148	0.101415056381
2.75778210117	0.101078482971
2.77237354086	0.100740106822
2.78696498055	0.100399927388
2.80155642023	0.100057944106
2.81614785992	0.0997141563945
2.83073929961	0.0993685636574
2.8453307393	0.0990211652791
2.85992217899	0.0986719606256
2.87451361868	0.0983209490435
2.88910505837	0.097968129859
2.90369649806	0.0976135023775
2.91828793774	0.0972570658828
2.93287937743	0.0968988196358
2.94747081712	0.0965387628741
2.96206225681	0.0961768948106
2.9766536965	0.0958132146332
2.99124513619	0.0954477215029
3.00583657588	0.0950804145537
3.02042801557	0.0947112928906
3.03501945525	0.0943403555891
3.04961089494	0.0939676016936
3.06420233463	0.0935930302165
3.07879377432	0.0932166401364
3.09338521401	0.0928384303971
3.1079766537	0.0924583999061
3.12256809339	0.0920765475329
3.13715953307	0.0916928721077
3.15175097276	0.0913073724194
3.16634241245	0.0909200472144
3.18093385214	0.0905308951943
3.19552529183	0.0901399150144
3.21011673152	0.0897471052814
3.22470817121	0.0893524645519
3.2392996109	0.0889559913297
3.25389105058	0.0885576840639
3.26848249027	0.0881575411467
3.28307392996	0.0877555609107
3.29766536965	0.0873517416268
3.31225680934	0.0869460815011
3.32684824903	0.0865385786729
3.34143968872	0.0861292312111
3.35603112841	0.0857180371121
3.37062256809	0.0853049942962
3.38521400778	0.0848901006047
3.39980544747	0.0844733537965
3.41439688716	0.0840547515453
3.42898832685	0.0836342914354
3.44357976654	0.0832119709584
3.45817120623	0.0827877875099
3.47276264592	0.0823617383851
3.4873540856	0.081933820775
3.50194552529	0.0815040317627
3.51653696498	0.081072368319
3.53112840467	0.080638827298
3.54571984436	0.080203405433
3.56031128405	0.0797660993319
3.57490272374	0.0793269054728
3.58949416343	0.078885820199
3.60408560311	0.0784428397146
3.6186770428	0.0779979600798
3.63326848249	0.0775511772056
3.64785992218	0.0771024868494
3.66245136187	0.0766518846099
3.67704280156	0.0761993659221
3.69163424125	0.0757449260525
3.70622568093	0.075288560094
3.72081712062	0.0748302629617
3.73540856031	0.0743700293874
3.75	0.0739078539155
3.76459143969	0.0734437308982
3.77918287938	0.0729776544916
3.79377431907	0.0725096186514
3.80836575876	0.072039617129
3.82295719844	0.0715676434686
3.83754863813	0.0710936910034
3.85214007782	0.0706177528535
3.86673151751	0.0701398219237
3.8813229572	0.0696598909018
3.89591439689	0.0691779522577
3.91050583658	0.0686939982434
3.92509727627	0.0682080208936
3.93968871595	0.0677200120272
3.95428015564	0.0672299632499
3.96887159533	0.0667378659581
3.98346303502	0.0662437113437
3.99805447471	0.0657474904004
4.0126459144	0.0652491939318
4.02723735409	0.0647488125607
4.04182879378	0.0642463367407
4.05642023346	0.0637417567691
4.07101167315	0.0632350628027
4.08560311284	0.0627262448754
4.10019455253	0.0622152929183
4.11478599222	0.0617021967833
4.12937743191	0.0611869462682
4.1439688716	0.0606695311464
4.15856031129	0.0601499411988
4.17315175097	0.0596281662505
4.18774319066	0.05910419621
4.20233463035	0.0585780211137
4.21692607004	0.0580496311741
4.23151750973	0.0575190168329
4.24610894942	0.056986168819
4.26070038911	0.0564510782118
4.27529182879	0.0559137365097
4.28988326848	0.055374135705
4.30447470817	0.054832268364
4.31906614786	0.0542881277146
4.33365758755	0.0537417077396
4.34824902724	0.0531930032776
4.36284046693	0.052642010131
4.37743190662	0.0520887251811
4.3920233463	0.0515331465118
4.40661478599	0.0509752735409
4.42120622568	0.0504151071594
4.43579766537	0.0498526498796
4.45038910506	0.0492879059924
4.46498054475	0.048720881732
4.47957198444	0.0481515854508
4.49416342413	0.0475800278026
4.50875486381	0.0470062219355
4.5233463035	0.0464301836924
4.53793774319	0.0458519318223
4.55252918288	0.0452714881984
4.56712062257	0.0446888780461
4.58171206226	0.0441041301788
4.59630350195	0.0435172772413
4.61089494164	0.0429283559605
4.62548638132	0.0423374074037
4.64007782101	0.0417444772421
4.6546692607	0.0411496160197
4.66926070039	0.0405528794278
4.68385214008	0.0399543285812
4.69844357977	0.0393540302979
4.71303501946	0.0387520573797
4.72762645915	0.0381484888919
4.74221789883	0.0375434104416
4.75680933852	0.0369369144521
4.77140077821	0.0363291004317
4.7859922179	0.035720075236
4.80058365759	0.0351099533194
4.81517509728	0.0344988569763
4.82976653697	0.0338869165673
4.84435797665	0.0332742707292
4.85894941634	0.0326610665662
4.87354085603	0.0320474598193
4.88813229572	0.0314336150109
4.90272373541	0.0308197055628
4.9173151751	0.0302059138841
4.93190661479	0.0295924314253
4.94649805448	0.0289794586982
4.96108949416	0.0283672052563
4.97568093385	0.0277558896338
4.99027237354	0.0271457392419
5.00486381323	0.0265369902177
5.01945525292	0.0259298872247
5.03404669261	0.0253246832034
5.0486381323	0.0247216390678
5.06322957199	0.024121023349
5.07782101167	0.0235231117835
5.09241245136	0.0229281868438
5.10700389105	0.0223365372142
5.12159533074	0.0217484572082
5.13618677043	0.0211642461309
5.15077821012	0.0205842075849
5.16536964981	0.0200086487233
5.1799610895	0.0194378794501
5.19455252918	0.0188722115716
5.20914396887	0.0183119579015
5.22373540856	0.0177574313236
5.23832684825	0.0172089438162
5.25291828794	0.0166668054432
5.26750972763	0.016131323317
5.28210116732	0.0156028005393
5.29669260701	0.0150815351257
5.31128404669	0.0145678189215
5.32587548638	0.0140619365149
5.34046692607	0.0135641641555
5.35505836576	0.0130747686856
5.36964980545	0.0125940064918
5.38424124514	0.0121221224845
5.39883268483	0.0116593491141
5.41342412451	0.0112059054299
5.4280155642	0.0107619961906
5.44260700389	0.0103278110323
5.45719844358	0.00990352370243
5.47178988327	0.00948929136366
5.48638132296	0.0090852539756
5.50097276265	0.0086915337583
5.51556420234	0.00830823474225
5.53015564202	0.00793544240873
5.54474708171	0.00757322342321
5.5593385214	0.00722162546402
5.57392996109	0.0068806771474
5.58852140078	0.00655038804937
5.60311284047	0.0062307488237
5.61770428016	0.0059217314148
5.63229571985	0.00562328936299
5.64688715953	0.00533535819933
5.66147859922	0.00505785592591
5.67607003891	0.00479068357718
5.6906614786	0.00453372585701
5.70525291829	0.00428685184571
5.71984435798	0.00404991577056
5.73443579767	0.00382275783324
5.74902723736	0.00360520508697
5.76361867704	0.00339707235605
5.77821011673	0.00319816319023
5.79280155642	0.00300827084644
5.80739299611	0.00282717929015
5.8219844358	0.00265466420914
5.83657587549	0.00249049403203
5.85116731518	0.00233443094486
5.86575875487	0.00218623189874
5.88035019455	0.00204564960238
5.89494163424	0.00191243349339
5.90953307393	0.00178633068299
5.92412451362	0.00166708686909
5.93871595331	0.00155444721331
5.953307393	0.00144815717798
5.96789883269	0.00134796331984
5.98249027237	0.00125361403749
5.99708171206	0.00116486027054
6.01167315175	0.00108145614849
6.02626459144	0.00100315958832
6.04085603113	0.000929732840009
6.05544747082	0.000860942979781
6.07003891051	0.000796562351213
6.0846303502	0.000736368954896
6.09922178988	0.000680146787575
6.11381322957	0.000627686132099
6.12840466926	0.000578783799777
6.14299610895	0.000533243326999
6.15758754864	0.00049087512821
6.17217898833	0.000451496607465
6.18677042802	0.000414932231002
6.20136186771	0.000381013563301
6.21595330739	0.000349579269232
6.23054474708	0.00032047508492
6.24513618677	0.000293553759955
6.25972762646	0.000268674973596
6.27431906615	0.000245705227558
6.28891050584	0.000224517717949
6.30350194553	0.000204992188802
6.31809338522	0.000187014769632
6.3326848249	0.000170477799279
6.34727626459	0.000155279638231
6.36186770428	0.000141324471492
6.37645914397	0.000128522103919
6.39105058366	0.000116787749859
6.40564202335	0.000106041818741
6.42023346304	9.6209698183e-05
6.43482490272	8.72215360125e-05
6.44941634241	7.90120224986e-05
6.4640077821	7.1520173935e-05
6.47859922179	6.46891186126e-05
6.49319066148	5.84658860893e-05
6.50778210117	5.28012005555e-05
6.52237354086	4.76492789832e-05
6.53696498055	4.29676346448e-05
6.55155642023	3.87168864936e-05
6.56614785992	3.48605748056e-05
6.58073929961	3.13649834019e-05
6.5953307393	2.81989686954e-05
6.60992217899	2.53337957328e-05
6.62451361868	2.27429813436e-05
6.63910505837	2.04021444495e-05
6.65369649806	1.8288863535e-05
6.66828793774	1.63825412387e-05
6.68287937743	1.46642759815e-05
6.69747081712	1.31167405164e-05
6.71206225681	1.17240672526e-05
6.7266536965	1.04717401835e-05
6.74124513619	9.34649322597e-06
6.75583657588	8.33621476219e-06
6.77042801557	7.4298581606e-06
6.78501945525	6.61735804382e-06
6.79961089494	5.88955206237e-06
6.81420233463	5.23810792941e-06
6.82879377432	4.65545546841e-06
6.84338521401	4.13472342574e-06
6.8579766537	3.66968080115e-06
6.87256809339	3.25468245216e-06
6.88715953308	2.88461873264e-06
6.90175097276	2.5548689311e-06
6.91634241245	2.26125828066e-06
6.93093385214	2.0000183196e-06
6.94552529183	1.76775038933e-06
6.96011673152	1.56139206449e-06
6.97470817121	1.37818631873e-06
6.9892996109	1.21565323833e-06
7.00389105058	1.07156410476e-06
7.01848249027	9.43917676327e-07
7.03307392996	8.30918507929e-07
7.04766536965	7.30957156849e-07
7.06225680934	6.42592131231e-07
7.07684824903	5.64533446416e-07
7.09143968872	4.95627662608e-07
7.10603112841	4.34844285404e-07
7.12062256809	3.81263418443e-07
7.13521400778	3.34064564907e-07
7.14980544747	2.92516481723e-07
7.16439688716	2.55967997106e-07
7.17898832685	2.23839708576e-07
7.19357976654	1.95616484662e-07
7.20817120623	1.70840699347e-07
7.22276264592	1.49106133748e-07
7.2373540856	1.30052484641e-07
7.25194552529	1.13360424305e-07
7.26653696498	9.87471606094e-08
7.28112840467	8.59624505494e-08
7.29571984436	7.47850242872e-08
7.31031128405	6.50193804652e-08
7.32490272374	5.64929169112e-08
7.33949416343	4.90533640139e-08
7.35408560311	4.25664909408e-08
7.3686770428	3.69140575591e-08
7.38326848249	3.19919873824e-08
7.39785992218	2.77087391541e-08
7.41245136187	2.39838567513e-08
7.42704280156	2.07466790231e-08
7.44163424125	1.79351929203e-08
7.45622568094	1.54950148908e-08
7.47081712062	1.33784869683e-08
7.48540856031	1.15438753293e-08
7.5	9.95466029995e-09
7.51459143969	8.57890791169e-09
7.52918287938	7.38871411239e-09
7.54377431907	6.35971361614e-09
7.55836575876	5.47064625783e-09
7.57295719844	4.70297442533e-09
7.58754863813	4.04054582591e-09
7.60214007782	3.46929645857e-09
7.61673151751	2.9769892077e-09
7.6313229572	2.55298397226e-09
7.64591439689	2.18803568546e-09
7.66050583658	1.8741169826e-09
7.67509727627	1.60426263097e-09
7.68968871595	1.37243315884e-09
7.70428015564	1.17339540656e-09
7.71887159533	1.00261798172e-09
7.73346303502	8.56179828299e-10
7.74805447471	7.30690327291e-10
7.7626459144	6.23219526867e-10
7.77723735409	5.31237264457e-10
7.79182879378	4.52560087623e-10
7.80642023346	3.85305009488e-10
7.82101167315	3.27849248704e-10
7.83560311284	2.78795205934e-10
7.85019455253	2.36940017888e-10
7.86478599222	2.01249110669e-10
7.87937743191	1.70833243633e-10
7.8939688716	1.44928597864e-10
7.90856031129	1.22879517903e-10
7.92315175097	1.04123564183e-10
7.93774319066	8.81785760377e-11
7.95233463035	7.46314830056e-11
7.96692607004	6.3128634957e-11
7.98151750973	5.33674510599e-11
7.99610894942	4.50892126378e-11
8.01070038911	3.8072847777e-11
8.0252918288	3.21295749175e-11
8.03988326848	2.70982900307e-11
8.05447470817	2.28415968783e-11
8.06906614786	1.92423931489e-11
8.08365758755	1.62009365856e-11
8.09824902724	1.3632325489e-11
8.11284046693	1.14643364611e-11
8.12743190662	9.63557007063e-12
8.1420233463	8.09386165518e-12
8.15661478599	6.79492031009e-12
8.17120622568	5.70116405686e-12
8.18579766537	4.78072363385e-12
8.20038910506	4.00659102309e-12
8.21498054475	3.35589223669e-12
8.22957198444	2.80926660434e-12
8.24416342413	2.35033734048e-12
8.25875486381	1.96526025627e-12
8.2733463035	1.64233935616e-12
8.28793774319	1.37169960625e-12
8.30252918288	1.14500857299e-12
8.31712062257	9.55239768538e-13
8.33171206226	7.96471614097e-13
8.34630350195	6.63716749347e-13
8.36089494164	5.52777215452e-13
8.37548638132	4.60121664044e-13
8.39007782101	3.82781314388e-13
8.4046692607	3.18261848781e-13
8.41926070039	2.64468859495e-13
8.43385214008	2.19644792904e-13
8.44844357977	1.82315665971e-13
8.46303501946	1.51246058605e-13
8.47762645915	1.25401126729e-13
8.49221789883	1.03914558061e-13
8.50680933852	8.6061561865e-14
8.52140077821	7.12361119709e-14
8.5359922179	5.8931790358e-14
8.55058365759	4.87256660652e-14
8.56517509728	4.02647433285e-14
8.57976653697	3.3254571889e-14
8.59435797666	2.74496833462e-14
8.60894941634	2.26455637515e-14
8.62354085603	1.86719220114e-14
8.63813229572	1.53870465481e-14
8.65272373541	1.26730788954e-14
8.6673151751	1.04320556533e-14
8.68190661479	8.58259860769e-15
8.69649805448	7.05714621725e-15
8.71108949416	5.79964077647e-15
8.72568093385	4.76359673376e-15
8.74027237354	3.9104888543e-15
8.75486381323	3.20840755e-15
8.76945525292	2.63093844373e-15
8.78404669261	2.1562283942e-15
8.7986381323	1.76620862452e-15
8.81322957199	1.44594790744e-15
8.82782101167	1.18311495656e-15
8.84241245136	9.67531513102e-16
8.85700389105	7.90801372179e-16
8.87159533074	6.46002274195e-16
8.88618677043	5.27430563284e-16
8.90077821012	4.30389202955e-16
8.91536964981	3.51012442758e-16
8.9299610895	2.86120477271e-16
8.94455252918	2.33099260316e-16
8.95914396887	1.89801036052e-16
8.97373540856	1.54462203585e-16
8.98832684825	1.25635398255e-16
9.00291828794	1.0213351127e-16
9.01750972763	8.29833815618e-17
9.03210116732	6.73877351885e-17
9.04669260701	5.46937425479e-17
9.06128404669	4.43671685139e-17
9.07587548638	3.59710589714e-17
9.09046692607	2.91482449558e-17
9.10505836576	2.36069232012e-17
9.11964980545	1.91088515268e-17
9.13424124514	1.54595945949e-17
9.14883268483	1.25005810904e-17
9.16342412452	1.01025502461e-17
9.1780155642	8.1602003554e-18
9.19260700389	6.58778884079e-18
9.20719844358	5.31554549714e-18
9.22178988327	4.28672202449e-18
9.23638132296	3.45519627266e-18
9.25097276265	2.78349210043e-18
9.26556420234	2.24118435128e-18
9.28015564202	1.80357990673e-18
9.29474708171	1.45065394605e-18
9.3093385214	1.16617265629e-18
9.32392996109	9.36985109663e-19
9.33852140078	7.5244191032e-19
9.35311284047	6.03928013147e-19
9.36770428016	4.8447216537e-19
9.38229571985	3.8844051897e-19
9.39688715953	3.11280508118e-19
9.41147859922	2.49316781178e-19
9.42607003891	1.9958271869e-19
9.4406614786	1.5968599177e-19
9.45525291829	1.27697362456e-19
9.46984435798	1.02063609436e-19
9.48443579767	8.15329505091e-20
9.49902723736	6.50982422165e-20
9.51361867704	5.19491042867e-20
9.52821011673	4.14344166268e-20
9.54280155642	3.30306631234e-20
9.55739299611	2.63176651282e-20
9.5719844358	2.09579201131e-20
9.58657587549	1.66811437848e-20
9.60116731518	1.32701842654e-20
9.61575875487	1.05512911376e-20
9.63035019455	8.38510233433e-21
9.64494163424	6.66019456002e-21
9.65953307393	5.28734785929e-21
9.67412451362	4.19531054937e-21
9.68871595331	3.32702120645e-21
9.703307393	2.6371229868e-21
9.71789883269	2.08920584756e-21
9.73249027237	1.65429416946e-21
9.74708171206	1.30924047646e-21
9.76167315175	1.03562476705e-21
9.77626459144	8.18749766978e-22
9.79085603113	6.46961739161e-22
9.80544747082	5.10930668757e-22
9.82003891051	4.03312969693e-22
9.8346303502	3.18203019618e-22
9.84922178988	2.50937957137e-22
9.86381322957	1.97785566735e-22
9.87840466926	1.5581686076e-22
9.89299610895	1.22687086789e-22
9.90758754864	9.65481507882e-23
9.92217898833	7.5930888622e-23
9.93677042802	5.96906233309e-23
9.95136186771	4.68980746087e-23
9.96595330739	3.68316997211e-23
9.98054474708	2.89089397328e-23
9.99513618677	2.26792351755e-23
10.0097276265	1.77812698529e-23
10.0243190661	1.39339985437e-23
10.0389105058	1.09089751219e-23
10.0535019455	8.53869773619e-24
10.0680933852	6.68024170158e-24
10.0826848249	5.22480338526e-24
10.0972762646	4.08396906948e-24
10.1118677043	3.19051277282e-24
10.126459144	2.4903085339e-24
10.1410505837	1.94320995767e-24
10.1556420233	1.5143577537e-24
10.170233463	1.18009126469e-24
10.1848249027	9.19079046078e-25
10.1994163424	7.1554798792e-25
10.2140077821	5.56544782067e-25
10.2285992218	4.32770089506e-25
10.2431906615	3.36105895674e-25
10.2577821012	2.60828664324e-25
10.2723735409	2.01892583914e-25
10.2869649805	1.56367046359e-25
10.3015564202	1.21089713797e-25
10.3161478599	9.38659545497e-26
10.3307392996	7.26955220811e-26
10.3453307393	5.62638387723e-26
10.359922179	4.34763392982e-26
10.3745136187	3.3570675956e-26
10.3891050584	2.58458266225e-26
10.4036964981	2.002205685e-26
10.4182879377	1.55544967016e-26
10.4328793774	1.21626422233e-26
10.4474708171	9.54599637962e-27
10.4620622568	7.51798254141e-27
10.4766536965	5.96570970378e-27
10.4912451362	4.80574449727e-27
10.5058365759	3.93583826833e-27
10.5204280156	3.28682863368e-27
10.5350194553	2.81706301799e-27
10.5496108949	2.460360465e-27
10.5642023346	2.20656381507e-27
10.5787937743	2.01072539666e-27
10.593385214	1.88976836313e-27
10.6079766537	1.81152968915e-27
10.6225680934	1.80787509269e-27
10.6371595331	1.76169667823e-27
10.6517509728	1.73450731869e-27
10.6663424125	1.70315520018e-27
10.6809338521	1.68811047736e-27
10.6955252918	1.65948572035e-27
10.7101167315	1.66397188798e-27
10.7247081712	1.6689808336e-27
10.7392996109	1.71977358602e-27
10.7538910506	1.71915510665e-27
10.7684824903	1.72775827322e-27
10.78307393	1.71969197948e-27
10.7976653697	1.73497408217e-27
10.8122568093	1.7101171037e-27
10.826848249	1.70098150418e-27
10.8414396887	1.70940929538e-27
10.8560311284	1.77253296728e-27
10.8706225681	1.77004074144e-27
10.8852140078	1.76002802435e-27
10.8998054475	1.72479064451e-27
10.9143968872	1.71428787769e-27
10.9289883268	1.67302634168e-27
10.9435797665	1.64769797491e-27
10.9581712062	1.62556763412e-27
10.9727626459	1.66716095495e-27
10.9873540856	1.65088558913e-27
11.0019455253	1.63160091826e-27
11.016536965	1.60676987245e-27
11.0311284047	1.59787772616e-27
11.0457198444	1.58790656707e-27
11.060311284	1.61872205528e-27
11.0749027237	1.65581021954e-27
11.0894941634	1.76856464075e-27
11.1040856031	1.87266535724e-27
11.1186770428	2.04070949819e-27
11.1332684825	2.26139319652e-27
11.1478599222	2.6115997217e-27
11.1624513619	3.07469948371e-27
11.1770428016	3.75376538527e-27
11.1916342412	4.69115855135e-27
11.2062256809	6.01791312217e-27
11.2208171206	7.69601858629e-27
11.2354085603	1.01391714153e-26
11.25	1.23698463718e-26
11.2645914397	1.00576339792e-26
11.2791828794	7.50711782308e-27
11.2937743191	5.72548724211e-27
11.3083657588	4.33116550248e-27
11.3229571984	3.30910259261e-27
11.3375486381	2.51643297172e-27
11.3521400778	1.92313651737e-27
11.3667315175	1.4680641143e-27
11.3813229572	1.13229791735e-27
11.3959143969	8.77622899022e-28
11.4105058366	6.91362683505e-28
11.4250972763	5.53813803196e-28
11.439688716	4.53043347206e-28
11.4542801556	3.7590318907e-28
11.4688715953	3.18279448594e-28
11.483463035	2.76864889574e-28
11.4980544747	2.47699390166e-28
11.5126459144	2.26532230921e-28
11.5272373541	2.08158416381e-28
11.5418287938	1.94201295051e-28
11.5564202335	1.85484962976e-28
11.5710116732	1.77968052659e-28
11.5856031128	1.73527245098e-28
11.6001945525	1.72506506457e-28
11.6147859922	1.741837095e-28
11.6293774319	1.78433848786e-28
11.6439688716	1.79222436653e-28
11.6585603113	1.79137007347e-28
11.673151751	1.71931442657e-28
11.6877431907	1.73258145416e-28
11.7023346304	1.74574069982e-28
11.71692607	1.76085372557e-28
11.7315175097	1.79126142994e-28
11.7461089494	1.8637505873e-28
11.7607003891	1.98758695196e-28
11.7752918288	2.14530986279e-28
11.7898832685	2.25331072965e-28
11.8044747082	2.38982312734e-28
11.8190661479	2.53466964605e-28
11.8336575876	2.67977229301e-28
11.8482490272	2.81933911743e-28
11.8628404669	3.01415829058e-28
11.8774319066	3.22225816764e-28
11.8920233463	3.36151343173e-28
11.906614786	3.42348485695e-28
11.9212062257	3.46242482389e-28
11.9357976654	3.4855952525e-28
11.9503891051	3.52311482353e-28
11.9649805447	3.51949396847e-28
11.9795719844	3.51380853504e-28
11.9941634241	3.51699727349e-28
12.0087548638	3.47276196075e-28
12.0233463035	3.41407453171e-28
12.0379377432	3.41590652384e-28
12.0525291829	3.38819922534e-28
12.0671206226	3.30921122796e-28
12.0817120623	3.25145246295e-28
12.0963035019	3.20788094452e-28
12.1108949416	3.21022013109e-28
12.1254863813	3.27478177505e-28
12.140077821	3.40139479693e-28
12.1546692607	3.45625479864e-28
12.1692607004	3.48339264705e-28
12.1838521401	3.48071249728e-28
12.1984435798	3.46353155768e-28
12.2130350195	3.42085845152e-28
12.2276264591	3.46712574603e-28
12.2422178988	3.50268166887e-28
12.2568093385	3.61321033375e-28
12.2714007782	3.70275858859e-28
12.2859922179	3.78350723053e-28
12.3005836576	3.8399150669e-28
12.3151750973	3.88323559387e-28
12.329766537	3.8739670137e-28
12.3443579767	3.91965575595e-28
12.3589494163	3.93197370107e-28
12.373540856	4.04463937477e-28
12.3881322957	4.13218118928e-28
12.4027237354	4.19309245291e-28
12.4173151751	4.15725130383e-28
12.4319066148	4.12737701373e-28
12.4464980545	4.05330731796e-28
12.4610894942	4.06936687009e-28
12.4756809339	4.14695691554e-28
12.4902723735	4.34792599785e-28
12.5048638132	4.43151827202e-28
12.5194552529	4.54746376098e-28
12.5340466926	4.56624459672e-28
12.5486381323	4.58325666369e-28
12.563229572	4.57644071444e-28
12.5778210117	4.65668273775e-28
12.5924124514	4.72054854335e-28
12.6070038911	4.96866454502e-28
12.6215953307	5.00352336603e-28
12.6361867704	5.03088063471e-28
12.6507782101	4.94768087776e-28
12.6653696498	4.90714442015e-28
12.6799610895	4.88376502975e-28
12.6945525292	4.99460420669e-28
12.7091439689	5.14203011292e-28
12.7237354086	5.53407490158e-28
12.7383268483	5.72062611812e-28
12.7529182879	5.80652211327e-28
12.7675097276	5.7339401511e-28
12.7821011673	5.7353051404e-28
12.796692607	5.65431761416e-28
12.8112840467	5.74661758821e-28
12.8258754864	5.92778285207e-28
12.8404669261	6.30174776174e-28
12.8550583658	6.38999643304e-28
12.8696498054	6.4616939321e-28
12.8842412451	6.35015804481e-28
12.8988326848	6.26421030819e-28
12.9134241245	6.1984456979e-28
12.9280155642	6.28142910546e-28
12.9426070039	6.35833428838e-28
12.9571984436	6.62550511014e-28
12.9717898833	6.66805995367e-28
12.986381323	6.70564688657e-28
13.0009727626	6.60742102998e-28
13.0155642023	6.55237833085e-28
13.030155642	6.43408379416e-28
13.0447470817	6.46669772493e-28
13.0593385214	6.55884228941e-28
13.0739299611	6.96749137452e-28
13.0885214008	7.10938801355e-28
13.1031128405	7.15161510351e-28
13.1177042802	7.05226995366e-28
13.1322957198	7.01901021943e-28
13.1468871595	6.92593474232e-28
13.1614785992	7.02563044348e-28
13.1760700389	7.22684077689e-28
13.1906614786	7.67402133972e-28
13.2052529183	7.74874558168e-28
13.219844358	7.85683304618e-28
13.2344357977	7.78073160092e-28
13.2490272374	7.73943786076e-28
13.263618677	7.70419923619e-28
13.2782101167	7.78875030831e-28
13.2928015564	7.85090117961e-28
13.3073929961	8.24805138813e-28
13.3219844358	8.3918004047e-28
13.3365758755	8.49048785053e-28
13.3511673152	8.35964434647e-28
13.3657587549	8.28160607827e-28
13.3803501946	8.11637089114e-28
13.3949416342	8.11242013446e-28
13.4095330739	8.23395818153e-28
13.4241245136	8.64836873802e-28
13.4387159533	8.70698290505e-28
13.453307393	8.77494572168e-28
13.4678988327	8.71164396733e-28
13.4824902724	8.72654698911e-28
13.4970817121	8.55957894854e-28
13.5116731518	8.63302516036e-28
13.5262645914	8.79950002768e-28
13.5408560311	9.27531678429e-28
13.5554474708	9.45623056933e-28
13.5700389105	9.60181691157e-28
13.5846303502	9.52908226823e-28
13.5992217899	9.47713210157e-28
13.6138132296	9.38441828953e-28
13.6284046693	9.47536174275e-28
13.642996109	9.54620452513e-28
13.6575875486	1.00639066863e-27
13.6721789883	1.02158411476e-27
13.686770428	1.0268006478e-27
13.7013618677	1.02232056614e-27
13.7159533074	1.02838653954e-27
13.7305447471	1.02226001609e-27
13.7451361868	1.02698301853e-27
13.7597276265	1.03615033538e-27
13.7743190661	1.08255091122e-27
13.7889105058	1.08767349266e-27
13.8035019455	1.09490531143e-27
13.8180933852	1.07653098051e-27
13.8326848249	1.06612595072e-27
13.8472762646	1.05609370827e-27
13.8618677043	1.07044238757e-27
13.876459144	1.08448755395e-27
13.8910505837	1.13171471133e-27
13.9056420233	1.14341538422e-27
13.920233463	1.15278128865e-27
13.9348249027	1.13781422737e-27
13.9494163424	1.13807926153e-27
13.9640077821	1.13134434148e-27
13.9785992218	1.14272046445e-27
13.9931906615	1.15319997884e-27
14.0077821012	1.20730619021e-27
14.0223735409	1.21727612298e-27
14.0369649805	1.2142260165e-27
14.0515564202	1.19675780813e-27
14.0661478599	1.19091240698e-27
14.0807392996	1.16939896256e-27
14.0953307393	1.17489657216e-27
14.109922179	1.18839605202e-27
14.1245136187	1.24169471726e-27
14.1391050584	1.24456665363e-27
14.1536964981	1.24559989095e-27
14.1682879377	1.2235955295e-27
14.1828793774	1.21123065397e-27
14.1974708171	1.19218067285e-27
14.2120622568	1.19172285891e-27
14.2266536965	1.19133104912e-27
14.2412451362	1.24164202954e-27
14.2558365759	1.25391921324e-27
14.2704280156	1.25960142861e-27
14.2850194553	1.23620663745e-27
14.2996108949	1.22856859712e-27
14.3142023346	1.21054051568e-27
14.3287937743	1.2107660458e-27
14.343385214	1.21819804249e-27
14.3579766537	1.27226288983e-27
14.3725680934	1.27661551198e-27
14.3871595331	1.26518477776e-27
14.4017509728	1.23727841331e-27
14.4163424125	1.22495070749e-27
14.4309338521	1.19643778112e-27
14.4455252918	1.19255601861e-27
14.4601167315	1.19161542042e-27
14.4747081712	1.22832222092e-27
14.4892996109	1.22735535654e-27
14.5038910506	1.22724878303e-27
14.5184824903	1.2067128052e-27
14.53307393	1.20039472309e-27
14.5476653697	1.19052754688e-27
14.5622568093	1.18980713599e-27
14.576848249	1.1836194173e-27
14.5914396887	1.22833255546e-27
14.6060311284	1.23083129701e-27
14.6206225681	1.22660312263e-27
14.6352140078	1.1922513899e-27
14.6498054475	1.17273908789e-27
14.6643968872	1.14842455212e-27
14.6789883268	1.13429781674e-27
14.6935797665	1.11737914062e-27
14.7081712062	1.13753871889e-27
14.7227626459	1.12058349682e-27
14.7373540856	1.10215369098e-27
14.7519455253	1.0612140911e-27
14.766536965	1.03704768974e-27
14.7811284047	9.91955255035e-28
14.7957198444	9.69021501259e-28
14.810311284	9.41948602572e-28
14.8249027237	9.31876759885e-28
14.8394941634	8.83399702765e-28
14.8540856031	8.31711012962e-28
14.8686770428	7.68571698988e-28
14.8832684825	7.31998968416e-28
14.8978599222	7.12555734523e-28
14.9124513619	7.34515266703e-28
14.9270428016	8.07947635274e-28
14.9416342412	9.9688170537e-28
14.9562256809	1.30190838756e-27
14.9708171206	1.80386656355e-27
14.9854085603	2.72934261924e-27
15.0	3.70829887024e-27
