-14.9854085603	2.08877947631e-27
-14.9708171206	1.22299906818e-27
-14.9562256809	7.31983120468e-28
-14.9416342412	4.23796547611e-28
-14.9270428016	2.49716283838e-28
-14.9124513619	1.50118922291e-28
-14.8978599222	1.06902540468e-28
-14.8832684825	8.9568958617e-29
-14.8686770428	9.29734721487e-29
-14.8540856031	1.01233285854e-28
-14.8394941634	1.15520187962e-28
-14.8249027237	1.19325554566e-28
-14.810311284	1.35142186096e-28
-14.7957198444	1.48490638035e-28
-14.7811284047	1.67486173952e-28
-14.766536965	1.81448401943e-28
-14.7519455253	1.95206564559e-28
-14.7373540856	2.02775671424e-28
-14.7227626459	2.07565885721e-28
-14.7081712062	1.94491812109e-28
-14.6935797665	1.97320406269e-28
-14.6789883268	2.02415744121e-28
-14.6643968872	2.12130927746e-28
-14.6498054475	2.16859926011e-28
-14.6352140078	2.28131331907e-28
-14.6206225681	2.30251014609e-28
-14.6060311284	2.30067029019e-28
-14.5914396887	2.1493073003e-28
-14.576848249	2.14007777806e-28
-14.5622568093	2.15543670284e-28
-14.5476653696	2.26103447718e-28
-14.53307393	2.29198157751e-28
-14.5184824903	2.35839403632e-28
-14.5038910506	2.36732556661e-28
-14.4892996109	2.36523329982e-28
-14.4747081712	2.20347831624e-28
-14.4601167315	2.21212880473e-28
-14.4455252918	2.22002521037e-28
-14.4309338521	2.30476888163e-28
-14.4163424125	2.33881944854e-28
-14.4017509728	2.41097347048e-28
-14.3871595331	2.39604359052e-28
-14.3725680934	2.36640830059e-28
-14.3579766537	2.15975147507e-28
-14.343385214	2.11626451382e-28
-14.3287937743	2.09637381223e-28
-14.3142023346	2.154553484e-28
-14.2996108949	2.18587625217e-28
-14.2850194553	2.2565272624e-28
-14.2704280156	2.24607924657e-28
-14.2558365759	2.22302576653e-28
-14.2412451362	2.02608698018e-28
-14.2266536965	1.99171778704e-28
-14.2120622568	1.96288761268e-28
-14.1974708171	2.01597539045e-28
-14.1828793774	2.02344269148e-28
-14.1682879377	2.07401613766e-28
-14.1536964981	2.05003968247e-28
-14.1391050584	2.00351679897e-28
-14.1245136187	1.79823968875e-28
-14.109922179	1.75810027029e-28
-14.0953307393	1.73213321718e-28
-14.0807392996	1.78070914177e-28
-14.0661478599	1.7995594569e-28
-14.0515564202	1.85144343514e-28
-14.0369649805	1.82666209116e-28
-14.0223735409	1.78651568321e-28
-14.0077821012	1.58375040798e-28
-13.9931906615	1.53217122729e-28
-13.9785992218	1.49292422041e-28
-13.9640077821	1.52162598931e-28
-13.9494163424	1.51953777138e-28
-13.9348249027	1.56325913111e-28
-13.920233463	1.53338790315e-28
-13.9056420233	1.49528516189e-28
-13.8910505837	1.33737444028e-28
-13.876459144	1.30322130156e-28
-13.8618677043	1.29086766075e-28
-13.8472762646	1.33356040355e-28
-13.8326848249	1.33859003948e-28
-13.8180933852	1.38346171047e-28
-13.8035019455	1.37764080555e-28
-13.7889105058	1.35304722728e-28
-13.7743190661	1.22984556003e-28
-13.7597276265	1.20937123377e-28
-13.7451361868	1.21412991751e-28
-13.7305447471	1.26802340448e-28
-13.7159533074	1.29451075437e-28
-13.7013618677	1.33792803777e-28
-13.686770428	1.33164161151e-28
-13.6721789883	1.29916355491e-28
-13.6575875486	1.16723653122e-28
-13.6429961089	1.12290724659e-28
-13.6284046693	1.08373283564e-28
-13.6138132296	1.0840683602e-28
-13.5992217899	1.06927310134e-28
-13.5846303502	1.08239127364e-28
-13.5700389105	1.05497736294e-28
-13.5554474708	1.01146155296e-28
-13.5408560311	8.85229164859e-29
-13.5262645914	8.50003876997e-29
-13.5116731518	8.33512151012e-29
-13.4970817121	8.40924757113e-29
-13.4824902724	8.46152730316e-29
-13.4678988327	8.77902497118e-29
-13.453307393	8.76387831944e-29
-13.4387159533	8.51818523428e-29
-13.4241245136	7.55239528254e-29
-13.4095330739	7.38424503911e-29
-13.3949416342	7.28323881628e-29
-13.3803501946	7.44983481378e-29
-13.3657587549	7.67518689695e-29
-13.3511673152	7.99255837692e-29
-13.3365758755	8.18598461364e-29
-13.3219844358	8.22644892389e-29
-13.3073929961	7.75528373884e-29
-13.2928015564	7.73227822001e-29
-13.2782101167	7.78042206067e-29
-13.263618677	7.99813985396e-29
-13.2490272374	8.08936371007e-29
-13.2344357977	8.34257466326e-29
-13.219844358	8.40949362647e-29
-13.2052529183	8.40137837443e-29
-13.1906614786	8.28367851663e-29
-13.1760700389	8.48640102988e-29
-13.1614785992	8.69613627741e-29
-13.1468871595	8.99022297833e-29
-13.1322957198	9.09175410792e-29
-13.1177042802	9.30318464507e-29
-13.1031128405	9.24332638238e-29
-13.0885214008	8.89779373343e-29
-13.0739299611	8.47399688198e-29
-13.0593385214	8.31458690566e-29
-13.0447470817	8.2817098774e-29
-13.030155642	8.2632625445e-29
-13.0155642023	8.28073820199e-29
-13.0009727626	8.46077359e-29
-12.986381323	8.63861743077e-29
-12.9717898833	8.86533341789e-29
-12.9571984436	9.03256916542e-29
-12.9426070039	9.30398645731e-29
-12.9280155642	9.64691604442e-29
-12.9134241245	9.73244776402e-29
-12.8988326848	9.96970827029e-29
-12.8842412451	1.04084670983e-28
-12.8696498054	1.09908275102e-28
-12.8550583658	1.16179953178e-28
-12.8404669261	1.28528803488e-28
-12.8258754864	1.37880364692e-28
-12.8112840467	1.45116956251e-28
-12.796692607	1.50190028766e-28
-12.7821011673	1.54784200893e-28
-12.7675097276	1.55584002109e-28
-12.7529182879	1.59045997639e-28
-12.7383268482	1.61579520504e-28
-12.7237354086	1.66102130555e-28
-12.7091439689	1.67339570937e-28
-12.6945525292	1.68959984003e-28
-12.6799610895	1.67700968561e-28
-12.6653696498	1.69209117722e-28
-12.6507782101	1.70450012808e-28
-12.6361867704	1.74084052665e-28
-12.6215953307	1.81287262778e-28
-12.6070038911	1.96911267113e-28
-12.5924124514	2.03930646987e-28
-12.5778210117	2.09664350927e-28
-12.563229572	2.09511177019e-28
-12.5486381323	2.11025464293e-28
-12.5340466926	2.14755636672e-28
-12.5194552529	2.24266545426e-28
-12.5048638132	2.37233709473e-28
-12.4902723735	2.6495277565e-28
-12.4756809339	2.81885384586e-28
-12.4610894942	2.97168235663e-28
-12.4464980545	3.03299068212e-28
-12.4319066148	3.09376654237e-28
-12.4173151751	3.15330703614e-28
-12.4027237354	3.25681638028e-28
-12.3881322957	3.35071535853e-28
-12.373540856	3.58331115227e-28
-12.3589494163	3.70123337463e-28
-12.3443579767	3.79287339037e-28
-12.329766537	3.78203494804e-28
-12.3151750973	3.83724672711e-28
-12.3005836576	3.86273065289e-28
-12.2859922179	3.97851175124e-28
-12.2714007782	4.12142129992e-28
-12.2568093385	4.4589083536e-28
-12.2422178988	4.62426969947e-28
-12.2276264591	4.75566680114e-28
-12.2130350195	4.77489453536e-28
-12.1984435798	4.81066444929e-28
-12.1838521401	4.83208530268e-28
-12.1692607004	4.91062680419e-28
-12.1546692607	5.01100588381e-28
-12.140077821	5.34729581563e-28
-12.1254863813	5.44005897369e-28
-12.1108949416	5.43103401422e-28
-12.0963035019	5.32539934861e-28
-12.0817120623	5.29235144504e-28
-12.0671206226	5.28316945756e-28
-12.0525291829	5.37791758532e-28
-12.0379377432	5.49711291276e-28
-12.0233463035	5.84405906642e-28
-12.0087548638	5.97243134208e-28
-11.9941634241	6.09462452799e-28
-11.9795719844	6.12520829514e-28
-11.9649805447	6.18159583432e-28
-11.9503891051	6.17920695381e-28
-11.9357976654	6.33194175121e-28
-11.9212062257	6.57216124704e-28
-11.906614786	7.10108594878e-28
-11.8920233463	7.33201353435e-28
-11.8774319066	7.44540296132e-28
-11.8628404669	7.34813498651e-28
-11.8482490272	7.2789908817e-28
-11.8336575875	7.18974554607e-28
-11.8190661479	7.2287338057e-28
-11.8044747082	7.30053772552e-28
-11.7898832685	7.66274540695e-28
-11.7752918288	7.69321936091e-28
-11.7607003891	7.63788195662e-28
-11.7461089494	7.47526849915e-28
-11.7315175097	7.38925560269e-28
-11.71692607	7.3117450454e-28
-11.7023346304	7.36075484643e-28
-11.6877431907	7.3954206815e-28
-11.673151751	7.67938846328e-28
-11.6585603113	7.66701107678e-28
-11.6439688716	7.57075091405e-28
-11.6293774319	7.35343680326e-28
-11.6147859922	7.16803368567e-28
-11.6001945525	6.97079960572e-28
-11.5856031128	7.02539010242e-28
-11.5710116732	7.14866169899e-28
-11.5564202335	7.50551046183e-28
-11.5418287938	7.42764050791e-28
-11.5272373541	7.34319607173e-28
-11.5126459144	7.09719076636e-28
-11.4980544747	6.83834163406e-28
-11.483463035	6.63568624486e-28
-11.4688715953	6.6014170516e-28
-11.4542801556	6.64986987975e-28
-11.439688716	6.9932326378e-28
-11.4250972763	6.99814175069e-28
-11.4105058366	7.07976087577e-28
-11.3959143969	7.25353920313e-28
-11.3813229572	7.83106988406e-28
-11.3667315175	8.90217634054e-28
-11.3521400778	1.07348906042e-27
-11.3375486381	1.3391341895e-27
-11.3229571984	1.74897750518e-27
-11.3083657588	2.30442346225e-27
-11.2937743191	3.11211626985e-27
-11.2791828794	4.19327144249e-27
-11.2645914397	5.84974148413e-27
-11.25	7.39128508604e-27
-11.2354085603	5.70341701941e-27
-11.2208171206	3.94395619935e-27
-11.2062256809	2.78998520853e-27
-11.1916342412	1.92132540518e-27
-11.1770428016	1.31509652132e-27
-11.1624513619	8.85501758411e-28
-11.1478599222	5.93267479983e-28
-11.1332684825	3.91799738236e-28
-11.1186770428	2.59893314233e-28
-11.1040856031	1.76708056532e-28
-11.0894941634	1.22927953351e-28
-11.0749027237	1.05270210402e-28
-11.060311284	1.0772638064e-28
-11.0457198444	1.23993363895e-28
-11.0311284047	1.45756404041e-28
-11.016536965	1.74966345487e-28
-11.0019455253	1.97450054981e-28
-10.9873540856	2.21965566472e-28
-10.9727626459	2.28264066733e-28
-10.9581712062	2.49971895661e-28
-10.9435797665	2.77138002293e-28
-10.9289883268	3.11765081557e-28
-10.9143968872	3.37988052014e-28
-10.8998054475	3.63207621667e-28
-10.8852140078	3.78379242702e-28
-10.8706225681	3.84560194352e-28
-10.8560311284	3.66245405919e-28
-10.8414396887	3.72118217694e-28
-10.826848249	3.81084937383e-28
-10.8122568093	3.99650444316e-28
-10.7976653696	4.16960993361e-28
-10.78307393	4.32160237622e-28
-10.7684824903	4.35819608774e-28
-10.7538910506	4.37852870814e-28
-10.7392996109	4.16165773659e-28
-10.7247081712	4.17417496693e-28
-10.7101167315	4.25133012463e-28
-10.6955252918	4.39364883963e-28
-10.6809338521	4.48038396654e-28
-10.6663424125	4.59458292039e-28
-10.6517509728	4.56072848278e-28
-10.6371595331	4.46882233036e-28
-10.6225680934	4.13302300534e-28
-10.6079766537	4.04799707413e-28
-10.593385214	4.04418453168e-28
-10.5787937743	4.16522543817e-28
-10.5642023346	4.24764042298e-28
-10.5496108949	4.38427484779e-28
-10.5350194553	4.42103534926e-28
-10.5204280156	4.41883485559e-28
-10.5058365759	4.19830840373e-28
-10.4912451362	4.18250090664e-28
-10.4766536965	4.1984588006e-28
-10.4620622568	4.27009766677e-28
-10.4474708171	4.28853760602e-28
-10.4328793774	4.31717203483e-28
-10.4182879377	4.22790683276e-28
-10.4036964981	4.0466734605e-28
-10.3891050584	3.5739699705e-28
-10.3745136187	3.34674285781e-28
-10.359922179	3.20600428986e-28
-10.3453307393	3.17968422135e-28
-10.3307392996	3.14471050266e-28
-10.3161478599	3.14668811959e-28
-10.3015564202	3.0545471493e-28
-10.2869649805	2.90929826308e-28
-10.2723735409	2.59739592409e-28
-10.2577821012	2.47251906096e-28
-10.2431906615	2.41470556943e-28
-10.2285992218	2.44405388712e-28
-10.2140077821	2.47678329393e-28
-10.1994163424	2.56495875794e-28
-10.1848249027	2.61288809228e-28
-10.170233463	2.64303244609e-28
-10.1556420233	2.64737558478e-28
-10.1410505837	2.86071953039e-28
-10.126459144	3.1713506776e-28
-10.1118677043	3.71684531701e-28
-10.0972762646	4.40457678265e-28
-10.0826848249	5.19663525779e-28
-10.0680933852	6.21055982956e-28
-10.0535019455	7.60927548111e-28
-10.0389105058	9.51134421796e-28
-10.0243190661	1.20920788633e-27
-10.0097276265	1.54657100175e-27
-9.99513618677	2.00294289811e-27
-9.98054474708	2.61030279171e-27
-9.96595330739	3.38833619334e-27
-9.9513618677	4.40755706624e-27
-9.93677042802	5.77038722498e-27
-9.92217898833	7.57264463506e-27
-9.90758754864	9.82873242641e-27
-9.89299610895	1.27247051239e-26
-9.87840466926	1.63939052914e-26
-9.86381322957	2.11051182677e-26
-9.84922178988	2.71413170877e-26
-9.83463035019	3.49246084028e-26
-9.82003891051	4.5008934413e-26
-9.80544747082	5.81393890625e-26
-9.79085603113	7.48491309457e-26
-9.77626459144	9.62576772041e-26
-9.76167315175	1.23672369998e-25
-9.74708171206	1.58721938037e-25
-9.73249027237	2.03309099346e-25
-9.71789883268	2.60578072174e-25
-9.703307393	3.33889126875e-25
-9.68871595331	4.27987357971e-25
-9.67412451362	5.47504724613e-25
-9.65953307393	6.99765659372e-25
-9.64494163424	8.93668078879e-25
-9.63035019455	1.14069020661e-24
-9.61575875486	1.45502242843e-24
-9.60116731517	1.85561197326e-24
-9.58657587549	2.36563751484e-24
-9.5719844358	3.01540486222e-24
-9.55739299611	3.83915650317e-24
-9.54280155642	4.88481581095e-24
-9.52821011673	6.21159602785e-24
-9.51361867704	7.89515739328e-24
-9.49902723735	1.00302057962e-23
-9.48443579767	1.27366504696e-23
-9.46984435798	1.6165459745e-23
-9.45525291829	2.05110002217e-23
-9.4406614786	2.60057267948e-23
-9.42607003891	3.29558040484e-23
-9.41147859922	4.17429448925e-23
-9.39688715953	5.28475844966e-23
-9.38229571984	6.68712587312e-23
-9.36770428016	8.4578982672e-23
-9.35311284047	1.0692396343e-22
-9.33852140078	1.35114150881e-22
-9.32392996109	1.70638411211e-22
-9.3093385214	2.15390151665e-22
-9.29474708171	2.71737962595e-22
-9.28015564202	3.42662328684e-22
-9.26556420233	4.31879143593e-22
-9.25097276265	5.4406268237e-22
-9.23638132296	6.85055719985e-22
-9.22178988327	8.62177782245e-22
-9.20719844358	1.08450797524e-21
-9.19260700389	1.3634910761e-21
-9.1780155642	1.71337452563e-21
-9.16342412451	2.15197871713e-21
-9.14883268482	2.70150788723e-21
-9.13424124514	3.38970285865e-21
-9.11964980545	4.25109771763e-21
-9.10505836576	5.32879717404e-21
-9.09046692607	6.67628357415e-21
-9.07587548638	8.36030366746e-21
-9.06128404669	1.04638413314e-20
-9.046692607	1.30901093537e-20
-9.03210116731	1.63673087795e-20
-9.01750972763	2.04548085684e-20
-9.00291828794	2.55503174772e-20
-8.98832684825	3.1899272055e-20
-8.97373540856	3.98055926837e-20
-8.95914396887	4.9646534876e-20
-8.94455252918	6.18891836366e-20
-8.92996108949	7.7112077537e-20
-8.91536964981	9.60309558903e-20
-8.90077821012	1.19531434396e-19
-8.88618677043	1.48707965986e-19
-8.87159533074	1.84913285373e-19
-8.85700389105	2.29816691665e-19
-8.84241245136	2.85479887208e-19
-8.82782101167	3.54445737737e-19
-8.81322957198	4.39849722275e-19
-8.7986381323	5.45555397603e-19
-8.78404669261	6.76322476579e-19
-8.76945525292	8.38008862245e-19
-8.75486381323	1.03782318001e-18
-8.74027237354	1.28462727582e-18
-8.72568093385	1.58931598996e-18
-8.71108949416	1.96527114735e-18
-8.69649805447	2.42892347974e-18
-8.68190661479	3.00043328946e-18
-8.6673151751	3.70452894442e-18
-8.65272373541	4.57151922903e-18
-8.63813229572	5.63853920404e-18
-8.62354085603	6.95105393577e-18
-8.60894941634	8.56471281529e-18
-8.59435797665	1.05475786359e-17
-8.57976653696	1.29828638664e-17
-8.56517509728	1.59722387665e-17
-8.55058365759	1.96398652926e-17
-8.5359922179	2.41372846951e-17
-8.52140077821	2.96493682271e-17
-8.50680933852	3.64014941505e-17
-8.49221789883	4.46683221923e-17
-8.47762645914	5.47843545486e-17
-8.46303501945	6.71567693896e-17
-8.44844357977	8.22809303015e-17
-8.43385214008	1.00759174102e-16
-8.41926070039	1.2332348687e-16
-8.4046692607	1.50862965919e-16
-8.39007782101	1.8445689376e-16
-8.37548638132	2.25414788893e-16
-8.36089494163	2.75324581043e-16
-8.34630350195	3.36110808275e-16
-8.33171206226	4.10104637636e-16
-8.31712062257	5.0012829624e-16
-8.30252918288	6.0959656092e-16
-8.28793774319	7.42638986977e-16
-8.2733463035	9.0424666769e-16
-8.25875486381	1.10044883632e-15
-8.24416342412	1.33852460627e-15
-8.22957198444	1.62725735346e-15
-8.21498054475	1.97723961824e-15
-8.20038910506	2.4012388036e-15
-8.18579766537	2.91463506788e-15
-8.17120622568	3.53594588497e-15
-8.15661478599	4.28745331097e-15
-8.1420233463	5.19595493088e-15
-8.12743190661	6.2936605766e-15
-8.11284046693	7.6192640542e-15
-8.09824902724	9.21922234699e-15
-8.08365758755	1.11492821481e-14
-8.06906614786	1.3476299615e-14
-8.05447470817	1.62804098926e-14
-8.03988326848	1.96576099597e-14
-8.02529182879	2.37228346268e-14
-8.0107003891	2.86136143035e-14
-7.99610894942	3.44944249394e-14
-7.98151750973	4.15618556563e-14
-7.96692607004	5.00507463397e-14
-7.95233463035	6.02414708009e-14
-7.93774319066	7.2468576298e-14
-7.92315175097	8.7131022996e-14
-7.90856031128	1.04704317353e-13
-7.89396887159	1.25754873649e-13
-7.87937743191	1.50957010483e-13
-7.86478599222	1.81113046701e-13
-7.85019455253	2.17177053615e-13
-7.83560311284	2.60282905957e-13
-7.82101167315	3.11777394782e-13
-7.80642023346	3.73259285997e-13
-7.79182879377	4.46625373877e-13
-7.77723735409	5.34124735092e-13
-7.7626459144	6.38422615487e-13
-7.74805447471	7.62675608231e-13
-7.73346303502	9.10620070303e-13
-7.71887159533	1.08667603107e-12
-7.70428015564	1.29606925126e-12
-7.68968871595	1.54497449023e-12
-7.67509727626	1.84068359272e-12
-7.66050583658	2.1918025373e-12
-7.64591439689	2.60848231684e-12
-7.6313229572	3.10268927562e-12
-7.61673151751	3.68852146177e-12
-7.60214007782	4.38257857523e-12
-7.58754863813	5.20439433897e-12
-7.57295719844	6.17694147882e-12
-7.55836575875	7.32722117305e-12
-7.54377431907	8.68695060902e-12
-7.52918287938	1.02933645029e-11
-7.51459143969	1.21901488661e-11
-7.5	1.44285280828e-11
-7.48540856031	1.7068529686e-11
-7.47081712062	2.01804553936e-11
-7.45622568093	2.38465896849e-11
-7.44163424124	2.81631842937e-11
-7.42704280156	3.32427611045e-11
-7.41245136187	3.92167828047e-11
-7.39785992218	4.62387480386e-11
-7.38326848249	5.44877761675e-11
-7.3686770428	6.41727563215e-11
-7.35408560311	7.55371464492e-11
-7.33949416342	8.88645203802e-11
-7.32490272373	1.04484975432e-10
-7.31031128405	1.22782528824e-10
-7.29571984436	1.44203649997e-10
-7.28112840467	1.69267096473e-10
-7.26653696498	1.98575244912e-10
-7.25194552529	2.3282713558e-10
-7.2373540856	2.72833479321e-10
-7.22276264591	3.19533910203e-10
-7.20817120623	3.74016806684e-10
-7.19357976654	4.37542047457e-10
-7.17898832685	5.11567118885e-10
-7.16439688716	5.97777046518e-10
-7.14980544747	6.98118687177e-10
-7.13521400778	8.14839989076e-10
-7.12062256809	9.50534908469e-10
-7.1060311284	1.108194761e-09
-7.09143968872	1.2912668888e-09
-7.07684824903	1.50372163685e-09
-7.06225680934	1.75012876157e-09
-7.04766536965	2.03574453686e-09
-7.03307392996	2.3666109841e-09
-7.01848249027	2.74966883099e-09
-7.00389105058	3.19288600574e-09
-6.98929961089	3.70540369541e-09
-6.97470817121	4.29770224845e-09
-6.96011673152	4.98178947657e-09
-6.94552529183	5.77141422308e-09
-6.93093385214	6.68230840592e-09
-6.91634241245	7.73246112688e-09
-6.90175097276	8.9424288603e-09
-6.88715953307	1.03356862047e-08
-6.87256809338	1.19390221974e-08
-6.8579766537	1.37829877715e-08
-6.84338521401	1.59024005588e-08
-6.82879377432	1.83369139529e-08
-6.81420233463	2.11316581061e-08
-6.79961089494	2.43379613919e-08
-6.78501945525	2.8014161786e-08
-6.77042801556	3.22265186543e-08
-6.75583657588	3.70502365456e-08
-6.74124513619	4.25706138303e-08
-6.7266536965	4.88843303566e-08
-6.71206225681	5.61008897754e-08
-6.69747081712	6.43442337822e-08
-6.68287937743	7.37545472738e-08
-6.66828793774	8.44902753114e-08
-6.65369649805	9.67303748547e-08
-6.63910505837	1.10676826458e-07
-6.62451361868	1.26557433559e-07
-6.60992217899	1.446289396e-07
-6.5953307393	1.65180496065e-07
-6.58073929961	1.88537517552e-07
-6.56614785992	2.15065963315e-07
-6.55155642023	2.45177088208e-07
-6.53696498054	2.79332709766e-07
-6.52237354086	3.18051042217e-07
-6.50778210117	3.61913152524e-07
-6.49319066148	4.11570098198e-07
-6.47859922179	4.67750811514e-07
-6.4640077821	5.31270799987e-07
-6.44941634241	6.03041738481e-07
-6.43482490272	6.84082034147e-07
-6.42023346303	7.75528451564e-07
-6.40564202335	8.78648891878e-07
-6.39105058366	9.94856426544e-07
-6.37645914397	1.12572469331e-06
-6.36186770428	1.27300476951e-06
-6.34727626459	1.43864364528e-06
-6.3326848249	1.62480442735e-06
-6.31809338521	1.83388841211e-06
-6.30350194552	2.06855917495e-06
-6.28891050584	2.33176883155e-06
-6.27431906615	2.62678663531e-06
-6.25972762646	2.95723008368e-06
-6.24513618677	3.32709871527e-06
-6.23054474708	3.74081078775e-06
-6.21595330739	4.2032430355e-06
-6.2013618677	4.71977371405e-06
-6.18677042802	5.29632914616e-06
-6.17217898833	5.93943399241e-06
-6.15758754864	6.6562654754e-06
-6.14299610895	7.45471179355e-06
-6.12840466926	8.34343496551e-06
-6.11381322957	9.33193835057e-06
-6.09922178988	1.04306390938e-05
-6.08463035019	1.16509457462e-05
-6.07003891051	1.30053413108e-05
-6.05544747082	1.45074719626e-05
-6.04085603113	1.61722416895e-05
-6.02626459144	1.80159130905e-05
-6.01167315175	2.00562145656e-05
-5.99708171206	2.23124541126e-05
-5.98249027237	2.48056399391e-05
-5.96789883268	2.75586080741e-05
-5.953307393	3.05961571456e-05
-5.93871595331	3.39451904638e-05
-5.92412451362	3.76348655198e-05
-5.90953307393	4.16967509747e-05
-5.89494163424	4.61649911765e-05
-5.88035019455	5.10764781951e-05
-5.86575875486	5.64710313192e-05
-5.85116731517	6.23915839007e-05
-5.83657587549	6.88843773734e-05
-5.8219844358	7.59991622032e-05
-5.80739299611	8.37894054576e-05
-5.79280155642	9.23125045988e-05
-5.77821011673	0.000101630007022
-5.76361867704	0.000111807834772
-5.74902723735	0.000122916513759
-5.73443579766	0.000135031406721
-5.71984435798	0.000148232949038
-5.70525291829	0.000162606886406
-5.6906614786	0.000178244513274
-5.67607003891	0.000195242910793
-5.66147859922	0.000213705182934
-5.64688715953	0.000233740689283
-5.63229571984	0.000255465272906
-5.61770428016	0.000279001481535
-5.60311284047	0.000304478780229
-5.58852140078	0.000332033753492
-5.57392996109	0.000361810294767
-5.5593385214	0.000393959781069
-5.54474708171	0.000428641230437
-5.53015564202	0.000466021439788
-5.51556420233	0.000506275100668
-5.50097276265	0.000549584890334
-5.48638132296	0.000596141535555
-5.47178988327	0.00064614384647
-5.45719844358	0.000699798717853
-5.44260700389	0.000757321095137
-5.4280155642	0.000818933902591
-5.41342412451	0.000884867931104
-5.39883268482	0.000955361683145
-5.38424124514	0.00103066117258
-5.36964980545	0.0011110196772
-5.35505836576	0.00119669744198
-5.34046692607	0.00128796133139
-5.32587548638	0.00138508442931
-5.31128404669	0.00148834558524
-5.296692607	0.00159802890629
-5.28210116731	0.00171442319417
-5.26750972763	0.00183782132739
-5.25291828794	0.00196851958896
-5.23832684825	0.00210681694038
-5.22373540856	0.00225301424347
-5.20914396887	0.0024074134316
-5.19455252918	0.00257031663296
-5.17996108949	0.00274202524857
-5.1653696498	0.00292283898853
-5.15077821012	0.00311305487048
-5.13618677043	0.00331296618475
-5.12159533074	0.00352286143114
-5.10700389105	0.00374302323284
-5.09241245136	0.00397372723341
-5.07782101167	0.00421524098315
-5.06322957198	0.00446782282152
-5.0486381323	0.00473172076269
-5.03404669261	0.00500717139144
-5.01945525292	0.00529439877691
-5.00486381323	0.00559361341179
-4.99027237354	0.00590501118447
-4.97568093385	0.00622877239195
-4.96108949416	0.00656506080083
-4.94649805447	0.00691402276369
-4.93190661479	0.00727578639801
-4.9173151751	0.00765046083409
-4.90272373541	0.00803813553832
-4.88813229572	0.00843887971756
-4.87354085603	0.00885274180955
-4.85894941634	0.00927974906406
-4.84435797665	0.00971990721845
-4.82976653696	0.0101732002707
-4.81517509728	0.010639590352
-4.80058365759	0.0111190177008
-4.7859922179	0.0116114007383
-4.77140077821	0.0121166362454
-4.75680933852	0.0126345996403
-4.74221789883	0.0131651453538
-4.72762645914	0.0137081073012
-4.71303501945	0.0142632994459
-4.69844357977	0.0148305164505
-4.68385214008	0.0154095344114
-4.66926070039	0.0160001116707
-4.6546692607	0.0166019896988
-4.64007782101	0.0172148940428
-4.62548638132	0.0178385353314
-4.61089494163	0.0184726103308
-4.59630350194	0.0191168030432
-4.58171206226	0.0197707858405
-4.56712062257	0.0204342206248
-4.55252918288	0.0211067600091
-4.53793774319	0.0217880485087
-4.5233463035	0.0224777237379
-4.50875486381	0.0231754176022
-4.49416342412	0.0238807574813
-4.47957198444	0.0245933673948
-4.46498054475	0.0253128691438
-4.45038910506	0.0260388834246
-4.43579766537	0.0267710309068
-4.42120622568	0.0275089332721
-4.40661478599	0.0282522142094
-4.3920233463	0.0290005003619
-4.37743190661	0.029753422223
-4.36284046693	0.030510614979
-4.34824902724	0.0312717192948
-4.33365758755	0.0320363820428
-4.31906614786	0.0328042569723
-4.30447470817	0.0335750053198
-4.28988326848	0.034348296359
-4.27529182879	0.0351238078915
-4.2607003891	0.035901226679
-4.24610894942	0.0366802488168
-4.23151750973	0.0374605800512
-4.21692607004	0.0382419360424
-4.20233463035	0.0390240425733
-4.18774319066	0.0398066357087
-4.17315175097	0.0405894619053
-4.15856031128	0.0413722780759
-4.14396887159	0.0421548516106
-4.12937743191	0.0429369603568
-4.11478599222	0.0437183925619
-4.10019455253	0.0444989467811
-4.08560311284	0.045278431753
-4.07101167315	0.0460566662458
-4.05642023346	0.0468334788776
-4.04182879377	0.0476087079123
-4.02723735408	0.0483822010354
-4.0126459144	0.0491538151111
-3.99805447471	0.049923415923
-3.98346303502	0.0506908779025
-3.96887159533	0.0514560838453
-3.95428015564	0.0522189246189
-3.93968871595	0.0529792988638
-3.92509727626	0.0537371126891
-3.91050583658	0.054492279365
-3.89591439689	0.055244719014
-3.8813229572	0.0559943583017
-3.86673151751	0.0567411301293
-3.85214007782	0.0574849733281
-3.83754863813	0.0582258323582
-3.82295719844	0.0589636570118
-3.80836575875	0.0596984021221
-3.79377431907	0.0604300272786
-3.77918287938	0.0611584965493
-3.76459143969	0.0618837782109
-3.75	0.0626058444869
-3.73540856031	0.0633246712945
-3.72081712062	0.064040238
-3.70622568093	0.0647525271837
-3.69163424124	0.0654615244139
-3.67704280156	0.0661672180301
-3.66245136187	0.0668695989363
-3.64785992218	0.0675686604029
-3.63326848249	0.068264397879
-3.6186770428	0.0689568088127
-3.60408560311	0.0696458924823
-3.58949416342	0.0703316498349
-3.57490272373	0.0710140833347
-3.56031128405	0.0716931968201
-3.54571984436	0.0723689953688
-3.53112840467	0.0730414851708
-3.51653696498	0.0737106734103
-3.50194552529	0.074376568154
-3.4873540856	0.0750391782476
-3.47276264591	0.0756985132191
-3.45817120623	0.0763545831888
-3.44357976654	0.0770073987853
-3.42898832685	0.077656971069
-3.41439688716	0.0783033114598
-3.39980544747	0.0789464316715
-3.38521400778	0.0795863436513
-3.37062256809	0.0802230595237
-3.3560311284	0.0808565915401
-3.34143968872	0.0814869520318
-3.32684824903	0.0821141533682
-3.31225680934	0.0827382079183
-3.29766536965	0.0833591280161
-3.28307392996	0.0839769259294
-3.26848249027	0.0845916138318
-3.25389105058	0.0852032037781
-3.23929961089	0.0858117076819
-3.22470817121	0.0864171372964
-3.21011673152	0.0870195041971
-3.19552529183	0.0876188197671
-3.18093385214	0.0882150951845
-3.16634241245	0.0888083414113
-3.15175097276	0.0893985691845
-3.13715953307	0.0899857890088
-3.12256809338	0.0905700111502
-3.1079766537	0.0911512456318
-3.09338521401	0.0917295022302
-3.07879377432	0.092304790473
-3.06420233463	0.0928771196381
-3.04961089494	0.0934464987528
-3.03501945525	0.0940129365943
-3.02042801556	0.0945764416911
-3.00583657587	0.095137022325
-2.99124513619	0.0956946865328
-2.9766536965	0.0962494421099
-2.96206225681	0.0968012966136
-2.94747081712	0.0973502573664
-2.93287937743	0.0978963314607
-2.91828793774	0.0984395257627
-2.90369649805	0.0989798469173
-2.88910505837	0.0995173013529
-2.87451361868	0.100051895286
-2.85992217899	0.100583634728
-2.8453307393	0.101112525487
-2.83073929961	0.101638573176
-2.81614785992	0.102161783219
-2.80155642023	0.102682160853
-2.78696498054	0.103199711134
-2.77237354086	0.103714438947
-2.75778210117	0.104226349005
-2.74319066148	0.104735445858
-2.72859922179	0.105241733897
-2.7140077821	0.105745217359
-2.69941634241	0.106245900332
-2.68482490272	0.106743786762
-2.67023346303	0.107238880456
-2.65564202335	0.107731185084
-2.64105058366	0.10822070419
-2.62645914397	0.108707441192
-2.61186770428	0.109191399386
-2.59727626459	0.109672581955
-2.5826848249	0.110150991967
-2.56809338521	0.110626632383
-2.55350194552	0.111099506062
-2.53891050584	0.111569615759
-2.52431906615	0.112036964135
-2.50972762646	0.112501553759
-2.49513618677	0.112963387109
-2.48054474708	0.113422466578
-2.46595330739	0.113878794474
-2.4513618677	0.114332373028
-2.43677042801	0.114783204393
-2.42217898833	0.115231290648
-2.40758754864	0.115676633804
-2.39299610895	0.116119235798
-2.37840466926	0.116559098508
-2.36381322957	0.116996223743
-2.34922178988	0.117430613256
-2.33463035019	0.117862268738
-2.32003891051	0.118291191826
-2.30544747082	0.118717384103
-2.29085603113	0.119140847098
-2.27626459144	0.119561582292
-2.26167315175	0.119979591117
-2.24708171206	0.120394874959
-2.23249027237	0.12080743516
-2.21789883268	0.121217273018
-2.203307393	0.12162438979
-2.18871595331	0.122028786695
-2.17412451362	0.122430464911
-2.15953307393	0.122829425582
-2.14494163424	0.123225669814
-2.13035019455	0.123619198681
-2.11575875486	0.124010013223
-2.10116731517	0.124398114449
-2.08657587549	0.124783503336
-2.0719844358	0.125166180834
-2.05739299611	0.125546147863
-2.04280155642	0.125923405317
-2.02821011673	0.126297954062
-2.01361867704	0.126669794939
-1.99902723735	0.127038928766
-1.98443579766	0.127405356337
-1.96984435798	0.127769078421
-1.95525291829	0.128130095767
-1.9406614786	0.128488409103
-1.92607003891	0.128844019136
-1.91147859922	0.129196926552
-1.89688715953	0.12954713202
-1.88229571984	0.12989463619
-1.86770428015	0.130239439692
-1.85311284047	0.130581543142
-1.83852140078	0.130920947137
-1.82392996109	0.131257652258
-1.8093385214	0.131591659071
-1.79474708171	0.131922968128
-1.78015564202	0.132251579965
-1.76556420233	0.132577495103
-1.75097276265	0.132900714052
-1.73638132296	0.133221237306
-1.72178988327	0.133539065347
-1.70719844358	0.133854198646
-1.69260700389	0.13416663766
-1.6780155642	0.134476382835
-1.66342412451	0.134783434607
-1.64883268482	0.135087793398
-1.63424124514	0.135389459623
-1.61964980545	0.135688433683
-1.60505836576	0.135984715972
-1.59046692607	0.136278306872
-1.57587548638	0.136569206758
-1.56128404669	0.136857415993
-1.546692607	0.137142934933
-1.53210116731	0.137425763924
-1.51750972763	0.137705903306
-1.50291828794	0.137983353408
-1.48832684825	0.138258114552
-1.47373540856	0.138530187054
-1.45914396887	0.138799571219
-1.44455252918	0.139066267348
-1.42996108949	0.139330275733
-1.4153696498	0.13959159666
-1.40077821012	0.139850230408
-1.38618677043	0.140106177248
-1.37159533074	0.140359437447
-1.35700389105	0.140610011265
-1.34241245136	0.140857898955
-1.32782101167	0.141103100764
-1.31322957198	0.141345616935
-1.29863813229	0.141585447704
-1.28404669261	0.141822593302
-1.26945525292	0.142057053954
-1.25486381323	0.142288829881
-1.24027237354	0.142517921298
-1.22568093385	0.142744328414
-1.21108949416	0.142968051437
-1.19649805447	0.143189090565
-1.18190661479	0.143407445995
-1.1673151751	0.143623117919
-1.15272373541	0.143836106524
-1.13813229572	0.144046411992
-1.12354085603	0.144254034503
-1.10894941634	0.144458974231
-1.09435797665	0.144661231346
-1.07976653696	0.144860806015
-1.06517509728	0.145057698401
-1.05058365759	0.145251908663
-1.0359922179	0.145443436956
-1.02140077821	0.145632283431
-1.00680933852	0.145818448237
-0.992217898832	0.146001931519
-0.977626459143	0.146182733418
-0.963035019454	0.146360854073
-0.948443579766	0.146536293617
-0.933852140077	0.146709052182
-0.919260700388	0.146879129898
-0.9046692607	0.147046526889
-0.890077821011	0.147211243279
-0.875486381322	0.147373279186
-0.860894941633	0.147532634727
-0.846303501945	0.147689310017
-0.831712062256	0.147843305166
-0.817120622567	0.147994620282
-0.802529182879	0.148143255472
-0.78793774319	0.148289210838
-0.773346303501	0.14843248648
-0.758754863812	0.148573082498
-0.744163424124	0.148710998986
-0.729571984435	0.148846236037
-0.714980544746	0.148978793742
-0.700389105058	0.149108672189
-0.685797665369	0.149235871464
-0.67120622568	0.149360391651
-0.656614785991	0.14948223283
-0.642023346303	0.149601395082
-0.627431906614	0.149717878483
-0.612840466925	0.149831683108
-0.598249027237	0.149942809029
-0.583657587548	0.150051256318
-0.569066147859	0.150157025043
-0.55447470817	0.150260115269
-0.539883268482	0.150360527062
-0.525291828793	0.150458260485
-0.510700389104	0.150553315597
-0.496108949416	0.150645692458
-0.481517509727	0.150735391123
-0.466926070038	0.150822411649
-0.452334630349	0.150906754088
-0.437743190661	0.15098841849
-0.423151750972	0.151067404906
-0.408560311283	0.151143713383
-0.393968871594	0.151217343966
-0.379377431906	0.1512882967
-0.364785992217	0.151356571626
-0.350194552528	0.151422168786
-0.33560311284	0.151485088218
-0.321011673151	0.151545329959
-0.306420233462	0.151602894044
-0.291828793773	0.151657780508
-0.277237354085	0.151709989383
-0.262645914396	0.151759520698
-0.248054474707	0.151806374482
-0.233463035019	0.151850550764
-0.21887159533	0.151892049568
-0.204280155641	0.151930870918
-0.189688715952	0.151967014837
-0.175097276264	0.152000481346
-0.160505836575	0.152031270463
-0.145914396886	0.152059382207
-0.131322957198	0.152084816594
-0.116731517509	0.152107573638
-0.10214007782	0.152127653352
-0.0875486381314	0.152145055747
-0.0729571984427	0.152159780834
-0.058365758754	0.152171828622
-0.0437743190653	0.152181199116
-0.0291828793766	0.152187892322
-0.0145914396879	0.152191908244
8.5975671027e-13	0.152193246885
0.0145914396896	0.152191908244
0.0291828793783	0.152187892322
0.043774319067	0.152181199116
0.0583657587557	0.152171828622
0.0729571984444	0.152159780834
0.0875486381332	0.152145055747
0.102140077822	0.152127653352
0.116731517511	0.152107573638
0.131322957199	0.152084816594
0.145914396888	0.152059382207
0.160505836577	0.152031270463
0.175097276265	0.152000481346
0.189688715954	0.151967014837
0.204280155643	0.151930870918
0.218871595332	0.151892049568
0.23346303502	0.151850550764
0.248054474709	0.151806374482
0.262645914398	0.151759520698
0.277237354086	0.151709989383
0.291828793775	0.151657780508
0.306420233464	0.151602894044
0.321011673153	0.151545329959
0.335603112841	0.151485088218
0.35019455253	0.151422168786
0.364785992219	0.151356571626
0.379377431907	0.1512882967
0.393968871596	0.151217343966
0.408560311285	0.151143713383
0.423151750974	0.151067404906
0.437743190662	0.15098841849
0.452334630351	0.150906754088
0.46692607004	0.150822411649
0.481517509729	0.150735391123
0.496108949417	0.150645692458
0.510700389106	0.150553315597
0.525291828795	0.150458260485
0.539883268483	0.150360527062
0.554474708172	0.150260115269
0.569066147861	0.150157025043
0.58365758755	0.150051256318
0.598249027238	0.149942809029
0.612840466927	0.149831683108
0.627431906616	0.149717878483
0.642023346304	0.149601395082
0.656614785993	0.14948223283
0.671206225682	0.149360391651
0.685797665371	0.149235871464
0.700389105059	0.149108672189
0.714980544748	0.148978793742
0.729571984437	0.148846236037
0.744163424125	0.148710998986
0.758754863814	0.148573082498
0.773346303503	0.14843248648
0.787937743192	0.148289210838
0.80252918288	0.148143255472
0.817120622569	0.147994620282
0.831712062258	0.147843305166
0.846303501946	0.147689310017
0.860894941635	0.147532634727
0.875486381324	0.147373279186
0.890077821013	0.147211243279
0.904669260701	0.147046526889
0.91926070039	0.146879129898
0.933852140079	0.146709052182
0.948443579767	0.146536293617
0.963035019456	0.146360854073
0.977626459145	0.146182733418
0.992217898834	0.146001931519
1.00680933852	0.145818448237
1.02140077821	0.145632283431
1.0359922179	0.145443436956
1.05058365759	0.145251908663
1.06517509728	0.145057698401
1.07976653697	0.144860806015
1.09435797665	0.144661231346
1.10894941634	0.144458974231
1.12354085603	0.144254034503
1.13813229572	0.144046411992
1.15272373541	0.143836106524
1.1673151751	0.143623117919
1.18190661479	0.143407445995
1.19649805448	0.143189090565
1.21108949416	0.142968051437
1.22568093385	0.142744328414
1.24027237354	0.142517921298
1.25486381323	0.142288829881
1.26945525292	0.142057053954
1.28404669261	0.141822593302
1.2986381323	0.141585447704
1.31322957199	0.141345616935
1.32782101167	0.141103100764
1.34241245136	0.140857898955
1.35700389105	0.140610011265
1.37159533074	0.140359437447
1.38618677043	0.140106177248
1.40077821012	0.139850230408
1.41536964981	0.13959159666
1.4299610895	0.139330275733
1.44455252918	0.139066267348
1.45914396887	0.138799571219
1.47373540856	0.138530187054
1.48832684825	0.138258114552
1.50291828794	0.137983353408
1.51750972763	0.137705903306
1.53210116732	0.137425763924
1.546692607	0.137142934933
1.56128404669	0.136857415993
1.57587548638	0.136569206758
1.59046692607	0.136278306872
1.60505836576	0.135984715972
1.61964980545	0.135688433683
1.63424124514	0.135389459623
1.64883268483	0.135087793398
1.66342412451	0.134783434607
1.6780155642	0.134476382835
1.69260700389	0.13416663766
1.70719844358	0.133854198646
1.72178988327	0.133539065347
1.73638132296	0.133221237306
1.75097276265	0.132900714052
1.76556420234	0.132577495103
1.78015564202	0.132251579965
1.79474708171	0.131922968128
1.8093385214	0.131591659071
1.82392996109	0.131257652258
1.83852140078	0.130920947137
1.85311284047	0.130581543142
1.86770428016	0.130239439692
1.88229571985	0.12989463619
1.89688715953	0.12954713202
1.91147859922	0.129196926552
1.92607003891	0.128844019136
1.9406614786	0.128488409103
1.95525291829	0.128130095767
1.96984435798	0.127769078421
1.98443579767	0.127405356336
1.99902723736	0.127038928766
2.01361867704	0.126669794939
2.02821011673	0.126297954062
2.04280155642	0.125923405317
2.05739299611	0.125546147863
2.0719844358	0.125166180834
2.08657587549	0.124783503336
2.10116731518	0.124398114449
2.11575875486	0.124010013223
2.13035019455	0.123619198681
2.14494163424	0.123225669814
2.15953307393	0.122829425582
2.17412451362	0.122430464911
2.18871595331	0.122028786695
2.203307393	0.12162438979
2.21789883269	0.121217273018
2.23249027237	0.12080743516
2.24708171206	0.120394874959
2.26167315175	0.119979591117
2.27626459144	0.119561582292
2.29085603113	0.119140847098
2.30544747082	0.118717384103
2.32003891051	0.118291191826
2.3346303502	0.117862268738
2.34922178988	0.117430613256
2.36381322957	0.116996223743
2.37840466926	0.116559098508
2.39299610895	0.116119235798
2.40758754864	0.115676633804
2.42217898833	0.115231290648
2.43677042802	0.114783204393
2.45136186771	0.114332373028
2.46595330739	0.113878794474
2.48054474708	0.113422466578
2.49513618677	0.112963387109
2.50972762646	0.112501553759
2.52431906615	0.112036964135
2.53891050584	0.111569615759
2.55350194553	0.111099506062
2.56809338522	0.110626632383
2.5826848249	0.110150991967
2.59727626459	0.109672581955
2.61186770428	0.109191399386
2.62645914397	0.108707441192
2.64105058366	0.10822070419
2.65564202335	0.107731185084
2.67023346304	0.107238880456
2.68482490272	0.106743786762
2.69941634241	0.106245900332
2.7140077821	0.105745217359
2.72859922179	0.105241733897
2.74319066148	0.104735445858
2.75778210117	0.104226349006
2.77237354086	0.103714438947
2.78696498055	0.103199711134
2.80155642023	0.102682160853
2.81614785992	0.102161783219
2.83073929961	0.101638573176
2.8453307393	0.101112525487
2.85992217899	0.100583634728
2.87451361868	0.100051895286
2.88910505837	0.0995173013529
2.90369649806	0.0989798469173
2.91828793774	0.0984395257627
2.93287937743	0.0978963314607
2.94747081712	0.0973502573665
2.96206225681	0.0968012966136
2.9766536965	0.09624944211
2.99124513619	0.0956946865328
3.00583657588	0.095137022325
3.02042801557	0.0945764416912
3.03501945525	0.0940129365943
3.04961089494	0.0934464987528
3.06420233463	0.0928771196381
3.07879377432	0.092304790473
3.09338521401	0.0917295022302
3.1079766537	0.0911512456318
3.12256809339	0.0905700111502
3.13715953307	0.0899857890088
3.15175097276	0.0893985691846
3.16634241245	0.0888083414113
3.18093385214	0.0882150951846
3.19552529183	0.0876188197672
3.21011673152	0.0870195041972
3.22470817121	0.0864171372965
3.2392996109	0.085811707682
3.25389105058	0.0852032037781
3.26848249027	0.0845916138318
3.28307392996	0.0839769259294
3.29766536965	0.0833591280162
3.31225680934	0.0827382079184
3.32684824903	0.0821141533682
3.34143968872	0.0814869520318
3.35603112841	0.0808565915401
3.37062256809	0.0802230595238
3.38521400778	0.0795863436514
3.39980544747	0.0789464316716
3.41439688716	0.0783033114598
3.42898832685	0.077656971069
3.44357976654	0.0770073987853
3.45817120623	0.0763545831888
3.47276264592	0.0756985132192
3.4873540856	0.0750391782477
3.50194552529	0.074376568154
3.51653696498	0.0737106734104
3.53112840467	0.0730414851709
3.54571984436	0.0723689953688
3.56031128405	0.0716931968202
3.57490272374	0.0710140833347
3.58949416343	0.0703316498349
3.60408560311	0.0696458924824
3.6186770428	0.0689568088128
3.63326848249	0.068264397879
3.64785992218	0.067568660403
3.66245136187	0.0668695989363
3.67704280156	0.0661672180302
3.69163424125	0.065461524414
3.70622568093	0.0647525271838
3.72081712062	0.0640402380001
3.73540856031	0.0633246712946
3.75	0.062605844487
3.76459143969	0.061883778211
3.77918287938	0.0611584965494
3.79377431907	0.0604300272787
3.80836575876	0.0596984021222
3.82295719844	0.0589636570119
3.83754863813	0.0582258323583
3.85214007782	0.0574849733282
3.86673151751	0.0567411301294
3.8813229572	0.0559943583018
3.89591439689	0.0552447190141
3.91050583658	0.0544922793651
3.92509727627	0.0537371126892
3.93968871595	0.0529792988639
3.95428015564	0.052218924619
3.96887159533	0.0514560838454
3.98346303502	0.0506908779026
3.99805447471	0.0499234159231
4.0126459144	0.0491538151112
4.02723735409	0.0483822010356
4.04182879378	0.0476087079124
4.05642023346	0.0468334788777
4.07101167315	0.046056666246
4.08560311284	0.0452784317531
4.10019455253	0.0444989467812
4.11478599222	0.043718392562
4.12937743191	0.0429369603569
4.1439688716	0.0421548516108
4.15856031129	0.0413722780761
4.17315175097	0.0405894619054
4.18774319066	0.0398066357088
4.20233463035	0.0390240425734
4.21692607004	0.0382419360425
4.23151750973	0.0374605800514
4.24610894942	0.0366802488169
4.26070038911	0.0359012266792
4.27529182879	0.0351238078917
4.28988326848	0.0343482963592
4.30447470817	0.03357500532
4.31906614786	0.0328042569725
4.33365758755	0.0320363820429
4.34824902724	0.031271719295
4.36284046693	0.0305106149792
4.37743190662	0.0297534222232
4.3920233463	0.0290005003621
4.40661478599	0.0282522142096
4.42120622568	0.0275089332723
4.43579766537	0.026771030907
4.45038910506	0.0260388834248
4.46498054475	0.025312869144
4.47957198444	0.024593367395
4.49416342413	0.0238807574815
4.50875486381	0.0231754176024
4.5233463035	0.0224777237381
4.53793774319	0.0217880485089
4.55252918288	0.0211067600093
4.56712062257	0.020434220625
4.58171206226	0.0197707858407
4.59630350195	0.0191168030434
4.61089494164	0.018472610331
4.62548638132	0.0178385353316
4.64007782101	0.017214894043
4.6546692607	0.016601989699
4.66926070039	0.0160001116708
4.68385214008	0.0154095344116
4.69844357977	0.0148305164507
4.71303501946	0.0142632994461
4.72762645915	0.0137081073014
4.74221789883	0.0131651453539
4.75680933852	0.0126345996404
4.77140077821	0.0121166362456
4.7859922179	0.0116114007385
4.80058365759	0.0111190177009
4.81517509728	0.0106395903521
4.82976653697	0.0101732002708
4.84435797665	0.0097199072186
4.85894941634	0.00927974906422
4.87354085603	0.0088527418097
4.88813229572	0.00843887971771
4.90272373541	0.00803813553847
4.9173151751	0.00765046083423
4.93190661479	0.00727578639815
4.94649805448	0.00691402276383
4.96108949416	0.00656506080096
4.97568093385	0.00622877239208
4.99027237354	0.00590501118459
5.00486381323	0.00559361341191
5.01945525292	0.00529439877703
5.03404669261	0.00500717139155
5.0486381323	0.0047317207628
5.06322957199	0.00446782282163
5.07782101167	0.00421524098326
5.09241245136	0.00397372723351
5.10700389105	0.00374302323294
5.12159533074	0.00352286143123
5.13618677043	0.00331296618484
5.15077821012	0.00311305487057
5.16536964981	0.00292283898861
5.1799610895	0.00274202524865
5.19455252918	0.00257031663304
5.20914396887	0.00240741343167
5.22373540856	0.00225301424354
5.23832684825	0.00210681694045
5.25291828794	0.00196851958902
5.26750972763	0.00183782132746
5.28210116732	0.00171442319423
5.29669260701	0.00159802890635
5.31128404669	0.0014883455853
5.32587548638	0.00138508442936
5.34046692607	0.00128796133144
5.35505836576	0.00119669744202
5.36964980545	0.00111101967724
5.38424124514	0.00103066117263
5.39883268483	0.000955361683187
5.41342412451	0.000884867931143
5.4280155642	0.000818933902628
5.44260700389	0.000757321095172
5.45719844358	0.000699798717886
5.47178988327	0.000646143846501
5.48638132296	0.000596141535585
5.50097276265	0.000549584890362
5.51556420234	0.000506275100694
5.53015564202	0.000466021439813
5.54474708171	0.000428641230461
5.5593385214	0.000393959781091
5.57392996109	0.000361810294788
5.58852140078	0.000332033753511
5.60311284047	0.000304478780248
5.61770428016	0.000279001481553
5.63229571985	0.000255465272922
5.64688715953	0.000233740689298
5.66147859922	0.000213705182948
5.67607003891	0.000195242910806
5.6906614786	0.000178244513286
5.70525291829	0.000162606886418
5.71984435798	0.000148232949049
5.73443579767	0.000135031406732
5.74902723736	0.000122916513768
5.76361867704	0.000111807834781
5.77821011673	0.000101630007031
5.79280155642	9.23125046064e-05
5.80739299611	8.37894054647e-05
5.8219844358	7.59991622098e-05
5.83657587549	6.88843773795e-05
5.85116731518	6.23915839064e-05
5.86575875487	5.64710313245e-05
5.88035019455	5.10764782e-05
5.89494163424	4.61649911811e-05
5.90953307393	4.16967509789e-05
5.92412451362	3.76348655237e-05
5.93871595331	3.39451904674e-05
5.953307393	3.05961571489e-05
5.96789883269	2.75586080772e-05
5.98249027237	2.48056399419e-05
5.99708171206	2.23124541152e-05
6.01167315175	2.00562145679e-05
6.02626459144	1.80159130927e-05
6.04085603113	1.61722416915e-05
6.05544747082	1.45074719645e-05
6.07003891051	1.30053413125e-05
6.0846303502	1.16509457478e-05
6.09922178988	1.04306390952e-05
6.11381322957	9.33193835189e-06
6.12840466926	8.34343496672e-06
6.14299610895	7.45471179466e-06
6.15758754864	6.65626547641e-06
6.17217898833	5.93943399334e-06
6.18677042802	5.29632914701e-06
6.20136186771	4.71977371483e-06
6.21595330739	4.20324303622e-06
6.23054474708	3.7408107884e-06
6.24513618677	3.32709871587e-06
6.25972762646	2.95723008424e-06
6.27431906615	2.62678663582e-06
6.28891050584	2.33176883202e-06
6.30350194553	2.06855917537e-06
6.31809338522	1.8338884125e-06
6.3326848249	1.62480442771e-06
6.34727626459	1.43864364561e-06
6.36186770428	1.27300476981e-06
6.37645914397	1.12572469358e-06
6.39105058366	9.94856426791e-07
6.40564202335	8.78648892101e-07
6.42023346304	7.75528451764e-07
6.43482490272	6.84082034328e-07
6.44941634241	6.03041738645e-07
6.4640077821	5.31270800135e-07
6.47859922179	4.67750811647e-07
6.49319066148	4.11570098318e-07
6.50778210117	3.61913152632e-07
6.52237354086	3.18051042314e-07
6.53696498055	2.79332709852e-07
6.55155642023	2.45177088285e-07
6.56614785992	2.15065963385e-07
6.58073929961	1.88537517615e-07
6.5953307393	1.65180496122e-07
6.60992217899	1.44628939652e-07
6.62451361868	1.26557433605e-07
6.63910505837	1.10676826499e-07
6.65369649806	9.6730374892e-08
6.66828793774	8.44902753457e-08
6.68287937743	7.3754547305e-08
6.69747081712	6.43442338108e-08
6.71206225681	5.61008898014e-08
6.7266536965	4.88843303803e-08
6.74124513619	4.25706138518e-08
6.75583657588	3.70502365651e-08
6.77042801557	3.22265186719e-08
6.78501945525	2.80141618024e-08
6.79961089494	2.43379614068e-08
6.81420233463	2.11316581198e-08
6.82879377432	1.83369139653e-08
6.84338521401	1.59024005702e-08
6.8579766537	1.37829877817e-08
6.87256809339	1.19390222066e-08
6.88715953308	1.03356862128e-08
6.90175097276	8.94242886771e-09
6.91634241245	7.73246113354e-09
6.93093385214	6.68230841194e-09
6.94552529183	5.77141422844e-09
6.96011673152	4.98178948137e-09
6.97470817121	4.29770225268e-09
6.9892996109	3.70540369915e-09
7.00389105058	3.19288600896e-09
7.01848249027	2.74966883391e-09
7.03307392996	2.36661098667e-09
7.04766536965	2.03574453912e-09
7.06225680934	1.75012876353e-09
7.07684824903	1.50372163858e-09
7.09143968872	1.2912668903e-09
7.10603112841	1.10819476231e-09
7.12062256809	9.50534909569e-10
7.13521400778	8.14839990072e-10
7.14980544747	6.98118688045e-10
7.16439688716	5.9777704729e-10
7.17898832685	5.11567119562e-10
7.19357976654	4.37542048074e-10
7.20817120623	3.74016807237e-10
7.22276264592	3.19533910712e-10
7.2373540856	2.72833479777e-10
7.25194552529	2.32827136029e-10
7.26653696498	1.98575245326e-10
7.28112840467	1.6926709686e-10
7.29571984436	1.4420365034e-10
7.31031128405	1.22782529134e-10
7.32490272374	1.04484975701e-10
7.33949416343	8.88645206144e-11
7.35408560311	7.55371466412e-11
7.3686770428	6.41727564975e-11
7.38326848249	5.44877763226e-11
7.39785992218	4.62387481797e-11
7.41245136187	3.9216782927e-11
7.42704280156	3.32427612138e-11
7.44163424125	2.8163184389e-11
7.45622568094	2.38465897718e-11
7.47081712062	2.01804554701e-11
7.48540856031	1.70685297646e-11
7.5	1.44285281575e-11
7.51459143969	1.21901489339e-11
7.52918287938	1.02933645608e-11
7.54377431907	8.68695066046e-12
7.55836575876	7.32722121644e-12
7.57295719844	6.17694151644e-12
7.58754863813	5.20439436972e-12
7.60214007782	4.38257860466e-12
7.61673151751	3.68852148752e-12
7.6313229572	3.10268929894e-12
7.64591439689	2.60848233631e-12
7.66050583658	2.19180255419e-12
7.67509727627	1.84068360611e-12
7.68968871595	1.54497450097e-12
7.70428015564	1.29606925886e-12
7.71887159533	1.08667603879e-12
7.73346303502	9.10620076893e-13
7.74805447471	7.62675614006e-13
7.7626459144	6.38422619862e-13
7.77723735409	5.34124738638e-13
7.79182879378	4.46625376117e-13
7.80642023346	3.73259287345e-13
7.82101167315	3.1177739489e-13
7.83560311284	2.60282906346e-13
7.85019455253	2.17177054039e-13
7.86478599222	1.81113047419e-13
7.87937743191	1.50957011138e-13
7.8939688716	1.25754874454e-13
7.90856031129	1.0470431803e-13
7.92315175097	8.71310237424e-14
7.93774319066	7.24685769444e-14
7.95233463035	6.02414719461e-14
7.96692607004	5.00507476988e-14
7.98151750973	4.15618572502e-14
7.99610894942	3.44944265473e-14
8.01070038911	2.86136159276e-14
8.0252918288	2.37228361119e-14
8.03988326848	1.96576113643e-14
8.05447470817	1.62804111138e-14
8.06906614786	1.34763009512e-14
8.08365758755	1.11492834301e-14
8.09824902724	9.21922361046e-15
8.11284046693	7.6192652015e-15
8.12743190662	6.29366164636e-15
8.1420233463	5.19595584654e-15
8.15661478599	4.28745409311e-15
8.17120622568	3.5359464755e-15
8.18579766537	2.91463562732e-15
8.20038910506	2.40123931051e-15
8.21498054475	1.97724010004e-15
8.22957198444	1.62725778601e-15
8.24416342413	1.33852502123e-15
8.25875486381	1.10044920757e-15
8.2733463035	9.0424701006e-16
8.28793774319	7.42639278895e-16
8.30252918288	6.09596858981e-16
8.31712062257	5.00128580447e-16
8.33171206226	4.10104914416e-16
8.34630350195	3.36111060547e-16
8.36089494164	2.75324814517e-16
8.37548638132	2.25414992594e-16
8.39007782101	1.84457077383e-16
8.4046692607	1.50863117366e-16
8.41926070039	1.23323633689e-16
8.43385214008	1.00759308996e-16
8.44844357977	8.22810611125e-17
8.46303501946	6.71568902297e-17
8.47762645915	5.47844695113e-17
8.49221789883	4.4668426123e-17
8.50680933852	3.64015914736e-17
8.52140077821	2.96494558396e-17
8.5359922179	2.41373734518e-17
8.55058365759	1.96399489706e-17
8.56517509728	1.5972319045e-17
8.57976653697	1.29829374184e-17
8.59435797666	1.05476466406e-17
8.60894941634	8.56477257023e-18
8.62354085603	6.95110653504e-18
8.63813229572	5.6385831688e-18
8.65272373541	4.57156004036e-18
8.6673151751	3.70456516815e-18
8.68190661479	3.00046671185e-18
8.69649805448	2.42895328606e-18
8.71108949416	1.96529857648e-18
8.72568093385	1.58934037726e-18
8.74027237354	1.28464919563e-18
8.75486381323	1.03784214693e-18
8.76945525292	8.3802709521e-19
8.78404669261	6.7633934098e-19
8.7986381323	5.45571295555e-19
8.81322957199	4.3986414217e-19
8.82782101167	3.54459026752e-19
8.84241245136	2.85491782068e-19
8.85700389105	2.29827423702e-19
8.87159533074	1.84922572936e-19
8.88618677043	1.48716718539e-19
8.90077821012	1.19539408532e-19
8.91536964981	9.60383895223e-20
8.9299610895	7.71188019013e-20
8.94455252918	6.18953708444e-20
8.95914396887	4.96521024241e-20
8.97373540856	3.98106847884e-20
8.98832684825	3.19038044327e-20
9.00291828794	2.55546408979e-20
9.01750972763	2.04587969797e-20
9.03210116732	1.63710282579e-20
9.04669260701	1.309346424e-20
9.06128404669	1.04668825193e-20
9.07587548638	8.3629881578e-21
9.09046692607	6.67866613896e-21
9.10505836576	5.3308450054e-21
9.11964980545	4.252966556e-21
9.13424124514	3.39135952629e-21
9.14883268483	2.70300157323e-21
9.16342412452	2.15329439578e-21
9.1780155642	1.71454930153e-21
9.19260700389	1.3645136905e-21
9.20719844358	1.08541128215e-21
9.22178988327	8.62952257926e-22
9.23638132296	6.85762446365e-22
9.25097276265	5.4468968005e-22
9.26556420234	4.32444109206e-22
9.28015564202	3.43159854812e-22
9.29474708171	2.72182509112e-22
9.3093385214	2.15779187689e-22
9.32392996109	1.7098249272e-22
9.33852140078	1.35409952542e-22
9.35311284047	1.071962191e-22
9.36770428016	8.48219456253e-23
9.38229571985	6.70921987913e-23
9.39688715953	5.30416232907e-23
9.41147859922	4.19148873881e-23
9.42607003891	3.31051062926e-23
9.4406614786	2.61361551279e-23
9.45525291829	2.06208170364e-23
9.46984435798	1.62644603061e-23
9.48443579767	1.28238188454e-23
9.49902723736	1.01085479952e-23
9.51361867704	7.96398192716e-24
9.52821011673	6.27300442451e-24
9.54280155642	4.93807679362e-24
9.55739299611	3.88599579735e-24
9.5719844358	3.05540007583e-24
9.58657587549	2.40209780505e-24
9.60116731518	1.88781067619e-24
9.61575875487	1.48404507659e-24
9.63035019455	1.16612222253e-24
9.64494163424	9.16113872576e-25
9.65953307393	7.19145231866e-25
9.67412451362	5.64423338435e-25
9.68871595331	4.42203475306e-25
9.703307393	3.46715641105e-25
9.71789883269	2.71832247298e-25
9.73249027237	2.13379240478e-25
9.74708171206	1.67467268807e-25
9.76167315175	1.31388656793e-25
9.77626459144	1.02862448467e-25
9.79085603113	8.05536382498e-26
9.80544747082	6.2886669377e-26
9.82003891051	4.92675397371e-26
9.8346303502	3.86501165078e-26
9.84922178988	3.04713311449e-26
9.86381322957	2.4008217952e-26
9.87840466926	1.89638581403e-26
9.89299610895	1.49838487685e-26
9.90758754864	1.18544570502e-26
9.92217898833	9.34939845662e-27
9.93677042802	7.42675123432e-27
9.95136186771	5.90298413587e-27
9.96595330739	4.75131371841e-27
9.98054474708	3.82436170558e-27
9.99513618677	3.09216478816e-27
10.0097276265	2.51271187414e-27
10.0243190661	2.06600637332e-27
10.0389105058	1.70697969077e-27
10.0535019455	1.44422444397e-27
10.0680933852	1.24908309248e-27
10.0826848249	1.1091272863e-27
10.0972762646	1.00300034647e-27
10.1118677043	9.09523996377e-28
10.126459144	8.40370045199e-28
10.1410505837	8.00480297406e-28
10.1556420233	7.88024358083e-28
10.170233463	7.7047940606e-28
10.1848249027	7.66808933473e-28
10.1994163424	7.5542824205e-28
10.2140077821	7.50405754744e-28
10.2285992218	7.46256453942e-28
10.2431906615	7.56554861436e-28
10.2577821012	7.72081467322e-28
10.2723735409	8.17324013028e-28
10.2869649805	8.3538897917e-28
10.3015564202	8.57862441779e-28
10.3161478599	8.65044797107e-28
10.3307392996	8.76840690532e-28
10.3453307393	8.74521594521e-28
10.359922179	8.88092141891e-28
10.3745136187	9.08130822189e-28
10.3891050584	9.63201595826e-28
10.4036964981	9.89707388036e-28
10.4182879377	1.01285033304e-27
10.4328793774	1.02003054188e-27
10.4474708171	1.03869511617e-27
10.4620622568	1.04075655107e-27
10.4766536965	1.05801938945e-27
10.4912451362	1.08001626957e-27
10.5058365759	1.14708853121e-27
10.5204280156	1.1692308116e-27
10.5350194553	1.18592046143e-27
10.5496108949	1.1821163205e-27
10.5642023346	1.18705587306e-27
10.5787937743	1.17645394623e-27
10.593385214	1.17981102203e-27
10.6079766537	1.18796944523e-27
10.6225680934	1.23726622843e-27
10.6371595331	1.23732223692e-27
10.6517509728	1.23895025708e-27
10.6663424125	1.2218429656e-27
10.6809338521	1.21384159292e-27
10.6955252918	1.19786139563e-27
10.7101167315	1.20354036877e-27
10.7247081712	1.20512817437e-27
10.7392996109	1.24336164344e-27
10.7538910506	1.244345799e-27
10.7684824903	1.25184889049e-27
10.78307393	1.24475251062e-27
10.7976653697	1.25772442397e-27
10.8122568093	1.24271919329e-27
10.826848249	1.23652882735e-27
10.8414396887	1.2389405587e-27
10.8560311284	1.28416474177e-27
10.8706225681	1.28511231888e-27
10.8852140078	1.28262761086e-27
10.8998054475	1.26033930922e-27
10.9143968872	1.25954348254e-27
10.9289883268	1.2389548631e-27
10.9435797665	1.22804217279e-27
10.9581712062	1.21638100306e-27
10.9727626459	1.25574499264e-27
10.9873540856	1.25319417551e-27
11.0019455253	1.2439810374e-27
11.016536965	1.23203546494e-27
11.0311284047	1.23127163698e-27
11.0457198444	1.23782020095e-27
11.060311284	1.27149268441e-27
11.0749027237	1.30916751223e-27
11.0894941634	1.40452857452e-27
11.1040856031	1.50143076925e-27
11.1186770428	1.64714649698e-27
11.1332684825	1.83560835542e-27
11.1478599222	2.12621278016e-27
11.1624513619	2.51963763602e-27
11.1770428016	3.09198292198e-27
11.1916342412	3.8790777192e-27
11.2062256809	5.00724134217e-27
11.2208171206	6.41979475225e-27
11.2354085603	8.50136183494e-27
11.25	1.04317727032e-26
11.2645914397	8.48307269078e-27
11.2791828794	6.33804866522e-27
11.2937743191	4.84742382739e-27
11.3083657588	3.68319858658e-27
11.3229571984	2.82515753975e-27
11.3375486381	2.17333843744e-27
11.3521400778	1.69279532192e-27
11.3667315175	1.3238098021e-27
11.3813229572	1.05037793814e-27
11.3959143969	8.50472427988e-28
11.4105058366	7.05234276496e-28
11.4250972763	5.96030220309e-28
11.439688716	5.17389415542e-28
11.4542801556	4.54352051105e-28
11.4688715953	4.07418536822e-28
11.483463035	3.76885593283e-28
11.4980544747	3.52765615642e-28
11.5126459144	3.40567077912e-28
11.5272373541	3.27107522813e-28
11.5418287938	3.18731697908e-28
11.5564202335	3.137996476e-28
11.5710116732	3.0992305658e-28
11.5856031128	3.07506970809e-28
11.6001945525	3.11977728392e-28
11.6147859922	3.15483762521e-28
11.6293774319	3.21125599233e-28
11.6439688716	3.24490507137e-28
11.6585603113	3.2681105899e-28
11.673151751	3.20052524175e-28
11.6877431907	3.22856264742e-28
11.7023346304	3.25417719359e-28
11.71692607	3.29785832732e-28
11.7315175097	3.36399001627e-28
11.7461089494	3.49175657652e-28
11.7607003891	3.66778318423e-28
11.7752918288	3.89897517823e-28
11.7898832685	4.05050263029e-28
11.8044747082	4.23975142788e-28
11.8190661479	4.45890113275e-28
11.8336575876	4.67102704281e-28
11.8482490272	4.84754143165e-28
11.8628404669	5.10568549329e-28
11.8774319066	5.37104305593e-28
11.8920233463	5.58659956436e-28
11.906614786	5.74433019456e-28
11.9212062257	5.85087404562e-28
11.9357976654	5.88468257304e-28
11.9503891051	5.9735900525e-28
11.9649805447	5.9759046877e-28
11.9795719844	5.96589377497e-28
11.9941634241	5.92028714176e-28
12.0087548638	5.86046434347e-28
12.0233463035	5.74386392611e-28
12.0379377432	5.72813576855e-28
12.0525291829	5.70357485136e-28
12.0671206226	5.63357911348e-28
12.0817120623	5.55362687238e-28
12.0963035019	5.52475137873e-28
12.1108949416	5.54159807037e-28
12.1254863813	5.66296528984e-28
12.140077821	5.80792972724e-28
12.1546692607	5.9305534093e-28
12.1692607004	6.02167230932e-28
12.1838521401	6.06309050508e-28
12.1984435798	6.04230403459e-28
12.2130350195	6.04188657717e-28
12.2276264591	6.0450408379e-28
12.2422178988	6.08441897861e-28
12.2568093385	6.17274916512e-28
12.2714007782	6.27713820851e-28
12.2859922179	6.36834808659e-28
12.3005836576	6.4656126241e-28
12.3151750973	6.47889836048e-28
12.329766537	6.47874560977e-28
12.3443579767	6.49195309721e-28
12.3589494163	6.47997144841e-28
12.373540856	6.53741103448e-28
12.3881322957	6.63628056132e-28
12.4027237354	6.68845685158e-28
12.4173151751	6.62083591395e-28
12.4319066148	6.53849796793e-28
12.4464980545	6.48498823452e-28
12.4610894942	6.47524203719e-28
12.4756809339	6.5290166386e-28
12.4902723735	6.67350955159e-28
12.5048638132	6.77105641921e-28
12.5194552529	6.88683196922e-28
12.5340466926	6.88905490034e-28
12.5486381323	6.82839178345e-28
12.563229572	6.7660619797e-28
12.5778210117	6.70024056546e-28
12.5924124514	6.65954246241e-28
12.6070038911	6.71364610742e-28
12.6215953307	6.62729214656e-28
12.6361867704	6.54192409345e-28
12.6507782101	6.36810080461e-28
12.6653696498	6.24930643551e-28
12.6799610895	6.19030036602e-28
12.6945525292	6.22029972231e-28
12.7091439689	6.34058006423e-28
12.7237354086	6.68265390556e-28
12.7383268483	6.87233691051e-28
12.7529182879	6.91325942951e-28
12.7675097276	6.8125414417e-28
12.7821011673	6.77674638883e-28
12.796692607	6.70424487915e-28
12.8112840467	6.75218332935e-28
12.8258754864	6.88866818894e-28
12.8404669261	7.18609422751e-28
12.8550583658	7.25250195929e-28
12.8696498054	7.29072779577e-28
12.8842412451	7.2003993798e-28
12.8988326848	7.08917970378e-28
12.9134241245	7.01297384025e-28
12.9280155642	7.01245216026e-28
12.9426070039	7.04139315082e-28
12.9571984436	7.21401963225e-28
12.9717898833	7.23009779733e-28
12.986381323	7.22516574446e-28
13.0009727626	7.11141957139e-28
13.0155642023	7.01561811063e-28
13.030155642	6.90233113977e-28
13.0447470817	6.88529487411e-28
13.0593385214	6.94936128216e-28
13.0739299611	7.29615598925e-28
13.0885214008	7.43287189603e-28
13.1031128405	7.4511112142e-28
13.1177042802	7.3563861875e-28
13.1322957198	7.28839805164e-28
13.1468871595	7.196688468e-28
13.1614785992	7.25257232996e-28
13.1760700389	7.43406896598e-28
13.1906614786	7.81539708011e-28
13.2052529183	7.88241351577e-28
13.219844358	7.98008958287e-28
13.2344357977	7.89436915944e-28
13.2490272374	7.80899772204e-28
13.263618677	7.78412488964e-28
13.2782101167	7.82658113021e-28
13.2928015564	7.85167126751e-28
13.3073929961	8.1643189745e-28
13.3219844358	8.28816191749e-28
13.3365758755	8.35943425988e-28
13.3511673152	8.21856102609e-28
13.3657587549	8.09730104631e-28
13.3803501946	7.92715441981e-28
13.3949416342	7.86897315355e-28
13.4095330739	7.94805883039e-28
13.4241245136	8.30802313648e-28
13.4387159533	8.37996604449e-28
13.453307393	8.4638063639e-28
13.4678988327	8.4062778713e-28
13.4824902724	8.37596431562e-28
13.4970817121	8.247546494e-28
13.5116731518	8.301121291e-28
13.5262645914	8.44586017415e-28
13.5408560311	8.853417649e-28
13.5554474708	9.03317899527e-28
13.5700389105	9.18946660896e-28
13.5846303502	9.11015192766e-28
13.5992217899	9.04120010921e-28
13.6138132296	8.9935191275e-28
13.6284046693	9.08906382663e-28
13.642996109	9.15630353761e-28
13.6575875486	9.63499134294e-28
13.6721789883	9.80572536342e-28
13.686770428	9.86291246013e-28
13.7013618677	9.81833920694e-28
13.7159533074	9.88678935588e-28
13.7305447471	9.85564567421e-28
13.7451361868	9.88272860539e-28
13.7597276265	9.98180734302e-28
13.7743190661	1.03986319029e-27
13.7889105058	1.04286844736e-27
13.8035019455	1.04982391863e-27
13.8180933852	1.03390028685e-27
13.8326848249	1.02645843401e-27
13.8472762646	1.02286969894e-27
13.8618677043	1.03833217943e-27
13.876459144	1.04974192515e-27
13.8910505837	1.08927751446e-27
13.9056420233	1.10011371471e-27
13.920233463	1.11084564696e-27
13.9348249027	1.0983015959e-27
13.9494163424	1.10050458864e-27
13.9640077821	1.10040109484e-27
13.9785992218	1.11309190212e-27
13.9931906615	1.12261835989e-27
14.0077821012	1.17238099077e-27
14.0223735409	1.182221158e-27
14.0369649805	1.18078066165e-27
14.0515564202	1.16684143793e-27
14.0661478599	1.16510571828e-27
14.0807392996	1.14862800809e-27
14.0953307393	1.15653169285e-27
14.109922179	1.17222268553e-27
14.1245136187	1.225067846e-27
14.1391050584	1.22962027914e-27
14.1536964981	1.23453429458e-27
14.1682879377	1.21626063346e-27
14.1828793774	1.20671960916e-27
14.1974708171	1.19274281781e-27
14.2120622568	1.19461927902e-27
14.2266536965	1.19552908737e-27
14.2412451362	1.24580353283e-27
14.2558365759	1.26199308874e-27
14.2704280156	1.27212048934e-27
14.2850194553	1.2510493082e-27
14.2996108949	1.24661751184e-27
14.3142023346	1.23358920627e-27
14.3287937743	1.23593942834e-27
14.343385214	1.24155817489e-27
14.3579766537	1.29258965493e-27
14.3725680934	1.29645102032e-27
14.3871595331	1.28649581211e-27
14.4017509728	1.26214409449e-27
14.4163424125	1.25302708908e-27
14.4309338521	1.22595248691e-27
14.4455252918	1.22355389473e-27
14.4601167315	1.22223358692e-27
14.4747081712	1.25724816522e-27
14.4892996109	1.25823412423e-27
14.5038910506	1.26272588025e-27
14.5184824903	1.24523078738e-27
14.53307393	1.24062830582e-27
14.5476653697	1.23272316303e-27
14.5622568093	1.23470684839e-27
14.576848249	1.2275710929e-27
14.5914396887	1.26737066789e-27
14.6060311284	1.26771626231e-27
14.6206225681	1.26486318648e-27
14.6352140078	1.23259074675e-27
14.6498054475	1.2157006821e-27
14.6643968872	1.19443749562e-27
14.6789883268	1.18287538123e-27
14.6935797665	1.16621404277e-27
14.7081712062	1.18636894758e-27
14.7227626459	1.16828383434e-27
14.7373540856	1.15192680536e-27
14.7519455253	1.11318131949e-27
14.766536965	1.09109853155e-27
14.7811284047	1.04832954527e-27
14.7957198444	1.02622652148e-27
14.810311284	9.97342065624e-28
14.8249027237	9.83895641374e-28
14.8394941634	9.3418091099e-28
14.8540856031	8.80851166451e-28
14.8686770428	8.11434348745e-28
14.8832684825	7.6269648581e-28
14.8978599222	7.23519086609e-28
14.9124513619	7.16071928127e-28
14.9270428016	7.4699125594e-28
14.9416342412	8.74044352617e-28
14.9562256809	1.10032484851e-27
14.9708171206	1.48545778979e-27
14.9854085603	2.21843047229e-27
15.0	3.01696327473e-27
