-14.9854085603	2.19214175555e-27
-14.9708171206	1.31388938067e-27
-14.9562256809	8.01376506688e-28
-14.9416342412	4.78710165478e-28
-14.9270428016	2.8438883781e-28
-14.9124513619	1.74963390706e-28
-14.8978599222	1.20297531744e-28
-14.8832684825	9.43393446862e-29
-14.8686770428	9.16987601667e-29
-14.8540856031	9.51760574354e-29
-14.8394941634	1.05139176825e-28
-14.8249027237	1.05981791366e-28
-14.810311284	1.19192787149e-28
-14.7957198444	1.2998936049e-28
-14.7811284047	1.46885100032e-28
-14.766536965	1.58347334031e-28
-14.7519455253	1.70881060036e-28
-14.7373540856	1.787268996e-28
-14.7227626459	1.84006965233e-28
-14.7081712062	1.70375252782e-28
-14.6935797665	1.75076900089e-28
-14.6789883268	1.80304584823e-28
-14.6643968872	1.89880830403e-28
-14.6498054475	1.95625990948e-28
-14.6352140078	2.07680302207e-28
-14.6206225681	2.08435187207e-28
-14.6060311284	2.08738158342e-28
-14.5914396887	1.92456217272e-28
-14.576848249	1.91683150031e-28
-14.5622568093	1.92592312175e-28
-14.5476653696	2.00935524002e-28
-14.53307393	2.02571713124e-28
-14.5184824903	2.09918777296e-28
-14.5038910506	2.1065106753e-28
-14.4892996109	2.11444208411e-28
-14.4747081712	1.9480640737e-28
-14.4601167315	1.94678339637e-28
-14.4455252918	1.94672890492e-28
-14.4309338521	2.03521670006e-28
-14.4163424125	2.05548451017e-28
-14.4017509728	2.129535665e-28
-14.3871595331	2.11589776932e-28
-14.3725680934	2.10570847483e-28
-14.3579766537	1.90945467617e-28
-14.343385214	1.87856194397e-28
-14.3287937743	1.85955068657e-28
-14.3142023346	1.92563717561e-28
-14.2996108949	1.95097216834e-28
-14.2850194553	2.03165283433e-28
-14.2704280156	2.0242832109e-28
-14.2558365759	2.01118332132e-28
-14.2412451362	1.83189258244e-28
-14.2266536965	1.81487097624e-28
-14.2120622568	1.79152764827e-28
-14.1974708171	1.85413925659e-28
-14.1828793774	1.86437530246e-28
-14.1682879377	1.92428731373e-28
-14.1536964981	1.91026817828e-28
-14.1391050584	1.88799604463e-28
-14.1245136187	1.70868401172e-28
-14.109922179	1.68550470964e-28
-14.0953307393	1.66558743587e-28
-14.0807392996	1.72093830237e-28
-14.0661478599	1.73893193691e-28
-14.0515564202	1.79361455483e-28
-14.0369649805	1.77776722883e-28
-14.0223735409	1.74981928943e-28
-14.0077821012	1.55577558381e-28
-13.9931906615	1.50876055443e-28
-13.9785992218	1.47435940935e-28
-13.9640077821	1.518053443e-28
-13.9494163424	1.51766783653e-28
-13.9348249027	1.5634667572e-28
-13.920233463	1.55021755884e-28
-13.9056420233	1.51788895573e-28
-13.8910505837	1.35709348303e-28
-13.876459144	1.32744239442e-28
-13.8618677043	1.31840139869e-28
-13.8472762646	1.37437684279e-28
-13.8326848249	1.38752012519e-28
-13.8180933852	1.44395442618e-28
-13.8035019455	1.46547919274e-28
-13.7889105058	1.44562549503e-28
-13.7743190661	1.33155765576e-28
-13.7597276265	1.32070249117e-28
-13.7451361868	1.32443569961e-28
-13.7305447471	1.38045206622e-28
-13.7159533074	1.40594707851e-28
-13.7013618677	1.4513002287e-28
-13.686770428	1.45596946213e-28
-13.6721789883	1.41674305457e-28
-13.6575875486	1.27967452956e-28
-13.6429961089	1.21609756743e-28
-13.6284046693	1.17025999564e-28
-13.6138132296	1.17083512239e-28
-13.5992217899	1.15911095265e-28
-13.5846303502	1.17270149546e-28
-13.5700389105	1.15367937909e-28
-13.5554474708	1.10145193931e-28
-13.5408560311	9.6518177704e-29
-13.5262645914	9.11747495664e-29
-13.5116731518	8.85927327344e-29
-13.4970817121	9.04747444398e-29
-13.4824902724	9.09897713565e-29
-13.4678988327	9.43924174244e-29
-13.453307393	9.51940134185e-29
-13.4387159533	9.26169365909e-29
-13.4241245136	8.4994265144e-29
-13.4095330739	8.26159152704e-29
-13.3949416342	8.1583522614e-29
-13.3803501946	8.40691586847e-29
-13.3657587549	8.55397491109e-29
-13.3511673152	8.85542511605e-29
-13.3365758755	9.06445521304e-29
-13.3219844358	8.9932661604e-29
-13.3073929961	8.57971005187e-29
-13.2928015564	8.51663035966e-29
-13.2782101167	8.61535868237e-29
-13.263618677	8.9300661302e-29
-13.2490272374	9.04281544648e-29
-13.2344357977	9.44749363449e-29
-13.219844358	9.69481534398e-29
-13.2052529183	9.75435969982e-29
-13.1906614786	9.95524541698e-29
-13.1760700389	1.02069736809e-28
-13.1614785992	1.05065182402e-28
-13.1468871595	1.08361520624e-28
-13.1322957198	1.10491758612e-28
-13.1177042802	1.12244835215e-28
-13.1031128405	1.1408854083e-28
-13.0885214008	1.10367751425e-28
-13.0739299611	1.06738448266e-28
-13.0593385214	1.04110254358e-28
-13.0447470817	1.03813083744e-28
-13.030155642	1.04091825323e-28
-13.0155642023	1.06763480081e-28
-13.0009727626	1.07861830179e-28
-12.986381323	1.1024559316e-28
-12.9717898833	1.09969101501e-28
-12.9571984436	1.12851287226e-28
-12.9426070039	1.1428403673e-28
-12.9280155642	1.18770170657e-28
-12.9134241245	1.21125634036e-28
-12.8988326848	1.24697296496e-28
-12.8842412451	1.28789045515e-28
-12.8696498054	1.36460873808e-28
-12.8550583658	1.43448895713e-28
-12.8404669261	1.5810053173e-28
-12.8258754864	1.66588428374e-28
-12.8112840467	1.74528910569e-28
-12.796692607	1.78877386858e-28
-12.7821011673	1.84256071394e-28
-12.7675097276	1.8351739069e-28
-12.7529182879	1.87255106415e-28
-12.7383268482	1.86566321316e-28
-12.7237354086	1.90548615809e-28
-12.7091439689	1.89356853578e-28
-12.6945525292	1.92283565526e-28
-12.6799610895	1.92123052176e-28
-12.6653696498	1.94579433526e-28
-12.6507782101	1.94642523637e-28
-12.6361867704	2.02475398746e-28
-12.6215953307	2.0763894585e-28
-12.6070038911	2.22202037907e-28
-12.5924124514	2.27131641979e-28
-12.5778210117	2.34154270771e-28
-12.563229572	2.34008472619e-28
-12.5486381323	2.36180528262e-28
-12.5340466926	2.38428109486e-28
-12.5194552529	2.49096370949e-28
-12.5048638132	2.58939381716e-28
-12.4902723735	2.85373355937e-28
-12.4756809339	3.00560107148e-28
-12.4610894942	3.14706283372e-28
-12.4464980545	3.19543174439e-28
-12.4319066148	3.24027874362e-28
-12.4173151751	3.26319355448e-28
-12.4027237354	3.35452897993e-28
-12.3881322957	3.3843018101e-28
-12.373540856	3.5839049443e-28
-12.3589494163	3.65561538179e-28
-12.3443579767	3.73756786352e-28
-12.329766537	3.72799581831e-28
-12.3151750973	3.77649017828e-28
-12.3005836576	3.78260867673e-28
-12.2859922179	3.88153009689e-28
-12.2714007782	3.98464205133e-28
-12.2568093385	4.32424047232e-28
-12.2422178988	4.46982717167e-28
-12.2276264591	4.61091377814e-28
-12.2130350195	4.6198400713e-28
-12.1984435798	4.67244932278e-28
-12.1838521401	4.66218369075e-28
-12.1692607004	4.74014353998e-28
-12.1546692607	4.79185091257e-28
-12.140077821	5.12868116025e-28
-12.1254863813	5.1675109913e-28
-12.1108949416	5.20538312946e-28
-12.0963035019	5.107831236e-28
-12.0817120623	5.072940176e-28
-12.0671206226	5.03335809066e-28
-12.0525291829	5.17683211129e-28
-12.0379377432	5.26680252985e-28
-12.0233463035	5.6189381197e-28
-12.0087548638	5.73719091993e-28
-11.9941634241	5.88349974362e-28
-11.9795719844	5.9040231885e-28
-11.9649805447	6.0014433662e-28
-11.9503891051	6.00400313494e-28
-11.9357976654	6.15988770463e-28
-11.9212062257	6.36718018988e-28
-11.906614786	6.90049954834e-28
-11.8920233463	7.13193153047e-28
-11.8774319066	7.29648714817e-28
-11.8628404669	7.19461957614e-28
-11.8482490272	7.13753989721e-28
-11.8336575875	7.01942744017e-28
-11.8190661479	7.081881124e-28
-11.8044747082	7.13730245446e-28
-11.7898832685	7.49032925057e-28
-11.7752918288	7.49018729396e-28
-11.7607003891	7.39731715589e-28
-11.7461089494	7.19679645453e-28
-11.7315175097	7.12959396541e-28
-11.71692607	7.02104124526e-28
-11.7023346304	7.08762255214e-28
-11.6877431907	7.07783879198e-28
-11.673151751	7.37913032863e-28
-11.6585603113	7.39559610105e-28
-11.6439688716	7.34998638945e-28
-11.6293774319	7.13553529512e-28
-11.6147859922	7.02176729774e-28
-11.6001945525	6.86751037469e-28
-11.5856031128	6.92965412126e-28
-11.5710116732	7.02134672766e-28
-11.5564202335	7.46142394346e-28
-11.5418287938	7.43585145841e-28
-11.5272373541	7.43363136899e-28
-11.5126459144	7.26947115448e-28
-11.4980544747	7.0988656365e-28
-11.483463035	6.94641157505e-28
-11.4688715953	6.99764805667e-28
-11.4542801556	7.11769617399e-28
-11.439688716	7.58714201482e-28
-11.4250972763	7.73295867941e-28
-11.4105058366	7.95945014295e-28
-11.3959143969	8.32480257394e-28
-11.3813229572	9.12461487821e-28
-11.3667315175	1.03481259834e-27
-11.3521400778	1.23702114308e-27
-11.3375486381	1.52457007028e-27
-11.3229571984	1.96090849855e-27
-11.3083657588	2.53410348958e-27
-11.2937743191	3.35564939134e-27
-11.2791828794	4.46358326104e-27
-11.2645914397	6.16720428322e-27
-11.25	7.73293785595e-27
-11.2354085603	6.01912408447e-27
-11.2208171206	4.22324854509e-27
-11.2062256809	3.03334144156e-27
-11.1916342412	2.13311127536e-27
-11.1770428016	1.49608740334e-27
-11.1624513619	1.03755594853e-27
-11.1478599222	7.16627737113e-28
-11.1332684825	4.88357132298e-28
-11.1186770428	3.31708316919e-28
-11.1040856031	2.28118297754e-28
-11.0894941634	1.5702239097e-28
-11.0749027237	1.23337942995e-28
-11.060311284	1.09857211735e-28
-11.0457198444	1.13277552169e-28
-11.0311284047	1.23312384161e-28
-11.016536965	1.42522403243e-28
-11.0019455253	1.56044868238e-28
-10.9873540856	1.74843483379e-28
-10.9727626459	1.76996073527e-28
-10.9581712062	1.95001756088e-28
-10.9435797665	2.16722064822e-28
-10.9289883268	2.47701430977e-28
-10.9143968872	2.70705213424e-28
-10.8998054475	2.9690653971e-28
-10.8852140078	3.12748765032e-28
-10.8706225681	3.20091324252e-28
-10.8560311284	3.01777075619e-28
-10.8414396887	3.08369085193e-28
-10.826848249	3.14780457835e-28
-10.8122568093	3.33288866615e-28
-10.7976653696	3.46070515836e-28
-10.78307393	3.61808334744e-28
-10.7684824903	3.67647187292e-28
-10.7538910506	3.71073538733e-28
-10.7392996109	3.51273465001e-28
-10.7247081712	3.5367532177e-28
-10.7101167315	3.58139470372e-28
-10.6955252918	3.72113915888e-28
-10.6809338521	3.81000701521e-28
-10.6663424125	3.93409887946e-28
-10.6517509728	3.9315796904e-28
-10.6371595331	3.89439773555e-28
-10.6225680934	3.59722391976e-28
-10.6079766537	3.5506880151e-28
-10.593385214	3.53772798015e-28
-10.5787937743	3.66180486384e-28
-10.5642023346	3.74217559078e-28
-10.5496108949	3.88916759299e-28
-10.5350194553	3.93350310339e-28
-10.5204280156	3.96167995509e-28
-10.5058365759	3.75962285294e-28
-10.4912451362	3.79703406695e-28
-10.4766536965	3.83676930709e-28
-10.4620622568	3.96546063298e-28
-10.4474708171	4.01867755208e-28
-10.4328793774	4.10716391636e-28
-10.4182879377	4.05531447966e-28
-10.4036964981	3.93451988908e-28
-10.3891050584	3.54568168143e-28
-10.3745136187	3.41201727255e-28
-10.359922179	3.33061765751e-28
-10.3453307393	3.37835835442e-28
-10.3307392996	3.3808254058e-28
-10.3161478599	3.44107479913e-28
-10.3015564202	3.3800755543e-28
-10.2869649805	3.2902881744e-28
-10.2723735409	2.97906309213e-28
-10.2577821012	2.86176495861e-28
-10.2431906615	2.80609956491e-28
-10.2285992218	2.86205765583e-28
-10.2140077821	2.87642848833e-28
-10.1994163424	2.93797080063e-28
-10.1848249027	2.90702599604e-28
-10.170233463	2.84441211932e-28
-10.1556420233	2.62043359587e-28
-10.1410505837	2.58327772189e-28
-10.126459144	2.58275174655e-28
-10.1118677043	2.7037679525e-28
-10.0972762646	2.79638402037e-28
-10.0826848249	2.89271165797e-28
-10.0680933852	2.94513355593e-28
-10.0535019455	3.02099271135e-28
-10.0389105058	2.97945277631e-28
-10.0243190661	3.14323644037e-28
-10.0097276265	3.42405111852e-28
-9.99513618677	3.92147638429e-28
-9.98054474708	4.57649646819e-28
-9.96595330739	5.39262848613e-28
-9.9513618677	6.46389918046e-28
-9.93677042802	8.04072634556e-28
-9.92217898833	1.01413599444e-27
-9.90758754864	1.27610996712e-27
-9.89299610895	1.61462973248e-27
-9.87840466926	2.0404136329e-27
-9.86381322957	2.5869840142e-27
-9.84922178988	3.28458214701e-27
-9.83463035019	4.18576265549e-27
-9.82003891051	5.36631424885e-27
-9.80544747082	6.95628798748e-27
-9.79085603113	8.97371473281e-27
-9.77626459144	1.1569050558e-26
-9.76167315175	1.49034394526e-26
-9.74708171206	1.91536494866e-26
-9.73249027237	2.45304267031e-26
-9.71789883268	3.15161989796e-26
-9.703307393	4.0492807925e-26
-9.68871595331	5.21539076408e-26
-9.67412451362	6.6916791795e-26
-9.65953307393	8.57107244314e-26
-9.64494163424	1.09619389008e-25
-9.63035019455	1.40196943008e-25
-9.61575875486	1.79100493714e-25
-9.60116731517	2.28957117978e-25
-9.58657587549	2.92735888915e-25
-9.5719844358	3.7445183181e-25
-9.55739299611	4.7795817195e-25
-9.54280155642	6.0952756232e-25
-9.52821011673	7.76754559249e-25
-9.51361867704	9.89636098221e-25
-9.49902723735	1.26017533603e-24
-9.48443579767	1.60412373983e-24
-9.46984435798	2.04113559067e-24
-9.45525291829	2.59729878615e-24
-9.4406614786	3.3017247561e-24
-9.42607003891	4.19499435563e-24
-9.41147859922	5.32740030811e-24
-9.39688715953	6.76264786527e-24
-9.38229571984	8.57971258904e-24
-9.36770428016	1.08817358116e-23
-9.35311284047	1.37957723027e-23
-9.33852140078	1.74847583462e-23
-9.32392996109	2.21451605126e-23
-9.3093385214	2.8031759279e-23
-9.29474708171	3.54641783729e-23
-9.28015564202	4.48489033769e-23
-9.26556420233	5.66874119574e-23
-9.25097276265	7.16200981671e-23
-9.23638132296	9.04447927581e-23
-9.22178988327	1.14167825857e-22
-9.20719844358	1.44030662312e-22
-9.19260700389	1.81614953807e-22
-9.1780155642	2.28891631465e-22
-9.16342412451	2.88337929257e-22
-9.14883268482	3.63041484072e-22
-9.13424124514	4.56889467936e-22
-9.11964980545	5.74724682207e-22
-9.10505836576	7.22616381164e-22
-9.09046692607	9.08090657473e-22
-9.07587548638	1.14060141107e-21
-9.06128404669	1.43193011618e-21
-9.046692607	1.7968006434e-21
-9.03210116731	2.25352494623e-21
-9.01750972763	2.82498272811e-21
-9.00291828794	3.53962528399e-21
-8.98832684825	4.43290871221e-21
-8.97373540856	5.54879414158e-21
-8.95914396887	6.94213102778e-21
-8.94455252918	8.68102228818e-21
-8.92996108949	1.08501309289e-20
-8.91536964981	1.35544876543e-20
-8.90077821012	1.69245910804e-20
-8.88618677043	2.11221594251e-20
-8.87159533074	2.6347809449e-20
-8.85700389105	3.28497892054e-20
-8.84241245136	4.09359131492e-20
-8.82782101167	5.09870534995e-20
-8.81322957198	6.347449014e-20
-8.7986381323	7.89807998285e-20
-8.78404669261	9.82265135716e-20
-8.76945525292	1.22101020544e-19
-8.75486381323	1.51702795416e-19
-8.74027237354	1.88386458063e-19
-8.72568093385	2.33823738279e-19
-8.71108949416	2.9007475082e-19
-8.69649805447	3.59678148307e-19
-8.68190661479	4.45759189272e-19
-8.6673151751	5.52165375378e-19
-8.65272373541	6.83628471745e-19
-8.63813229572	8.45966540556e-19
-8.62354085603	1.04632712405e-18
-8.60894941634	1.29349126815e-18
-8.59435797665	1.59823551031e-18
-8.57976653696	1.97378287136e-18
-8.56517509728	2.43634625975e-18
-8.55058365759	3.00579748676e-18
-8.5359922179	3.7064759023e-18
-8.52140077821	4.56818184528e-18
-8.50680933852	5.62737359344e-18
-8.49221789883	6.92864520217e-18
-8.47762645914	8.52650227405e-18
-8.46303501945	1.0487535162e-17
-8.44844357977	1.28930506674e-17
-8.43385214008	1.58422780012e-17
-8.41926070039	1.94562440851e-17
-8.4046692607	2.38824968125e-17
-8.39007782101	2.93008011683e-17
-8.37548638132	3.59300838704e-17
-8.36089494163	4.40367992051e-17
-8.34630350195	5.39450908968e-17
-8.33171206226	6.60490503024e-17
-8.31712062257	8.08275816057e-17
-8.30252918288	9.88623038717e-17
-8.28793774319	1.20859238136e-16
-8.2733463035	1.47674914028e-16
-8.25875486381	1.80347956185e-16
-8.24416342412	2.20137060195e-16
-8.22957198444	2.68566836298e-16
-8.21498054475	3.27482958318e-16
-8.20038910506	3.99118604698e-16
-8.18579766537	4.86174296092e-16
-8.17120622568	5.91913992331e-16
-8.15661478599	7.20280395328e-16
-8.1420233463	8.76033667573e-16
-8.12743190661	1.06491766662e-15
-8.11284046693	1.29385949779e-15
-8.09824902724	1.57120868395e-15
-8.08365758755	1.90702381639e-15
-8.06906614786	2.31341560234e-15
-8.05447470817	2.80495770238e-15
-8.03988326848	3.39917776817e-15
-8.02529182879	4.11714498429e-15
-8.0107003891	4.98417144341e-15
-7.99610894942	6.03065001747e-15
-7.98151750973	7.29305386593e-15
-7.96692607004	8.81512890677e-15
-7.95233463035	1.06493147236e-14
-7.93774319066	1.28584376894e-14
-7.92315175097	1.55177262698e-14
-7.90856031128	1.87172099109e-14
-7.89396887159	2.25645704548e-14
-7.87937743191	2.71885322e-14
-7.86478599222	3.27428875919e-14
-7.85019455253	3.94112770559e-14
-7.83560311284	4.74128587712e-14
-7.82101167315	5.70090319898e-14
-7.80642023346	6.85114033929e-14
-7.79182879377	8.22912233019e-14
-7.77723735409	9.87905522149e-14
-7.7626459144	1.18535470556e-13
-7.74805447471	1.42151694389e-13
-7.73346303502	1.70383026888e-13
-7.71887159533	2.04113141589e-13
-7.70428015564	2.44391292029e-13
-7.68968871595	2.92462628413e-13
-7.67509727626	3.49803934929e-13
-7.66050583658	4.18165722074e-13
-7.64591439689	4.99621780387e-13
-7.6313229572	5.96627478258e-13
-7.61673151751	7.12088311722e-13
-7.60214007782	8.4944045222e-13
-7.58754863813	1.01274534138e-12
-7.57295719844	1.20680070713e-12
-7.55836575875	1.43727078481e-12
-7.54377431907	1.71083895439e-12
-7.52918287938	2.03538655542e-12
-7.51459143969	2.42020223915e-12
-7.5	2.87622689439e-12
-7.48540856031	3.41634002959e-12
-7.47081712062	4.05569462853e-12
-7.45622568093	4.81210788093e-12
-7.44163424124	5.70651741002e-12
-7.42704280156	6.76351339468e-12
-7.41245136187	8.01195882195e-12
-7.39785992218	9.48571203664e-12
-7.38326848249	1.1224467924e-11
-7.3686770428	1.32747365725e-11
-7.35408560311	1.56909811888e-11
-7.33949416342	1.85369402935e-11
-7.32490272373	2.18871631307e-11
-7.31031128405	2.58287914338e-11
-7.29571984436	3.04636258422e-11
-7.28112840467	3.59105208166e-11
-7.26653696498	4.23081585617e-11
-7.25194552529	4.98182597717e-11
-7.2373540856	5.8629297634e-11
-7.22276264591	6.89607911061e-11
-7.20817120623	8.10682646905e-11
-7.19357976654	9.5248974218e-11
-7.17898832685	1.11848512773e-10
-7.16439688716	1.31268426893e-10
-7.14980544747	1.53974991807e-10
-7.13521400778	1.80509315283e-10
-7.12062256809	2.11498963584e-10
-7.1060311284	2.47671329681e-10
-7.09143968872	2.89868994794e-10
-7.07684824903	3.3906736817e-10
-7.06225680934	3.96394929587e-10
-7.04766536965	4.63156442583e-10
-7.03307392996	5.4085955645e-10
-7.01848249027	6.31245270489e-10
-7.00389105058	7.36322797644e-10
-6.98929961089	8.58409434878e-10
-6.97470817121	1.00017612821e-09
-6.96011673152	1.1646995089e-09
-6.94552529183	1.35552127877e-09
-6.93093385214	1.57671593465e-09
-6.91634241245	1.83296794885e-09
-6.90175097276	2.12965966324e-09
-6.88715953307	2.4729713134e-09
-6.87256809338	2.86999477484e-09
-6.8579766537	3.32886282214e-09
-6.84338521401	3.85889590921e-09
-6.82879377432	4.47076872611e-09
-6.81420233463	5.17669905867e-09
-6.79961089494	5.99066178138e-09
-6.78501945525	6.92863114896e-09
-6.77042801556	8.00885492733e-09
-6.75583657588	9.25216431596e-09
-6.74124513619	1.06823240753e-08
-6.7266536965	1.2326427775e-08
-6.71206225681	1.4215343643e-08
-6.69747081712	1.63842171106e-08
-6.68287937743	1.88730368316e-08
-6.66828793774	2.17272717012e-08
-6.65369649805	2.49985872296e-08
-6.63910505837	2.87456505256e-08
-6.62451361868	3.30350341493e-08
-6.60992217899	3.79422301712e-08
-6.5953307393	4.35527869797e-08
-6.58073929961	4.99635826769e-08
-6.56614785992	5.72842503304e-08
-6.55155642023	6.56387719004e-08
-6.53696498054	7.51672593561e-08
-6.52237354086	8.60279433306e-08
-6.50778210117	9.83993916714e-08
-6.49319066148	1.12482982397e-07
-6.47859922179	1.28505657931e-07
-6.4640077821	1.46722990011e-07
-6.44941634241	1.6742258742e-07
-6.43482490272	1.90927881634e-07
-6.42023346303	2.17602328655e-07
-6.40564202335	2.4785406872e-07
-6.39105058366	2.82141089239e-07
-6.37645914397	3.20976940216e-07
-6.36186770428	3.64937055624e-07
-6.34727626459	4.14665738634e-07
-6.3326848249	4.70883873391e-07
-6.31809338521	5.3439743104e-07
-6.30350194552	6.0610684307e-07
-6.28891050584	6.87017320696e-07
-6.27431906615	7.78250204961e-07
-6.25972762646	8.81055438494e-07
-6.24513618677	9.96825256468e-07
-6.23054474708	1.12710920113e-06
-6.21595330739	1.27363057154e-06
-6.2013618677	1.43830442745e-06
-6.18677042802	1.62325727417e-06
-6.17217898833	1.83084856311e-06
-6.15758754864	2.06369415082e-06
-6.14299610895	2.32469186786e-06
-6.12840466926	2.61704935725e-06
-6.11381322957	2.9443143508e-06
-6.09922178988	3.31040756046e-06
-6.08463035019	3.71965837019e-06
-6.07003891051	4.17684352271e-06
-6.05544747082	4.68722900357e-06
-6.04085603113	5.2566153333e-06
-6.02626459144	5.89138648601e-06
-6.01167315175	6.59856266021e-06
-5.99708171206	7.38585713412e-06
-5.98249027237	8.26173744386e-06
-5.96789883268	9.23549112775e-06
-5.953307393	1.0317296284e-05
-5.93871595331	1.1518297192e-05
-5.92412451362	1.28506852481e-05
-5.90953307393	1.43277854674e-05
-5.89494163424	1.59641488002e-05
-5.88035019455	1.77756505071e-05
-5.86575875486	1.9779594832e-05
-5.85116731517	2.19948262002e-05
-5.83657587549	2.44418471603e-05
-5.8219844358	2.71429432692e-05
-5.80739299611	3.01223151064e-05
-5.79280155642	3.3406217575e-05
-5.77821011673	3.70231066283e-05
-5.76361867704	4.10037935219e-05
-5.74902723735	4.53816066655e-05
-5.73443579766	5.01925610998e-05
-5.71984435798	5.54755355866e-05
-5.70525291829	6.12724572459e-05
-5.6906614786	6.76284936182e-05
-5.67607003891	7.45922519721e-05
-5.66147859922	8.22159856069e-05
-5.64688715953	9.0555806827e-05
-5.63229571984	9.96719061896e-05
-5.61770428016	0.000109628777536
-5.60311284047	0.000120495448231
-5.58852140078	0.000132345713935
-5.57392996109	0.000145258377137
-5.5593385214	0.000159317488548
-5.54474708171	0.000174612590385
-5.53015564202	0.0001912389604
-5.51556420233	0.000209297855447
-5.50097276265	0.00022889675321
-5.48638132296	0.000250149590615
-5.47178988327	0.000273176997318
-5.45719844358	0.000298106522523
-5.44260700389	0.00032507285328
-5.4280155642	0.000354218022265
-5.41342412451	0.000385691602946
-5.39883268482	0.000419650889918
-5.38424124514	0.000456261062091
-5.36964980545	0.000495695326312
-5.35505836576	0.000538135038925
-5.34046692607	0.000583769802712
-5.32587548638	0.000632797536588
-5.31128404669	0.00068542451541
-5.296692607	0.000741865377219
-5.28210116731	0.000802343095284
-5.26750972763	0.000867088912301
-5.25291828794	0.000936342234208
-5.23832684825	0.00101035048114
-5.22373540856	0.00108936889316
-5.20914396887	0.00117366028862
-5.19455252918	0.00126349477305
-5.17996108949	0.00135914939693
-5.1653696498	0.00146090776062
-5.15077821012	0.00156905956541
-5.13618677043	0.0016839001096
-5.12159533074	0.00180572972918
-5.10700389105	0.00193485318284
-5.09241245136	0.00207157898162
-5.07782101167	0.00221621866389
-5.06322957198	0.00236908601685
-5.0486381323	0.0025304962461
-5.03404669261	0.00270076509568
-5.01945525292	0.00288020792107
-5.00486381323	0.00306913871847
-4.99027237354	0.00326786911409
-4.97568093385	0.00347670731776
-4.96108949416	0.00369595704561
-4.94649805447	0.00392591641708
-4.93190661479	0.004166876832
-4.9173151751	0.00441912183401
-4.90272373541	0.00468292596661
-4.88813229572	0.00495855362903
-4.87354085603	0.00524625793886
-4.85894941634	0.0055462796089
-4.84435797665	0.00585884584584
-4.82976653696	0.00618416927827
-4.81517509728	0.00652244692182
-4.80058365759	0.00687385918878
-4.7859922179	0.00723856894989
-4.77140077821	0.00761672065526
-4.75680933852	0.00800843952145
-4.74221789883	0.00841383079117
-4.72762645914	0.00883297907162
-4.71303501945	0.00926594775695
-4.69844357977	0.00971277853988
-4.68385214008	0.0101734910165
-4.66926070039	0.0106480823881
-4.6546692607	0.0111365272623
-4.64007782101	0.0116387775561
-4.62548638132	0.0121547625014
-4.61089494163	0.0126843887539
-4.59630350194	0.0132275406043
-4.58171206226	0.0137840802909
-4.56712062257	0.014353848411
-4.55252918288	0.0149366644287
-4.53793774319	0.0155323272751
-4.5233463035	0.0161406160361
-4.50875486381	0.0167612907231
-4.49416342412	0.0173940931215
-4.47957198444	0.0180387477092
-4.46498054475	0.01869496264
-4.45038910506	0.0193624307841
-4.43579766537	0.0200408308178
-4.42120622568	0.020729828356
-4.40661478599	0.0214290771191
-4.3920233463	0.0221382201259
-4.37743190661	0.0228568909061
-4.36284046693	0.0235847147226
-4.34824902724	0.0243213097988
-4.33365758755	0.0250662885406
-4.31906614786	0.0258192587487
-4.30447470817	0.0265798248119
-4.28988326848	0.0273475888779
-4.27529182879	0.0281221519933
-4.2607003891	0.0289031152085
-4.24610894942	0.0296900806428
-4.23151750973	0.0304826525045
-4.21692607004	0.0312804380632
-4.20233463035	0.0320830485696
-4.18774319066	0.0328901001217
-4.17315175097	0.0337012144735
-4.15856031128	0.0345160197859
-4.14396887159	0.0353341513172
-4.12937743191	0.0361552520545
-4.11478599222	0.036978973283
-4.10019455253	0.0378049750962
-4.08560311284	0.0386329268452
-4.07101167315	0.0394625075304
-4.05642023346	0.0402934061342
-4.04182879377	0.0411253218992
-4.02723735408	0.0419579645512
-4.0126459144	0.0427910544712
-3.99805447471	0.0436243228176
-3.98346303502	0.0444575116005
-3.96887159533	0.0452903737129
-3.95428015564	0.0461226729193
-3.93968871595	0.0469541838052
-3.92509727626	0.0477846916914
-3.91050583658	0.0486139925139
-3.89591439689	0.0494418926748
-3.8813229572	0.050268208864
-3.86673151751	0.0510927678578
-3.85214007782	0.0519154062944
-3.83754863813	0.0527359704304
-3.82295719844	0.0535543158799
-3.80836575875	0.0543703073405
-3.79377431907	0.0551838183056
-3.77918287938	0.0559947307678
-3.76459143969	0.056802934915
-3.75	0.0576083288189
-3.73540856031	0.058410818122
-3.72081712062	0.0592103157199
-3.70622568093	0.0600067414449
-3.69163424124	0.060800021749
-3.67704280156	0.06159008939
-3.66245136187	0.0623768831195
-3.64785992218	0.0631603473769
-3.63326848249	0.0639404319875
-3.6186770428	0.0647170918667
-3.60408560311	0.065490286732
-3.58949416342	0.0662599808215
-3.57490272373	0.0670261426208
-3.56031128405	0.0677887445982
-3.54571984436	0.0685477629494
-3.53112840467	0.0693031773501
-3.51653696498	0.0700549707191
-3.50194552529	0.0708031289899
-3.4873540856	0.071547640893
-3.47276264591	0.0722884977462
-3.45817120623	0.0730256932562
-3.44357976654	0.0737592233284
-3.42898832685	0.0744890858868
-3.41439688716	0.075215280703
-3.39980544747	0.075937809234
-3.38521400778	0.0766566744692
-3.37062256809	0.0773718807866
-3.3560311284	0.078083433816
-3.34143968872	0.0787913403119
-3.32684824903	0.0794956080335
-3.31225680934	0.0801962456328
-3.29766536965	0.0808932625491
-3.28307392996	0.0815866689122
-3.26848249027	0.0822764754508
-3.25389105058	0.0829626934081
-3.23929961089	0.083645334464
-3.22470817121	0.0843244106619
-3.21011673152	0.0849999343425
-3.19552529183	0.0856719180822
-3.18093385214	0.0863403746363
-3.16634241245	0.0870053168878
-3.15175097276	0.0876667577996
-3.13715953307	0.088324710372
-3.12256809338	0.0889791876032
-3.1079766537	0.0896302024546
-3.09338521401	0.0902777678183
-3.07879377432	0.0909218964891
-3.06420233463	0.0915626011385
-3.04961089494	0.0921998942928
-3.03501945525	0.0928337883121
-3.02042801556	0.0934642953737
-3.00583657587	0.0940914274562
-2.99124513619	0.0947151963265
-2.9766536965	0.0953356135288
-2.96206225681	0.0959526903746
-2.94747081712	0.0965664379355
-2.93287937743	0.0971768670366
-2.91828793774	0.0977839882516
-2.90369649805	0.098387811899
-2.88910505837	0.09898834804
-2.87451361868	0.0995856064764
-2.85992217899	0.100179596751
-2.8453307393	0.100770328146
-2.83073929961	0.101357809687
-2.81614785992	0.101942050142
-2.80155642023	0.102523058025
-2.78696498054	0.103100841598
-2.77237354086	0.103675408877
-2.75778210117	0.104246767631
-2.74319066148	0.104814925391
-2.72859922179	0.105379889452
-2.7140077821	0.105941666875
-2.69941634241	0.106500264498
-2.68482490272	0.107055688938
-2.67023346303	0.107607946593
-2.65564202335	0.108157043652
-2.64105058366	0.108702986099
-2.62645914397	0.109245779718
-2.61186770428	0.109785430098
-2.59727626459	0.110321942638
-2.5826848249	0.110855322556
-2.56809338521	0.111385574891
-2.55350194552	0.111912704507
-2.53891050584	0.112436716105
-2.52431906615	0.112957614219
-2.50972762646	0.113475403231
-2.49513618677	0.113990087367
-2.48054474708	0.114501670709
-2.46595330739	0.115010157197
-2.4513618677	0.115515550632
-2.43677042801	0.116017854685
-2.42217898833	0.116517072897
-2.40758754864	0.117013208688
-2.39299610895	0.117506265359
-2.37840466926	0.117996246093
-2.36381322957	0.118483153968
-2.34922178988	0.118966991949
-2.33463035019	0.119447762905
-2.32003891051	0.1199254696
-2.30544747082	0.120400114707
-2.29085603113	0.120871700804
-2.27626459144	0.121340230385
-2.26167315175	0.121805705853
-2.24708171206	0.122268129535
-2.23249027237	0.122727503674
-2.21789883268	0.123183830441
-2.203307393	0.123637111932
-2.18871595331	0.124087350172
-2.17412451362	0.12453454712
-2.15953307393	0.124978704669
-2.14494163424	0.12541982465
-2.13035019455	0.125857908832
-2.11575875486	0.126292958928
-2.10116731517	0.126724976594
-2.08657587549	0.127153963432
-2.0719844358	0.127579920992
-2.05739299611	0.128002850776
-2.04280155642	0.128422754236
-2.02821011673	0.128839632779
-2.01361867704	0.129253487766
-1.99902723735	0.129664320517
-1.98443579766	0.13007213231
-1.96984435798	0.130476924384
-1.95525291829	0.130878697937
-1.9406614786	0.131277454134
-1.92607003891	0.131673194101
-1.91147859922	0.132065918933
-1.89688715953	0.132455629689
-1.88229571984	0.132842327399
-1.86770428015	0.133226013059
-1.85311284047	0.133606687639
-1.83852140078	0.133984352077
-1.82392996109	0.134359007287
-1.8093385214	0.134730654154
-1.79474708171	0.135099293538
-1.78015564202	0.135464926274
-1.76556420233	0.135827553174
-1.75097276265	0.136187175026
-1.73638132296	0.136543792597
-1.72178988327	0.13689740663
-1.70719844358	0.137248017851
-1.69260700389	0.137595626961
-1.6780155642	0.137940234646
-1.66342412451	0.138281841572
-1.64883268482	0.138620448385
-1.63424124514	0.138956055715
-1.61964980545	0.139288664175
-1.60505836576	0.139618274361
-1.59046692607	0.139944886855
-1.57587548638	0.14026850222
-1.56128404669	0.140589121006
-1.546692607	0.14090674375
-1.53210116731	0.141221370972
-1.51750972763	0.141533003181
-1.50291828794	0.141841640872
-1.48832684825	0.142147284526
-1.47373540856	0.142449934613
-1.45914396887	0.142749591591
-1.44455252918	0.143046255905
-1.42996108949	0.14333992799
-1.4153696498	0.143630608271
-1.40077821012	0.143918297159
-1.38618677043	0.144202995057
-1.37159533074	0.144484702359
-1.35700389105	0.144763419447
-1.34241245136	0.145039146693
-1.32782101167	0.145311884463
-1.31322957198	0.145581633112
-1.29863813229	0.145848392984
-1.28404669261	0.14611216442
-1.26945525292	0.146372947747
-1.25486381323	0.146630743288
-1.24027237354	0.146885551357
-1.22568093385	0.147137372258
-1.21108949416	0.147386206292
-1.19649805447	0.14763205375
-1.18190661479	0.147874914915
-1.1673151751	0.148114790066
-1.15272373541	0.148351679473
-1.13813229572	0.1485855834
-1.12354085603	0.148816502106
-1.10894941634	0.149044435843
-1.09435797665	0.149269384855
-1.07976653696	0.149491349382
-1.06517509728	0.149710329659
-1.05058365759	0.149926325914
-1.0359922179	0.15013933837
-1.02140077821	0.150349367244
-1.00680933852	0.150556412748
-0.992217898832	0.150760475089
-0.977626459143	0.15096155447
-0.963035019454	0.151159651088
-0.948443579766	0.151354765134
-0.933852140077	0.151546896797
-0.919260700388	0.15173604626
-0.9046692607	0.151922213701
-0.890077821011	0.152105399294
-0.875486381322	0.152285603209
-0.860894941633	0.152462825612
-0.846303501945	0.152637066664
-0.831712062256	0.152808326523
-0.817120622567	0.152976605343
-0.802529182879	0.153141903272
-0.78793774319	0.153304220456
-0.773346303501	0.153463557039
-0.758754863812	0.153619913157
-0.744163424124	0.153773288945
-0.729571984435	0.153923684536
-0.714980544746	0.154071100056
-0.700389105058	0.15421553563
-0.685797665369	0.154356991379
-0.67120622568	0.15449546742
-0.656614785991	0.154630963868
-0.642023346303	0.154763480835
-0.627431906614	0.154893018427
-0.612840466925	0.155019576751
-0.598249027237	0.155143155908
-0.583657587548	0.155263755998
-0.569066147859	0.155381377116
-0.55447470817	0.155496019355
-0.539883268482	0.155607682806
-0.525291828793	0.155716367556
-0.510700389104	0.155822073691
-0.496108949416	0.155924801291
-0.481517509727	0.156024550437
-0.466926070038	0.156121321205
-0.452334630349	0.156215113669
-0.437743190661	0.1563059279
-0.423151750972	0.156393763967
-0.408560311283	0.156478621937
-0.393968871594	0.156560501873
-0.379377431906	0.156639403836
-0.364785992217	0.156715327886
-0.350194552528	0.156788274079
-0.33560311284	0.156858242469
-0.321011673151	0.156925233108
-0.306420233462	0.156989246044
-0.291828793773	0.157050281326
-0.277237354085	0.157108338996
-0.262645914396	0.157163419099
-0.248054474707	0.157215521674
-0.233463035019	0.157264646759
-0.21887159533	0.157310794389
-0.204280155641	0.157353964597
-0.189688715952	0.157394157416
-0.175097276264	0.157431372873
-0.160505836575	0.157465610996
-0.145914396886	0.157496871809
-0.131322957198	0.157525155334
-0.116731517509	0.157550461592
-0.10214007782	0.157572790601
-0.0875486381314	0.157592142376
-0.0729571984427	0.157608516932
-0.058365758754	0.15762191428
-0.0437743190653	0.15763233443
-0.0291828793766	0.157639777389
-0.0145914396879	0.157644243162
8.5975671027e-13	0.157645731753
0.0145914396896	0.157644243162
0.0291828793783	0.157639777389
0.043774319067	0.15763233443
0.0583657587557	0.15762191428
0.0729571984444	0.157608516932
0.0875486381332	0.157592142376
0.102140077822	0.157572790601
0.116731517511	0.157550461592
0.131322957199	0.157525155334
0.145914396888	0.157496871809
0.160505836577	0.157465610996
0.175097276265	0.157431372873
0.189688715954	0.157394157416
0.204280155643	0.157353964597
0.218871595332	0.157310794389
0.23346303502	0.157264646759
0.248054474709	0.157215521674
0.262645914398	0.157163419099
0.277237354086	0.157108338996
0.291828793775	0.157050281326
0.306420233464	0.156989246044
0.321011673153	0.156925233108
0.335603112841	0.156858242469
0.35019455253	0.156788274079
0.364785992219	0.156715327886
0.379377431907	0.156639403836
0.393968871596	0.156560501873
0.408560311285	0.156478621937
0.423151750974	0.156393763967
0.437743190662	0.1563059279
0.452334630351	0.156215113669
0.46692607004	0.156121321205
0.481517509729	0.156024550437
0.496108949417	0.155924801291
0.510700389106	0.155822073691
0.525291828795	0.155716367556
0.539883268483	0.155607682806
0.554474708172	0.155496019355
0.569066147861	0.155381377116
0.58365758755	0.155263755998
0.598249027238	0.155143155908
0.612840466927	0.155019576751
0.627431906616	0.154893018427
0.642023346304	0.154763480835
0.656614785993	0.154630963868
0.671206225682	0.15449546742
0.685797665371	0.154356991379
0.700389105059	0.15421553563
0.714980544748	0.154071100056
0.729571984437	0.153923684536
0.744163424125	0.153773288945
0.758754863814	0.153619913157
0.773346303503	0.153463557039
0.787937743192	0.153304220456
0.80252918288	0.153141903272
0.817120622569	0.152976605343
0.831712062258	0.152808326523
0.846303501946	0.152637066664
0.860894941635	0.152462825612
0.875486381324	0.152285603209
0.890077821013	0.152105399294
0.904669260701	0.151922213701
0.91926070039	0.15173604626
0.933852140079	0.151546896797
0.948443579767	0.151354765134
0.963035019456	0.151159651088
0.977626459145	0.15096155447
0.992217898834	0.150760475089
1.00680933852	0.150556412748
1.02140077821	0.150349367244
1.0359922179	0.15013933837
1.05058365759	0.149926325914
1.06517509728	0.149710329659
1.07976653697	0.149491349382
1.09435797665	0.149269384854
1.10894941634	0.149044435843
1.12354085603	0.148816502106
1.13813229572	0.1485855834
1.15272373541	0.148351679473
1.1673151751	0.148114790066
1.18190661479	0.147874914915
1.19649805448	0.14763205375
1.21108949416	0.147386206292
1.22568093385	0.147137372258
1.24027237354	0.146885551357
1.25486381323	0.146630743288
1.26945525292	0.146372947747
1.28404669261	0.14611216442
1.2986381323	0.145848392984
1.31322957199	0.145581633112
1.32782101167	0.145311884463
1.34241245136	0.145039146693
1.35700389105	0.144763419447
1.37159533074	0.144484702359
1.38618677043	0.144202995057
1.40077821012	0.143918297159
1.41536964981	0.143630608271
1.4299610895	0.14333992799
1.44455252918	0.143046255905
1.45914396887	0.142749591591
1.47373540856	0.142449934613
1.48832684825	0.142147284526
1.50291828794	0.141841640872
1.51750972763	0.141533003181
1.53210116732	0.141221370972
1.546692607	0.14090674375
1.56128404669	0.140589121006
1.57587548638	0.14026850222
1.59046692607	0.139944886855
1.60505836576	0.139618274361
1.61964980545	0.139288664175
1.63424124514	0.138956055715
1.64883268483	0.138620448385
1.66342412451	0.138281841572
1.6780155642	0.137940234646
1.69260700389	0.137595626961
1.70719844358	0.13724801785
1.72178988327	0.13689740663
1.73638132296	0.136543792597
1.75097276265	0.136187175026
1.76556420234	0.135827553174
1.78015564202	0.135464926274
1.79474708171	0.135099293538
1.8093385214	0.134730654154
1.82392996109	0.134359007287
1.83852140078	0.133984352077
1.85311284047	0.133606687639
1.86770428016	0.133226013059
1.88229571985	0.132842327399
1.89688715953	0.132455629689
1.91147859922	0.132065918933
1.92607003891	0.131673194101
1.9406614786	0.131277454134
1.95525291829	0.130878697937
1.96984435798	0.130476924384
1.98443579767	0.13007213231
1.99902723736	0.129664320517
2.01361867704	0.129253487766
2.02821011673	0.128839632779
2.04280155642	0.128422754236
2.05739299611	0.128002850776
2.0719844358	0.127579920992
2.08657587549	0.127153963432
2.10116731518	0.126724976594
2.11575875486	0.126292958928
2.13035019455	0.125857908832
2.14494163424	0.12541982465
2.15953307393	0.124978704669
2.17412451362	0.12453454712
2.18871595331	0.124087350172
2.203307393	0.123637111932
2.21789883269	0.123183830441
2.23249027237	0.122727503674
2.24708171206	0.122268129535
2.26167315175	0.121805705853
2.27626459144	0.121340230385
2.29085603113	0.120871700804
2.30544747082	0.120400114707
2.32003891051	0.1199254696
2.3346303502	0.119447762905
2.34922178988	0.118966991949
2.36381322957	0.118483153968
2.37840466926	0.117996246093
2.39299610895	0.117506265359
2.40758754864	0.117013208688
2.42217898833	0.116517072897
2.43677042802	0.116017854685
2.45136186771	0.115515550632
2.46595330739	0.115010157197
2.48054474708	0.114501670709
2.49513618677	0.113990087367
2.50972762646	0.113475403231
2.52431906615	0.112957614219
2.53891050584	0.112436716105
2.55350194553	0.111912704507
2.56809338522	0.111385574891
2.5826848249	0.110855322556
2.59727626459	0.110321942638
2.61186770428	0.109785430098
2.62645914397	0.109245779718
2.64105058366	0.108702986099
2.65564202335	0.108157043652
2.67023346304	0.107607946593
2.68482490272	0.107055688938
2.69941634241	0.106500264498
2.7140077821	0.105941666875
2.72859922179	0.105379889452
2.74319066148	0.104814925392
2.75778210117	0.104246767631
2.77237354086	0.103675408877
2.78696498055	0.103100841598
2.80155642023	0.102523058025
2.81614785992	0.101942050142
2.83073929961	0.101357809687
2.8453307393	0.100770328146
2.85992217899	0.100179596751
2.87451361868	0.0995856064764
2.88910505837	0.09898834804
2.90369649806	0.098387811899
2.91828793774	0.0977839882516
2.93287937743	0.0971768670367
2.94747081712	0.0965664379356
2.96206225681	0.0959526903746
2.9766536965	0.0953356135288
2.99124513619	0.0947151963266
3.00583657588	0.0940914274562
3.02042801557	0.0934642953738
3.03501945525	0.0928337883122
3.04961089494	0.0921998942928
3.06420233463	0.0915626011386
3.07879377432	0.0909218964891
3.09338521401	0.0902777678184
3.1079766537	0.0896302024547
3.12256809339	0.0889791876033
3.13715953307	0.088324710372
3.15175097276	0.0876667577996
3.16634241245	0.0870053168878
3.18093385214	0.0863403746364
3.19552529183	0.0856719180822
3.21011673152	0.0849999343426
3.22470817121	0.0843244106619
3.2392996109	0.083645334464
3.25389105058	0.0829626934082
3.26848249027	0.0822764754508
3.28307392996	0.0815866689123
3.29766536965	0.0808932625492
3.31225680934	0.0801962456328
3.32684824903	0.0794956080336
3.34143968872	0.0787913403119
3.35603112841	0.078083433816
3.37062256809	0.0773718807867
3.38521400778	0.0766566744693
3.39980544747	0.075937809234
3.41439688716	0.0752152807031
3.42898832685	0.0744890858869
3.44357976654	0.0737592233285
3.45817120623	0.0730256932562
3.47276264592	0.0722884977462
3.4873540856	0.071547640893
3.50194552529	0.07080312899
3.51653696498	0.0700549707191
3.53112840467	0.0693031773502
3.54571984436	0.0685477629495
3.56031128405	0.0677887445983
3.57490272374	0.0670261426209
3.58949416343	0.0662599808216
3.60408560311	0.0654902867321
3.6186770428	0.0647170918668
3.63326848249	0.0639404319876
3.64785992218	0.063160347377
3.66245136187	0.0623768831196
3.67704280156	0.0615900893901
3.69163424125	0.0608000217491
3.70622568093	0.060006741445
3.72081712062	0.05921031572
3.73540856031	0.0584108181221
3.75	0.0576083288191
3.76459143969	0.0568029349151
3.77918287938	0.055994730768
3.79377431907	0.0551838183057
3.80836575876	0.0543703073406
3.82295719844	0.0535543158801
3.83754863813	0.0527359704305
3.85214007782	0.0519154062946
3.86673151751	0.0510927678579
3.8813229572	0.0502682088641
3.89591439689	0.0494418926749
3.91050583658	0.0486139925141
3.92509727627	0.0477846916915
3.93968871595	0.0469541838054
3.95428015564	0.0461226729195
3.96887159533	0.0452903737131
3.98346303502	0.0444575116006
3.99805447471	0.0436243228177
4.0126459144	0.0427910544714
4.02723735409	0.0419579645513
4.04182879378	0.0411253218993
4.05642023346	0.0402934061344
4.07101167315	0.0394625075306
4.08560311284	0.0386329268454
4.10019455253	0.0378049750963
4.11478599222	0.0369789732832
4.12937743191	0.0361552520547
4.1439688716	0.0353341513174
4.15856031129	0.0345160197861
4.17315175097	0.0337012144737
4.18774319066	0.0328901001219
4.20233463035	0.0320830485698
4.21692607004	0.0312804380634
4.23151750973	0.0304826525047
4.24610894942	0.029690080643
4.26070038911	0.0289031152087
4.27529182879	0.0281221519935
4.28988326848	0.0273475888781
4.30447470817	0.0265798248121
4.31906614786	0.0258192587489
4.33365758755	0.0250662885408
4.34824902724	0.024321309799
4.36284046693	0.0235847147228
4.37743190662	0.0228568909063
4.3920233463	0.0221382201261
4.40661478599	0.0214290771193
4.42120622568	0.0207298283562
4.43579766537	0.020040830818
4.45038910506	0.0193624307843
4.46498054475	0.0186949626402
4.47957198444	0.0180387477094
4.49416342413	0.0173940931217
4.50875486381	0.0167612907233
4.5233463035	0.0161406160363
4.53793774319	0.0155323272753
4.55252918288	0.0149366644289
4.56712062257	0.0143538484112
4.58171206226	0.0137840802911
4.59630350195	0.0132275406045
4.61089494164	0.0126843887541
4.62548638132	0.0121547625016
4.64007782101	0.0116387775563
4.6546692607	0.0111365272625
4.66926070039	0.0106480823883
4.68385214008	0.0101734910167
4.69844357977	0.00971277854005
4.71303501946	0.00926594775711
4.72762645915	0.00883297907178
4.74221789883	0.00841383079133
4.75680933852	0.0080084395216
4.77140077821	0.00761672065541
4.7859922179	0.00723856895004
4.80058365759	0.00687385918892
4.81517509728	0.00652244692196
4.82976653697	0.00618416927841
4.84435797665	0.00585884584597
4.85894941634	0.00554627960903
4.87354085603	0.00524625793899
4.88813229572	0.00495855362916
4.90272373541	0.00468292596673
4.9173151751	0.00441912183412
4.93190661479	0.00416687683211
4.94649805448	0.00392591641718
4.96108949416	0.00369595704572
4.97568093385	0.00347670731786
4.99027237354	0.00326786911418
5.00486381323	0.00306913871856
5.01945525292	0.00288020792116
5.03404669261	0.00270076509576
5.0486381323	0.00253049624618
5.06322957199	0.00236908601693
5.07782101167	0.00221621866397
5.09241245136	0.00207157898169
5.10700389105	0.0019348531829
5.12159533074	0.00180572972924
5.13618677043	0.00168390010966
5.15077821012	0.00156905956547
5.16536964981	0.00146090776068
5.1799610895	0.00135914939699
5.19455252918	0.0012634947731
5.20914396887	0.00117366028867
5.22373540856	0.00108936889321
5.23832684825	0.00101035048118
5.25291828794	0.00093634223425
5.26750972763	0.000867088912341
5.28210116732	0.000802343095322
5.29669260701	0.000741865377255
5.31128404669	0.000685424515443
5.32587548638	0.00063279753662
5.34046692607	0.000583769802741
5.35505836576	0.000538135038953
5.36964980545	0.000495695326339
5.38424124514	0.000456261062116
5.39883268483	0.000419650889942
5.41342412451	0.000385691602968
5.4280155642	0.000354218022286
5.44260700389	0.0003250728533
5.45719844358	0.000298106522541
5.47178988327	0.000273176997335
5.48638132296	0.000250149590631
5.50097276265	0.000228896753225
5.51556420234	0.000209297855461
5.53015564202	0.000191238960413
5.54474708171	0.000174612590397
5.5593385214	0.00015931748856
5.57392996109	0.000145258377148
5.58852140078	0.000132345713946
5.60311284047	0.00012049544824
5.61770428016	0.000109628777545
5.63229571985	9.96719061978e-05
5.64688715953	9.05558068346e-05
5.66147859922	8.22159856139e-05
5.67607003891	7.45922519787e-05
5.6906614786	6.76284936243e-05
5.70525291829	6.12724572516e-05
5.71984435798	5.54755355919e-05
5.73443579767	5.01925611046e-05
5.74902723736	4.538160667e-05
5.76361867704	4.10037935261e-05
5.77821011673	3.70231066321e-05
5.79280155642	3.34062175786e-05
5.80739299611	3.01223151097e-05
5.8219844358	2.71429432723e-05
5.83657587549	2.44418471631e-05
5.85116731518	2.19948262028e-05
5.86575875487	1.97795948344e-05
5.88035019455	1.77756505094e-05
5.89494163424	1.59641488023e-05
5.90953307393	1.43277854693e-05
5.92412451362	1.28506852498e-05
5.93871595331	1.15182971936e-05
5.953307393	1.03172962855e-05
5.96789883269	9.23549112909e-06
5.98249027237	8.26173744509e-06
5.99708171206	7.38585713525e-06
6.01167315175	6.59856266124e-06
6.02626459144	5.89138648695e-06
6.04085603113	5.25661533416e-06
6.05544747082	4.68722900435e-06
6.07003891051	4.17684352342e-06
6.0846303502	3.71965837084e-06
6.09922178988	3.31040756106e-06
6.11381322957	2.94431435135e-06
6.12840466926	2.61704935775e-06
6.14299610895	2.32469186832e-06
6.15758754864	2.06369415124e-06
6.17217898833	1.83084856349e-06
6.18677042802	1.62325727451e-06
6.20136186771	1.43830442776e-06
6.21595330739	1.27363057183e-06
6.23054474708	1.1271092014e-06
6.24513618677	9.96825256709e-07
6.25972762646	8.81055438715e-07
6.27431906615	7.78250205163e-07
6.28891050584	6.87017320881e-07
6.30350194553	6.06106843238e-07
6.31809338522	5.34397431194e-07
6.3326848249	4.70883873532e-07
6.34727626459	4.14665738763e-07
6.36186770428	3.64937055741e-07
6.37645914397	3.20976940323e-07
6.39105058366	2.82141089335e-07
6.40564202335	2.47854068806e-07
6.42023346304	2.17602328732e-07
6.43482490272	1.90927881703e-07
6.44941634241	1.67422587482e-07
6.4640077821	1.46722990066e-07
6.47859922179	1.28505657981e-07
6.49319066148	1.12482982442e-07
6.50778210117	9.8399391711e-08
6.52237354086	8.60279433658e-08
6.53696498055	7.5167259387e-08
6.55155642023	6.56387719282e-08
6.56614785992	5.72842503552e-08
6.58073929961	4.99635826992e-08
6.5953307393	4.35527869996e-08
6.60992217899	3.79422301891e-08
6.62451361868	3.30350341653e-08
6.63910505837	2.874565054e-08
6.65369649806	2.49985872424e-08
6.66828793774	2.17272717131e-08
6.68287937743	1.88730368424e-08
6.69747081712	1.63842171205e-08
6.71206225681	1.42153436519e-08
6.7266536965	1.23264277831e-08
6.74124513619	1.06823240827e-08
6.75583657588	9.25216432269e-09
6.77042801557	8.00885493332e-09
6.78501945525	6.92863115457e-09
6.79961089494	5.99066178652e-09
6.81420233463	5.1766990634e-09
6.82879377432	4.4707687304e-09
6.84338521401	3.85889591313e-09
6.8579766537	3.32886282566e-09
6.87256809339	2.869994778e-09
6.88715953308	2.47297131614e-09
6.90175097276	2.12965966575e-09
6.91634241245	1.8329679511e-09
6.93093385214	1.57671593669e-09
6.94552529183	1.35552128058e-09
6.96011673152	1.16469951052e-09
6.97470817121	1.00017612962e-09
6.9892996109	8.58409436115e-10
7.00389105058	7.36322798687e-10
7.01848249027	6.31245271427e-10
7.03307392996	5.40859557263e-10
7.04766536965	4.63156443292e-10
7.06225680934	3.96394930193e-10
7.07684824903	3.39067368699e-10
7.09143968872	2.89868995242e-10
7.10603112841	2.47671330064e-10
7.12062256809	2.1149896389e-10
7.13521400778	1.80509315556e-10
7.14980544747	1.53974992039e-10
7.16439688716	1.31268427095e-10
7.17898832685	1.11848512946e-10
7.19357976654	9.52489743752e-11
7.20817120623	8.10682648309e-11
7.22276264592	6.89607912389e-11
7.2373540856	5.86292977519e-11
7.25194552529	4.98182598957e-11
7.26653696498	4.23081586801e-11
7.28112840467	3.59105209283e-11
7.29571984436	3.04636259397e-11
7.31031128405	2.58287915217e-11
7.32490272374	2.18871632056e-11
7.33949416343	1.85369403582e-11
7.35408560311	1.56909812381e-11
7.3686770428	1.32747366184e-11
7.38326848249	1.12244679647e-11
7.39785992218	9.48571207397e-12
7.41245136187	8.01195885393e-12
7.42704280156	6.76351342344e-12
7.44163424125	5.70651743472e-12
7.45622568094	4.8121079043e-12
7.47081712062	4.05569464899e-12
7.48540856031	3.41634005258e-12
7.5	2.87622691729e-12
7.51459143969	2.4202022603e-12
7.52918287938	2.03538657323e-12
7.54377431907	1.71083897001e-12
7.55836575876	1.43727079772e-12
7.57295719844	1.20680071833e-12
7.58754863813	1.01274535005e-12
7.60214007782	8.49440460814e-13
7.61673151751	7.12088319237e-13
7.6313229572	5.96627485108e-13
7.64591439689	4.99621786076e-13
7.66050583658	4.18165726978e-13
7.67509727627	3.49803938689e-13
7.68968871595	2.92462631463e-13
7.70428015564	2.44391294042e-13
7.71887159533	2.04113143855e-13
7.73346303502	1.70383028916e-13
7.74805447471	1.42151696295e-13
7.7626459144	1.18535472034e-13
7.77723735409	9.87905534354e-14
7.79182879378	8.22912240415e-14
7.80642023346	6.85114038702e-14
7.82101167315	5.70090319889e-14
7.83560311284	4.74128589145e-14
7.85019455253	3.94112772741e-14
7.86478599222	3.27428879492e-14
7.87937743191	2.71885325657e-14
7.8939688716	2.25645709001e-14
7.90856031129	1.87172103363e-14
7.92315175097	1.55177267531e-14
7.93774319066	1.28584381222e-14
7.95233463035	1.06493153686e-14
7.96692607004	8.81512966145e-15
7.98151750973	7.29305471444e-15
7.99610894942	6.03065085768e-15
8.01070038911	4.9841722908e-15
8.0252918288	4.11714576529e-15
8.03988326848	3.39917851314e-15
8.05447470817	2.80495835703e-15
8.06906614786	2.31341629288e-15
8.08365758755	1.90702447353e-15
8.09824902724	1.57120931868e-15
8.11284046693	1.29386007472e-15
8.12743190662	1.06491820143e-15
8.1420233463	8.76034134142e-16
8.15661478599	7.20280800571e-16
8.17120622568	5.91914315261e-16
8.18579766537	4.8617459911e-16
8.20038910506	3.99118879664e-16
8.21498054475	3.27483221282e-16
8.22957198444	2.68567072638e-16
8.24416342413	2.20137280755e-16
8.25875486381	1.80348155602e-16
8.2733463035	1.47675100286e-16
8.28793774319	1.20859401428e-16
8.30252918288	9.88624660854e-17
8.31712062257	8.08277340554e-17
8.33171206226	6.60491970664e-17
8.34630350195	5.39452240575e-17
8.36089494164	4.40369217585e-17
8.37548638132	3.59301920705e-17
8.39007782101	2.93008985498e-17
8.4046692607	2.38825785745e-17
8.41926070039	1.94563209314e-17
8.43385214008	1.58423479529e-17
8.44844357977	1.28931165223e-17
8.46303501946	1.04875952871e-17
8.47762645915	8.52655851253e-18
8.49221789883	6.92869620306e-18
8.50680933852	5.62742117568e-18
8.52140077821	4.56822452007e-18
8.5359922179	3.70651797713e-18
8.55058365759	3.00583709188e-18
8.56517509728	2.43638381137e-18
8.57976653697	1.9738168711e-18
8.59435797666	1.5982664219e-18
8.60894941634	1.29351845568e-18
8.62354085603	1.04635125556e-18
8.63813229572	8.45986750234e-19
8.65272373541	6.83646926231e-19
8.6673151751	5.52181816327e-19
8.68190661479	4.45774179162e-19
8.69649805448	3.59691461644e-19
8.71108949416	2.90086794291e-19
8.72568093385	2.33834366254e-19
8.74027237354	1.88396025829e-19
8.75486381323	1.5171106057e-19
8.76945525292	1.22108841707e-19
8.78404669261	9.82337044271e-20
8.7986381323	7.89875107895e-20
8.81322957199	6.34805078847e-20
8.82782101167	5.0992554394e-20
8.84241245136	4.09408038802e-20
8.85700389105	3.28541886437e-20
8.87159533074	2.63516290911e-20
8.88618677043	2.11257147526e-20
8.90077821012	1.69278278018e-20
8.91536964981	1.35574910039e-20
8.9299610895	1.08528370583e-20
8.94455252918	8.68349465309e-21
8.95914396887	6.94434956399e-21
8.97373540856	5.55081648464e-21
8.98832684825	4.43469491707e-21
9.00291828794	3.5413133452e-21
9.01750972763	2.82653661991e-21
9.03210116732	2.25496158183e-21
9.04669260701	1.79808693948e-21
9.06128404669	1.43308731328e-21
9.07587548638	1.14161709926e-21
9.09046692607	9.0898936865e-22
9.10505836576	7.23386326872e-22
9.11964980545	5.7542445023e-22
9.13424124514	4.57508954027e-22
9.14883268483	3.63595664223e-22
9.16342412452	2.8882328125e-22
9.1780155642	2.29322728033e-22
9.19260700389	1.81988110922e-22
9.20719844358	1.44359085438e-22
9.22178988327	1.14447935357e-22
9.23638132296	9.06983603988e-23
9.25097276265	7.18442088729e-23
9.26556420234	5.68886571059e-23
9.28015564202	4.50248316468e-23
9.29474708171	3.56207828732e-23
9.3093385214	2.81682207605e-23
9.32392996109	2.2265527256e-23
9.33852140078	1.75878865084e-23
9.35311284047	1.38908407851e-23
9.36770428016	1.09665568895e-23
9.38229571985	8.65618869553e-24
9.39688715953	6.82952783594e-24
9.41147859922	5.38637670498e-24
9.42607003891	4.24590698959e-24
9.4406614786	3.3460995609e-24
9.45525291829	2.63458538073e-24
9.46984435798	2.07466891769e-24
9.48443579767	1.63357220889e-24
9.49902723736	1.28661199165e-24
9.51361867704	1.0127303119e-24
9.52821011673	7.97091746673e-25
9.54280155642	6.27081422861e-25
9.55739299611	4.93394959827e-25
9.5719844358	3.87646521424e-25
9.58657587549	3.04832826834e-25
9.60116731518	2.39654982733e-25
9.61575875487	1.88753057918e-25
9.63035019455	1.48608074208e-25
9.64494163424	1.17056467446e-25
9.65953307393	9.21105474102e-26
9.67412451362	7.25108713909e-26
9.68871595331	5.68502350049e-26
9.703307393	4.47187363354e-26
9.71789883269	3.521276025e-26
9.73249027237	2.78265332004e-26
9.74708171206	2.20031387304e-26
9.76167315175	1.7390677845e-26
9.77626459144	1.36871709539e-26
9.79085603113	1.0801851265e-26
9.80544747082	8.47850703641e-27
9.82003891051	6.72638135496e-27
9.8346303502	5.36459902031e-27
9.84922178988	4.33547944734e-27
9.86381322957	3.50588094396e-27
9.87840466926	2.8584874929e-27
9.89299610895	2.33730016445e-27
9.90758754864	1.92901937449e-27
9.92217898833	1.60148137294e-27
9.93677042802	1.35137069268e-27
9.95136186771	1.1423809959e-27
9.96595330739	9.95469685462e-28
9.98054474708	8.73443963795e-28
9.99513618677	7.70049361716e-28
10.0097276265	6.88964452544e-28
10.0243190661	6.34828677667e-28
10.0389105058	5.97575752322e-28
10.0535019455	5.69562458362e-28
10.0680933852	5.49555083169e-28
10.0826848249	5.36015705734e-28
10.0972762646	5.28176073302e-28
10.1118677043	5.16401883762e-28
10.126459144	5.12458339553e-28
10.1410505837	5.18691878555e-28
10.1556420233	5.46776303272e-28
10.170233463	5.60433989397e-28
10.1848249027	5.74056280674e-28
10.1994163424	5.77170650708e-28
10.2140077821	5.82654722399e-28
10.2285992218	5.88236204424e-28
10.2431906615	6.03474288134e-28
10.2577821012	6.25673897709e-28
10.2723735409	6.72990921301e-28
10.2869649805	6.92389556045e-28
10.3015564202	7.10452658359e-28
10.3161478599	7.1864409362e-28
10.3307392996	7.25945786173e-28
10.3453307393	7.23913455636e-28
10.359922179	7.33377846882e-28
10.3745136187	7.5204363022e-28
10.3891050584	7.96514135875e-28
10.4036964981	8.15707445263e-28
10.4182879377	8.32502064724e-28
10.4328793774	8.39334774969e-28
10.4474708171	8.48081752168e-28
10.4620622568	8.4798125911e-28
10.4766536965	8.60722574958e-28
10.4912451362	8.83370501814e-28
10.5058365759	9.39792492479e-28
10.5204280156	9.58822165859e-28
10.5350194553	9.716479921e-28
10.5496108949	9.70539552909e-28
10.5642023346	9.7416321533e-28
10.5787937743	9.70341549142e-28
10.593385214	9.77536423824e-28
10.6079766537	9.92273619186e-28
10.6225680934	1.0391751739e-27
10.6371595331	1.04215939705e-27
10.6517509728	1.04015478373e-27
10.6663424125	1.02880284589e-27
10.6809338521	1.02163714534e-27
10.6955252918	1.00739647965e-27
10.7101167315	1.01242397525e-27
10.7247081712	1.02231298146e-27
10.7392996109	1.06053632816e-27
10.7538910506	1.06531639215e-27
10.7684824903	1.0735206277e-27
10.78307393	1.07260178555e-27
10.7976653697	1.08448181206e-27
10.8122568093	1.07499293534e-27
10.826848249	1.07087245336e-27
10.8414396887	1.08089964161e-27
10.8560311284	1.12351885171e-27
10.8706225681	1.12942907243e-27
10.8852140078	1.12387177648e-27
10.8998054475	1.10540852891e-27
10.9143968872	1.10389769531e-27
10.9289883268	1.09017218791e-27
10.9435797665	1.08021699135e-27
10.9581712062	1.07560093111e-27
10.9727626459	1.1116437248e-27
10.9873540856	1.11145498838e-27
11.0019455253	1.10694434574e-27
11.016536965	1.10491072108e-27
11.0311284047	1.1095428842e-27
11.0457198444	1.12651572728e-27
11.060311284	1.17007548158e-27
11.0749027237	1.22119323071e-27
11.0894941634	1.32762554366e-27
11.1040856031	1.44062590217e-27
11.1186770428	1.60227298476e-27
11.1332684825	1.81791737457e-27
11.1478599222	2.12502128335e-27
11.1624513619	2.54156727778e-27
11.1770428016	3.13571837272e-27
11.1916342412	3.953768499e-27
11.2062256809	5.0969934613e-27
11.2208171206	6.54885279752e-27
11.2354085603	8.66855537416e-27
11.25	1.06246160135e-26
11.2645914397	8.67700353742e-27
11.2791828794	6.52907610062e-27
11.2937743191	5.02266183002e-27
11.3083657588	3.85019098083e-27
11.3229571984	2.98039620393e-27
11.3375486381	2.31839339577e-27
11.3521400778	1.82610918257e-27
11.3667315175	1.44729501665e-27
11.3813229572	1.16292772769e-27
11.3959143969	9.55557404024e-28
11.4105058366	8.06602979564e-28
11.4250972763	6.96454681252e-28
11.439688716	6.15626649489e-28
11.4542801556	5.50612123786e-28
11.4688715953	5.02256771413e-28
11.483463035	4.70756070353e-28
11.4980544747	4.45462533121e-28
11.5126459144	4.32321333005e-28
11.5272373541	4.15947092091e-28
11.5418287938	4.03654470359e-28
11.5564202335	3.98544570691e-28
11.5710116732	3.92910597065e-28
11.5856031128	3.897033688e-28
11.6001945525	3.92595760737e-28
11.6147859922	3.91585993245e-28
11.6293774319	3.94941879477e-28
11.6439688716	3.97754994905e-28
11.6585603113	3.96203724415e-28
11.673151751	3.84390916186e-28
11.6877431907	3.83204561299e-28
11.7023346304	3.83560083237e-28
11.71692607	3.88513845728e-28
11.7315175097	3.93940890222e-28
11.7461089494	4.05187042767e-28
11.7607003891	4.2269911947e-28
11.7752918288	4.4381824943e-28
11.7898832685	4.62770677756e-28
11.8044747082	4.83425365085e-28
11.8190661479	5.03192013505e-28
11.8336575876	5.23799584159e-28
11.8482490272	5.43302492535e-28
11.8628404669	5.70755597612e-28
11.8774319066	6.00861635634e-28
11.8920233463	6.19295928002e-28
11.906614786	6.34894815286e-28
11.9212062257	6.46851004573e-28
11.9357976654	6.50091043999e-28
11.9503891051	6.57391405573e-28
11.9649805447	6.55776257572e-28
11.9795719844	6.49750686457e-28
11.9941634241	6.45786857971e-28
12.0087548638	6.35516922647e-28
12.0233463035	6.23628206838e-28
12.0379377432	6.18503148662e-28
12.0525291829	6.09533439735e-28
12.0671206226	5.98984413847e-28
12.0817120623	5.90971719613e-28
12.0963035019	5.88729834575e-28
12.1108949416	5.91242372156e-28
12.1254863813	6.03085311397e-28
12.140077821	6.22922549648e-28
12.1546692607	6.3373520715e-28
12.1692607004	6.39962326232e-28
12.1838521401	6.43019372814e-28
12.1984435798	6.39908360838e-28
12.2130350195	6.38234591083e-28
12.2276264591	6.4249376088e-28
12.2422178988	6.45305174862e-28
12.2568093385	6.59588318217e-28
12.2714007782	6.69662650935e-28
12.2859922179	6.77331637827e-28
12.3005836576	6.8611025763e-28
12.3151750973	6.87342319057e-28
12.329766537	6.85823785422e-28
12.3443579767	6.89308004752e-28
12.3589494163	6.86764813568e-28
12.373540856	6.97870168538e-28
12.3881322957	7.09745674941e-28
12.4027237354	7.1608863272e-28
12.4173151751	7.14847890971e-28
12.4319066148	7.1298826717e-28
12.4464980545	7.10542541131e-28
12.4610894942	7.14126441631e-28
12.4756809339	7.23094753988e-28
12.4902723735	7.47898635075e-28
12.5048638132	7.57820898618e-28
12.5194552529	7.66562344128e-28
12.5340466926	7.68739373398e-28
12.5486381323	7.60044978841e-28
12.563229572	7.56358597973e-28
12.5778210117	7.5294534253e-28
12.5924124514	7.45795532152e-28
12.6070038911	7.52161796591e-28
12.6215953307	7.4439702058e-28
12.6361867704	7.36215733322e-28
12.6507782101	7.2142198371e-28
12.6653696498	7.05643930253e-28
12.6799610895	6.94962141166e-28
12.6945525292	7.00800161594e-28
12.7091439689	7.13293700485e-28
12.7237354086	7.48919505695e-28
12.7383268483	7.67501345857e-28
12.7529182879	7.72205184043e-28
12.7675097276	7.65750571992e-28
12.7821011673	7.62111075876e-28
12.796692607	7.53213123036e-28
12.8112840467	7.58562510045e-28
12.8258754864	7.72133431053e-28
12.8404669261	8.03865810929e-28
12.8550583658	8.08281921751e-28
12.8696498054	8.09630588425e-28
12.8842412451	7.97191649766e-28
12.8988326848	7.82645879375e-28
12.9134241245	7.72171816073e-28
12.9280155642	7.73700324583e-28
12.9426070039	7.742232194e-28
12.9571984436	7.91399227464e-28
12.9717898833	7.91057137012e-28
12.986381323	7.89044164297e-28
13.0009727626	7.77424138996e-28
13.0155642023	7.65373914837e-28
13.030155642	7.48792113395e-28
13.0447470817	7.48427148928e-28
13.0593385214	7.54765230814e-28
13.0739299611	7.89149899686e-28
13.0885214008	8.00624227971e-28
13.1031128405	7.99699712204e-28
13.1177042802	7.89301429683e-28
13.1322957198	7.80612358556e-28
13.1468871595	7.7005062503e-28
13.1614785992	7.79275293289e-28
13.1760700389	7.96228286153e-28
13.1906614786	8.36506216528e-28
13.2052529183	8.41618416579e-28
13.219844358	8.49184401122e-28
13.2344357977	8.40369217621e-28
13.2490272374	8.2795270078e-28
13.263618677	8.2138984641e-28
13.2782101167	8.2666122362e-28
13.2928015564	8.27256076607e-28
13.3073929961	8.58161213921e-28
13.3219844358	8.70703843137e-28
13.3365758755	8.75739672188e-28
13.3511673152	8.61875247141e-28
13.3657587549	8.51468557067e-28
13.3803501946	8.35715368652e-28
13.3949416342	8.32833104385e-28
13.4095330739	8.41805462527e-28
13.4241245136	8.78785353051e-28
13.4387159533	8.84125524201e-28
13.453307393	8.90161526979e-28
13.4678988327	8.86858251098e-28
13.4824902724	8.82989848417e-28
13.4970817121	8.66120681421e-28
13.5116731518	8.72652591159e-28
13.5262645914	8.87148513786e-28
13.5408560311	9.28417976149e-28
13.5554474708	9.45424995323e-28
13.5700389105	9.61089278528e-28
13.5846303502	9.56199556146e-28
13.5992217899	9.48237660005e-28
13.6138132296	9.39899683566e-28
13.6284046693	9.49488573123e-28
13.642996109	9.5552676817e-28
13.6575875486	1.00349985448e-27
13.6721789883	1.01917234912e-27
13.686770428	1.02334572979e-27
13.7013618677	1.01792528387e-27
13.7159533074	1.02387313153e-27
13.7305447471	1.01981526031e-27
13.7451361868	1.02471160711e-27
13.7597276265	1.03327954671e-27
13.7743190661	1.07358377596e-27
13.7889105058	1.07575434062e-27
13.8035019455	1.07936433387e-27
13.8180933852	1.06167421289e-27
13.8326848249	1.05000969244e-27
13.8472762646	1.04130685756e-27
13.8618677043	1.05348326106e-27
13.876459144	1.06311483136e-27
13.8910505837	1.1012388338e-27
13.9056420233	1.11059298003e-27
13.920233463	1.11876524498e-27
13.9348249027	1.10475389964e-27
13.9494163424	1.10413959474e-27
13.9640077821	1.10102502378e-27
13.9785992218	1.11249313939e-27
13.9931906615	1.12007354594e-27
14.0077821012	1.16756594847e-27
14.0223735409	1.17696566362e-27
14.0369649805	1.1732904048e-27
14.0515564202	1.15819258108e-27
14.0661478599	1.15356576271e-27
14.0807392996	1.13601709134e-27
14.0953307393	1.14339369212e-27
14.109922179	1.15733974049e-27
14.1245136187	1.20553459144e-27
14.1391050584	1.20799954618e-27
14.1536964981	1.20925006058e-27
14.1682879377	1.19067739016e-27
14.1828793774	1.17940567259e-27
14.1974708171	1.16345946407e-27
14.2120622568	1.16367147285e-27
14.2266536965	1.16335842177e-27
14.2412451362	1.20988537732e-27
14.2558365759	1.22359496481e-27
14.2704280156	1.22982055165e-27
14.2850194553	1.20851902067e-27
14.2996108949	1.20223377852e-27
14.3142023346	1.18966488826e-27
14.3287937743	1.19125181011e-27
14.343385214	1.19935991898e-27
14.3579766537	1.25166333799e-27
14.3725680934	1.25936005162e-27
14.3871595331	1.25144240912e-27
14.4017509728	1.22837219683e-27
14.4163424125	1.21813950076e-27
14.4309338521	1.19366732109e-27
14.4455252918	1.19108592607e-27
14.4601167315	1.19147010209e-27
14.4747081712	1.22507792164e-27
14.4892996109	1.22702541867e-27
14.5038910506	1.23171941281e-27
14.5184824903	1.21757624215e-27
14.53307393	1.2119628368e-27
14.5476653697	1.20546992704e-27
14.5622568093	1.20645657318e-27
14.576848249	1.2011237004e-27
14.5914396887	1.24266103686e-27
14.6060311284	1.24678083842e-27
14.6206225681	1.24477243195e-27
14.6352140078	1.21396434288e-27
14.6498054475	1.19733362741e-27
14.6643968872	1.17549490176e-27
14.6789883268	1.16086993919e-27
14.6935797665	1.14518235011e-27
14.7081712062	1.1634012055e-27
14.7227626459	1.14614082106e-27
14.7373540856	1.13056497975e-27
14.7519455253	1.09406828929e-27
14.766536965	1.07252634394e-27
14.7811284047	1.0307640119e-27
14.7957198444	1.00869627268e-27
14.810311284	9.82209748694e-28
14.8249027237	9.70120735712e-28
14.8394941634	9.24441245982e-28
14.8540856031	8.75764000956e-28
14.8686770428	8.12799461789e-28
14.8832684825	7.71892303976e-28
14.8978599222	7.4165129606e-28
14.9124513619	7.45827826195e-28
14.9270428016	7.8467418718e-28
14.9416342412	9.32441109785e-28
14.9562256809	1.16667417874e-27
14.9708171206	1.56072979367e-27
14.9854085603	2.314784258e-27
15.0	3.13635515027e-27
