-14.9854085603	2.33920984949e-27
-14.9708171206	1.40573944284e-27
-14.9562256809	8.57565494199e-28
-14.9416342412	5.10365871598e-28
-14.9270428016	3.06325051708e-28
-14.9124513619	1.88051026507e-28
-14.8978599222	1.30655782098e-28
-14.8832684825	1.05643238259e-28
-14.8686770428	1.03918262372e-28
-14.8540856031	1.09070486013e-28
-14.8394941634	1.21073382234e-28
-14.8249027237	1.23131531556e-28
-14.810311284	1.38673820547e-28
-14.7957198444	1.51403796268e-28
-14.7811284047	1.70612486836e-28
-14.766536965	1.84477794121e-28
-14.7519455253	1.96979187314e-28
-14.7373540856	2.04083495605e-28
-14.7227626459	2.10032679922e-28
-14.7081712062	1.9592794672e-28
-14.6935797665	2.00034340646e-28
-14.6789883268	2.03595112215e-28
-14.6643968872	2.1290575839e-28
-14.6498054475	2.19000716943e-28
-14.6352140078	2.31459105184e-28
-14.6206225681	2.32309294536e-28
-14.6060311284	2.32335013845e-28
-14.5914396887	2.15203192969e-28
-14.576848249	2.1345099782e-28
-14.5622568093	2.1456202985e-28
-14.5476653696	2.25488518647e-28
-14.53307393	2.28661446166e-28
-14.5184824903	2.37032063032e-28
-14.5038910506	2.37254177424e-28
-14.4892996109	2.37623239167e-28
-14.4747081712	2.2053911159e-28
-14.4601167315	2.19698005832e-28
-14.4455252918	2.19633202839e-28
-14.4309338521	2.28174781004e-28
-14.4163424125	2.31620855603e-28
-14.4017509728	2.40154652441e-28
-14.3871595331	2.3953484817e-28
-14.3725680934	2.38647043022e-28
-14.3579766537	2.17584531022e-28
-14.343385214	2.13348118889e-28
-14.3287937743	2.11182826252e-28
-14.3142023346	2.17454344739e-28
-14.2996108949	2.20506441109e-28
-14.2850194553	2.28078135148e-28
-14.2704280156	2.27351792768e-28
-14.2558365759	2.25459255119e-28
-14.2412451362	2.05572827372e-28
-14.2266536965	2.02957749471e-28
-14.2120622568	2.00790958282e-28
-14.1974708171	2.06725806067e-28
-14.1828793774	2.08476898511e-28
-14.1682879377	2.1313992972e-28
-14.1536964981	2.10675951708e-28
-14.1391050584	2.06322557733e-28
-14.1245136187	1.84887569767e-28
-14.109922179	1.81186075586e-28
-14.0953307393	1.78664804275e-28
-14.0807392996	1.83137269447e-28
-14.0661478599	1.84821928107e-28
-14.0515564202	1.89850816152e-28
-14.0369649805	1.87258424052e-28
-14.0223735409	1.83210802322e-28
-14.0077821012	1.62670109533e-28
-13.9931906615	1.58171043768e-28
-13.9785992218	1.54554204592e-28
-13.9640077821	1.5795208256e-28
-13.9494163424	1.57568046241e-28
-13.9348249027	1.61348206185e-28
-13.920233463	1.58847658444e-28
-13.9056420233	1.5440207721e-28
-13.8910505837	1.36140826645e-28
-13.876459144	1.32251003454e-28
-13.8618677043	1.29544578662e-28
-13.8472762646	1.32944942443e-28
-13.8326848249	1.33513306706e-28
-13.8180933852	1.38386840631e-28
-13.8035019455	1.38274622097e-28
-13.7889105058	1.34010985042e-28
-13.7743190661	1.18640943225e-28
-13.7597276265	1.16194007364e-28
-13.7451361868	1.15062124768e-28
-13.7305447471	1.19109871693e-28
-13.7159533074	1.20722193279e-28
-13.7013618677	1.24356910376e-28
-13.686770428	1.23374840572e-28
-13.6721789883	1.19360288138e-28
-13.6575875486	1.04832574596e-28
-13.6429961089	1.00123468067e-28
-13.6284046693	9.69336754195e-29
-13.6138132296	9.72134290622e-29
-13.5992217899	9.68116152594e-29
-13.5846303502	9.95696064615e-29
-13.5700389105	9.86761308806e-29
-13.5554474708	9.41174114602e-29
-13.5408560311	8.1881663712e-29
-13.5262645914	7.86804238915e-29
-13.5116731518	7.66021174398e-29
-13.4970817121	7.87793093225e-29
-13.4824902724	7.97574791437e-29
-13.4678988327	8.24040621088e-29
-13.453307393	8.26978395877e-29
-13.4387159533	7.93914237163e-29
-13.4241245136	6.81933982238e-29
-13.4095330739	6.47849437813e-29
-13.3949416342	6.24471180339e-29
-13.3803501946	6.4087653294e-29
-13.3657587549	6.5085027235e-29
-13.3511673152	6.8543541057e-29
-13.3365758755	7.04822189915e-29
-13.3219844358	6.97869111943e-29
-13.3073929961	6.57602468517e-29
-13.2928015564	6.6316853736e-29
-13.2782101167	6.62186135802e-29
-13.263618677	6.83706979072e-29
-13.2490272374	6.89724596144e-29
-13.2344357977	7.13648228479e-29
-13.219844358	7.16458652278e-29
-13.2052529183	6.9687998629e-29
-13.1906614786	6.70596031401e-29
-13.1760700389	6.65569970561e-29
-13.1614785992	6.63153005612e-29
-13.1468871595	6.77391616502e-29
-13.1322957198	6.76711542116e-29
-13.1177042802	6.74451093669e-29
-13.1031128405	6.77216354711e-29
-13.0885214008	6.36105787761e-29
-13.0739299611	5.886324324e-29
-13.0593385214	5.72205708015e-29
-13.0447470817	5.63892049218e-29
-13.030155642	5.52204483717e-29
-13.0155642023	5.46742021412e-29
-13.0009727626	5.51140030715e-29
-12.986381323	5.57895525023e-29
-12.9717898833	5.4970689699e-29
-12.9571984436	5.57583280447e-29
-12.9426070039	5.62905664178e-29
-12.9280155642	5.6455062232e-29
-12.9134241245	5.70133607726e-29
-12.8988326848	5.87794899553e-29
-12.8842412451	6.12081719156e-29
-12.8696498054	6.66230716775e-29
-12.8550583658	7.15519649405e-29
-12.8404669261	8.30320800255e-29
-12.8258754864	9.08681657315e-29
-12.8112840467	9.81394074583e-29
-12.796692607	1.01945854823e-28
-12.7821011673	1.04911529033e-28
-12.7675097276	1.06657605061e-28
-12.7529182879	1.12396349368e-28
-12.7383268482	1.14364329981e-28
-12.7237354086	1.21057101989e-28
-12.7091439689	1.23038188687e-28
-12.6945525292	1.2552155067e-28
-12.6799610895	1.24777003962e-28
-12.6653696498	1.26098744043e-28
-12.6507782101	1.27716704093e-28
-12.6361867704	1.33468873991e-28
-12.6215953307	1.39587338593e-28
-12.6070038911	1.5517350868e-28
-12.5924124514	1.61812177663e-28
-12.5778210117	1.68802408648e-28
-12.563229572	1.68454141714e-28
-12.5486381323	1.69996690257e-28
-12.5340466926	1.73189864979e-28
-12.5194552529	1.83024400538e-28
-12.5048638132	1.93464535712e-28
-12.4902723735	2.21294004058e-28
-12.4756809339	2.38415970093e-28
-12.4610894942	2.52473939292e-28
-12.4464980545	2.57334614103e-28
-12.4319066148	2.63759220201e-28
-12.4173151751	2.69289564513e-28
-12.4027237354	2.82195264604e-28
-12.3881322957	2.94656116114e-28
-12.373540856	3.25841637801e-28
-12.3589494163	3.40965505133e-28
-12.3443579767	3.5498542561e-28
-12.329766537	3.58897820686e-28
-12.3151750973	3.67834729382e-28
-12.3005836576	3.72415921922e-28
-12.2859922179	3.88469691011e-28
-12.2714007782	4.08609373702e-28
-12.2568093385	4.4991949682e-28
-12.2422178988	4.70068183256e-28
-12.2276264591	4.89649631072e-28
-12.2130350195	4.94447604634e-28
-12.1984435798	5.04801601058e-28
-12.1838521401	5.12458458261e-28
-12.1692607004	5.24265890302e-28
-12.1546692607	5.34663288668e-28
-12.140077821	5.71713020845e-28
-12.1254863813	5.81568672741e-28
-12.1108949416	5.8720519445e-28
-12.0963035019	5.78492607916e-28
-12.0817120623	5.77164501147e-28
-12.0671206226	5.76286829912e-28
-12.0525291829	5.86912303741e-28
-12.0379377432	5.9665671788e-28
-12.0233463035	6.32389080746e-28
-12.0087548638	6.44767353338e-28
-11.9941634241	6.56818510021e-28
-11.9795719844	6.52768483413e-28
-11.9649805447	6.56100418439e-28
-11.9503891051	6.5561439339e-28
-11.9357976654	6.68817578985e-28
-11.9212062257	6.8782311192e-28
-11.906614786	7.36908833455e-28
-11.8920233463	7.53278908562e-28
-11.8774319066	7.62411338708e-28
-11.8628404669	7.48996104667e-28
-11.8482490272	7.38442548387e-28
-11.8336575875	7.29393687355e-28
-11.8190661479	7.32378061625e-28
-11.8044747082	7.38428480453e-28
-11.7898832685	7.77221303761e-28
-11.7752918288	7.79311834488e-28
-11.7607003891	7.74426414719e-28
-11.7461089494	7.53762540035e-28
-11.7315175097	7.44808459376e-28
-11.71692607	7.38066118756e-28
-11.7023346304	7.46610087735e-28
-11.6877431907	7.5192457705e-28
-11.673151751	7.846157057e-28
-11.6585603113	7.88764725192e-28
-11.6439688716	7.82700170087e-28
-11.6293774319	7.61191949341e-28
-11.6147859922	7.45238174375e-28
-11.6001945525	7.27538788055e-28
-11.5856031128	7.31394614601e-28
-11.5710116732	7.35872365827e-28
-11.5564202335	7.63418112032e-28
-11.5418287938	7.50862467509e-28
-11.5272373541	7.36687541605e-28
-11.5126459144	7.04262997539e-28
-11.4980544747	6.73085378504e-28
-11.483463035	6.49771578401e-28
-11.4688715953	6.39601970984e-28
-11.4542801556	6.34975366357e-28
-11.439688716	6.66829094573e-28
-11.4250972763	6.69768927132e-28
-11.4105058366	6.76219746017e-28
-11.3959143969	6.87503477923e-28
-11.3813229572	7.47308631713e-28
-11.3667315175	8.55385709078e-28
-11.3521400778	1.04803281126e-27
-11.3375486381	1.32839713907e-27
-11.3229571984	1.76575752962e-27
-11.3083657588	2.35483601918e-27
-11.2937743191	3.20748947694e-27
-11.2791828794	4.35633608782e-27
-11.2645914397	6.11166435054e-27
-11.25	7.74320262935e-27
-11.2354085603	5.97282831936e-27
-11.2208171206	4.11359769983e-27
-11.2062256809	2.88906408857e-27
-11.1916342412	1.97379210331e-27
-11.1770428016	1.33168677415e-27
-11.1624513619	8.77774390972e-28
-11.1478599222	5.75736786434e-28
-11.1332684825	3.72317479778e-28
-11.1186770428	2.43592955343e-28
-11.1040856031	1.647812432e-28
-11.0894941634	1.15521173664e-28
-11.0749027237	1.05733773127e-28
-11.060311284	1.16080916183e-28
-11.0457198444	1.43223999389e-28
-11.0311284047	1.74853114222e-28
-11.016536965	2.11518377688e-28
-11.0019455253	2.40278357259e-28
-10.9873540856	2.70533333e-28
-10.9727626459	2.82698391434e-28
-10.9581712062	3.10878256188e-28
-10.9435797665	3.42399152855e-28
-10.9289883268	3.82127457624e-28
-10.9143968872	4.13779318351e-28
-10.8998054475	4.43493426546e-28
-10.8852140078	4.63547399795e-28
-10.8706225681	4.71389995137e-28
-10.8560311284	4.52015701077e-28
-10.8414396887	4.56603657816e-28
-10.826848249	4.65781549629e-28
-10.8122568093	4.86059802134e-28
-10.7976653696	5.02411972236e-28
-10.78307393	5.16469007721e-28
-10.7684824903	5.21999608847e-28
-10.7538910506	5.22380419548e-28
-10.7392996109	4.96246794925e-28
-10.7247081712	4.90261856808e-28
-10.7101167315	4.87970629604e-28
-10.6955252918	4.97170813644e-28
-10.6809338521	4.9872718093e-28
-10.6663424125	5.03969205357e-28
-10.6517509728	4.95370936861e-28
-10.6371595331	4.78568711145e-28
-10.6225680934	4.35461904452e-28
-10.6079766537	4.16966023094e-28
-10.593385214	4.02985052506e-28
-10.5787937743	4.02770730775e-28
-10.5642023346	3.98625652728e-28
-10.5496108949	3.96365434449e-28
-10.5350194553	3.86694291163e-28
-10.5204280156	3.71092436681e-28
-10.5058365759	3.33770132373e-28
-10.4912451362	3.15238281231e-28
-10.4766536965	2.98007928576e-28
-10.4620622568	2.8782002347e-28
-10.4474708171	2.72029360073e-28
-10.4328793774	2.56710722588e-28
-10.4182879377	2.35257194055e-28
-10.4036964981	2.12483764037e-28
-10.3891050584	1.80384366235e-28
-10.3745136187	1.78426622769e-28
-10.359922179	1.94598414237e-28
-10.3453307393	2.35639161149e-28
-10.3307392996	2.97902573482e-28
-10.3161478599	3.88336027519e-28
-10.3015564202	5.14640140968e-28
-10.2869649805	6.92658592797e-28
-10.2723735409	9.46722913394e-28
-10.2577821012	1.28839641861e-27
-10.2431906615	1.75661959392e-27
-10.2285992218	2.37938825928e-27
-10.2140077821	3.20431090261e-27
-10.1994163424	4.30228151344e-27
-10.1848249027	5.74200612902e-27
-10.170233463	7.62341658668e-27
-10.1556420233	1.01546723774e-26
-10.1410505837	1.33823278729e-26
-10.126459144	1.75384240017e-26
-10.1118677043	2.2936124032e-26
-10.0972762646	2.99338472854e-26
-10.0826848249	3.88613675912e-26
-10.0680933852	5.04252629529e-26
-10.0535019455	6.5413295054e-26
-10.0389105058	8.49469616878e-26
-10.0243190661	1.09976257435e-25
-10.0097276265	1.42023148303e-25
-9.99513618677	1.83266885957e-25
-9.98054474708	2.36358360036e-25
-9.96595330739	3.04427128885e-25
-9.9513618677	3.91806716782e-25
-9.93677042802	5.04243489441e-25
-9.92217898833	6.48547558594e-25
-9.90758754864	8.3234450023e-25
-9.89299610895	1.06708513967e-24
-9.87840466926	1.3661432865e-24
-9.86381322957	1.74824278163e-24
-9.84922178988	2.23583055838e-24
-9.83463035019	2.85786750922e-24
-9.82003891051	3.65158069684e-24
-9.80544747082	4.66458176727e-24
-9.79085603113	5.95368129785e-24
-9.77626459144	7.59355051591e-24
-9.76167315175	9.67864795037e-24
-9.74708171206	1.2329595419e-23
-9.73249027237	1.56963056132e-23
-9.71789883268	1.99745433419e-23
-9.703307393	2.54055619787e-23
-9.68871595331	3.22988304459e-23
-9.67412451362	4.10358069625e-23
-9.65953307393	5.21045312226e-23
-9.64494163424	6.61218349517e-23
-9.63035019455	8.38684284088e-23
-9.61575875486	1.06320073131e-22
-9.60116731517	1.34716281455e-22
-9.58657587549	1.70613808072e-22
-9.5719844358	2.15972579106e-22
-9.55739299611	2.73231860105e-22
-9.54280155642	3.4548472114e-22
-9.52821011673	4.36611088581e-22
-9.51361867704	5.5149760827e-22
-9.49902723735	6.96259155853e-22
-9.48443579767	8.78575261117e-22
-9.46984435798	1.10806900489e-21
-9.45525291829	1.39682211656e-21
-9.4406614786	1.75988212294e-21
-9.42607003891	2.21616742675e-21
-9.41147859922	2.7893217393e-21
-9.39688715953	3.50893434804e-21
-9.38229571984	4.41193712686e-21
-9.36770428016	5.54452453272e-21
-9.35311284047	6.96432302538e-21
-9.33852140078	8.74328343755e-21
-9.32392996109	1.09709629024e-20
-9.3093385214	1.3759126013e-20
-9.29474708171	1.72469953491e-20
-9.28015564202	2.16080411508e-20
-9.26556420233	2.70579198143e-20
-9.25097276265	3.38650558816e-20
-9.23638132296	4.23630857406e-20
-9.22178988327	5.29665616782e-20
-9.20719844358	6.61898635913e-20
-9.19260700389	8.26718725994e-20
-9.1780155642	1.03204996598e-19
-9.16342412451	1.28771912702e-19
-9.14883268482	1.60589908971e-19
-9.13424124514	2.0016696484e-19
-9.11964980545	2.4936949143e-19
-9.10505836576	3.10506822487e-19
-9.09046692607	3.86433316671e-19
-9.07587548638	4.80677510321e-19
-9.06128404669	5.97597386795e-19
-9.046692607	7.42573584212e-19
-9.03210116731	9.2224404432e-19
-9.01750972763	1.14479530512e-18
-9.00291828794	1.42031645187e-18
-8.98832684825	1.76123670141e-18
-8.97373540856	2.18285517783e-18
-8.95914396887	2.70400066646e-18
-8.94455252918	3.3478282266e-18
-8.92996108949	4.14280035077e-18
-8.91536964981	5.12388157047e-18
-8.90077821012	6.33400428681e-18
-8.88618677043	7.82585045883e-18
-8.87159533074	9.66403589504e-18
-8.85700389105	1.19277607987e-17
-8.84241245136	1.47140636185e-17
-8.82782101167	1.81417619185e-17
-8.81322957198	2.23562671377e-17
-8.7986381323	2.75354323406e-17
-8.78404669261	3.38966813339e-17
-8.76945525292	4.17056496509e-17
-8.75486381323	5.12867120668e-17
-8.74027237354	6.30357325062e-17
-8.72568093385	7.74355856645e-17
-8.71108949416	9.50749262102e-17
-8.69649805447	1.16670989032e-16
-8.68190661479	1.43097158108e-16
-8.6673151751	1.75416410628e-16
-8.65272373541	2.14921713384e-16
-8.63813229572	2.63184942957e-16
-8.62354085603	3.22115936605e-16
-8.60894941634	3.94033944636e-16
-8.59435797665	4.81753738838e-16
-8.57976653696	5.8868964214e-16
-8.56517509728	7.18980849351e-16
-8.55058365759	8.77642556704e-16
-8.5359922179	1.07074789256e-15
-8.52140077821	1.3056470234e-15
-8.50680933852	1.59123050081e-15
-8.49221789883	1.93824627398e-15
-8.47762645914	2.35968021916e-15
-8.46303501945	2.8712133424e-15
-8.44844357977	3.49177031248e-15
-8.43385214008	4.24417757833e-15
-8.41926070039	5.15595202196e-15
-8.4046692607	6.26024613362e-15
-8.39007782101	7.59697911276e-15
-8.37548638132	9.2141910288e-15
-8.36089494163	1.11696615223e-14
-8.34630350195	1.35328449437e-14
-8.33171206226	1.63871810345e-14
-8.31712062257	1.98328540099e-14
-8.30252918288	2.39900830965e-14
-8.28793774319	2.9003046766e-14
-8.2733463035	3.50445572945e-14
-8.25875486381	4.23216289007e-14
-8.24416342412	5.10821024693e-14
-8.22957198444	6.16225260481e-14
-8.21498054475	7.42975206079e-14
-8.20038910506	8.95309067517e-14
-8.18579766537	1.07828912547e-13
-8.17120622568	1.29795845198e-13
-8.15661478599	1.56152670488e-13
-8.1420233463	1.87759032649e-13
-8.12743190661	2.25639326679e-13
-8.11284046693	2.71013557578e-13
-8.09824902724	3.25333837462e-13
-8.08365758755	3.9032752711e-13
-8.06906614786	4.68048195276e-13
-8.05447470817	5.60935781869e-13
-8.03988326848	6.71887572057e-13
-8.02529182879	8.04341886216e-13
-8.0107003891	9.62376683201e-13
-7.99610894942	1.15082567766e-12
-7.98151750973	1.37541498054e-12
-7.96692607004	1.64292380207e-12
-7.95233463035	1.96137332016e-12
-7.93774319066	2.34024852183e-12
-7.92315175097	2.79075859242e-12
-7.90856031128	3.32614237491e-12
-7.89396887159	3.96202643637e-12
-7.87937743191	4.71684456813e-12
-7.86478599222	5.61232890446e-12
-7.85019455253	6.67408454482e-12
-7.83560311284	7.93226140998e-12
-7.82101167315	9.42233929411e-12
-7.80642023346	1.11860445574e-11
-7.79182879377	1.32724198732e-11
-7.77723735409	1.57390716896e-11
-7.7626459144	1.86536240245e-11
-7.74805447471	2.20954115631e-11
-7.73346303502	2.61574501652e-11
-7.71887159533	3.09487286299e-11
-7.70428015564	3.6596872417e-11
-7.68968871595	4.32512374736e-11
-7.67509727626	5.10865013296e-11
-7.66050583658	6.03068284333e-11
-7.64591439689	7.11506983429e-11
-7.6313229572	8.38964983802e-11
-7.61673151751	9.88689974184e-11
-7.60214007782	1.16446834396e-10
-7.58754863813	1.37071174718e-10
-7.57295719844	1.61255709628e-10
-7.55836575875	1.89598199064e-10
-7.54377431907	2.22793786722e-10
-7.52918287938	2.61650348816e-10
-7.51459143969	3.07106174698e-10
-7.5	3.60250318912e-10
-7.48540856031	4.22346011949e-10
-7.47081712062	4.94857572417e-10
-7.45622568093	5.79481316154e-10
-7.44163424124	6.78181036756e-10
-7.42704280156	7.93228701617e-10
-7.41245136187	9.27251096304e-10
-7.39785992218	1.08328324813e-09
-7.38326848249	1.26482956947e-09
-7.3686770428	1.47593378489e-09
-7.35408560311	1.7212588453e-09
-7.33949416342	2.00617818728e-09
-7.32490272373	2.33687987156e-09
-7.31031128405	2.72048532842e-09
-7.29571984436	3.1651846578e-09
-7.28112840467	3.68039067506e-09
-7.26653696498	4.27691416716e-09
-7.25194552529	4.96716312679e-09
-7.2373540856	5.76536907189e-09
-7.22276264591	6.68784393379e-09
-7.20817120623	7.75327141797e-09
-7.19357976654	8.98303720386e-09
-7.17898832685	1.04016028693e-08
-7.16439688716	1.20369289939e-08
-7.14980544747	1.39209535312e-08
-7.13521400778	1.60901322359e-08
-7.12062256809	1.85860487065e-08
-7.1060311284	2.14561024535e-08
-7.09143968872	2.47542843426e-08
-7.07684824903	2.85420497917e-08
-7.06225680934	3.28893012336e-08
-7.04766536965	3.78754926015e-08
-7.03307392996	4.35908699536e-08
-7.01848249027	5.01378638441e-08
-7.00389105058	5.76326506788e-08
-6.98929961089	6.62069020648e-08
-6.97470817121	7.60097431089e-08
-6.96011673152	8.72099427133e-08
-6.94552529183	9.99983612202e-08
-6.93093385214	1.14590683225e-07
-6.91634241245	1.31230466074e-07
-6.90175097276	1.50192537473e-07
-6.88715953307	1.71786778751e-07
-6.87256809338	1.96362333719e-07
-6.8579766537	2.24312286702e-07
-6.84338521401	2.560788572e-07
-6.82879377432	2.92159162828e-07
-6.81420233463	3.33111606661e-07
-6.79961089494	3.79562949851e-07
-6.78501945525	4.32216135483e-07
-6.77042801556	4.91858935001e-07
-6.75583657588	5.5937349427e-07
-6.74124513619	6.35746862348e-07
-6.7266536965	7.22082592407e-07
-6.71206225681	8.19613510947e-07
-6.69747081712	9.29715758391e-07
-6.68287937743	1.05392421153e-06
-6.66828793774	1.19394940581e-06
-6.65369649805	1.3516960835e-06
-6.63910505837	1.52928350157e-06
-6.62451361868	1.72906764204e-06
-6.60992217899	1.9536654755e-06
-6.5953307393	2.20598143769e-06
-6.58073929961	2.48923628758e-06
-6.56614785992	2.80699852429e-06
-6.55155642023	3.16321854906e-06
-6.53696498054	3.56226576711e-06
-6.52237354086	4.00896883267e-06
-6.50778210117	4.50865924894e-06
-6.49319066148	5.06721854199e-06
-6.47859922179	5.69112923538e-06
-6.4640077821	6.38752985846e-06
-6.44941634241	7.16427422713e-06
-6.43482490272	8.02999524043e-06
-6.42023346303	8.99417343988e-06
-6.40564202335	1.00672105806e-05
-6.39105058366	1.12605084632e-05
-6.37645914397	1.25865532755e-05
-6.36186770428	1.40590056863e-05
-6.34727626459	1.56927969333e-05
-6.3326848249	1.75042311313e-05
-6.31809338521	1.95110940226e-05
-6.30350194552	2.1732768372e-05
-6.28891050584	2.41903561926e-05
-6.27431906615	2.69068079675e-05
-6.25972762646	2.99070590029e-05
-6.24513618677	3.32181730229e-05
-6.23054474708	3.68694930756e-05
-6.21595330739	4.08927997843e-05
-6.2013618677	4.53224769279e-05
-6.18677042802	5.0195684287e-05
-6.17217898833	5.55525376322e-05
-6.15758754864	6.14362956698e-05
-6.14299610895	6.78935536903e-05
-6.12840466926	7.49744435877e-05
-6.11381322957	8.27328398396e-05
-6.09922178988	9.12265709448e-05
-6.08463035019	0.000100517635724
-6.07003891051	0.000110672423786
-6.05544747082	0.00012176193936
-6.04085603113	0.000133862027572
-6.02626459144	0.000147053602137
-6.01167315175	0.000161422873316
-5.99708171206	0.000177061574854
-5.98249027237	0.000194067188487
-5.96789883268	0.000212543164497
-5.953307393	0.000232599136631
-5.93871595331	0.000254351129594
-5.92412451362	0.000277921757196
-5.90953307393	0.0003034404091
-5.89494163424	0.000331043424003
-5.88035019455	0.000360874246991
-5.86575875486	0.000393083568668
-5.85116731517	0.000427829443618
-5.83657587549	0.000465277385653
-5.8219844358	0.00050560043725
-5.80739299611	0.000548979210541
-5.79280155642	0.000595601897226
-5.77821011673	0.000645664244731
-5.76361867704	0.000699369496034
-5.74902723735	0.000756928290592
-5.73443579766	0.000818558523916
-5.71984435798	0.000884485163466
-5.70525291829	0.000954940018698
-5.6906614786	0.00103016146327
-5.67607003891	0.0011103941077
-5.66147859922	0.00119588842092
-5.64688715953	0.00128690029968
-5.63229571984	0.00138369058481
-5.61770428016	0.00148652452407
-5.60311284047	0.00159567118138
-5.58852140078	0.00171140279292
-5.57392996109	0.00183399407098
-5.5593385214	0.00196372145686
-5.54474708171	0.0021008623248
-5.53015564202	0.00224569413923
-5.51556420233	0.00239849356845
-5.50097276265	0.00255953555802
-5.48638132296	0.0027290923682
-5.47178988327	0.00290743257968
-5.45719844358	0.00309482007293
-5.44260700389	0.0032915129866
-5.4280155642	0.00349776266104
-5.41342412451	0.00371381257332
-5.39883268482	0.00393989727058
-5.38424124514	0.00417624130878
-5.36964980545	0.00442305820411
-5.35505836576	0.00468054940469
-5.34046692607	0.00494890329004
-5.32587548638	0.00522829420591
-5.31128404669	0.00551888154211
-5.296692607	0.00582080886065
-5.28210116731	0.00613420308133
-5.26750972763	0.00645917373163
-5.25291828794	0.00679581226734
-5.23832684825	0.0071441914698
-5.22373540856	0.00750436492518
-5.20914396887	0.00787636659046
-5.19455252918	0.00826021045027
-5.17996108949	0.00865589026775
-5.1653696498	0.0090633794321
-5.15077821012	0.0094826309043
-5.13618677043	0.00991357726201
-5.12159533074	0.0103561308435
-5.10700389105	0.0108101839899
-5.09241245136	0.0112756093836
-5.07782101167	0.0117522604807
-5.06322957198	0.012239972034
-5.0486381323	0.0127385607023
-5.03404669261	0.0132478257409
-5.01945525292	0.0137675497685
-5.00486381323	0.0142974996042
-4.99027237354	0.0148374271676
-4.97568093385	0.0153870704352
-4.96108949416	0.015946154447
-4.94649805447	0.0165143923535
-4.93190661479	0.0170914864974
-4.9173151751	0.0176771295214
-4.90272373541	0.0182710054938
-4.88813229572	0.0188727910459
-4.87354085603	0.0194821565113
-4.85894941634	0.0200987670618
-4.84435797665	0.0207222838321
-4.82976653696	0.0213523650268
-4.81517509728	0.0219886670029
-4.80058365759	0.0226308453231
-4.7859922179	0.0232785557743
-4.77140077821	0.0239314553452
-4.75680933852	0.0245892031615
-4.74221789883	0.0252514613718
-4.72762645914	0.0259178959844
-4.71303501945	0.026588177649
-4.69844357977	0.0272619823848
-4.68385214008	0.0279389922508
-4.66926070039	0.0286188959583
-4.6546692607	0.0293013894261
-4.64007782101	0.0299861762765
-4.62548638132	0.0306729682739
-4.61089494163	0.0313614857068
-4.59630350194	0.0320514577138
-4.58171206226	0.0327426225549
-4.56712062257	0.0334347278315
-4.55252918288	0.0341275306546
-4.53793774319	0.0348207977668
-4.5233463035	0.0355143056164
-4.50875486381	0.0362078403905
-4.49416342412	0.0369011980069
-4.47957198444	0.0375941840681
-4.46498054475	0.0382866137813
-4.45038910506	0.0389783118461
-4.43579766537	0.0396691123137
-4.42120622568	0.0403588584189
-4.40661478599	0.0410474023898
-4.3920233463	0.0417346052359
-4.37743190661	0.0424203365185
-4.36284046693	0.0431044741053
-4.34824902724	0.0437869039121
-4.33365758755	0.0444675196327
-4.31906614786	0.0451462224613
-4.30447470817	0.0458229208074
-4.28988326848	0.0464975300055
-4.27529182879	0.047169972023
-4.2607003891	0.0478401751654
-4.24610894942	0.0485080737823
-4.23151750973	0.049173607975
-4.21692607004	0.0498367233056
-4.20233463035	0.0504973705119
-4.18774319066	0.0511555052248
-4.17315175097	0.0518110876934
-4.15856031128	0.0524640825151
-4.14396887159	0.0531144583731
-4.12937743191	0.0537621877825
-4.11478599222	0.0544072468426
-4.10019455253	0.0550496149995
-4.08560311284	0.0556892748165
-4.07101167315	0.0563262117533
-4.05642023346	0.056960413955
-4.04182879377	0.0575918720498
-4.02723735408	0.0582205789562
-4.0126459144	0.058846529699
-3.99805447471	0.0594697212349
-3.98346303502	0.060090152287
-3.96887159533	0.0607078231881
-3.95428015564	0.0613227357326
-3.93968871595	0.0619348930374
-3.92509727626	0.0625442994102
-3.91050583658	0.063150960227
-3.89591439689	0.0637548818165
-3.8813229572	0.0643560713522
-3.86673151751	0.0649545367519
-3.85214007782	0.0655502865843
-3.83754863813	0.0661433299816
-3.82295719844	0.0667336765592
-3.80836575875	0.0673213363413
-3.79377431907	0.0679063196914
-3.77918287938	0.0684886372498
-3.76459143969	0.069068299875
-3.75	0.0696453185906
-3.73540856031	0.0702197045367
-3.72081712062	0.0707914689256
-3.70622568093	0.0713606230018
-3.69163424124	0.0719271780057
-3.67704280156	0.0724911451407
-3.66245136187	0.0730525355442
-3.64785992218	0.0736113602611
-3.63326848249	0.0741676302206
-3.6186770428	0.074721356216
-3.60408560311	0.075272548886
-3.58949416342	0.0758212186998
-3.57490272373	0.0763673759428
-3.56031128405	0.0769110307056
-3.54571984436	0.0774521928738
-3.53112840467	0.0779908721204
-3.51653696498	0.0785270778989
-3.50194552529	0.0790608194381
-3.4873540856	0.0795921057386
-3.47276264591	0.0801209455698
-3.45817120623	0.0806473474682
-3.44357976654	0.0811713197367
-3.42898832685	0.0816928704449
-3.41439688716	0.0822120074295
-3.39980544747	0.0827287382962
-3.38521400778	0.0832430704219
-3.37062256809	0.0837550109569
-3.3560311284	0.0842645668285
-3.34143968872	0.0847717447442
-3.32684824903	0.0852765511955
-3.31225680934	0.0857789924623
-3.29766536965	0.0862790746172
-3.28307392996	0.0867768035301
-3.26848249027	0.0872721848728
-3.25389105058	0.0877652241241
-3.23929961089	0.0882559265747
-3.22470817121	0.0887442973323
-3.21011673152	0.0892303413266
-3.19552529183	0.0897140633147
-3.18093385214	0.090195467886
-3.16634241245	0.0906745594672
-3.15175097276	0.0911513423278
-3.13715953307	0.0916258205846
-3.12256809338	0.0920979982071
-3.1079766537	0.0925678790224
-3.09338521401	0.0930354667196
-3.07879377432	0.0935007648549
-3.06420233463	0.0939637768561
-3.04961089494	0.0944245060272
-3.03501945525	0.0948829555526
-3.02042801556	0.095339128502
-3.00583657587	0.0957930278336
-2.99124513619	0.0962446563993
-2.9766536965	0.0966940169477
-2.96206225681	0.0971411121287
-2.94747081712	0.0975859444967
-2.93287937743	0.0980285165146
-2.91828793774	0.098468830557
-2.90369649805	0.0989068889136
-2.88910505837	0.0993426937927
-2.87451361868	0.0997762473243
-2.85992217899	0.100207551563
-2.8453307393	0.10063660849
-2.83073929961	0.101063420019
-2.81614785992	0.101487987995
-2.80155642023	0.1019103142
-2.78696498054	0.102330400352
-2.77237354086	0.102748248113
-2.75778210117	0.103163859086
-2.74319066148	0.103577234819
-2.72859922179	0.103988376807
-2.7140077821	0.104397286497
-2.69941634241	0.104803965285
-2.68482490272	0.105208414521
-2.67023346303	0.105610635511
-2.65564202335	0.106010629515
-2.64105058366	0.106408397756
-2.62645914397	0.106803941414
-2.61186770428	0.107197261631
-2.59727626459	0.107588359513
-2.5826848249	0.107977236131
-2.56809338521	0.10836389252
-2.55350194552	0.108748329685
-2.53891050584	0.109130548597
-2.52431906615	0.109510550198
-2.50972762646	0.1098883354
-2.49513618677	0.110263905089
-2.48054474708	0.110637260121
-2.46595330739	0.111008401328
-2.4513618677	0.111377329516
-2.43677042801	0.111744045468
-2.42217898833	0.112108549943
-2.40758754864	0.112470843677
-2.39299610895	0.112830927385
-2.37840466926	0.113188801762
-2.36381322957	0.113544467481
-2.34922178988	0.113897925197
-2.33463035019	0.114249175547
-2.32003891051	0.114598219149
-2.30544747082	0.114945056603
-2.29085603113	0.115289688492
-2.27626459144	0.115632115386
-2.26167315175	0.115972337835
-2.24708171206	0.116310356378
-2.23249027237	0.116646171535
-2.21789883268	0.116979783815
-2.203307393	0.117311193714
-2.18871595331	0.117640401712
-2.17412451362	0.117967408277
-2.15953307393	0.118292213867
-2.14494163424	0.118614818925
-2.13035019455	0.118935223884
-2.11575875486	0.119253429166
-2.10116731517	0.119569435181
-2.08657587549	0.119883242331
-2.0719844358	0.120194851004
-2.05739299611	0.120504261581
-2.04280155642	0.120811474432
-2.02821011673	0.12111648992
-2.01361867704	0.121419308397
-1.99902723735	0.121719930206
-1.98443579766	0.122018355682
-1.96984435798	0.122314585154
-1.95525291829	0.122608618939
-1.9406614786	0.122900457351
-1.92607003891	0.123190100691
-1.91147859922	0.123477549259
-1.89688715953	0.123762803342
-1.88229571984	0.124045863224
-1.86770428015	0.124326729181
-1.85311284047	0.124605401483
-1.83852140078	0.124881880392
-1.82392996109	0.125156166168
-1.8093385214	0.12542825906
-1.79474708171	0.125698159314
-1.78015564202	0.12596586717
-1.76556420233	0.126231382862
-1.75097276265	0.126494706621
-1.73638132296	0.126755838668
-1.72178988327	0.127014779224
-1.70719844358	0.127271528503
-1.69260700389	0.127526086713
-1.6780155642	0.127778454058
-1.66342412451	0.12802863074
-1.64883268482	0.128276616952
-1.63424124514	0.128522412887
-1.61964980545	0.128766018732
-1.60505836576	0.129007434669
-1.59046692607	0.129246660876
-1.57587548638	0.12948369753
-1.56128404669	0.129718544801
-1.546692607	0.129951202857
-1.53210116731	0.130181671861
-1.51750972763	0.130409951974
-1.50291828794	0.130636043352
-1.48832684825	0.130859946149
-1.47373540856	0.131081660515
-1.45914396887	0.131301186596
-1.44455252918	0.131518524538
-1.42996108949	0.13173367448
-1.4153696498	0.13194663656
-1.40077821012	0.132157410913
-1.38618677043	0.132365997671
-1.37159533074	0.132572396963
-1.35700389105	0.132776608915
-1.34241245136	0.132978633652
-1.32782101167	0.133178471293
-1.31322957198	0.133376121958
-1.29863813229	0.133571585762
-1.28404669261	0.13376486282
-1.26945525292	0.133955953243
-1.25486381323	0.134144857138
-1.24027237354	0.134331574613
-1.22568093385	0.134516105772
-1.21108949416	0.134698450717
-1.19649805447	0.134878609548
-1.18190661479	0.135056582363
-1.1673151751	0.135232369257
-1.15272373541	0.135405970324
-1.13813229572	0.135577385655
-1.12354085603	0.135746615342
-1.10894941634	0.13591365947
-1.09435797665	0.136078518127
-1.07976653696	0.136241191395
-1.06517509728	0.136401679359
-1.05058365759	0.136559982097
-1.0359922179	0.136716099689
-1.02140077821	0.136870032212
-1.00680933852	0.137021779742
-0.992217898832	0.137171342351
-0.977626459143	0.137318720112
-0.963035019454	0.137463913096
-0.948443579766	0.137606921371
-0.933852140077	0.137747745006
-0.919260700388	0.137886384065
-0.9046692607	0.138022838614
-0.890077821011	0.138157108715
-0.875486381322	0.13828919443
-0.860894941633	0.138419095819
-0.846303501945	0.138546812941
-0.831712062256	0.138672345853
-0.817120622567	0.138795694612
-0.802529182879	0.138916859271
-0.78793774319	0.139035839885
-0.773346303501	0.139152636506
-0.758754863812	0.139267249184
-0.744163424124	0.13937967797
-0.729571984435	0.139489922911
-0.714980544746	0.139597984055
-0.700389105058	0.139703861448
-0.685797665369	0.139807555135
-0.67120622568	0.139909065159
-0.656614785991	0.140008391563
-0.642023346303	0.140105534389
-0.627431906614	0.140200493677
-0.612840466925	0.140293269466
-0.598249027237	0.140383861794
-0.583657587548	0.140472270699
-0.569066147859	0.140558496215
-0.55447470817	0.14064253838
-0.539883268482	0.140724397226
-0.525291828793	0.140804072786
-0.510700389104	0.140881565092
-0.496108949416	0.140956874175
-0.481517509727	0.141030000066
-0.466926070038	0.141100942792
-0.452334630349	0.141169702383
-0.437743190661	0.141236278865
-0.423151750972	0.141300672264
-0.408560311283	0.141362882606
-0.393968871594	0.141422909915
-0.379377431906	0.141480754213
-0.364785992217	0.141536415524
-0.350194552528	0.141589893869
-0.33560311284	0.141641189268
-0.321011673151	0.141690301742
-0.306420233462	0.141737231308
-0.291828793773	0.141781977986
-0.277237354085	0.141824541791
-0.262645914396	0.141864922741
-0.248054474707	0.141903120851
-0.233463035019	0.141939136134
-0.21887159533	0.141972968605
-0.204280155641	0.142004618277
-0.189688715952	0.142034085161
-0.175097276264	0.142061369269
-0.160505836575	0.142086470611
-0.145914396886	0.142109389195
-0.131322957198	0.142130125032
-0.116731517509	0.142148678128
-0.10214007782	0.14216504849
-0.0875486381314	0.142179236125
-0.0729571984427	0.142191241038
-0.058365758754	0.142201063234
-0.0437743190653	0.142208702716
-0.0291828793766	0.142214159486
-0.0145914396879	0.142217433548
8.5975671027e-13	0.142218524901
0.0145914396896	0.142217433548
0.0291828793783	0.142214159486
0.043774319067	0.142208702716
0.0583657587557	0.142201063234
0.0729571984444	0.142191241038
0.0875486381332	0.142179236125
0.102140077822	0.14216504849
0.116731517511	0.142148678128
0.131322957199	0.142130125032
0.145914396888	0.142109389195
0.160505836577	0.142086470611
0.175097276265	0.142061369269
0.189688715954	0.142034085161
0.204280155643	0.142004618277
0.218871595332	0.141972968605
0.23346303502	0.141939136134
0.248054474709	0.141903120851
0.262645914398	0.141864922741
0.277237354086	0.141824541791
0.291828793775	0.141781977986
0.306420233464	0.141737231308
0.321011673153	0.141690301742
0.335603112841	0.141641189268
0.35019455253	0.141589893869
0.364785992219	0.141536415524
0.379377431907	0.141480754213
0.393968871596	0.141422909915
0.408560311285	0.141362882606
0.423151750974	0.141300672264
0.437743190662	0.141236278865
0.452334630351	0.141169702383
0.46692607004	0.141100942792
0.481517509729	0.141030000066
0.496108949417	0.140956874175
0.510700389106	0.140881565092
0.525291828795	0.140804072786
0.539883268483	0.140724397225
0.554474708172	0.14064253838
0.569066147861	0.140558496215
0.58365758755	0.140472270699
0.598249027238	0.140383861794
0.612840466927	0.140293269466
0.627431906616	0.140200493677
0.642023346304	0.140105534389
0.656614785993	0.140008391563
0.671206225682	0.139909065159
0.685797665371	0.139807555135
0.700389105059	0.139703861448
0.714980544748	0.139597984055
0.729571984437	0.139489922911
0.744163424125	0.13937967797
0.758754863814	0.139267249184
0.773346303503	0.139152636506
0.787937743192	0.139035839885
0.80252918288	0.138916859271
0.817120622569	0.138795694612
0.831712062258	0.138672345853
0.846303501946	0.138546812941
0.860894941635	0.138419095819
0.875486381324	0.13828919443
0.890077821013	0.138157108715
0.904669260701	0.138022838614
0.91926070039	0.137886384065
0.933852140079	0.137747745006
0.948443579767	0.137606921371
0.963035019456	0.137463913096
0.977626459145	0.137318720112
0.992217898834	0.137171342351
1.00680933852	0.137021779742
1.02140077821	0.136870032212
1.0359922179	0.136716099689
1.05058365759	0.136559982097
1.06517509728	0.136401679359
1.07976653697	0.136241191395
1.09435797665	0.136078518127
1.10894941634	0.13591365947
1.12354085603	0.135746615342
1.13813229572	0.135577385655
1.15272373541	0.135405970324
1.1673151751	0.135232369257
1.18190661479	0.135056582363
1.19649805448	0.134878609548
1.21108949416	0.134698450717
1.22568093385	0.134516105772
1.24027237354	0.134331574613
1.25486381323	0.134144857138
1.26945525292	0.133955953243
1.28404669261	0.13376486282
1.2986381323	0.133571585762
1.31322957199	0.133376121958
1.32782101167	0.133178471293
1.34241245136	0.132978633652
1.35700389105	0.132776608915
1.37159533074	0.132572396963
1.38618677043	0.132365997671
1.40077821012	0.132157410913
1.41536964981	0.13194663656
1.4299610895	0.13173367448
1.44455252918	0.131518524538
1.45914396887	0.131301186596
1.47373540856	0.131081660515
1.48832684825	0.130859946149
1.50291828794	0.130636043352
1.51750972763	0.130409951974
1.53210116732	0.130181671861
1.546692607	0.129951202857
1.56128404669	0.129718544801
1.57587548638	0.12948369753
1.59046692607	0.129246660876
1.60505836576	0.129007434669
1.61964980545	0.128766018732
1.63424124514	0.128522412887
1.64883268483	0.128276616952
1.66342412451	0.12802863074
1.6780155642	0.127778454058
1.69260700389	0.127526086713
1.70719844358	0.127271528503
1.72178988327	0.127014779224
1.73638132296	0.126755838668
1.75097276265	0.126494706621
1.76556420234	0.126231382862
1.78015564202	0.12596586717
1.79474708171	0.125698159314
1.8093385214	0.125428259059
1.82392996109	0.125156166168
1.83852140078	0.124881880392
1.85311284047	0.124605401483
1.86770428016	0.124326729181
1.88229571985	0.124045863224
1.89688715953	0.123762803342
1.91147859922	0.123477549259
1.92607003891	0.123190100691
1.9406614786	0.122900457351
1.95525291829	0.122608618939
1.96984435798	0.122314585154
1.98443579767	0.122018355682
1.99902723736	0.121719930206
2.01361867704	0.121419308397
2.02821011673	0.12111648992
2.04280155642	0.120811474432
2.05739299611	0.120504261581
2.0719844358	0.120194851004
2.08657587549	0.119883242331
2.10116731518	0.119569435181
2.11575875486	0.119253429166
2.13035019455	0.118935223884
2.14494163424	0.118614818925
2.15953307393	0.118292213867
2.17412451362	0.117967408277
2.18871595331	0.117640401712
2.203307393	0.117311193714
2.21789883269	0.116979783815
2.23249027237	0.116646171535
2.24708171206	0.116310356378
2.26167315175	0.115972337835
2.27626459144	0.115632115386
2.29085603113	0.115289688492
2.30544747082	0.114945056603
2.32003891051	0.114598219149
2.3346303502	0.114249175547
2.34922178988	0.113897925197
2.36381322957	0.113544467481
2.37840466926	0.113188801762
2.39299610895	0.112830927385
2.40758754864	0.112470843677
2.42217898833	0.112108549943
2.43677042802	0.111744045468
2.45136186771	0.111377329516
2.46595330739	0.111008401328
2.48054474708	0.110637260121
2.49513618677	0.110263905089
2.50972762646	0.1098883354
2.52431906615	0.109510550198
2.53891050584	0.109130548597
2.55350194553	0.108748329685
2.56809338522	0.10836389252
2.5826848249	0.107977236131
2.59727626459	0.107588359513
2.61186770428	0.107197261631
2.62645914397	0.106803941414
2.64105058366	0.106408397756
2.65564202335	0.106010629515
2.67023346304	0.105610635511
2.68482490272	0.105208414521
2.69941634241	0.104803965285
2.7140077821	0.104397286497
2.72859922179	0.103988376807
2.74319066148	0.103577234819
2.75778210117	0.103163859086
2.77237354086	0.102748248113
2.78696498055	0.102330400352
2.80155642023	0.1019103142
2.81614785992	0.101487987995
2.83073929961	0.101063420019
2.8453307393	0.10063660849
2.85992217899	0.100207551563
2.87451361868	0.0997762473243
2.88910505837	0.0993426937927
2.90369649806	0.0989068889136
2.91828793774	0.098468830557
2.93287937743	0.0980285165146
2.94747081712	0.0975859444967
2.96206225681	0.0971411121287
2.9766536965	0.0966940169477
2.99124513619	0.0962446563993
3.00583657588	0.0957930278336
3.02042801557	0.095339128502
3.03501945525	0.0948829555526
3.04961089494	0.0944245060272
3.06420233463	0.0939637768561
3.07879377432	0.0935007648549
3.09338521401	0.0930354667196
3.1079766537	0.0925678790224
3.12256809339	0.0920979982071
3.13715953307	0.0916258205846
3.15175097276	0.0911513423278
3.16634241245	0.0906745594672
3.18093385214	0.090195467886
3.19552529183	0.0897140633147
3.21011673152	0.0892303413266
3.22470817121	0.0887442973323
3.2392996109	0.0882559265747
3.25389105058	0.0877652241241
3.26848249027	0.0872721848728
3.28307392996	0.0867768035301
3.29766536965	0.0862790746172
3.31225680934	0.0857789924623
3.32684824903	0.0852765511955
3.34143968872	0.0847717447442
3.35603112841	0.0842645668286
3.37062256809	0.083755010957
3.38521400778	0.0832430704219
3.39980544747	0.0827287382962
3.41439688716	0.0822120074295
3.42898832685	0.0816928704449
3.44357976654	0.0811713197368
3.45817120623	0.0806473474682
3.47276264592	0.0801209455698
3.4873540856	0.0795921057386
3.50194552529	0.0790608194381
3.51653696498	0.0785270778989
3.53112840467	0.0779908721204
3.54571984436	0.0774521928738
3.56031128405	0.0769110307056
3.57490272374	0.0763673759428
3.58949416343	0.0758212186998
3.60408560311	0.0752725488861
3.6186770428	0.074721356216
3.63326848249	0.0741676302207
3.64785992218	0.0736113602611
3.66245136187	0.0730525355443
3.67704280156	0.0724911451408
3.69163424125	0.0719271780057
3.70622568093	0.0713606230018
3.72081712062	0.0707914689256
3.73540856031	0.0702197045367
3.75	0.0696453185907
3.76459143969	0.0690682998751
3.77918287938	0.0684886372499
3.79377431907	0.0679063196915
3.80836575876	0.0673213363413
3.82295719844	0.0667336765593
3.83754863813	0.0661433299816
3.85214007782	0.0655502865843
3.86673151751	0.0649545367519
3.8813229572	0.0643560713522
3.89591439689	0.0637548818166
3.91050583658	0.0631509602271
3.92509727627	0.0625442994102
3.93968871595	0.0619348930374
3.95428015564	0.0613227357327
3.96887159533	0.0607078231881
3.98346303502	0.060090152287
3.99805447471	0.0594697212349
4.0126459144	0.058846529699
4.02723735409	0.0582205789563
4.04182879378	0.0575918720499
4.05642023346	0.0569604139551
4.07101167315	0.0563262117533
4.08560311284	0.0556892748166
4.10019455253	0.0550496149996
4.11478599222	0.0544072468426
4.12937743191	0.0537621877825
4.1439688716	0.0531144583732
4.15856031129	0.0524640825151
4.17315175097	0.0518110876935
4.18774319066	0.0511555052249
4.20233463035	0.050497370512
4.21692607004	0.0498367233057
4.23151750973	0.049173607975
4.24610894942	0.0485080737824
4.26070038911	0.0478401751654
4.27529182879	0.0471699720231
4.28988326848	0.0464975300056
4.30447470817	0.0458229208075
4.31906614786	0.0451462224614
4.33365758755	0.0444675196328
4.34824902724	0.0437869039122
4.36284046693	0.0431044741054
4.37743190662	0.0424203365186
4.3920233463	0.041734605236
4.40661478599	0.0410474023899
4.42120622568	0.040358858419
4.43579766537	0.0396691123138
4.45038910506	0.0389783118462
4.46498054475	0.0382866137814
4.47957198444	0.0375941840682
4.49416342413	0.036901198007
4.50875486381	0.0362078403907
4.5233463035	0.0355143056165
4.53793774319	0.0348207977669
4.55252918288	0.0341275306548
4.56712062257	0.0334347278316
4.58171206226	0.0327426225551
4.59630350195	0.0320514577139
4.61089494164	0.031361485707
4.62548638132	0.030672968274
4.64007782101	0.0299861762766
4.6546692607	0.0293013894263
4.66926070039	0.0286188959584
4.68385214008	0.0279389922509
4.69844357977	0.0272619823849
4.71303501946	0.0265881776491
4.72762645915	0.0259178959845
4.74221789883	0.025251461372
4.75680933852	0.0245892031616
4.77140077821	0.0239314553454
4.7859922179	0.0232785557744
4.80058365759	0.0226308453233
4.81517509728	0.021988667003
4.82976653697	0.021352365027
4.84435797665	0.0207222838323
4.85894941634	0.0200987670619
4.87354085603	0.0194821565114
4.88813229572	0.0188727910461
4.90272373541	0.018271005494
4.9173151751	0.0176771295215
4.93190661479	0.0170914864976
4.94649805448	0.0165143923537
4.96108949416	0.0159461544472
4.97568093385	0.0153870704354
4.99027237354	0.0148374271677
5.00486381323	0.0142974996044
5.01945525292	0.0137675497687
5.03404669261	0.013247825741
5.0486381323	0.0127385607025
5.06322957199	0.0122399720342
5.07782101167	0.0117522604809
5.09241245136	0.0112756093837
5.10700389105	0.0108101839901
5.12159533074	0.0103561308437
5.13618677043	0.00991357726215
5.15077821012	0.00948263090444
5.16536964981	0.00906337943224
5.1799610895	0.00865589026789
5.19455252918	0.0082602104504
5.20914396887	0.00787636659059
5.22373540856	0.00750436492531
5.23832684825	0.00714419146993
5.25291828794	0.00679581226746
5.26750972763	0.00645917373174
5.28210116732	0.00613420308144
5.29669260701	0.00582080886077
5.31128404669	0.00551888154222
5.32587548638	0.00522829420602
5.34046692607	0.00494890329015
5.35505836576	0.00468054940479
5.36964980545	0.00442305820421
5.38424124514	0.00417624130887
5.39883268483	0.00393989727068
5.41342412451	0.00371381257341
5.4280155642	0.00349776266113
5.44260700389	0.00329151298669
5.45719844358	0.00309482007301
5.47178988327	0.00290743257976
5.48638132296	0.00272909236828
5.50097276265	0.0025595355581
5.51556420234	0.00239849356852
5.53015564202	0.0022456941393
5.54474708171	0.00210086232486
5.5593385214	0.00196372145692
5.57392996109	0.00183399407104
5.58852140078	0.00171140279298
5.60311284047	0.00159567118144
5.61770428016	0.00148652452413
5.63229571985	0.00138369058486
5.64688715953	0.00128690029973
5.66147859922	0.00119588842097
5.67607003891	0.00111039410774
5.6906614786	0.00103016146331
5.70525291829	0.000954940018737
5.71984435798	0.000884485163503
5.73443579767	0.000818558523951
5.74902723736	0.000756928290626
5.76361867704	0.000699369496066
5.77821011673	0.000645664244761
5.79280155642	0.000595601897254
5.80739299611	0.000548979210568
5.8219844358	0.000505600437275
5.83657587549	0.000465277385677
5.85116731518	0.00042782944364
5.86575875487	0.000393083568689
5.88035019455	0.000360874247011
5.89494163424	0.000331043424022
5.90953307393	0.000303440409117
5.92412451362	0.000277921757213
5.93871595331	0.000254351129609
5.953307393	0.000232599136645
5.96789883269	0.000212543164511
5.98249027237	0.000194067188499
5.99708171206	0.000177061574866
6.01167315175	0.000161422873327
6.02626459144	0.000147053602147
6.04085603113	0.000133862027582
6.05544747082	0.000121761939369
6.07003891051	0.000110672423794
6.0846303502	0.000100517635731
6.09922178988	9.12265709519e-05
6.11381322957	8.27328398462e-05
6.12840466926	7.49744435938e-05
6.14299610895	6.7893553696e-05
6.15758754864	6.14362956751e-05
6.17217898833	5.55525376371e-05
6.18677042802	5.01956842915e-05
6.20136186771	4.53224769321e-05
6.21595330739	4.08927997882e-05
6.23054474708	3.68694930792e-05
6.24513618677	3.32181730262e-05
6.25972762646	2.9907059006e-05
6.27431906615	2.69068079704e-05
6.28891050584	2.41903561953e-05
6.30350194553	2.17327683744e-05
6.31809338522	1.95110940249e-05
6.3326848249	1.75042311334e-05
6.34727626459	1.56927969353e-05
6.36186770428	1.40590056881e-05
6.37645914397	1.25865532771e-05
6.39105058366	1.12605084647e-05
6.40564202335	1.00672105819e-05
6.42023346304	8.99417344112e-06
6.43482490272	8.02999524156e-06
6.44941634241	7.16427422817e-06
6.4640077821	6.38752985941e-06
6.47859922179	5.69112923625e-06
6.49319066148	5.06721854278e-06
6.50778210117	4.50865924966e-06
6.52237354086	4.00896883333e-06
6.53696498055	3.5622657677e-06
6.55155642023	3.16321854961e-06
6.56614785992	2.80699852478e-06
6.58073929961	2.48923628803e-06
6.5953307393	2.2059814381e-06
6.60992217899	1.95366547587e-06
6.62451361868	1.72906764238e-06
6.63910505837	1.52928350188e-06
6.65369649806	1.35169608378e-06
6.66828793774	1.19394940607e-06
6.68287937743	1.05392421176e-06
6.69747081712	9.29715758607e-07
6.71206225681	8.19613511145e-07
6.7266536965	7.22082592588e-07
6.74124513619	6.35746862513e-07
6.75583657588	5.59373494421e-07
6.77042801557	4.91858935138e-07
6.78501945525	4.32216135609e-07
6.79961089494	3.79562949967e-07
6.81420233463	3.33111606767e-07
6.82879377432	2.92159162925e-07
6.84338521401	2.56078857288e-07
6.8579766537	2.24312286782e-07
6.87256809339	1.96362333792e-07
6.88715953308	1.71786778816e-07
6.90175097276	1.50192537533e-07
6.91634241245	1.31230466128e-07
6.93093385214	1.14590683273e-07
6.94552529183	9.99983612639e-08
6.96011673152	8.72099427528e-08
6.97470817121	7.60097431442e-08
6.9892996109	6.62069020966e-08
7.00389105058	5.76326507069e-08
7.01848249027	5.01378638695e-08
7.03307392996	4.35908699764e-08
7.04766536965	3.7875492622e-08
7.06225680934	3.28893012518e-08
7.07684824903	2.8542049808e-08
7.09143968872	2.47542843572e-08
7.10603112841	2.14561024665e-08
7.12062256809	1.85860487179e-08
7.13521400778	1.60901322463e-08
7.14980544747	1.39209535405e-08
7.16439688716	1.20369290023e-08
7.17898832685	1.04016028768e-08
7.19357976654	8.98303721072e-09
7.20817120623	7.75327142416e-09
7.22276264592	6.68784393944e-09
7.2373540856	5.76536907697e-09
7.25194552529	4.96716313156e-09
7.26653696498	4.27691417154e-09
7.28112840467	3.68039067907e-09
7.29571984436	3.16518466139e-09
7.31031128405	2.72048533167e-09
7.32490272374	2.33687987444e-09
7.33949416343	2.00617818985e-09
7.35408560311	1.72125884753e-09
7.3686770428	1.47593378692e-09
7.38326848249	1.26482957128e-09
7.39785992218	1.08328324977e-09
7.41245136187	9.2725109776e-10
7.42704280156	7.93228702926e-10
7.44163424125	6.78181037916e-10
7.45622568094	5.79481317203e-10
7.47081712062	4.94857573347e-10
7.48540856031	4.22346012835e-10
7.5	3.60250319728e-10
7.51459143969	3.07106175431e-10
7.52918287938	2.61650349461e-10
7.54377431907	2.22793787298e-10
7.55836575876	1.89598199567e-10
7.57295719844	1.61255710076e-10
7.58754863813	1.37071175106e-10
7.60214007782	1.16446834758e-10
7.61673151751	9.88689977406e-11
7.6313229572	8.38964986699e-11
7.64591439689	7.11506985941e-11
7.66050583658	6.03068286538e-11
7.67509727627	5.10865015148e-11
7.68968871595	4.32512376319e-11
7.70428015564	3.65968725451e-11
7.71887159533	3.09487287475e-11
7.73346303502	2.61574502666e-11
7.74805447471	2.20954116516e-11
7.7626459144	1.86536240973e-11
7.77723735409	1.57390717509e-11
7.79182879378	1.32724199217e-11
7.80642023346	1.11860445966e-11
7.82101167315	9.42233932215e-12
7.83560311284	7.93226143644e-12
7.85019455253	6.6740845684e-12
7.86478599222	5.61232892661e-12
7.87937743191	4.71684458715e-12
7.8939688716	3.96202645371e-12
7.90856031129	3.32614238948e-12
7.92315175097	2.79075860549e-12
7.93774319066	2.34024853221e-12
7.95233463035	1.96137333188e-12
7.96692607004	1.64292381407e-12
7.98151750973	1.37541499293e-12
7.99610894942	1.15082568925e-12
8.01070038911	9.62376694475e-13
8.0252918288	8.04341896243e-13
8.03988326848	6.71887581405e-13
8.05447470817	5.60935789803e-13
8.06906614786	4.68048203801e-13
8.08365758755	3.90327535209e-13
8.09824902724	3.25333845163e-13
8.11284046693	2.71013564418e-13
8.12743190662	2.25639332885e-13
8.1420233463	1.87759037781e-13
8.15661478599	1.561526748e-13
8.17120622568	1.29795848271e-13
8.18579766537	1.07828915431e-13
8.20038910506	8.95309092901e-14
8.21498054475	7.42975229366e-14
8.22957198444	6.16225280425e-14
8.24416342413	5.10821043356e-14
8.25875486381	4.23216304883e-14
8.2733463035	3.50445587162e-14
8.28793774319	2.90030478553e-14
8.30252918288	2.39900842643e-14
8.31712062257	1.98328550974e-14
8.33171206226	1.63871821142e-14
8.34630350195	1.3532845912e-14
8.36089494164	1.11696624256e-14
8.37548638132	9.21419177528e-15
8.39007782101	7.59697977822e-15
8.4046692607	6.26024663977e-15
8.41926070039	5.15595254394e-15
8.43385214008	4.24417806371e-15
8.44844357977	3.4917708028e-15
8.46303501946	2.87121380645e-15
8.47762645915	2.35968067566e-15
8.49221789883	1.93824668634e-15
8.50680933852	1.59123089688e-15
8.52140077821	1.30564737635e-15
8.5359922179	1.07074827566e-15
8.55058365759	8.77642927382e-16
8.56517509728	7.18981210728e-16
8.57976653697	5.8868997361e-16
8.59435797666	4.8175405017e-16
8.60894941634	3.94034215598e-16
8.62354085603	3.22116176209e-16
8.63813229572	2.63185137175e-16
8.65272373541	2.14921899254e-16
8.6673151751	1.75416578198e-16
8.68190661479	1.43097313538e-16
8.69649805448	1.16671128515e-16
8.71108949416	9.5075056905e-17
8.72568093385	7.74357007615e-17
8.74027237354	6.30358374262e-17
8.75486381323	5.12868017119e-17
8.76945525292	4.17057392669e-17
8.78404669261	3.38967660019e-17
8.7986381323	2.75355135048e-17
8.81322957199	2.2356341032e-17
8.82782101167	1.81418312838e-17
8.84241245136	1.47141250847e-17
8.85700389105	1.19278165467e-17
8.87159533074	9.66408373203e-18
8.88618677043	7.82589678011e-18
8.90077821012	6.33404707745e-18
8.91536964981	5.12392210629e-18
8.9299610895	4.14283750788e-18
8.94455252918	3.34786302703e-18
8.95914396887	2.7040322773e-18
8.97373540856	2.18288452612e-18
8.98832684825	1.76126285097e-18
9.00291828794	1.4203420826e-18
9.01750972763	1.14481927119e-18
9.03210116732	9.22266690942e-19
9.04669260701	7.42594343723e-19
9.06128404669	5.97616475795e-19
9.07587548638	4.80694370215e-19
9.09046692607	3.8644847074e-19
9.10505836576	3.10519855359e-19
9.11964980545	2.49381636891e-19
9.13424124514	2.00177904492e-19
9.14883268483	1.60599859744e-19
9.16342412452	1.28780801509e-19
9.1780155642	1.03213091864e-19
9.19260700389	8.26790091961e-20
9.20719844358	6.61962295969e-20
9.22178988327	5.29720587434e-20
9.23638132296	4.23681972116e-20
9.25097276265	3.38696426708e-20
9.26556420234	2.70620775304e-20
9.28015564202	2.16117372499e-20
9.29474708171	1.72503472545e-20
9.3093385214	1.37620863161e-20
9.32392996109	1.09736141886e-20
9.33852140078	8.74558214378e-21
9.35311284047	6.96647193016e-21
9.36770428016	5.54646738179e-21
9.38229571985	4.41370310043e-21
9.39688715953	3.51050203122e-21
9.41147859922	2.79073094254e-21
9.42607003891	2.21739656248e-21
9.4406614786	1.76096973129e-21
9.45525291829	1.39774742759e-21
9.46984435798	1.10891136246e-21
9.48443579767	8.79323408793e-22
9.49902723736	6.96931739722e-22
9.51361867704	5.52088741382e-22
9.52821011673	4.37138749633e-22
9.54280155642	3.4594431705e-22
9.55739299611	2.73639691729e-22
9.5719844358	2.16323334974e-22
9.58657587549	1.70935223279e-22
9.60116731518	1.35002917681e-22
9.61575875487	1.06579223755e-22
9.63035019455	8.40974111323e-23
9.64494163424	6.63265829819e-23
9.65953307393	5.22820450047e-23
9.67412451362	4.11918414852e-23
9.68871595331	3.24319389463e-23
9.703307393	2.55265249693e-23
9.71789883269	2.00810662775e-23
9.73249027237	1.57915912111e-23
9.74708171206	1.24125774958e-23
9.76167315175	9.75233675472e-24
9.77626459144	7.65656449704e-24
9.79085603113	6.00859843567e-24
9.80544747082	4.71085440441e-24
9.82003891051	3.69328955617e-24
9.8346303502	2.89445448979e-24
9.84922178988	2.26850742673e-24
9.86381322957	1.77680001822e-24
9.87840466926	1.39148506471e-24
9.89299610895	1.08903558414e-24
9.90758754864	8.51863868621e-25
9.92217898833	6.65375767041e-25
9.93677042802	5.19899804321e-25
9.95136186771	4.05856121408e-25
9.96595330739	3.17031719057e-25
9.98054474708	2.47403485906e-25
9.99513618677	1.9306280861e-25
10.0097276265	1.50453486503e-25
10.0243190661	1.17276265189e-25
10.0389105058	9.10594989017e-26
10.0535019455	7.08759423203e-26
10.0680933852	5.51976757219e-26
10.0826848249	4.31192901646e-26
10.0972762646	3.36879859496e-26
10.1118677043	2.63557086291e-26
10.126459144	2.05999608032e-26
10.1410505837	1.61911815924e-26
10.1556420233	1.27035014681e-26
10.170233463	1.00400172594e-26
10.1848249027	7.97790782746e-27
10.1994163424	6.38658639187e-27
10.2140077821	5.13868748863e-27
10.2285992218	4.18604707875e-27
10.2431906615	3.44681690887e-27
10.2577821012	2.88704777375e-27
10.2723735409	2.47057527878e-27
10.2869649805	2.14864561718e-27
10.3015564202	1.91094602153e-27
10.3161478599	1.72493157869e-27
10.3307392996	1.58321926767e-27
10.3453307393	1.45864553677e-27
10.359922179	1.37817269878e-27
10.3745136187	1.32633353521e-27
10.3891050584	1.32405744454e-27
10.4036964981	1.31256548302e-27
10.4182879377	1.30647031514e-27
10.4328793774	1.29483272514e-27
10.4474708171	1.29707218987e-27
10.4620622568	1.28458185077e-27
10.4766536965	1.29663079028e-27
10.4912451362	1.31785477445e-27
10.5058365759	1.38835832915e-27
10.5204280156	1.41098555541e-27
10.5350194553	1.42475921538e-27
10.5496108949	1.42109184094e-27
10.5642023346	1.42607297845e-27
10.5787937743	1.41108314118e-27
10.593385214	1.42017015077e-27
10.6079766537	1.43791778552e-27
10.6225680934	1.5028408349e-27
10.6371595331	1.50371526246e-27
10.6517509728	1.5032162151e-27
10.6663424125	1.48553882449e-27
10.6809338521	1.4768862701e-27
10.6955252918	1.45236165222e-27
10.7101167315	1.46023045782e-27
10.7247081712	1.46506577095e-27
10.7392996109	1.51107866525e-27
10.7538910506	1.51506502069e-27
10.7684824903	1.52045719288e-27
10.78307393	1.51153927219e-27
10.7976653697	1.52244344421e-27
10.8122568093	1.49930868536e-27
10.826848249	1.49126122622e-27
10.8414396887	1.49337443223e-27
10.8560311284	1.54527647034e-27
10.8706225681	1.54678664011e-27
10.8852140078	1.53721544697e-27
10.8998054475	1.50737400892e-27
10.9143968872	1.49946113733e-27
10.9289883268	1.46892605839e-27
10.9435797665	1.45615691954e-27
10.9581712062	1.43967375642e-27
10.9727626459	1.48019620104e-27
10.9873540856	1.47302543036e-27
11.0019455253	1.4579695443e-27
11.016536965	1.44064897276e-27
11.0311284047	1.43490966237e-27
11.0457198444	1.43056630084e-27
11.060311284	1.46090306054e-27
11.0749027237	1.49197562361e-27
11.0894941634	1.59312024777e-27
11.1040856031	1.69373090904e-27
11.1186770428	1.84588257485e-27
11.1332684825	2.04432308009e-27
11.1478599222	2.35111152085e-27
11.1624513619	2.76000796052e-27
11.1770428016	3.37108582619e-27
11.1916342412	4.20850856466e-27
11.2062256809	5.40740640918e-27
11.2208171206	6.93329204937e-27
11.2354085603	9.15134266946e-27
11.25	1.1190193669e-26
11.2645914397	9.10161093288e-27
11.2791828794	6.80453400654e-27
11.2937743191	5.20626401233e-27
11.3083657588	3.95761467512e-27
11.3229571984	3.03138728609e-27
11.3375486381	2.32566482631e-27
11.3521400778	1.79877395148e-27
11.3667315175	1.39265976634e-27
11.3813229572	1.09097374807e-27
11.3959143969	8.65892069369e-28
11.4105058366	7.00381369764e-28
11.4250972763	5.74752200439e-28
11.439688716	4.82359139665e-28
11.4542801556	4.14880541735e-28
11.4688715953	3.6527908541e-28
11.483463035	3.29170268329e-28
11.4980544747	3.00106106096e-28
11.5126459144	2.81941636099e-28
11.5272373541	2.65902057121e-28
11.5418287938	2.52159516009e-28
11.5564202335	2.45169930888e-28
11.5710116732	2.42983391502e-28
11.5856031128	2.37248123919e-28
11.6001945525	2.36784862416e-28
11.6147859922	2.36547324374e-28
11.6293774319	2.40804080071e-28
11.6439688716	2.43973415014e-28
11.6585603113	2.42508326059e-28
11.673151751	2.3514293285e-28
11.6877431907	2.38703665544e-28
11.7023346304	2.39232640349e-28
11.71692607	2.43046723606e-28
11.7315175097	2.49157867389e-28
11.7461089494	2.61587865292e-28
11.7607003891	2.78289009253e-28
11.7752918288	2.98917248296e-28
11.7898832685	3.15620201499e-28
11.8044747082	3.33839694811e-28
11.8190661479	3.53449510593e-28
11.8336575876	3.71420186077e-28
11.8482490272	3.87231919896e-28
11.8628404669	4.11235061731e-28
11.8774319066	4.37758014111e-28
11.8920233463	4.53815155319e-28
11.906614786	4.66372365239e-28
11.9212062257	4.79400769349e-28
11.9357976654	4.82939223316e-28
11.9503891051	4.90190573818e-28
11.9649805447	4.88605084249e-28
11.9795719844	4.86784861198e-28
11.9941634241	4.8521915141e-28
12.0087548638	4.79742522071e-28
12.0233463035	4.70649617025e-28
12.0379377432	4.72177105656e-28
12.0525291829	4.69831109167e-28
12.0671206226	4.60005691228e-28
12.0817120623	4.53464882712e-28
12.0963035019	4.51907290431e-28
12.1108949416	4.53195472699e-28
12.1254863813	4.60835852538e-28
12.140077821	4.7211367731e-28
12.1546692607	4.83509479493e-28
12.1692607004	4.86379278139e-28
12.1838521401	4.8754252263e-28
12.1984435798	4.84012922011e-28
12.2130350195	4.79925383405e-28
12.2276264591	4.81652164867e-28
12.2422178988	4.80186421734e-28
12.2568093385	4.89529655548e-28
12.2714007782	5.00531345367e-28
12.2859922179	5.07130299453e-28
12.3005836576	5.11972160831e-28
12.3151750973	5.10500289582e-28
12.329766537	5.06613399778e-28
12.3443579767	5.09657031126e-28
12.3589494163	5.07042237376e-28
12.373540856	5.15976041478e-28
12.3881322957	5.27209597384e-28
12.4027237354	5.31386105158e-28
12.4173151751	5.24876638648e-28
12.4319066148	5.1766406112e-28
12.4464980545	5.08581268343e-28
12.4610894942	5.10719082899e-28
12.4756809339	5.15918122143e-28
12.4902723735	5.31164726807e-28
12.5048638132	5.40584780943e-28
12.5194552529	5.48493271817e-28
12.5340466926	5.47783361507e-28
12.5486381323	5.43948618613e-28
12.563229572	5.40494298481e-28
12.5778210117	5.43232294594e-28
12.5924124514	5.40253276133e-28
12.6070038911	5.5588216392e-28
12.6215953307	5.56570287099e-28
12.6361867704	5.53650930879e-28
12.6507782101	5.40676360845e-28
12.6653696498	5.31076837943e-28
12.6799610895	5.26183639476e-28
12.6945525292	5.35900089161e-28
12.7091439689	5.47302346455e-28
12.7237354086	5.81165021827e-28
12.7383268483	5.995707566e-28
12.7529182879	6.03056314034e-28
12.7675097276	5.92479955119e-28
12.7821011673	5.89647501444e-28
12.796692607	5.8216532998e-28
12.8112840467	5.89529219173e-28
12.8258754864	6.03156244162e-28
12.8404669261	6.35541865633e-28
12.8550583658	6.45156865356e-28
12.8696498054	6.49772214042e-28
12.8842412451	6.39992082844e-28
12.8988326848	6.29307830842e-28
12.9134241245	6.23492862711e-28
12.9280155642	6.31392454863e-28
12.9426070039	6.36792733537e-28
12.9571984436	6.60726805873e-28
12.9717898833	6.64573955122e-28
12.986381323	6.66845062031e-28
13.0009727626	6.57411485553e-28
13.0155642023	6.5029730837e-28
13.030155642	6.39128631992e-28
13.0447470817	6.41477004564e-28
13.0593385214	6.4834485917e-28
13.0739299611	6.8668605564e-28
13.0885214008	7.02387293156e-28
13.1031128405	7.05670198462e-28
13.1177042802	6.96950460685e-28
13.1322957198	6.92717490533e-28
13.1468871595	6.83374493937e-28
13.1614785992	6.95394602864e-28
13.1760700389	7.1502176701e-28
13.1906614786	7.57865679362e-28
13.2052529183	7.68959123681e-28
13.219844358	7.81000942691e-28
13.2344357977	7.73959366695e-28
13.2490272374	7.65948526589e-28
13.263618677	7.62291522729e-28
13.2782101167	7.70199832943e-28
13.2928015564	7.73561810467e-28
13.3073929961	8.11172065612e-28
13.3219844358	8.27371769606e-28
13.3365758755	8.34802658787e-28
13.3511673152	8.21894706548e-28
13.3657587549	8.11761706476e-28
13.3803501946	7.95671928188e-28
13.3949416342	7.96053898485e-28
13.4095330739	8.044319709e-28
13.4241245136	8.42129098078e-28
13.4387159533	8.49224601355e-28
13.453307393	8.5642804867e-28
13.4678988327	8.51358786767e-28
13.4824902724	8.50201879536e-28
13.4970817121	8.35173518213e-28
13.5116731518	8.43520224347e-28
13.5262645914	8.58228824406e-28
13.5408560311	9.03694394754e-28
13.5554474708	9.25434435319e-28
13.5700389105	9.40070446616e-28
13.5846303502	9.31207656639e-28
13.5992217899	9.24192352873e-28
13.6138132296	9.16291803564e-28
13.6284046693	9.27718904706e-28
13.642996109	9.33052148025e-28
13.6575875486	9.82944931314e-28
13.6721789883	1.00171399106e-27
13.686770428	1.00752149269e-27
13.7013618677	9.99767286495e-28
13.7159533074	1.00338225377e-27
13.7305447471	9.97238354098e-28
13.7451361868	1.00231937758e-27
13.7597276265	1.01267763349e-27
13.7743190661	1.05667209845e-27
13.7889105058	1.06226721067e-27
13.8035019455	1.06898567549e-27
13.8180933852	1.05042088247e-27
13.8326848249	1.03847658952e-27
13.8472762646	1.02979729443e-27
13.8618677043	1.04487220617e-27
13.876459144	1.05578210697e-27
13.8910505837	1.09932239831e-27
13.9056420233	1.1113219409e-27
13.920233463	1.12047448445e-27
13.9348249027	1.10543630031e-27
13.9494163424	1.10539896353e-27
13.9640077821	1.10182219028e-27
13.9785992218	1.11434661247e-27
13.9931906615	1.12266952744e-27
14.0077821012	1.17430366888e-27
14.0223735409	1.18599535152e-27
14.0369649805	1.18417580417e-27
14.0515564202	1.16904364293e-27
14.0661478599	1.16427420908e-27
14.0807392996	1.14487112753e-27
14.0953307393	1.15379686869e-27
14.109922179	1.167502186e-27
14.1245136187	1.21972753522e-27
14.1391050584	1.22415702765e-27
14.1536964981	1.22697866571e-27
14.1682879377	1.206498291e-27
14.1828793774	1.19511558222e-27
14.1974708171	1.17727000704e-27
14.2120622568	1.17738454243e-27
14.2266536965	1.17560368494e-27
14.2412451362	1.22502261472e-27
14.2558365759	1.23851244267e-27
14.2704280156	1.24393025106e-27
14.2850194553	1.21973171258e-27
14.2996108949	1.2129967422e-27
14.3142023346	1.19677810029e-27
14.3287937743	1.19802862597e-27
14.343385214	1.20465267005e-27
14.3579766537	1.25665499838e-27
14.3725680934	1.26190992415e-27
14.3871595331	1.2504586904e-27
14.4017509728	1.2225089494e-27
14.4163424125	1.21041977148e-27
14.4309338521	1.18193606702e-27
14.4455252918	1.17794554709e-27
14.4601167315	1.1784988762e-27
14.4747081712	1.21393901273e-27
14.4892996109	1.21478395428e-27
14.5038910506	1.21859332627e-27
14.5184824903	1.20044401427e-27
14.53307393	1.19508151642e-27
14.5476653697	1.18680744698e-27
14.5622568093	1.18745409555e-27
14.576848249	1.18231800379e-27
14.5914396887	1.22431995454e-27
14.6060311284	1.22715500952e-27
14.6206225681	1.22523073772e-27
14.6352140078	1.19351997151e-27
14.6498054475	1.17680452621e-27
14.6643968872	1.1560277479e-27
14.6789883268	1.14383407833e-27
14.6935797665	1.13008334198e-27
14.7081712062	1.15123632523e-27
14.7227626459	1.1330670041e-27
14.7373540856	1.11556003552e-27
14.7519455253	1.07712901599e-27
14.766536965	1.05593385791e-27
14.7811284047	1.01345101828e-27
14.7957198444	9.91043444391e-28
14.810311284	9.63970226579e-28
14.8249027237	9.52732768608e-28
14.8394941634	9.05067187557e-28
14.8540856031	8.54301089164e-28
14.8686770428	7.90654265609e-28
14.8832684825	7.4958251636e-28
14.8978599222	7.21016520248e-28
14.9124513619	7.29079624361e-28
14.9270428016	7.79136077882e-28
14.9416342412	9.43672146937e-28
14.9562256809	1.20613433044e-27
14.9708171206	1.64518673297e-27
14.9854085603	2.46062182674e-27
15.0	3.34587271109e-27
