-14.9854085603	1.96937286375e-32
-14.9708171206	9.08217856021e-33
-14.9562256809	3.06808665894e-32
-14.9416342412	2.19057819704e-33
-14.9270428016	2.28085431063e-34
-14.9124513619	7.30717538514e-34
-14.8978599222	9.13131956595e-33
-14.8832684825	8.63044419996e-34
-14.8686770428	1.137929743e-32
-14.8540856031	3.99455222231e-33
-14.8394941634	1.95405117576e-32
-14.8249027237	5.20755236124e-34
-14.810311284	5.09268570748e-33
-14.7957198444	6.05928838977e-34
-14.7811284047	4.20562166775e-33
-14.766536965	5.90594801767e-33
-14.7519455253	3.07204377656e-33
-14.7373540856	1.43732580907e-32
-14.7227626459	3.28207415798e-32
-14.7081712062	1.68797720692e-32
-14.6935797665	1.82752714024e-32
-14.6789883268	2.66578092706e-32
-14.6643968872	2.58009916788e-32
-14.6498054475	1.85857681322e-32
-14.6352140078	1.69121967606e-32
-14.6206225681	1.6019061647e-32
-14.6060311284	6.21835776873e-32
-14.5914396887	2.49047858904e-32
-14.576848249	2.4240999791e-32
-14.5622568093	3.15110101241e-32
-14.5476653696	4.68959615066e-32
-14.53307393	2.94270012247e-32
-14.5184824903	2.7030152734e-32
-14.5038910506	4.09438180925e-32
-14.4892996109	4.97547531339e-32
-14.4747081712	4.1334942404e-32
-14.4601167315	4.91710637605e-32
-14.4455252918	3.66733273432e-32
-14.4309338521	4.24992324406e-32
-14.4163424125	2.8604499215e-32
-14.4017509728	1.74090779077e-32
-14.3871595331	2.34345470041e-32
-14.3725680934	7.39785812261e-32
-14.3579766537	9.49233704648e-32
-14.343385214	7.9984727424e-32
-14.3287937743	6.10236568335e-32
-14.3142023346	7.31340484285e-32
-14.2996108949	9.45567941408e-32
-14.2850194553	7.24039653673e-32
-14.2704280156	5.54263049327e-32
-14.2558365759	6.81673298138e-32
-14.2412451362	7.45233338773e-32
-14.2266536965	7.20603785201e-32
-14.2120622568	7.83021233404e-32
-14.1974708171	7.79725240252e-32
-14.1828793774	6.72343868009e-32
-14.1682879377	7.95332570702e-32
-14.1536964981	7.11424606052e-32
-14.1391050584	7.2512575178e-32
-14.1245136187	9.4031325002e-32
-14.109922179	6.41904860232e-32
-14.0953307393	1.18600829913e-31
-14.0807392996	1.12971645224e-31
-14.0661478599	1.00480288853e-31
-14.0515564202	7.25934866747e-32
-14.0369649805	8.12673956397e-32
-14.0223735409	1.23983935549e-31
-14.0077821012	8.98214904748e-32
-13.9931906615	7.78195962181e-32
-13.9785992218	9.4970315777e-32
-13.9640077821	8.2916319515e-32
-13.9494163424	9.66669402654e-32
-13.9348249027	1.050071822e-31
-13.920233463	8.86840530851e-32
-13.9056420233	1.10540113489e-31
-13.8910505837	1.15102888823e-31
-13.876459144	8.84400738651e-32
-13.8618677043	1.50957706924e-31
-13.8472762646	1.52131693867e-31
-13.8326848249	1.42615872658e-31
-13.8180933852	1.11432907476e-31
-13.8035019455	1.38478271622e-31
-13.7889105058	1.69797145161e-31
-13.7743190661	2.0673002382e-31
-13.7597276265	1.29668776966e-31
-13.7451361868	1.96939447476e-31
-13.7305447471	1.80988060975e-31
-13.7159533074	1.74124138551e-31
-13.7013618677	1.34907869417e-31
-13.686770428	2.19112648004e-31
-13.6721789883	2.34219975796e-31
-13.6575875486	1.55151597836e-31
-13.6429961089	1.40756353109e-31
-13.6284046693	1.56962603854e-31
-13.6138132296	1.2052652759e-31
-13.5992217899	1.27490143935e-31
-13.5846303502	1.25664629769e-31
-13.5700389105	1.18948496237e-31
-13.5554474708	1.58150978644e-31
-13.5408560311	1.57592701614e-31
-13.5262645914	1.32357955361e-31
-13.5116731518	2.27369520332e-31
-13.4970817121	1.72499690494e-31
-13.4824902724	1.68366708479e-31
-13.4678988327	1.5283992068e-31
-13.453307393	1.57578083117e-31
-13.4387159533	1.81548011531e-31
-13.4241245136	2.51780448159e-31
-13.4095330739	2.17631976069e-31
-13.3949416342	2.33799660728e-31
-13.3803501946	2.42791456627e-31
-13.3657587549	2.44178920355e-31
-13.3511673152	2.30711155225e-31
-13.3365758755	2.56656059461e-31
-13.3219844358	2.65594518141e-31
-13.3073929961	2.21888681565e-31
-13.2928015564	1.91846337452e-31
-13.2782101167	2.21781871632e-31
-13.263618677	1.83070470144e-31
-13.2490272374	1.79102755994e-31
-13.2344357977	2.04424998747e-31
-13.219844358	1.80391243567e-31
-13.2052529183	1.86790340339e-31
-13.1906614786	2.46855816838e-31
-13.1760700389	1.95157565593e-31
-13.1614785992	2.60559862548e-31
-13.1468871595	2.42181793017e-31
-13.1322957198	2.51107964896e-31
-13.1177042802	2.15469031245e-31
-13.1031128405	2.57012242409e-31
-13.0885214008	2.20776292278e-31
-13.0739299611	2.48286432052e-31
-13.0593385214	2.31145666138e-31
-13.0447470817	3.11488413434e-31
-13.030155642	2.04968542054e-31
-13.0155642023	2.5267344165e-31
-13.0009727626	2.16024373368e-31
-12.986381323	2.1839568726e-31
-12.9717898833	2.25639889427e-31
-12.9571984436	2.4557129845e-31
-12.9426070039	1.93114024768e-31
-12.9280155642	2.84788329342e-31
-12.9134241245	2.33633040728e-31
-12.8988326848	2.30864962833e-31
-12.8842412451	2.06359975398e-31
-12.8696498054	1.80836025237e-31
-12.8550583658	1.67965074512e-31
-12.8404669261	2.17882604128e-31
-12.8258754864	1.62475389147e-31
-12.8112840467	2.19785829153e-31
-12.796692607	1.80559211843e-31
-12.7821011673	1.80608816383e-31
-12.7675097276	1.25936573839e-31
-12.7529182879	1.75729222391e-31
-12.7383268482	1.91946867024e-31
-12.7237354086	1.75635712049e-31
-12.7091439689	1.31009507616e-31
-12.6945525292	1.72882116252e-31
-12.6799610895	1.27503600463e-31
-12.6653696498	1.26339949031e-31
-12.6507782101	1.14751808337e-31
-12.6361867704	1.28585499812e-31
-12.6215953307	1.21205323287e-31
-12.6070038911	1.59553804232e-31
-12.5924124514	1.31717582756e-31
-12.5778210117	1.92405237726e-31
-12.563229572	1.38369188326e-31
-12.5486381323	1.14373318365e-31
-12.5340466926	9.76343073704e-32
-12.5194552529	1.18556321358e-31
-12.5048638132	9.73136528595e-32
-12.4902723735	1.7330164342e-31
-12.4756809339	1.55349432158e-31
-12.4610894942	2.06989321241e-31
-12.4464980545	1.43587742344e-31
-12.4319066148	1.29638039401e-31
-12.4173151751	1.07560901455e-31
-12.4027237354	1.52502063883e-31
-12.3881322957	1.14033552112e-31
-12.373540856	7.42877804511e-32
-12.3589494163	6.07473422387e-32
-12.3443579767	1.08197844685e-31
-12.329766537	6.03163536921e-32
-12.3151750973	7.2877085764e-32
-12.3005836576	4.27723886933e-32
-12.2859922179	5.15055037149e-32
-12.2714007782	5.77417624569e-32
-12.2568093385	6.85549136144e-32
-12.2422178988	4.25370430249e-32
-12.2276264591	9.05104084987e-32
-12.2130350195	4.62319094932e-32
-12.1984435798	5.55464794693e-32
-12.1838521401	4.18379542071e-32
-12.1692607004	7.31185871874e-32
-12.1546692607	4.24441015145e-32
-12.140077821	8.18001947262e-32
-12.1254863813	6.64719032068e-32
-12.1108949416	9.57318253723e-32
-12.0963035019	5.14186422502e-32
-12.0817120623	5.30396853192e-32
-12.0671206226	3.55717413694e-32
-12.0525291829	8.36804022027e-32
-12.0379377432	4.13445001001e-32
-12.0233463035	6.11315562695e-32
-12.0087548638	2.18438664118e-32
-11.9941634241	5.21660061655e-32
-11.9795719844	2.24140580806e-32
-11.9649805447	3.84642350373e-32
-11.9503891051	2.66144467462e-32
-11.9357976654	2.13639479088e-32
-11.9212062257	1.93298091394e-32
-11.906614786	8.79675287025e-32
-11.8920233463	5.67725524853e-32
-11.8774319066	1.09145924007e-31
-11.8628404669	3.95257459937e-32
-11.8482490272	3.02732465392e-32
-11.8336575875	3.9317527658e-32
-11.8190661479	6.8705637252e-32
-11.8044747082	3.95964632685e-32
-11.7898832685	5.64423720306e-32
-11.7752918288	3.44151823194e-32
-11.7607003891	6.30733644578e-32
-11.7461089494	2.04389139944e-32
-11.7315175097	4.57633916806e-32
-11.71692607	2.78125428137e-32
-11.7023346304	5.78068472411e-32
-11.6877431907	4.11493692211e-32
-11.673151751	2.77867050809e-32
-11.6585603113	3.45600648365e-32
-11.6439688716	5.54666886665e-32
-11.6293774319	2.33910237369e-32
-11.6147859922	3.28665890301e-32
-11.6001945525	1.46114076491e-32
-11.5856031128	3.27754585307e-32
-11.5710116732	2.91967009486e-32
-11.5564202335	6.43960704099e-32
-11.5418287938	2.28716268961e-32
-11.5272373541	6.24264034385e-32
-11.5126459144	3.76216230705e-32
-11.4980544747	2.76866517795e-32
-11.483463035	3.08952123198e-32
-11.4688715953	5.56925080045e-32
-11.4542801556	2.66330724707e-32
-11.439688716	4.48613432278e-32
-11.4250972763	3.43618689222e-32
-11.4105058366	5.29849403578e-32
-11.3959143969	1.8784187928e-32
-11.3813229572	3.08954495504e-32
-11.3667315175	2.8622054494e-32
-11.3521400778	4.92874652039e-32
-11.3375486381	4.58278892195e-32
-11.3229571984	2.56735252919e-32
-11.3083657588	2.80824052195e-32
-11.2937743191	5.77261908473e-32
-11.2791828794	1.47654935787e-32
-11.2645914397	4.62059694532e-32
-11.25	1.09606377675e-29
-11.2354085603	6.54392071266e-32
-11.2208171206	4.31116649104e-32
-11.2062256809	5.67574060793e-32
-11.1916342412	2.88431593643e-32
-11.1770428016	5.46342180139e-32
-11.1624513619	5.92744654038e-32
-11.1478599222	6.71510723721e-32
-11.1332684825	6.56269922713e-32
-11.1186770428	6.74012319269e-32
-11.1040856031	6.71300802649e-32
-11.0894941634	4.57858282707e-32
-11.0749027237	3.96446540023e-32
-11.060311284	5.19908573915e-32
-11.0457198444	3.04864829156e-32
-11.0311284047	4.90125403463e-32
-11.016536965	3.97818472257e-32
-11.0019455253	4.82883767537e-32
-10.9873540856	6.79067011219e-32
-10.9727626459	5.1774916963e-32
-10.9581712062	2.11540060233e-32
-10.9435797665	4.52266476799e-32
-10.9289883268	3.95148926183e-32
-10.9143968872	3.00578929669e-32
-10.8998054475	3.57973436682e-32
-10.8852140078	4.95360847954e-32
-10.8706225681	6.58471666444e-32
-10.8560311284	6.15796810122e-32
-10.8414396887	5.74268762847e-32
-10.826848249	7.02187755835e-32
-10.8122568093	6.20943172206e-32
-10.7976653696	7.40203423576e-32
-10.78307393	6.95816708325e-32
-10.7684824903	9.62332055807e-32
-10.7538910506	7.53025218147e-32
-10.7392996109	5.8840101587e-32
-10.7247081712	5.88615406935e-32
-10.7101167315	6.56054805049e-32
-10.6955252918	6.18723465737e-32
-10.6809338521	8.17985450941e-32
-10.6663424125	6.65888090446e-32
-10.6517509728	7.59535126382e-32
-10.6371595331	9.04594452856e-32
-10.6225680934	1.26113943642e-31
-10.6079766537	9.16564538996e-32
-10.593385214	1.21576801824e-31
-10.5787937743	8.00512308558e-32
-10.5642023346	7.64480405389e-32
-10.5496108949	1.11493570324e-31
-10.5350194553	1.46255630391e-31
-10.5204280156	1.21273226318e-31
-10.5058365759	8.45367254869e-32
-10.4912451362	6.09976715422e-32
-10.4766536965	7.92743760903e-32
-10.4620622568	6.28750531904e-32
-10.4474708171	5.54641341967e-32
-10.4328793774	6.92537727958e-32
-10.4182879377	6.61327552185e-32
-10.4036964981	7.35609809944e-32
-10.3891050584	3.51205526176e-32
-10.3745136187	1.70105836757e-32
-10.359922179	3.5372797415e-32
-10.3453307393	1.19068486581e-32
-10.3307392996	2.17860550304e-32
-10.3161478599	3.09054130187e-32
-10.3015564202	3.02043475624e-32
-10.2869649805	1.68384444563e-32
-10.2723735409	4.20080045534e-32
-10.2577821012	3.48559404189e-32
-10.2431906615	3.65973289759e-32
-10.2285992218	2.12713998753e-32
-10.2140077821	1.41579248133e-32
-10.1994163424	3.01719541656e-32
-10.1848249027	4.26958923152e-32
-10.170233463	2.73348956973e-32
-10.1556420233	3.19549354215e-32
-10.1410505837	2.82404622141e-32
-10.126459144	1.04208732107e-32
-10.1118677043	1.04813377172e-32
-10.0972762646	8.86577749085e-33
-10.0826848249	7.31725260658e-33
-10.0680933852	6.89856033574e-34
-10.0535019455	4.07102666433e-33
-10.0389105058	6.36122926113e-33
-10.0243190661	1.24798377847e-32
-10.0097276265	5.1385142483e-33
-9.99513618677	3.55839599078e-33
-9.98054474708	7.18571681955e-34
-9.96595330739	3.94839152328e-33
-9.9513618677	9.56578181673e-34
-9.93677042802	3.5717925264e-33
-9.92217898833	1.55931331126e-32
-9.90758754864	1.14673563458e-32
-9.89299610895	1.70365691767e-32
-9.87840466926	1.9160274115e-33
-9.86381322957	5.22919405622e-34
-9.84922178988	1.15159975654e-32
-9.83463035019	1.1724212215e-33
-9.82003891051	7.01962515198e-33
-9.80544747082	1.22685978557e-32
-9.79085603113	2.29774438496e-32
-9.77626459144	5.08342133478e-33
-9.76167315175	9.92567178298e-33
-9.74708171206	5.86246747461e-33
-9.73249027237	9.20551923127e-33
-9.71789883268	1.45262026448e-32
-9.703307393	1.17374363562e-32
-9.68871595331	1.96304610112e-32
-9.67412451362	4.37200891873e-32
-9.65953307393	2.17352344525e-32
-9.64494163424	1.62976234171e-32
-9.63035019455	1.25148165831e-32
-9.61575875486	2.1510144895e-32
-9.60116731517	1.48712454148e-32
-9.58657587549	2.49779428407e-32
-9.5719844358	4.00147313675e-32
-9.55739299611	3.20606296941e-32
-9.54280155642	2.60431118339e-32
-9.52821011673	2.31076138721e-32
-9.51361867704	1.17129192059e-32
-9.49902723735	2.82907118204e-32
-9.48443579767	2.37397789044e-32
-9.46984435798	1.85349214703e-32
-9.45525291829	3.36489522786e-32
-9.4406614786	3.38654763824e-32
-9.42607003891	2.19576868575e-32
-9.41147859922	1.97802926693e-32
-9.39688715953	1.79442701379e-32
-9.38229571984	3.15884181327e-32
-9.36770428016	2.25535421152e-32
-9.35311284047	3.22264054265e-32
-9.33852140078	2.37010068328e-32
-9.32392996109	4.13770009826e-32
-9.3093385214	3.3046729788e-32
-9.29474708171	1.56193936741e-32
-9.28015564202	1.15451376617e-32
-9.26556420233	3.61038543401e-32
-9.25097276265	2.6373492882e-32
-9.23638132296	2.79808615514e-32
-9.22178988327	3.00901817081e-32
-9.20719844358	2.57275467591e-32
-9.19260700389	1.47591370592e-32
-9.1780155642	1.33419182532e-32
-9.16342412451	9.26384700251e-33
-9.14883268482	2.28356831939e-32
-9.13424124514	1.29295394778e-32
-9.11964980545	2.18595934745e-32
-9.10505836576	3.30357208415e-32
-9.09046692607	3.47647052047e-32
-9.07587548638	3.0584586765e-32
-9.06128404669	2.50957099499e-32
-9.046692607	2.69978904341e-32
-9.03210116731	4.23379418466e-32
-9.01750972763	1.90053468473e-32
-9.00291828794	2.65303764007e-32
-8.98832684825	5.40969529704e-32
-8.97373540856	5.66629239919e-32
-8.95914396887	4.85914540959e-32
-8.94455252918	2.98448923338e-32
-8.92996108949	2.65725920161e-32
-8.91536964981	4.32999259859e-32
-8.90077821012	2.97422040512e-32
-8.88618677043	1.97944065776e-32
-8.87159533074	6.45212022099e-32
-8.85700389105	6.42715541503e-32
-8.84241245136	5.02756594504e-32
-8.82782101167	4.68487960939e-32
-8.81322957198	4.64980802434e-32
-8.7986381323	4.08114274906e-32
-8.78404669261	4.36623555613e-32
-8.76945525292	3.04712770366e-32
-8.75486381323	1.27278334889e-31
-8.74027237354	1.26788721287e-31
-8.72568093385	1.29486204262e-31
-8.71108949416	1.01171890121e-31
-8.69649805447	1.02284334244e-31
-8.68190661479	1.19351379502e-31
-8.6673151751	8.53873871267e-32
-8.65272373541	1.20851670555e-31
-8.63813229572	1.49771481321e-31
-8.62354085603	1.09614569502e-31
-8.60894941634	1.14102462667e-31
-8.59435797665	9.18586949744e-32
-8.57976653696	8.79274691612e-32
-8.56517509728	1.35287894542e-31
-8.55058365759	9.16177876014e-32
-8.5359922179	1.04809630059e-31
-8.52140077821	2.5859260715e-31
-8.50680933852	2.48919095664e-31
-8.49221789883	2.50508207245e-31
-8.47762645914	2.60087804367e-31
-8.46303501945	2.32841107743e-31
-8.44844357977	3.48724392078e-31
-8.43385214008	3.2227539685e-31
-8.41926070039	3.33664949093e-31
-8.4046692607	4.01515710325e-31
-8.39007782101	5.44726955416e-31
-8.37548638132	5.46001581324e-31
-8.36089494163	5.72145605025e-31
-8.34630350195	7.23987399556e-31
-8.33171206226	8.30625606082e-31
-8.31712062257	1.05436014557e-30
-8.30252918288	1.22482027189e-30
-8.28793774319	1.76923806598e-30
-8.2733463035	2.07213389362e-30
-8.25875486381	2.38306509052e-30
-8.24416342412	2.88779563159e-30
-8.22957198444	3.36617868548e-30
-8.21498054475	4.11186738668e-30
-8.20038910506	4.84840555088e-30
-8.18579766537	5.82140809477e-30
-8.17120622568	7.60101697561e-30
-8.15661478599	9.26143035244e-30
-8.1420233463	1.07917694495e-29
-8.12743190661	1.3603834189e-29
-8.11284046693	1.67538751002e-29
-8.09824902724	2.04360162689e-29
-8.08365758755	2.5521327648e-29
-8.06906614786	3.19996005129e-29
-8.05447470817	4.21648007754e-29
-8.03988326848	5.29416934606e-29
-8.02529182879	6.56574486504e-29
-8.0107003891	8.0995092004e-29
-7.99610894942	1.01088478368e-28
-7.98151750973	1.26557920688e-28
-7.96692607004	1.58255920103e-28
-7.95233463035	2.01142973368e-28
-7.93774319066	2.56963671243e-28
-7.92315175097	3.20830996346e-28
-7.90856031128	4.01012172829e-28
-7.89396887159	5.00885759939e-28
-7.87937743191	6.28820480405e-28
-7.86478599222	7.89846073461e-28
-7.85019455253	9.83992295889e-28
-7.83560311284	1.24286581622e-27
-7.82101167315	1.56692966619e-27
-7.80642023346	1.96077578772e-27
-7.79182879377	2.44709715314e-27
-7.77723735409	3.06966930339e-27
-7.7626459144	3.84751434155e-27
-7.74805447471	4.79572401846e-27
-7.73346303502	6.02445153274e-27
-7.71887159533	7.53322300416e-27
-7.70428015564	9.46965353679e-27
-7.68968871595	1.185927992e-26
-7.67509727626	1.48016584801e-26
-7.66050583658	1.85034744034e-26
-7.64591439689	2.3107276633e-26
-7.6313229572	2.88820744927e-26
-7.61673151751	3.60572147251e-26
-7.60214007782	4.499117145e-26
-7.58754863813	5.61780384843e-26
-7.57295719844	7.00916005545e-26
-7.55836575875	8.73639851264e-26
-7.54377431907	1.08904503271e-25
-7.52918287938	1.35615421231e-25
-7.51459143969	1.68915756898e-25
-7.5	2.12542871995e-25
-7.48540856031	2.61401894281e-25
-7.47081712062	3.25287137156e-25
-7.45622568093	4.04445888471e-25
-7.44163424124	5.02556651132e-25
-7.42704280156	6.24318506143e-25
-7.41245136187	7.75163152782e-25
-7.39785992218	9.62206492815e-25
-7.38326848249	1.19378225839e-24
-7.3686770428	1.48028074194e-24
-7.35408560311	1.83537124064e-24
-7.33949416342	2.27409066595e-24
-7.32490272373	2.81654277118e-24
-7.31031128405	3.48682194206e-24
-7.29571984436	4.31536890645e-24
-7.28112840467	5.33796562436e-24
-7.26653696498	6.60005880634e-24
-7.25194552529	8.1572982737e-24
-7.2373540856	1.00789327301e-23
-7.22276264591	1.24462662148e-23
-7.20817120623	1.53632815705e-23
-7.19357976654	1.89558629382e-23
-7.17898832685	2.33786726659e-23
-7.16439688716	2.88207587474e-23
-7.14980544747	3.55154304786e-23
-7.13521400778	4.37457717723e-23
-7.12062256809	5.38614719122e-23
-7.1060311284	6.62874679911e-23
-7.09143968872	8.15455786233e-23
-7.07684824903	1.00272541384e-22
-7.06225680934	1.23249688095e-22
-7.04766536965	1.51424254682e-22
-7.03307392996	1.85963956058e-22
-7.01848249027	2.28279844972e-22
-7.00389105058	2.80114318699e-22
-6.98929961089	3.43566380772e-22
-6.97470817121	4.21210949767e-22
-6.96011673152	5.16182034568e-22
-6.94552529183	6.32299468113e-22
-6.93093385214	7.74206029539e-22
-6.91634241245	9.47559953319e-22
-6.90175097276	1.15923195859e-21
-6.88715953307	1.417606496e-21
-6.87256809338	1.73280389974e-21
-6.8579766537	2.11718314144e-21
-6.84338521401	2.5857321233e-21
-6.82879377432	3.15663103892e-21
-6.81420233463	3.85192572766e-21
-6.79961089494	4.6983925532e-21
-6.78501945525	5.72840098739e-21
-6.77042801556	6.98127988981e-21
-6.75583657588	8.5045248209e-21
-6.74124513619	1.03557310851e-20
-6.7266536965	1.26045082985e-20
-6.71206225681	1.53351107945e-20
-6.69747081712	1.86493014485e-20
-6.68287937743	2.26701084196e-20
-6.66828793774	2.75460464492e-20
-6.65369649805	3.34565706987e-20
-6.63910505837	4.0617844369e-20
-6.62451361868	4.9291099024e-20
-6.60992217899	5.97908239117e-20
-6.5953307393	7.24963498396e-20
-6.58073929961	8.78642993972e-20
-6.56614785992	1.06444712322e-19
-6.55155642023	1.2889925268e-19
-6.53696498054	1.5602436624e-19
-6.52237354086	1.88776971257e-19
-6.50778210117	2.28307839484e-19
-6.49319066148	2.75999069972e-19
-6.47859922179	3.33510773233e-19
-6.4640077821	4.02834487424e-19
-6.44941634241	4.86361186839e-19
-6.43482490272	5.86956534951e-19
-6.42023346303	7.08057210339e-19
-6.40564202335	8.53779350656e-19
-6.39105058366	1.02905375315e-18
-6.37645914397	1.23978205929e-18
-6.36186770428	1.49302832787e-18
-6.34727626459	1.79723798041e-18
-6.3326848249	2.16251085088e-18
-6.31809338521	2.60091378048e-18
-6.30350194552	3.12686298402e-18
-6.28891050584	3.75756659691e-18
-6.27431906615	4.51356481359e-18
-6.25972762646	5.41935554837e-18
-6.24513618677	6.50415335776e-18
-6.23054474708	7.80277147295e-18
-6.21595330739	9.35668789162e-18
-6.2013618677	1.12152867339e-17
-6.18677042802	1.34373560984e-17
-6.17217898833	1.60928226951e-17
-6.15758754864	1.9264854351e-17
-6.14299610895	2.30523018163e-17
-6.12840466926	2.75726142224e-17
-6.11381322957	3.29652695983e-17
-6.09922178988	3.93958458561e-17
-6.08463035019	4.70607939357e-17
-6.07003891051	5.61931254718e-17
-6.05544747082	6.70690510428e-17
-6.04085603113	8.00158860187e-17
-6.02626459144	9.54213007745e-17
-6.01167315175	1.13744271981e-16
-5.99708171206	1.35527922761e-16
-5.98249027237	1.61414711144e-16
-5.96789883268	1.92164209237e-16
-5.953307393	2.28674101746e-16
-5.93871595331	2.72004763306e-16
-5.92412451362	3.23408267225e-16
-5.90953307393	3.84362299095e-16
-5.89494163424	4.5661011496e-16
-5.88035019455	5.42207264975e-16
-5.86575875486	6.43576549932e-16
-5.85116731517	7.6357227754e-16
-5.83657587549	9.05555711523e-16
-5.8219844358	1.07348320766e-15
-5.80739299611	1.27200965489e-15
-5.79280155642	1.5066092395e-15
-5.77821011673	1.78371685965e-15
-5.76361867704	2.11089325609e-15
-5.74902723735	2.49701817169e-15
-5.73443579766	2.9525155577e-15
-5.71984435798	3.48961697665e-15
-5.70525291829	4.12266829592e-15
-5.6906614786	4.86848790284e-15
-5.67607003891	5.74678386169e-15
-5.66147859922	6.78064025734e-15
-5.64688715953	7.99708310288e-15
-5.63229571984	9.42773975974e-15
-5.61770428016	1.1109605277e-14
-5.60311284047	1.30859345638e-14
-5.58852140078	1.54072782175e-14
-5.57392996109	1.81326874539e-14
-5.5593385214	2.13311119097e-14
-5.54474708171	2.50830233132e-14
-5.53015564202	2.94822984169e-14
-5.51556420233	3.46384031889e-14
-5.50097276265	4.0678923893e-14
-5.48638132296	4.77525006347e-14
-5.47178988327	5.60322225609e-14
-5.45719844358	6.57195602759e-14
-5.44260700389	7.7048913082e-14
-5.4280155642	9.02928691713e-14
-5.41342412451	1.05768284018e-13
-5.39883268482	1.23843304767e-13
-5.38424124514	1.44945479308e-13
-5.36964980545	1.69571119143e-13
-5.35505836576	1.98296096936e-13
-5.34046692607	2.31788302356e-13
-5.32587548638	2.70821994056e-13
-5.31128404669	3.16294337769e-13
-5.296692607	3.6924444587e-13
-5.28210116731	4.30875295729e-13
-5.26750972763	5.02578939924e-13
-5.25291828794	5.85965499576e-13
-5.23832684825	6.82896481546e-13
-5.22373540856	7.95523059054e-13
-5.20914396887	9.26330019986e-13
-5.19455252918	1.07818621135e-12
-5.17996108949	1.25440240122e-12
-5.1653696498	1.45879762877e-12
-5.15077821012	1.69577523747e-12
-5.13618677043	1.97040998041e-12
-5.12159533074	2.28854773984e-12
-5.10700389105	2.65691966283e-12
-5.09241245136	3.08327270242e-12
-5.07782101167	3.57651887784e-12
-5.06322957198	4.14690583682e-12
-5.0486381323	4.80621168548e-12
-5.03404669261	5.56796740946e-12
-5.01945525292	6.44771069825e-12
-5.00486381323	7.46327543558e-12
-4.99027237354	8.63512175048e-12
-4.97568093385	9.98671208306e-12
-4.96108949416	1.15449395195e-11
-4.94649805447	1.3340615385e-11
-4.93190661479	1.54090240669e-11
-4.9173151751	1.7790553992e-11
-4.90272373541	2.05314149029e-11
-4.88813229572	2.36844527955e-11
-4.87354085603	2.7310075437e-11
-4.85894941634	3.14773028772e-11
-4.84435797665	3.62649593231e-11
-4.82976653696	4.17630246998e-11
-4.81517509728	4.80741665883e-11
-4.80058365759	5.53154757157e-11
-4.7859922179	6.36204311553e-11
-4.77140077821	7.31411244679e-11
-4.75680933852	8.40507758016e-11
-4.74221789883	9.65465787338e-11
-4.72762645914	1.10852915374e-10
-4.71303501945	1.27224988038e-10
-4.69844357977	1.45952919543e-10
-4.68385214008	1.6736638023e-10
-4.66926070039	1.91839806932e-10
-4.6546692607	2.19798286574e-10
-4.64007782101	2.51724185977e-10
-4.62548638132	2.88164618615e-10
-4.61089494163	3.29739850012e-10
-4.59630350194	3.77152754996e-10
-4.58171206226	4.31199453246e-10
-4.56712062257	4.92781263967e-10
-4.55252918288	5.62918136715e-10
-4.53793774319	6.4276373303e-10
-4.5233463035	7.33622353642e-10
-4.50875486381	8.36967927267e-10
-4.49416342412	9.54465301821e-10
-4.47957198444	1.08799410509e-09
-4.46498054475	1.23967547181e-09
-4.45038910506	1.41190196619e-09
-4.43579766537	1.60737106571e-09
-4.42120622568	1.82912261047e-09
-4.40661478599	2.08058066771e-09
-4.3920233463	2.36560030756e-09
-4.37743190661	2.68851984048e-09
-4.36284046693	3.05421912441e-09
-4.34824902724	3.46818461436e-09
-4.33365758755	3.93658189688e-09
-4.31906614786	4.4663365304e-09
-4.30447470817	5.06522409603e-09
-4.28988326848	5.74197045826e-09
-4.27529182879	6.50636333535e-09
-4.2607003891	7.36937639259e-09
-4.24610894942	8.34330719325e-09
-4.23151750973	9.44193047672e-09
-4.21692607004	1.06806683788e-08
-4.20233463035	1.2076779371e-08
-4.18774319066	1.3649567868e-08
-4.17315175097	1.54206166466e-08
-4.15856031128	1.74140444239e-08
-4.14396887159	1.96567911712e-08
-4.12937743191	2.21789339876e-08
-4.11478599222	2.50140366243e-08
-4.10019455253	2.81995360432e-08
-4.08560311284	3.17771697126e-08
-4.07101167315	3.5793447685e-08
-4.05642023346	4.030017388e-08
-4.04182879377	4.53550213976e-08
-4.02723735408	5.10221671295e-08
-4.0126459144	5.73729914123e-08
-3.99805447471	6.44868489842e-08
-3.98346303502	7.24519180591e-08
-3.96887159533	8.13661349435e-08
-3.95428015564	9.13382222641e-08
-3.93968871595	1.02488819586e-07
-3.92509727626	1.1495172595e-07
-3.91050583658	1.28875264684e-07
-3.89591439689	1.44423781706e-07
-3.8813229572	1.61779289523e-07
-3.86673151751	1.81143270074e-07
-3.85214007782	2.02738650754e-07
-3.83754863813	2.26811969038e-07
-3.82295719844	2.53635742451e-07
-3.80836575875	2.83511061933e-07
-3.79377431907	3.16770428127e-07
-3.77918287938	3.53780851632e-07
-3.76459143969	3.94947239957e-07
-3.75	4.4071609562e-07
-3.73540856031	4.91579551777e-07
-3.72081712062	5.4807977376e-07
-3.70622568093	6.10813757001e-07
-3.69163424124	6.8043855417e-07
-3.67704280156	7.57676966734e-07
-3.66245136187	8.43323738723e-07
-3.64785992218	9.38252293247e-07
-3.63326848249	1.04342205518e-06
-3.6186770428	1.15988640656e-06
-3.60408560311	1.28880132437e-06
-3.58949416342	1.43143475405e-06
-3.57490272373	1.58917677547e-06
-3.56031128405	1.76355062206e-06
-3.54571984436	1.95622461795e-06
-3.53112840467	2.16902510185e-06
-3.51653696498	2.40395041151e-06
-3.50194552529	2.66318600666e-06
-3.4873540856	2.94912081368e-06
-3.47276264591	3.26436488038e-06
-3.45817120623	3.61176843459e-06
-3.44357976654	3.99444244607e-06
-3.42898832685	4.415780797e-06
-3.41439688716	4.87948417288e-06
-3.39980544747	5.38958579156e-06
-3.38521400778	5.95047909545e-06
-3.37062256809	6.56694753838e-06
-3.3560311284	7.24419660629e-06
-3.34143968872	7.98788821802e-06
-3.32684824903	8.80417766056e-06
-3.31225680934	9.69975322083e-06
-3.29766536965	1.06818786846e-05
-3.28307392996	1.17584388811e-05
-3.26848249027	1.2937988462e-05
-3.25389105058	1.42298041094e-05
-3.23929961089	1.56439403809e-05
-3.22470817121	1.7191289405e-05
-3.21011673152	1.88836446516e-05
-3.19552529183	2.07337690126e-05
-3.18093385214	2.27554674354e-05
-3.16634241245	2.49636643634e-05
-3.15175097276	2.73744862472e-05
-3.13715953307	3.00053493996e-05
-3.12256809338	3.28750534784e-05
-3.1079766537	3.60038808891e-05
-3.09338521401	3.94137024122e-05
-3.07879377432	4.3128089366e-05
-3.06420233463	4.71724326288e-05
-3.04961089494	5.15740688496e-05
-3.03501945525	5.636241419e-05
-3.02042801556	6.15691059433e-05
-3.00583657587	6.72281523898e-05
-2.99124513619	7.3376091251e-05
-2.9766536965	8.00521571144e-05
-2.96206225681	8.72984582069e-05
-2.94747081712	9.5160162898e-05
-2.93287937743	0.000103685696323
-2.91828793774	0.000112926947513
-2.90369649805	0.000122939487434
-2.88910505837	0.000133782798316
-2.87451361868	0.000145520514687
-2.85992217899	0.000158220676484
-2.8453307393	0.000171955994653
-2.83073929961	0.000186804129612
-2.81614785992	0.00020284798296
-2.80155642023	0.000220176002811
-2.78696498054	0.00023888250311
-2.77237354086	0.00025906799728
-2.75778210117	0.000280839546549
-2.74319066148	0.000304311123256
-2.72859922179	0.000329603989455
-2.7140077821	0.000356847091085
-2.69941634241	0.000386177467959
-2.68482490272	0.000417740679802
-2.67023346303	0.00045169124852
-2.65564202335	0.000488193116878
-2.64105058366	0.000527420123693
-2.62645914397	0.000569556495618
-2.61186770428	0.000614797355577
-2.59727626459	0.000663349247808
-2.5826848249	0.000715430679468
-2.56809338521	0.000771272678665
-2.55350194552	0.000831119368748
-2.53891050584	0.000895228558587
-2.52431906615	0.00096387234855
-2.50972762646	0.00103733775176
-2.49513618677	0.0011159273302
-2.48054474708	0.00119995984506
-2.46595330739	0.00128977092079
-2.4513618677	0.00138571372197
-2.43677042801	0.00148815964239
-2.42217898833	0.00159749900524
-2.40758754864	0.00171414177342
-2.39299610895	0.001838518269
-2.37840466926	0.0019710799003
-2.36381322957	0.00211229989555
-2.34922178988	0.00226267404138
-2.33463035019	0.00242272142475
-2.32003891051	0.00259298517649
-2.30544747082	0.00277403321461
-2.29085603113	0.00296645898542
-2.27626459144	0.00317088220037
-2.26167315175	0.00338794956634
-2.24708171206	0.00361833550692
-2.23249027237	0.00386274287234
-2.21789883268	0.00412190363523
-2.203307393	0.00439657956942
-2.18871595331	0.00468756290902
-2.17412451362	0.00499567698447
-2.15953307393	0.0053217768325
-2.14494163424	0.00566674977671
-2.13035019455	0.0060315159751
-2.11575875486	0.00641702893117
-2.10116731517	0.0068242759648
-2.08657587549	0.00725427863902
-2.0719844358	0.0077080931388
-2.05739299611	0.00818681059781
-2.04280155642	0.00869155736903
-2.02821011673	0.00922349523485
-2.01361867704	0.00978382155262
-1.99902723735	0.0103737693309
-1.98443579766	0.0109946072326
-1.96984435798	0.0116476394994
-1.95525291829	0.0123342057947
-1.9406614786	0.0130556809586
-1.92607003891	0.0138134746719
-1.91147859922	0.0146090310241
-1.89688715953	0.0154438279804
-1.88229571984	0.0163193767442
-1.86770428015	0.0172372210104
-1.85311284047	0.0181989361041
-1.83852140078	0.0192061280031
-1.82392996109	0.0202604322371
-1.8093385214	0.0213635126619
-1.79474708171	0.022517060104
-1.78015564202	0.0237227908721
-1.76556420233	0.024982445132
-1.75097276265	0.0262977851427
-1.73638132296	0.0276705933493
-1.72178988327	0.0291026703314
-1.70719844358	0.0305958326048
-1.69260700389	0.0321519102733
-1.6780155642	0.0337727445304
-1.66342412451	0.0354601850095
-1.64883268482	0.0372160869805
-1.63424124514	0.0390423083946
-1.61964980545	0.0409407067755
-1.60505836576	0.0429131359587
-1.59046692607	0.0449614426795
-1.57587548638	0.0470874630111
-1.56128404669	0.0492930186557
-1.546692607	0.0515799130902
-1.53210116731	0.0539499275704
-1.51750972763	0.0564048169978
-1.50291828794	0.058946305652
-1.48832684825	0.0615760827957
-1.47373540856	0.0642957981562
-1.45914396887	0.0671070572907
-1.44455252918	0.0700114168418
-1.42996108949	0.0730103796913
-1.4153696498	0.0761053900192
-1.40077821012	0.0792978282788
-1.38618677043	0.0825890060954
-1.37159533074	0.0859801610996
-1.35700389105	0.0894724517061
-1.34241245136	0.0930669518483
-1.32782101167	0.0967646456827
-1.31322957198	0.100566422273
-1.29863813229	0.104473070268
-1.28404669261	0.108485272589
-1.26945525292	0.11260360114
-1.25486381323	0.116828511546
-1.24027237354	0.121160337956
-1.22568093385	0.125599287902
-1.21108949416	0.130145437248
-1.19649805447	0.134798725232
-1.18190661479	0.139558949629
-1.1673151751	0.144425762043
-1.15272373541	0.149398663352
-1.13813229572	0.154476999314
-1.12354085603	0.15965995636
-1.10894941634	0.164946557592
-1.09435797665	0.170335658988
-1.07976653696	0.175825945856
-1.06517509728	0.181415929528
-1.05058365759	0.187103944332
-1.0359922179	0.192888144846
-1.02140077821	0.198766503453
-1.00680933852	0.204736808217
-0.992217898832	0.210796661087
-0.977626459143	0.216943476454
-0.963035019454	0.223174480069
-0.948443579766	0.229486708332
-0.933852140077	0.235877007975
-0.919260700388	0.242342036143
-0.9046692607	0.248878260886
-0.890077821011	0.255481962071
-0.875486381322	0.26214923273
-0.860894941633	0.268875980842
-0.846303501945	0.275657931562
-0.831712062256	0.282490629904
-0.817120622567	0.289369443877
-0.802529182879	0.296289568085
-0.78793774319	0.303246027782
-0.773346303501	0.310233683399
-0.758754863812	0.317247235529
-0.744163424124	0.324281230364
-0.729571984435	0.331330065606
-0.714980544746	0.338387996813
-0.700389105058	0.345449144197
-0.685797665369	0.352507499863
-0.67120622568	0.359556935469
-0.656614785991	0.366591210309
-0.642023346303	0.373603979797
-0.627431906614	0.380588804343
-0.612840466925	0.387539158607
-0.598249027237	0.394448441108
-0.583657587548	0.40130998418
-0.569066147859	0.408117064245
-0.55447470817	0.414862912385
-0.539883268482	0.421540725202
-0.525291828793	0.428143675924
-0.510700389104	0.434664925747
-0.496108949416	0.441097635382
-0.481517509727	0.447434976785
-0.466926070038	0.45367014503
-0.452334630349	0.459796370314
-0.437743190661	0.465806930055
-0.423151750972	0.471695161051
-0.408560311283	0.477454471677
-0.393968871594	0.483078354084
-0.379377431906	0.48856039637
-0.364785992217	0.493894294694
-0.350194552528	0.499073865294
-0.33560311284	0.504093056383
-0.321011673151	0.5089459599
-0.306420233462	0.513626823053
-0.291828793773	0.518130059667
-0.277237354085	0.522450261266
-0.262645914396	0.52658220788
-0.248054474707	0.530520878547
-0.233463035019	0.534261461462
-0.21887159533	0.537799363772
-0.204280155641	0.541130220965
-0.189688715952	0.544249905836
-0.175097276264	0.547154537007
-0.160505836575	0.549840486977
-0.145914396886	0.55230438966
-0.131322957198	0.554543147423
-0.116731517509	0.556553937571
-0.10214007782	0.558334218275
-0.0875486381314	0.559881733932
-0.0729571984427	0.561194519923
-0.058365758754	0.562270906768
-0.0437743190653	0.563109523671
-0.0291828793766	0.563709301421
-0.0145914396879	0.564069474667
8.5975671027e-13	0.564189583548
0.0145914396896	0.564069474667
0.0291828793783	0.563709301421
0.043774319067	0.563109523671
0.0583657587557	0.562270906768
0.0729571984444	0.561194519922
0.0875486381332	0.559881733932
0.102140077822	0.558334218275
0.116731517511	0.556553937571
0.131322957199	0.554543147423
0.145914396888	0.55230438966
0.160505836577	0.549840486976
0.175097276265	0.547154537007
0.189688715954	0.544249905835
0.204280155643	0.541130220965
0.218871595332	0.537799363772
0.23346303502	0.534261461462
0.248054474709	0.530520878546
0.262645914398	0.52658220788
0.277237354086	0.522450261265
0.291828793775	0.518130059666
0.306420233464	0.513626823052
0.321011673153	0.508945959899
0.335603112841	0.504093056383
0.35019455253	0.499073865293
0.364785992219	0.493894294694
0.379377431907	0.48856039637
0.393968871596	0.483078354083
0.408560311285	0.477454471676
0.423151750974	0.47169516105
0.437743190662	0.465806930054
0.452334630351	0.459796370313
0.46692607004	0.453670145029
0.481517509729	0.447434976784
0.496108949417	0.441097635382
0.510700389106	0.434664925746
0.525291828795	0.428143675923
0.539883268483	0.421540725201
0.554474708172	0.414862912384
0.569066147861	0.408117064244
0.58365758755	0.401309984179
0.598249027238	0.394448441107
0.612840466927	0.387539158606
0.627431906616	0.380588804342
0.642023346304	0.373603979796
0.656614785993	0.366591210308
0.671206225682	0.359556935468
0.685797665371	0.352507499862
0.700389105059	0.345449144196
0.714980544748	0.338387996812
0.729571984437	0.331330065606
0.744163424125	0.324281230363
0.758754863814	0.317247235528
0.773346303503	0.310233683398
0.787937743192	0.303246027781
0.80252918288	0.296289568084
0.817120622569	0.289369443877
0.831712062258	0.282490629903
0.846303501946	0.275657931561
0.860894941635	0.268875980841
0.875486381324	0.262149232729
0.890077821013	0.25548196207
0.904669260701	0.248878260885
0.91926070039	0.242342036143
0.933852140079	0.235877007974
0.948443579767	0.229486708331
0.963035019456	0.223174480068
0.977626459145	0.216943476453
0.992217898834	0.210796661086
1.00680933852	0.204736808216
1.02140077821	0.198766503453
1.0359922179	0.192888144845
1.05058365759	0.187103944331
1.06517509728	0.181415929527
1.07976653697	0.175825945855
1.09435797665	0.170335658988
1.10894941634	0.164946557591
1.12354085603	0.15965995636
1.13813229572	0.154476999313
1.15272373541	0.149398663351
1.1673151751	0.144425762043
1.18190661479	0.139558949628
1.19649805448	0.134798725231
1.21108949416	0.130145437248
1.22568093385	0.125599287902
1.24027237354	0.121160337955
1.25486381323	0.116828511545
1.26945525292	0.112603601139
1.28404669261	0.108485272589
1.2986381323	0.104473070267
1.31322957199	0.100566422272
1.32782101167	0.0967646456822
1.34241245136	0.0930669518479
1.35700389105	0.0894724517057
1.37159533074	0.0859801610992
1.38618677043	0.082589006095
1.40077821012	0.0792978282784
1.41536964981	0.0761053900188
1.4299610895	0.0730103796909
1.44455252918	0.0700114168415
1.45914396887	0.0671070572904
1.47373540856	0.0642957981559
1.48832684825	0.0615760827954
1.50291828794	0.0589463056517
1.51750972763	0.0564048169975
1.53210116732	0.0539499275701
1.546692607	0.0515799130899
1.56128404669	0.0492930186554
1.57587548638	0.0470874630108
1.59046692607	0.0449614426792
1.60505836576	0.0429131359585
1.61964980545	0.0409407067752
1.63424124514	0.0390423083943
1.64883268483	0.0372160869803
1.66342412451	0.0354601850093
1.6780155642	0.0337727445302
1.69260700389	0.0321519102731
1.70719844358	0.0305958326046
1.72178988327	0.0291026703313
1.73638132296	0.0276705933491
1.75097276265	0.0262977851426
1.76556420234	0.0249824451319
1.78015564202	0.0237227908719
1.79474708171	0.0225170601039
1.8093385214	0.0213635126618
1.82392996109	0.020260432237
1.83852140078	0.019206128003
1.85311284047	0.018198936104
1.86770428016	0.0172372210103
1.88229571985	0.0163193767441
1.89688715953	0.0154438279803
1.91147859922	0.014609031024
1.92607003891	0.0138134746718
1.9406614786	0.0130556809585
1.95525291829	0.0123342057946
1.96984435798	0.0116476394994
1.98443579767	0.0109946072325
1.99902723736	0.0103737693309
2.01361867704	0.00978382155255
2.02821011673	0.00922349523479
2.04280155642	0.00869155736897
2.05739299611	0.00818681059776
2.0719844358	0.00770809313874
2.08657587549	0.00725427863897
2.10116731518	0.00682427596475
2.11575875486	0.00641702893112
2.13035019455	0.00603151597505
2.14494163424	0.00566674977667
2.15953307393	0.00532177683247
2.17412451362	0.00499567698443
2.18871595331	0.00468756290899
2.203307393	0.00439657956939
2.21789883269	0.0041219036352
2.23249027237	0.00386274287231
2.24708171206	0.00361833550689
2.26167315175	0.00338794956631
2.27626459144	0.00317088220035
2.29085603113	0.00296645898539
2.30544747082	0.00277403321459
2.32003891051	0.00259298517647
2.3346303502	0.00242272142473
2.34922178988	0.00226267404136
2.36381322957	0.00211229989553
2.37840466926	0.00197107990029
2.39299610895	0.00183851826898
2.40758754864	0.00171414177341
2.42217898833	0.00159749900522
2.43677042802	0.00148815964238
2.45136186771	0.00138571372196
2.46595330739	0.00128977092078
2.48054474708	0.00119995984505
2.49513618677	0.00111592733019
2.50972762646	0.00103733775175
2.52431906615	0.000963872348541
2.53891050584	0.000895228558579
2.55350194553	0.00083111936874
2.56809338522	0.000771272678658
2.5826848249	0.000715430679461
2.59727626459	0.000663349247802
2.61186770428	0.000614797355572
2.62645914397	0.000569556495613
2.64105058366	0.000527420123688
2.65564202335	0.000488193116874
2.67023346304	0.000451691248515
2.68482490272	0.000417740679798
2.69941634241	0.000386177467956
2.7140077821	0.000356847091082
2.72859922179	0.000329603989452
2.74319066148	0.000304311123253
2.75778210117	0.000280839546547
2.77237354086	0.000259067997278
2.78696498055	0.000238882503108
2.80155642023	0.000220176002809
2.81614785992	0.000202847982958
2.83073929961	0.00018680412961
2.8453307393	0.000171955994652
2.85992217899	0.000158220676482
2.87451361868	0.000145520514685
2.88910505837	0.000133782798315
2.90369649806	0.000122939487432
2.91828793774	0.000112926947512
2.93287937743	0.000103685696322
2.94747081712	9.5160162897e-05
2.96206225681	8.7298458206e-05
2.9766536965	8.00521571136e-05
2.99124513619	7.33760912502e-05
3.00583657588	6.72281523891e-05
3.02042801557	6.15691059427e-05
3.03501945525	5.63624141894e-05
3.04961089494	5.15740688491e-05
3.06420233463	4.71724326283e-05
3.07879377432	4.31280893655e-05
3.09338521401	3.94137024117e-05
3.1079766537	3.60038808887e-05
3.12256809339	3.28750534781e-05
3.13715953307	3.00053493993e-05
3.15175097276	2.73744862469e-05
3.16634241245	2.49636643631e-05
3.18093385214	2.27554674351e-05
3.19552529183	2.07337690124e-05
3.21011673152	1.88836446514e-05
3.22470817121	1.71912894048e-05
3.2392996109	1.56439403808e-05
3.25389105058	1.42298041092e-05
3.26848249027	1.29379884618e-05
3.28307392996	1.1758438881e-05
3.29766536965	1.06818786844e-05
3.31225680934	9.69975322072e-06
3.32684824903	8.80417766046e-06
3.34143968872	7.98788821793e-06
3.35603112841	7.24419660621e-06
3.37062256809	6.56694753831e-06
3.38521400778	5.95047909538e-06
3.39980544747	5.3895857915e-06
3.41439688716	4.87948417282e-06
3.42898832685	4.41578079695e-06
3.44357976654	3.99444244602e-06
3.45817120623	3.61176843455e-06
3.47276264592	3.26436488034e-06
3.4873540856	2.94912081365e-06
3.50194552529	2.66318600663e-06
3.51653696498	2.40395041148e-06
3.53112840467	2.16902510182e-06
3.54571984436	1.95622461792e-06
3.56031128405	1.76355062204e-06
3.57490272374	1.58917677545e-06
3.58949416343	1.43143475403e-06
3.60408560311	1.28880132435e-06
3.6186770428	1.15988640655e-06
3.63326848249	1.04342205517e-06
3.64785992218	9.38252293235e-07
3.66245136187	8.43323738712e-07
3.67704280156	7.57676966724e-07
3.69163424125	6.80438554161e-07
3.70622568093	6.10813756993e-07
3.72081712062	5.48079773754e-07
3.73540856031	4.9157955177e-07
3.75	4.40716095615e-07
3.76459143969	3.94947239952e-07
3.77918287938	3.53780851627e-07
3.79377431907	3.16770428122e-07
3.80836575876	2.8351106193e-07
3.82295719844	2.53635742448e-07
3.83754863813	2.26811969035e-07
3.85214007782	2.02738650751e-07
3.86673151751	1.81143270071e-07
3.8813229572	1.6177928952e-07
3.89591439689	1.44423781704e-07
3.91050583658	1.28875264682e-07
3.92509727627	1.14951725949e-07
3.93968871595	1.02488819585e-07
3.95428015564	9.13382222628e-08
3.96887159533	8.13661349422e-08
3.98346303502	7.24519180582e-08
3.99805447471	6.44868489832e-08
4.0126459144	5.73729914116e-08
4.02723735409	5.10221671287e-08
4.04182879378	4.5355021397e-08
4.05642023346	4.03001738794e-08
4.07101167315	3.57934476845e-08
4.08560311284	3.1777169712e-08
4.10019455253	2.81995360428e-08
4.11478599222	2.5014036624e-08
4.12937743191	2.21789339873e-08
4.1439688716	1.96567911709e-08
4.15856031129	1.74140444236e-08
4.17315175097	1.54206166464e-08
4.18774319066	1.36495678678e-08
4.20233463035	1.20767793707e-08
4.21692607004	1.06806683787e-08
4.23151750973	9.44193047656e-09
4.24610894942	8.34330719315e-09
4.26070038911	7.36937639245e-09
4.27529182879	6.50636333525e-09
4.28988326848	5.74197045817e-09
4.30447470817	5.06522409595e-09
4.31906614786	4.4663365303e-09
4.33365758755	3.93658189683e-09
4.34824902724	3.46818461429e-09
4.36284046693	3.05421912436e-09
4.37743190662	2.68851984042e-09
4.3920233463	2.36560030752e-09
4.40661478599	2.08058066767e-09
4.42120622568	1.82912261044e-09
4.43579766537	1.60737106566e-09
4.45038910506	1.41190196618e-09
4.46498054475	1.23967547178e-09
4.47957198444	1.08799410508e-09
4.49416342413	9.54465301798e-10
4.50875486381	8.36967927258e-10
4.5233463035	7.33622353629e-10
4.53793774319	6.42763733021e-10
4.55252918288	5.62918136693e-10
4.56712062257	4.92781263962e-10
4.58171206226	4.31199453233e-10
4.59630350195	3.77152754992e-10
4.61089494164	3.29739850004e-10
4.62548638132	2.88164618611e-10
4.64007782101	2.51724185972e-10
4.6546692607	2.19798286572e-10
4.66926070039	1.91839806922e-10
4.68385214008	1.67366380229e-10
4.69844357977	1.45952919538e-10
4.71303501946	1.27224988037e-10
4.72762645915	1.1085291537e-10
4.74221789883	9.65465787325e-11
4.75680933852	8.40507757996e-11
4.77140077821	7.31411244674e-11
4.7859922179	6.36204311504e-11
4.80058365759	5.53154757158e-11
4.81517509728	4.80741665862e-11
4.82976653697	4.17630246995e-11
4.84435797665	3.62649593213e-11
4.85894941634	3.14773028775e-11
4.87354085603	2.73100754359e-11
4.88813229572	2.36844527954e-11
4.90272373541	2.05314149006e-11
4.9173151751	1.77905539928e-11
4.93190661479	1.54090240659e-11
4.94649805448	1.33406153851e-11
4.96108949416	1.15449395188e-11
4.97568093385	9.98671208345e-12
4.99027237354	8.63512174971e-12
5.00486381323	7.46327543561e-12
5.01945525292	6.44771069711e-12
5.03404669261	5.56796741002e-12
5.0486381323	4.80621168534e-12
5.06322957199	4.14690583694e-12
5.07782101167	3.57651887764e-12
5.09241245136	3.08327270273e-12
5.10700389105	2.65691966277e-12
5.12159533074	2.28854774002e-12
5.13618677043	1.97040997991e-12
5.15077821012	1.6957752378e-12
5.16536964981	1.45879762864e-12
5.1799610895	1.2544024015e-12
5.19455252918	1.07818621129e-12
5.20914396887	9.2633002014e-13
5.22373540856	7.95523059101e-13
5.23832684825	6.8289648172e-13
5.25291828794	5.85965499345e-13
5.26750972763	5.02578940118e-13
5.28210116732	4.30875295698e-13
5.29669260701	3.69244446093e-13
5.31128404669	3.16294337778e-13
5.32587548638	2.70821994176e-13
5.34046692607	2.3178830238e-13
5.35505836576	1.98296097027e-13
5.36964980545	1.69571119029e-13
5.38424124514	1.44945479447e-13
5.39883268483	1.23843304766e-13
5.41342412451	1.05768284108e-13
5.4280155642	9.02928691882e-14
5.44260700389	7.70489131291e-14
5.45719844358	6.57195602808e-14
5.47178988327	5.6032222607e-14
5.48638132296	4.77525005836e-14
5.50097276265	4.06789239521e-14
5.51556420234	3.46384031897e-14
5.53015564202	2.94822984683e-14
5.54474708171	2.5083023325e-14
5.5593385214	2.13311119466e-14
5.57392996109	1.81326874731e-14
5.58852140078	1.54072782346e-14
5.60311284047	1.30859345415e-14
5.61770428016	1.11096053197e-14
5.63229571985	9.4277397629e-15
5.64688715953	7.99708313779e-15
5.66147859922	6.78064025866e-15
5.67607003891	5.74678388106e-15
5.6906614786	4.86848790971e-15
5.70525291829	4.12266831329e-15
5.71984435798	3.48961696449e-15
5.73443579767	2.95251557613e-15
5.74902723736	2.49701817384e-15
5.76361867704	2.11089327291e-15
5.77821011673	1.78371686474e-15
5.79280155642	1.50660924709e-15
5.80739299611	1.27200965936e-15
5.8219844358	1.0734832146e-15
5.83657587549	9.05555706446e-16
5.85116731518	7.63572284994e-16
5.86575875487	6.43576548984e-16
5.88035019455	5.42207270597e-16
5.89494163424	4.56610115689e-16
5.90953307393	3.84362303658e-16
5.92412451362	3.23408268568e-16
5.93871595331	2.72004766044e-16
5.953307393	2.28674099547e-16
5.96789883269	1.92164215326e-16
5.98249027237	1.61414712335e-16
5.99708171206	1.35527926745e-16
6.01167315175	1.13744273529e-16
6.02626459144	9.54213038865e-17
6.04085603113	8.00158874858e-17
6.05544747082	6.70690526526e-17
6.07003891051	5.61931242714e-17
6.0846303502	4.70607958196e-17
6.09922178988	3.93958455372e-17
6.11381322957	3.29652710388e-17
6.12840466926	2.75726144031e-17
6.14299610895	2.3052303121e-17
6.15758754864	1.92648547849e-17
6.17217898833	1.60928232763e-17
6.18677042802	1.34373553745e-17
6.20136186771	1.12152876713e-17
6.21595330739	9.35668794519e-18
6.23054474708	7.80277209081e-18
6.24513618677	6.50415358782e-18
6.25972762646	5.41935613824e-18
6.27431906615	4.51356513663e-18
6.28891050584	3.75756703202e-18
6.30350194553	3.12686259791e-18
6.31809338522	2.60091413333e-18
6.3326848249	2.16251080716e-18
6.34727626459	1.79723831134e-18
6.36186770428	1.49302839592e-18
6.37645914397	1.23978240351e-18
6.39105058366	1.0290538524e-18
6.40564202335	8.5377951789e-19
6.42023346304	7.08057037277e-19
6.43482490272	5.86956710478e-19
6.44941634241	4.8636118438e-19
6.4640077821	4.02834648371e-19
6.47859922179	3.33510804273e-19
6.49319066148	2.75999180678e-19
6.50778210117	2.28307927237e-19
6.52237354086	1.88777073799e-19
6.53696498055	1.56024277578e-19
6.55155642023	1.28899315754e-19
6.56614785992	1.06444667119e-19
6.58073929961	8.78643158574e-20
6.5953307393	7.24963625702e-20
6.60992217899	5.9790853393e-20
6.62451361868	4.92910937258e-20
6.63910505837	4.06178642648e-20
6.65369649806	3.34565271648e-20
6.66828793774	2.75460872826e-20
6.68287937743	2.26701049253e-20
6.69747081712	1.86493269626e-20
6.71206225681	1.53351205002e-20
6.7266536965	1.26045362505e-20
6.74124513619	1.03557404484e-20
6.75583657588	8.50452935257e-21
6.77042801557	6.98125679873e-21
6.78501945525	5.72840151055e-21
6.79961089494	4.69837925556e-21
6.81420233463	3.85192073284e-21
6.82879377432	3.15662217935e-21
6.84338521401	2.58573221571e-21
6.8579766537	2.11717882778e-21
6.87256809339	1.73280352412e-21
6.88715953308	1.4175958235e-21
6.90175097276	1.15923866207e-21
6.91634241245	9.47558551559e-22
6.93093385214	7.74211690435e-22
6.94552529183	6.323000024e-22
6.96011673152	5.16187238182e-22
6.97470817121	4.21211929721e-22
6.9892996109	3.43568409298e-22
7.00389105058	2.80110463683e-22
7.01848249027	2.28283645646e-22
7.03307392996	1.85964758778e-22
7.04766536965	1.5142489069e-22
7.06225680934	1.23248770323e-22
7.07684824903	1.00273647142e-22
7.09143968872	8.15459987529e-23
7.10603112841	6.62884646476e-23
7.12062256809	5.38593984028e-23
7.13521400778	4.37449427889e-23
7.14980544747	3.55138932376e-23
7.16439688716	2.8819606253e-23
7.17898832685	2.33779811049e-23
7.19357976654	1.89558694195e-23
7.20817120623	1.5362681425e-23
7.22276264592	1.2445713117e-23
7.2373540856	1.00778929037e-23
7.25194552529	8.15772781661e-24
7.26653696498	6.60025900852e-24
7.28112840467	5.33830356378e-24
7.29571984436	4.31507268753e-24
7.31031128405	3.48708691034e-24
7.32490272374	2.81659667114e-24
7.33949416343	2.27420193111e-24
7.35408560311	1.83492844873e-24
7.3686770428	1.48019079704e-24
7.38326848249	1.19361302844e-24
7.39785992218	9.62039889476e-25
7.41245136187	7.75107786005e-25
7.42704280156	6.24225996674e-25
7.44163424125	5.02426583973e-25
7.45622568094	4.04314618577e-25
7.47081712062	3.2507928453e-25
7.48540856031	2.61474683301e-25
7.5	2.12669056317e-25
7.51459143969	1.68890593339e-25
7.52918287938	1.35589840534e-25
7.54377431907	1.08925615831e-25
7.55836575876	8.73443805863e-26
7.57295719844	7.00460796574e-26
7.58754863813	5.61095201438e-26
7.60214007782	4.50017717891e-26
7.61673151751	3.60233094357e-26
7.6313229572	2.88582001843e-26
7.64591439689	2.30955239676e-26
7.66050583658	1.85023703564e-26
7.67509727627	1.47841324593e-26
7.68968871595	1.18390882439e-26
7.70428015564	9.43086317919e-27
7.71887159533	7.54538167096e-27
7.73346303502	6.02042805514e-27
7.74805447471	4.79664536972e-27
7.7626459144	3.84842177929e-27
7.77723735409	3.07318311373e-27
7.79182879378	2.44518083593e-27
7.80642023346	1.95792569324e-27
7.82101167315	1.55133908569e-27
7.83560311284	1.23601203214e-27
7.85019455253	9.79890441806e-28
7.86478599222	7.84933800093e-28
7.87937743191	6.24732399282e-28
7.8939688716	4.98831378131e-28
7.90856031129	3.98879635983e-28
7.92315175097	3.15996776583e-28
7.93774319066	2.51410644725e-28
7.95233463035	2.01500348851e-28
7.96692607004	1.5877240685e-28
7.98151750973	1.27274999663e-28
7.99610894942	1.01517507629e-28
8.01070038911	8.23740467754e-29
8.0252918288	6.5766627421e-29
8.03988326848	5.27907954623e-29
8.05447470817	4.02573124752e-29
8.06906614786	3.3272964663e-29
8.08365758755	2.55195323655e-29
8.09824902724	2.05302447045e-29
8.11284046693	1.69824535062e-29
8.12743190662	1.44937907091e-29
8.1420233463	1.13745474341e-29
8.15661478599	9.42034521943e-30
8.17120622568	6.64134931041e-30
8.18579766537	5.50381079149e-30
8.20038910506	4.34193979157e-30
8.21498054475	3.59542538868e-30
8.22957198444	3.06098414117e-30
8.24416342413	2.73255072031e-30
8.25875486381	2.15742534412e-30
8.2733463035	1.83985349441e-30
8.28793774319	1.42704308829e-30
8.30252918288	1.32208879271e-30
8.31712062257	1.05359675997e-30
8.33171206226	8.3558118545e-31
8.34630350195	7.78395885638e-31
8.36089494164	7.80766147467e-31
8.37548638132	5.92883028368e-31
8.39007782101	6.23534798276e-31
8.4046692607	2.64235246555e-31
8.41926070039	3.43129874165e-31
8.43385214008	2.66625064352e-31
8.44844357977	2.64883194393e-31
8.46303501946	2.17030387586e-31
8.47762645915	3.51772684658e-31
8.49221789883	2.13264797036e-31
8.50680933852	2.35023645698e-31
8.52140077821	1.95196590313e-31
8.5359922179	1.81330355749e-31
8.55058365759	1.2439931083e-31
8.56517509728	1.43209128627e-31
8.57976653697	1.29076482482e-31
8.59435797666	2.00055036313e-31
8.60894941634	1.4667755018e-31
8.62354085603	1.50292943873e-31
8.63813229572	7.58312010038e-32
8.65272373541	1.22248719935e-31
8.6673151751	6.44830435139e-32
8.68190661479	8.31075848871e-32
8.69649805448	8.3538962638e-32
8.71108949416	1.31202075074e-31
8.72568093385	1.03953701156e-31
8.74027237354	1.27775903196e-31
8.75486381323	7.11327191301e-32
8.76945525292	9.79126248812e-32
8.78404669261	8.66217933046e-32
8.7986381323	1.0100454346e-31
8.81322957199	9.6138140926e-32
8.82782101167	1.82140256473e-31
8.84241245136	1.14247448964e-31
8.85700389105	1.56493140864e-31
8.87159533074	3.6507022174e-32
8.88618677043	4.56093966407e-32
8.90077821012	3.89706017751e-32
8.91536964981	3.96611186095e-32
8.9299610895	3.42018844359e-32
8.94455252918	8.12674901059e-32
8.95914396887	6.16642139199e-32
8.97373540856	9.68669015394e-32
8.98832684825	3.43836301971e-32
9.00291828794	6.43828076184e-32
9.01750972763	4.05441047326e-32
9.03210116732	5.54429612982e-32
9.04669260701	4.89295657878e-32
9.06128404669	1.10716367185e-31
9.07587548638	5.12026275585e-32
9.09046692607	8.26775911846e-32
9.10505836576	2.2481898869e-32
9.11964980545	3.71375295821e-32
9.13424124514	1.67971543194e-32
9.14883268483	4.8022831301e-32
9.16342412452	2.64503470644e-32
9.1780155642	9.33465350907e-32
9.19260700389	3.30225906475e-32
9.20719844358	8.08545522405e-32
9.22178988327	1.96079631971e-32
9.23638132296	3.73227572581e-32
9.25097276265	1.79609187402e-32
9.26556420234	4.72829964209e-32
9.28015564202	2.02154200816e-32
9.29474708171	6.60097162584e-32
9.3093385214	3.54237893062e-32
9.32392996109	9.10627796462e-32
9.33852140078	1.41380558332e-32
9.35311284047	5.80368635519e-32
9.36770428016	2.61071716111e-32
9.38229571985	5.93913037384e-32
9.39688715953	2.83900341826e-32
9.41147859922	1.02907746146e-31
9.42607003891	3.56820320898e-32
9.4406614786	1.06739632396e-31
9.45525291829	1.9100958662e-32
9.46984435798	3.69831984757e-32
9.48443579767	2.76544110717e-32
9.49902723736	5.67307321691e-32
9.51361867704	2.43834039836e-32
9.52821011673	9.42368347486e-32
9.54280155642	4.30739125738e-32
9.55739299611	9.44090376986e-32
9.5719844358	2.6081210459e-32
9.58657587549	5.59316057455e-32
9.60116731518	2.34350292069e-32
9.61575875487	5.62815489835e-32
9.63035019455	3.18155491587e-32
9.64494163424	8.48991607035e-32
9.65953307393	3.80697350051e-32
9.67412451362	1.13846167754e-31
9.68871595331	1.15959177738e-32
9.703307393	5.12025290234e-32
9.71789883269	2.54973144559e-32
9.73249027237	3.30305731573e-32
9.74708171206	2.41037251979e-32
9.76167315175	9.37019804095e-32
9.77626459144	2.16814974164e-32
9.79085603113	9.37935406248e-32
9.80544747082	5.68174747628e-33
9.82003891051	2.61047241432e-32
9.8346303502	6.10748628634e-33
9.84922178988	3.25966525704e-32
9.86381322957	7.3238351619e-33
9.87840466926	5.60549082801e-32
9.89299610895	2.64748009308e-32
9.90758754864	5.7122660638e-32
9.92217898833	3.91533561183e-33
9.93677042802	3.23114401151e-32
9.95136186771	4.29894005259e-33
9.96595330739	2.70015873471e-32
9.98054474708	4.00746853025e-33
9.99513618677	4.96008356744e-32
10.0097276265	1.04401160061e-32
10.0243190661	6.43147256371e-32
10.0389105058	1.20319169099e-34
10.0535019455	1.16618678068e-32
10.0680933852	2.89151565169e-33
10.0826848249	1.71317076728e-32
10.0972762646	1.1798623265e-32
10.1118677043	6.94488561029e-32
10.126459144	2.14482292595e-32
10.1410505837	6.96878009733e-32
10.1556420233	1.2594292982e-32
10.170233463	4.15370631714e-32
10.1848249027	4.48997684269e-32
10.1994163424	5.61914171356e-32
10.2140077821	1.37407254937e-32
10.2285992218	8.69264268871e-32
10.2431906615	3.91711175269e-32
10.2577821012	9.1280222789e-32
10.2723735409	3.52174815685e-32
10.2869649805	5.41247602828e-32
10.3015564202	5.94405517304e-32
10.3161478599	5.36037933218e-32
10.3307392996	5.10513931414e-32
10.3453307393	8.53223914787e-32
10.359922179	5.13626860565e-32
10.3745136187	9.91638805719e-32
10.3891050584	2.15832582735e-32
10.4036964981	5.53427681077e-32
10.4182879377	3.91775369929e-32
10.4328793774	6.02610049903e-32
10.4474708171	4.0279890557e-32
10.4620622568	9.22722176007e-32
10.4766536965	5.220805201e-32
10.4912451362	8.61686185457e-32
10.5058365759	9.9156744134e-32
10.5204280156	9.88113893116e-32
10.5350194553	9.80869613983e-32
10.5496108949	1.02068557897e-31
10.5642023346	6.09273766304e-32
10.5787937743	1.30396007165e-31
10.593385214	9.89433890902e-32
10.6079766537	1.30531878162e-31
10.6225680934	1.18975054373e-31
10.6371595331	1.14132874118e-31
10.6517509728	1.03476361246e-31
10.6663424125	1.21868333785e-31
10.6809338521	9.93086808364e-32
10.6955252918	1.24237581928e-31
10.7101167315	8.92384842529e-32
10.7247081712	1.47946664817e-31
10.7392996109	8.33588259833e-32
10.7538910506	6.33379962771e-32
10.7684824903	5.68372071895e-32
10.78307393	5.49362598439e-32
10.7976653697	8.03212659366e-32
10.8122568093	1.09187704353e-31
10.826848249	7.90951724642e-32
10.8414396887	1.0311393204e-31
10.8560311284	1.0188190627e-31
10.8706225681	7.05960511095e-32
10.8852140078	7.53121663536e-32
10.8998054475	5.01386365065e-32
10.9143968872	7.07466950896e-32
10.9289883268	8.4543237922e-32
10.9435797665	5.47337170964e-32
10.9581712062	8.75049195606e-32
10.9727626459	8.89359437063e-32
10.9873540856	7.51249193904e-32
11.0019455253	2.3737342509e-32
11.016536965	2.49134097566e-32
11.0311284047	3.39155255834e-32
11.0457198444	5.69732549648e-32
11.060311284	7.22490361403e-32
11.0749027237	7.18254840094e-32
11.0894941634	8.91997872116e-32
11.1040856031	4.54924767819e-32
11.1186770428	7.56941646433e-32
11.1332684825	6.4472774955e-32
11.1478599222	6.4857660636e-32
11.1624513619	4.9746560792e-32
11.1770428016	8.0683301493e-32
11.1916342412	5.470409613e-32
11.2062256809	1.19324504737e-31
11.2208171206	6.57912172772e-32
11.2354085603	8.74321533568e-32
11.25	1.14594077632e-29
11.2645914397	5.80800440784e-32
11.2791828794	5.68883942279e-32
11.2937743191	6.35831456905e-32
11.3083657588	6.16640005026e-32
11.3229571984	2.76243568542e-32
11.3375486381	3.25949392314e-32
11.3521400778	2.67639799829e-32
11.3667315175	3.8600828331e-32
11.3813229572	2.95337547291e-32
11.3959143969	3.14700500297e-32
11.4105058366	2.85323756679e-32
11.4250972763	5.37831945026e-32
11.439688716	1.93852061179e-32
11.4542801556	1.91923852493e-32
11.4688715953	3.08309048669e-32
11.483463035	3.18281913286e-32
11.4980544747	1.35175309765e-32
11.5126459144	5.18429959046e-32
11.5272373541	2.61625393607e-32
11.5418287938	3.35312132921e-32
11.5564202335	3.06135027068e-32
11.5710116732	4.18561485093e-32
11.5856031128	3.39915369739e-32
11.6001945525	3.7312051166e-32
11.6147859922	3.48302097853e-32
11.6293774319	5.92942684857e-32
11.6439688716	4.8508135383e-32
11.6585603113	8.1870272277e-32
11.673151751	2.06582785586e-32
11.6877431907	3.74256339233e-32
11.7023346304	4.40383974628e-32
11.71692607	3.10775796723e-32
11.7315175097	1.30274298721e-32
11.7461089494	3.95676002102e-32
11.7607003891	3.55844243474e-32
11.7752918288	4.72218094878e-32
11.7898832685	3.2915355659e-32
11.8044747082	2.86316991252e-32
11.8190661479	4.50337462507e-32
11.8336575876	5.00402319585e-32
11.8482490272	1.90249967197e-32
11.8628404669	5.12228216719e-32
11.8774319066	7.08501237231e-32
11.8920233463	9.74694205369e-32
11.906614786	5.39696277788e-32
11.9212062257	6.32217967215e-32
11.9357976654	6.85763863186e-32
11.9503891051	8.71068326895e-32
11.9649805447	6.58605170346e-32
11.9795719844	6.97936206621e-32
11.9941634241	5.60204750025e-32
12.0087548638	7.3835706466e-32
12.0233463035	3.71781893356e-32
12.0379377432	3.91223408568e-32
12.0525291829	5.7601164437e-32
12.0671206226	5.14621706889e-32
12.0817120623	2.58208813945e-32
12.0963035019	5.65653743116e-32
12.1108949416	6.39669220578e-32
12.1254863813	8.08542149157e-32
12.140077821	5.44519701558e-32
12.1546692607	7.57943749921e-32
12.1692607004	8.30192743272e-32
12.1838521401	9.79139665534e-32
12.1984435798	5.60223083939e-32
12.2130350195	8.56075579273e-32
12.2276264591	9.19110772009e-32
12.2422178988	1.17472723394e-31
12.2568093385	4.07144032194e-32
12.2714007782	6.21695964666e-32
12.2859922179	6.09351975143e-32
12.3005836576	7.83066750638e-32
12.3151750973	6.94936869736e-32
12.329766537	9.81924797423e-32
12.3443579767	1.02638517335e-31
12.3589494163	1.26627051142e-31
12.373540856	3.84817607291e-32
12.3881322957	8.74330818054e-32
12.4027237354	1.07905898668e-31
12.4173151751	1.03807630548e-31
12.4319066148	6.1447016549e-32
12.4464980545	1.17776663745e-31
12.4610894942	1.16800344217e-31
12.4756809339	1.77278165125e-31
12.4902723735	1.4140834231e-31
12.5048638132	1.64430490823e-31
12.5194552529	1.97793532916e-31
12.5340466926	2.14084358103e-31
12.5486381323	1.48516250532e-31
12.563229572	2.29371087732e-31
12.5778210117	2.45183223203e-31
12.5924124514	2.67032910021e-31
12.6070038911	1.24419487706e-31
12.6215953307	1.41372386046e-31
12.6361867704	1.355310351e-31
12.6507782101	1.60984186885e-31
12.6653696498	1.24515892031e-31
12.6799610895	1.34849307861e-31
12.6945525292	1.5039200947e-31
12.7091439689	1.96699268386e-31
12.7237354086	1.39500078424e-31
12.7383268483	1.92841465462e-31
12.7529182879	1.88752315238e-31
12.7675097276	1.93499073456e-31
12.7821011673	1.65371984121e-31
12.796692607	1.82962278062e-31
12.8112840467	2.05211505616e-31
12.8258754864	2.27538068836e-31
12.8404669261	1.91652656062e-31
12.8550583658	1.70912655304e-31
12.8696498054	2.06228602471e-31
12.8842412451	2.26037081375e-31
12.8988326848	1.9108759163e-31
12.9134241245	1.99322889547e-31
12.9280155642	2.3771321038e-31
12.9426070039	2.63501459446e-31
12.9571984436	2.42026708524e-31
12.9717898833	2.41558195948e-31
12.986381323	2.70236434895e-31
13.0009727626	2.39498178733e-31
13.0155642023	2.5264978637e-31
13.030155642	2.19621580301e-31
13.0447470817	2.77284812769e-31
13.0593385214	2.96276156752e-31
13.0739299611	2.38294598105e-31
13.0885214008	2.51319174723e-31
13.1031128405	3.24283938787e-31
13.1177042802	2.52901038215e-31
13.1322957198	2.4108402124e-31
13.1468871595	2.32280169267e-31
13.1614785992	2.51708743491e-31
13.1760700389	2.58058884324e-31
13.1906614786	2.78006016003e-31
13.2052529183	2.33005927343e-31
13.219844358	2.51980206444e-31
13.2344357977	2.64663216457e-31
13.2490272374	2.24653019426e-31
13.263618677	1.92424428078e-31
13.2782101167	2.63776767519e-31
13.2928015564	2.6430766063e-31
13.3073929961	2.43398289759e-31
13.3219844358	2.28461533898e-31
13.3365758755	2.52878454632e-31
13.3511673152	2.01656738713e-31
13.3657587549	1.96295798345e-31
13.3803501946	1.76095446433e-31
13.3949416342	2.01636336985e-31
13.4095330739	1.94036612245e-31
13.4241245136	3.03975415542e-31
13.4387159533	2.30717232486e-31
13.453307393	2.67835279447e-31
13.4678988327	2.46940624485e-31
13.4824902724	2.29946640564e-31
13.4970817121	2.11508271374e-31
13.5116731518	2.9800764459e-31
13.5262645914	2.19986599367e-31
13.5408560311	2.21233365559e-31
13.5554474708	1.75405086657e-31
13.5700389105	2.33295471408e-31
13.5846303502	1.58938136959e-31
13.5992217899	1.86704729092e-31
13.6138132296	1.28799051556e-31
13.6284046693	2.09546996919e-31
13.642996109	1.86765793196e-31
13.6575875486	2.40669705093e-31
13.6721789883	2.24986852371e-31
13.686770428	2.31382187723e-31
13.7013618677	1.3852516101e-31
13.7159533074	1.848502151e-31
13.7305447471	1.81162435007e-31
13.7451361868	1.88841415797e-31
13.7597276265	1.78067566534e-31
13.7743190661	3.21967117561e-31
13.7889105058	2.00761874699e-31
13.8035019455	2.80994943209e-31
13.8180933852	1.98687149459e-31
13.8326848249	1.86735661681e-31
13.8472762646	1.82376449653e-31
13.8618677043	2.48494938266e-31
13.876459144	1.96284577185e-31
13.8910505837	2.17480183694e-31
13.9056420233	1.82120495125e-31
13.920233463	2.16733723813e-31
13.9348249027	1.4931298835e-31
13.9494163424	1.71658241253e-31
13.9640077821	1.23299117126e-31
13.9785992218	2.01759390748e-31
13.9931906615	1.83418182458e-31
14.0077821012	2.12816894113e-31
14.0223735409	1.97105766598e-31
14.0369649805	2.22346455207e-31
14.0515564202	1.59461390079e-31
14.0661478599	2.2136031482e-31
14.0807392996	1.38250687515e-31
14.0953307393	1.83053299613e-31
14.109922179	1.81152177277e-31
14.1245136187	2.87726556373e-31
14.1391050584	1.69549723315e-31
14.1536964981	2.31648437649e-31
14.1682879377	1.75897030264e-31
14.1828793774	1.64388592146e-31
14.1974708171	1.74226322651e-31
14.2120622568	2.32947219432e-31
14.2266536965	1.48059927623e-31
14.2412451362	2.61795199324e-31
14.2558365759	2.1640922697e-31
14.2704280156	3.03262637254e-31
14.2850194553	1.78976493e-31
14.2996108949	2.25531032257e-31
14.3142023346	1.93270190454e-31
14.3287937743	1.7135154326e-31
14.343385214	1.80636024313e-31
14.3579766537	3.29533068079e-31
14.3725680934	3.28586136629e-31
14.3871595331	2.24464013286e-31
14.4017509728	1.66298430633e-31
14.4163424125	3.02425701462e-31
14.4309338521	1.49189377164e-31
14.4455252918	2.14347900199e-31
14.4601167315	1.9455071557e-31
14.4747081712	2.48529368138e-31
14.4892996109	2.08319008339e-31
14.5038910506	2.87412197102e-31
14.5184824903	2.59559046458e-31
14.53307393	1.9700208036e-31
14.5476653697	2.06150463996e-31
14.5622568093	2.63530413091e-31
14.576848249	1.13741456833e-31
14.5914396887	3.10281806053e-31
14.6060311284	2.78763648232e-31
14.6206225681	3.80243053393e-31
14.6352140078	2.25508648812e-31
14.6498054475	2.5860069107e-31
14.6643968872	2.94138951899e-31
14.6789883268	2.11921952567e-31
14.6935797665	1.90190939976e-31
14.7081712062	3.53814113314e-31
14.7227626459	2.10812500847e-31
14.7373540856	3.05450778982e-31
14.7519455253	2.37133105959e-31
14.766536965	4.08633480034e-31
14.7811284047	1.83277280177e-31
14.7957198444	2.30840975445e-31
14.810311284	2.71460704058e-31
14.8249027237	2.61923990579e-31
14.8394941634	2.63754452261e-31
14.8540856031	3.23980308184e-31
14.8686770428	2.05409503455e-31
14.8832684825	2.63775630407e-31
14.8978599222	2.76232759559e-31
14.9124513619	3.28680921878e-31
14.9270428016	1.18954770752e-31
14.9416342412	3.4290888996e-31
14.9562256809	3.67404994165e-31
14.9708171206	2.26226794373e-31
14.9854085603	2.3456557256e-31
15.0	7.81777603358e-30
