-14.9854085603	2.12486223263e-27
-14.9708171206	1.26005839598e-27
-14.9562256809	7.66349149913e-28
-14.9416342412	4.45606086097e-28
-14.9270428016	2.61095857439e-28
-14.9124513619	1.58152249195e-28
-14.8978599222	1.07182922093e-28
-14.8832684825	8.42594132611e-29
-14.8686770428	8.28251382991e-29
-14.8540856031	8.70241953416e-29
-14.8394941634	9.77635121125e-29
-14.8249027237	9.91091563763e-29
-14.810311284	1.11842124308e-28
-14.7957198444	1.21800284815e-28
-14.7811284047	1.37234916343e-28
-14.766536965	1.48857273615e-28
-14.7519455253	1.61159904019e-28
-14.7373540856	1.68565962631e-28
-14.7227626459	1.71878876177e-28
-14.7081712062	1.60772211177e-28
-14.6935797665	1.64529469024e-28
-14.6789883268	1.67352446249e-28
-14.6643968872	1.76037820875e-28
-14.6498054475	1.80962580872e-28
-14.6352140078	1.91013220133e-28
-14.6206225681	1.9337822776e-28
-14.6060311284	1.9323394027e-28
-14.5914396887	1.79408172504e-28
-14.576848249	1.79906057652e-28
-14.5622568093	1.79824193086e-28
-14.5476653696	1.8887598367e-28
-14.53307393	1.92316731213e-28
-14.5184824903	1.99522984398e-28
-14.5038910506	2.01311765112e-28
-14.4892996109	2.02500900822e-28
-14.4747081712	1.88404550111e-28
-14.4601167315	1.88322130923e-28
-14.4455252918	1.87401242566e-28
-14.4309338521	1.95875863798e-28
-14.4163424125	1.98230969691e-28
-14.4017509728	2.03908282218e-28
-14.3871595331	2.03114777187e-28
-14.3725680934	2.01853880377e-28
-14.3579766537	1.83503659642e-28
-14.343385214	1.79767282866e-28
-14.3287937743	1.77511797709e-28
-14.3142023346	1.83468369654e-28
-14.2996108949	1.86161101134e-28
-14.2850194553	1.93639004854e-28
-14.2704280156	1.94028188397e-28
-14.2558365759	1.92670427844e-28
-14.2412451362	1.75961518049e-28
-14.2266536965	1.73647554624e-28
-14.2120622568	1.71281049308e-28
-14.1974708171	1.77360000913e-28
-14.1828793774	1.78212767286e-28
-14.1682879377	1.83954875359e-28
-14.1536964981	1.84460351536e-28
-14.1391050584	1.83407451987e-28
-14.1245136187	1.66826584488e-28
-14.109922179	1.65115818707e-28
-14.0953307393	1.63771676076e-28
-14.0807392996	1.69787361326e-28
-14.0661478599	1.71884149644e-28
-14.0515564202	1.77783977369e-28
-14.0369649805	1.76496094186e-28
-14.0223735409	1.74512663633e-28
-14.0077821012	1.56476799212e-28
-13.9931906615	1.51859499137e-28
-13.9785992218	1.49349199655e-28
-13.9640077821	1.52727351839e-28
-13.9494163424	1.52976304739e-28
-13.9348249027	1.58430042342e-28
-13.920233463	1.57650859811e-28
-13.9056420233	1.57505523286e-28
-13.8910505837	1.44729374079e-28
-13.876459144	1.42934815934e-28
-13.8618677043	1.43728771301e-28
-13.8472762646	1.50491968731e-28
-13.8326848249	1.52916977915e-28
-13.8180933852	1.59427805432e-28
-13.8035019455	1.60794599127e-28
-13.7889105058	1.61453113625e-28
-13.7743190661	1.5261659796e-28
-13.7597276265	1.53677976597e-28
-13.7451361868	1.56426831985e-28
-13.7305447471	1.62681343393e-28
-13.7159533074	1.66450379951e-28
-13.7013618677	1.70387759879e-28
-13.686770428	1.6979727261e-28
-13.6721789883	1.69489030054e-28
-13.6575875486	1.55384568797e-28
-13.6429961089	1.490957036e-28
-13.6284046693	1.45379383681e-28
-13.6138132296	1.44769135143e-28
-13.5992217899	1.42253736091e-28
-13.5846303502	1.40999717354e-28
-13.5700389105	1.36682331327e-28
-13.5554474708	1.32020053152e-28
-13.5408560311	1.1794959039e-28
-13.5262645914	1.1312840183e-28
-13.5116731518	1.11930449844e-28
-13.4970817121	1.14110275658e-28
-13.4824902724	1.15131194565e-28
-13.4678988327	1.17720076543e-28
-13.453307393	1.15388904e-28
-13.4387159533	1.15445553597e-28
-13.4241245136	1.08452335467e-28
-13.4095330739	1.07294402463e-28
-13.3949416342	1.07614540538e-28
-13.3803501946	1.12727804653e-28
-13.3657587549	1.14673249421e-28
-13.3511673152	1.19280087767e-28
-13.3365758755	1.21115184098e-28
-13.3219844358	1.23764215208e-28
-13.3073929961	1.20490034083e-28
-13.2928015564	1.20429472469e-28
-13.2782101167	1.22421511626e-28
-13.263618677	1.25544233915e-28
-13.2490272374	1.28809529439e-28
-13.2344357977	1.35135147498e-28
-13.219844358	1.3742016755e-28
-13.2052529183	1.4305682028e-28
-13.1906614786	1.48712573076e-28
-13.1760700389	1.54289835122e-28
-13.1614785992	1.59544541594e-28
-13.1468871595	1.65635433347e-28
-13.1322957198	1.69692641725e-28
-13.1177042802	1.73960956354e-28
-13.1031128405	1.73691103678e-28
-13.0885214008	1.73395418101e-28
-13.0739299611	1.71415413373e-28
-13.0593385214	1.71519257109e-28
-13.0447470817	1.71880950544e-28
-13.030155642	1.73092783211e-28
-13.0155642023	1.77528916336e-28
-13.0009727626	1.82766945643e-28
-12.986381323	1.85613001997e-28
-12.9717898833	1.89569829892e-28
-12.9571984436	1.94439186588e-28
-12.9426070039	1.99241976114e-28
-12.9280155642	2.06546515994e-28
-12.9134241245	2.10411387324e-28
-12.8988326848	2.16539766642e-28
-12.8842412451	2.24578707484e-28
-12.8696498054	2.32251703691e-28
-12.8550583658	2.42647358e-28
-12.8404669261	2.59209428125e-28
-12.8258754864	2.70138868384e-28
-12.8112840467	2.78829052577e-28
-12.796692607	2.83691933519e-28
-12.7821011673	2.88176977292e-28
-12.7675097276	2.89253066837e-28
-12.7529182879	2.9050050381e-28
-12.7383268482	2.93253014587e-28
-12.7237354086	2.94472319444e-28
-12.7091439689	2.9082562645e-28
-12.6945525292	2.90172088079e-28
-12.6799610895	2.87870848333e-28
-12.6653696498	2.85908519568e-28
-12.6507782101	2.86039225034e-28
-12.6361867704	2.85966945837e-28
-12.6215953307	2.91265400374e-28
-12.6070038911	3.01490658738e-28
-12.5924124514	3.03543663925e-28
-12.5778210117	3.0790277768e-28
-12.563229572	3.06631281166e-28
-12.5486381323	3.06194334794e-28
-12.5340466926	3.10560637473e-28
-12.5194552529	3.15560753112e-28
-12.5048638132	3.29412315737e-28
-12.4902723735	3.57313439011e-28
-12.4756809339	3.7335191816e-28
-12.4610894942	3.84618335422e-28
-12.4464980545	3.88171573849e-28
-12.4319066148	3.93061890599e-28
-12.4173151751	3.91244370164e-28
-12.4027237354	3.92450383546e-28
-12.3881322957	3.94488846199e-28
-12.373540856	4.06153260474e-28
-12.3589494163	4.11356451963e-28
-12.3443579767	4.14744814559e-28
-12.329766537	4.06187556869e-28
-12.3151750973	4.05741196847e-28
-12.3005836576	4.05161056259e-28
-12.2859922179	4.08823375315e-28
-12.2714007782	4.18819839776e-28
-12.2568093385	4.42647606814e-28
-12.2422178988	4.53203796887e-28
-12.2276264591	4.63477315536e-28
-12.2130350195	4.60833858896e-28
-12.1984435798	4.63901614437e-28
-12.1838521401	4.62015226918e-28
-12.1692607004	4.61884128263e-28
-12.1546692607	4.67273341757e-28
-12.140077821	4.90966921751e-28
-12.1254863813	4.97543282797e-28
-12.1108949416	4.97701092362e-28
-12.0963035019	4.88084177671e-28
-12.0817120623	4.82980775219e-28
-12.0671206226	4.79760162214e-28
-12.0525291829	4.85078373767e-28
-12.0379377432	4.91847997486e-28
-12.0233463035	5.19457457066e-28
-12.0087548638	5.30000744746e-28
-11.9941634241	5.4167382425e-28
-11.9795719844	5.41662513772e-28
-11.9649805447	5.46771236691e-28
-11.9503891051	5.47945428523e-28
-11.9357976654	5.59391673126e-28
-11.9212062257	5.81574978023e-28
-11.906614786	6.30761341203e-28
-11.8920233463	6.51857894703e-28
-11.8774319066	6.63192629352e-28
-11.8628404669	6.52586273192e-28
-11.8482490272	6.41881251191e-28
-11.8336575875	6.3500325535e-28
-11.8190661479	6.33637535619e-28
-11.8044747082	6.35056769393e-28
-11.7898832685	6.61350562031e-28
-11.7752918288	6.61287007054e-28
-11.7607003891	6.53829535117e-28
-11.7461089494	6.35856196871e-28
-11.7315175097	6.28969925285e-28
-11.71692607	6.22888567589e-28
-11.7023346304	6.26424073717e-28
-11.6877431907	6.26421261079e-28
-11.673151751	6.51230968435e-28
-11.6585603113	6.55008100433e-28
-11.6439688716	6.50705061474e-28
-11.6293774319	6.33519811341e-28
-11.6147859922	6.22851096682e-28
-11.6001945525	6.09121260722e-28
-11.5856031128	6.1300847497e-28
-11.5710116732	6.26841609101e-28
-11.5564202335	6.66043694984e-28
-11.5418287938	6.68596547601e-28
-11.5272373541	6.69656431539e-28
-11.5126459144	6.55306534611e-28
-11.4980544747	6.41745756016e-28
-11.483463035	6.36161624706e-28
-11.4688715953	6.39774228848e-28
-11.4542801556	6.53822144888e-28
-11.439688716	6.96879941397e-28
-11.4250972763	7.17455837608e-28
-11.4105058366	7.42561768203e-28
-11.3959143969	7.79087518908e-28
-11.3813229572	8.58752716617e-28
-11.3667315175	9.84113911348e-28
-11.3521400778	1.17974870485e-27
-11.3375486381	1.46340698663e-27
-11.3229571984	1.88050499131e-27
-11.3083657588	2.44359931043e-27
-11.2937743191	3.25129637908e-27
-11.2791828794	4.34551244451e-27
-11.2645914397	6.01412975673e-27
-11.25	7.57732354718e-27
-11.2354085603	5.89020438402e-27
-11.2208171206	4.14873994023e-27
-11.2062256809	2.98908566372e-27
-11.1916342412	2.10796113596e-27
-11.1770428016	1.49033495613e-27
-11.1624513619	1.04478446795e-27
-11.1478599222	7.31298464557e-28
-11.1332684825	5.1067329294e-28
-11.1186770428	3.5282165753e-28
-11.1040856031	2.49388391182e-28
-11.0894941634	1.77274375586e-28
-11.0749027237	1.42037994085e-28
-11.060311284	1.26986548395e-28
-11.0457198444	1.28820882964e-28
-11.0311284047	1.37379371698e-28
-11.016536965	1.54050831922e-28
-11.0019455253	1.65942256615e-28
-10.9873540856	1.81249271093e-28
-10.9727626459	1.80962116363e-28
-10.9581712062	1.93831742331e-28
-10.9435797665	2.13127295796e-28
-10.9289883268	2.39403480626e-28
-10.9143968872	2.59031074385e-28
-10.8998054475	2.80201020328e-28
-10.8852140078	2.92791833587e-28
-10.8706225681	2.97967619585e-28
-10.8560311284	2.81545371722e-28
-10.8414396887	2.85589843018e-28
-10.826848249	2.92358409454e-28
-10.8122568093	3.09657222586e-28
-10.7976653696	3.24094052725e-28
-10.78307393	3.3717692427e-28
-10.7684824903	3.41268266349e-28
-10.7538910506	3.43404831706e-28
-10.7392996109	3.24848308266e-28
-10.7247081712	3.25402274213e-28
-10.7101167315	3.30689290213e-28
-10.6955252918	3.44894614921e-28
-10.6809338521	3.56358617447e-28
-10.6663424125	3.69242731153e-28
-10.6517509728	3.7073537425e-28
-10.6371595331	3.68547460312e-28
-10.6225680934	3.45038325673e-28
-10.6079766537	3.40718457035e-28
-10.593385214	3.41283004181e-28
-10.5787937743	3.55986807571e-28
-10.5642023346	3.66669414926e-28
-10.5496108949	3.81079336099e-28
-10.5350194553	3.86818511609e-28
-10.5204280156	3.89825544052e-28
-10.5058365759	3.72241857914e-28
-10.4912451362	3.74731607002e-28
-10.4766536965	3.79237119711e-28
-10.4620622568	3.93806477814e-28
-10.4474708171	4.0293114389e-28
-10.4328793774	4.10120087385e-28
-10.4182879377	4.06377990311e-28
-10.4036964981	3.98846314108e-28
-10.3891050584	3.65483833936e-28
-10.3745136187	3.5248623836e-28
-10.359922179	3.47592615453e-28
-10.3453307393	3.53787474569e-28
-10.3307392996	3.56098457604e-28
-10.3161478599	3.61373386299e-28
-10.3015564202	3.56875651671e-28
-10.2869649805	3.48040860539e-28
-10.2723735409	3.19518689728e-28
-10.2577821012	3.08467305128e-28
-10.2431906615	3.03406001026e-28
-10.2285992218	3.08793746391e-28
-10.2140077821	3.09060920857e-28
-10.1994163424	3.12231491983e-28
-10.1848249027	3.07574043707e-28
-10.170233463	3.0084178137e-28
-10.1556420233	2.77681467472e-28
-10.1410505837	2.71184941495e-28
-10.126459144	2.6731145067e-28
-10.1118677043	2.75172374163e-28
-10.0972762646	2.78169069407e-28
-10.0826848249	2.81007862302e-28
-10.0680933852	2.75501965416e-28
-10.0535019455	2.69353434896e-28
-10.0389105058	2.44532062074e-28
-10.0243190661	2.33985316677e-28
-10.0097276265	2.27625040169e-28
-9.99513618677	2.31961943661e-28
-9.98054474708	2.34506112659e-28
-9.96595330739	2.38473169016e-28
-9.9513618677	2.35177399804e-28
-9.93677042802	2.34626276518e-28
-9.92217898833	2.26465558511e-28
-9.90758754864	2.28972844287e-28
-9.89299610895	2.3596129004e-28
-9.87840466926	2.51608333815e-28
-9.86381322957	2.67891792757e-28
-9.84922178988	2.92198185609e-28
-9.83463035019	3.18942690962e-28
-9.82003891051	3.57652787074e-28
-9.80544747082	4.09393011659e-28
-9.79085603113	4.83771193494e-28
-9.77626459144	5.79437389071e-28
-9.76167315175	7.10237098912e-28
-9.74708171206	8.69180172456e-28
-9.73249027237	1.0627409743e-27
-9.71789883268	1.31352565527e-27
-9.703307393	1.64174175522e-27
-9.68871595331	2.0791755909e-27
-9.67412451362	2.62981278741e-27
-9.65953307393	3.30047075011e-27
-9.64494163424	4.15471341988e-27
-9.63035019455	5.24114714798e-27
-9.61575875486	6.60709334651e-27
-9.60116731517	8.35389304361e-27
-9.58657587549	1.06179427898e-26
-9.5719844358	1.35774676214e-26
-9.55739299611	1.72568355953e-26
-9.54280155642	2.18617322881e-26
-9.52821011673	2.77068763183e-26
-9.51361867704	3.5160266128e-26
-9.49902723735	4.46207545317e-26
-9.48443579767	5.66523876378e-26
-9.46984435798	7.20169278423e-26
-9.45525291829	9.17859594852e-26
-9.4406614786	1.16691290146e-25
-9.42607003891	1.48217571085e-25
-9.41147859922	1.8832282041e-25
-9.39688715953	2.39347041917e-25
-9.38229571984	3.04141412844e-25
-9.36770428016	3.86602358928e-25
-9.35311284047	4.91534552826e-25
-9.33852140078	6.25264068576e-25
-9.32392996109	7.94436414697e-25
-9.3093385214	1.00845992564e-24
-9.29474708171	1.27953239532e-24
-9.28015564202	1.62338914563e-24
-9.26556420233	2.05861823257e-24
-9.25097276265	2.6099234746e-24
-9.23638132296	3.30841633538e-24
-9.22178988327	4.19335286345e-24
-9.20719844358	5.31052207343e-24
-9.19260700389	6.7216461915e-24
-9.1780155642	8.50433314742e-24
-9.16342412451	1.07560021422e-23
-9.14883268482	1.35979163144e-23
-9.13424124514	1.71849288491e-23
-9.11964980545	2.17100588651e-23
-9.10505836576	2.74187215174e-23
-9.09046692607	3.46079976118e-23
-9.07587548638	4.3660769797e-23
-9.06128404669	5.50552050971e-23
-9.046692607	6.9392016534e-23
-9.03210116731	8.74226793223e-23
-9.01750972763	1.10092575533e-22
-9.00291828794	1.38577989479e-22
-8.98832684825	1.74364084429e-22
-8.97373540856	2.19270250181e-22
-8.95914396887	2.75602799223e-22
-8.94455252918	3.46244349975e-22
-8.92996108949	4.34792547195e-22
-8.91536964981	5.4572802091e-22
-8.90077821012	6.84658612893e-22
-8.88618677043	8.58556764912e-22
-8.87159533074	1.07613578067e-21
-8.85700389105	1.34817292614e-21
-8.84241245136	1.68815825106e-21
-8.82782101167	2.11286495123e-21
-8.81322957198	2.64315337985e-21
-8.7986381323	3.30493668665e-21
-8.78404669261	4.13047338286e-21
-8.76945525292	5.15972521273e-21
-8.75486381323	6.44238982853e-21
-8.74027237354	8.03992686613e-21
-8.72568093385	1.00287252032e-20
-8.71108949416	1.25033909733e-20
-8.69649805447	1.5581179315e-20
-8.68190661479	1.94071065453e-20
-8.6673151751	2.41607957637e-20
-8.65272373541	3.00642411305e-20
-8.63813229572	3.73919880119e-20
-8.62354085603	4.64828109323e-20
-8.60894941634	5.77555603494e-20
-8.59435797665	7.17269339274e-20
-8.57976653696	8.90344648897e-20
-8.56517509728	1.10464059008e-19
-8.55058365759	1.36984441664e-19
-8.5359922179	1.69788361564e-19
-8.52140077821	2.10344702482e-19
-8.50680933852	2.60459427685e-19
-8.49221789883	3.22354742037e-19
-8.47762645914	3.98761811111e-19
-8.46303501945	4.9303595955e-19
-8.44844357977	6.09296669329e-19
-8.43385214008	7.52600508945e-19
-8.41926070039	9.29148667736e-19
-8.4046692607	1.14654479418e-18
-8.39007782101	1.41410373405e-18
-8.37548638132	1.74323546034e-18
-8.36089494163	2.14790577156e-18
-8.34630350195	2.64520186304e-18
-8.33171206226	3.25601592019e-18
-8.31712062257	4.00588444259e-18
-8.30252918288	4.92599736612e-18
-8.28793774319	6.05443632032e-18
-8.2733463035	7.43766416575e-18
-8.25875486381	9.13235465106e-18
-8.24416342412	1.12075886347e-17
-8.22957198444	1.37475304694e-17
-8.21498054475	1.6854664877e-17
-8.20038910506	2.06537253759e-17
-8.18579766537	2.52964354025e-17
-8.17120622568	3.09672630591e-17
-8.15661478599	3.78903462975e-17
-8.1420233463	4.63379171342e-17
-8.12743190661	5.66404195855e-17
-8.11284046693	6.9198759741e-17
-8.09824902724	8.44990638806e-17
-8.08365758755	1.0313049934e-16
-8.06906614786	1.25806702531e-16
-8.05447470817	1.53391657014e-16
-8.03988326848	1.86930758335e-16
-8.02529182879	2.27688311259e-16
-8.0107003891	2.7719250983e-16
-7.99610894942	3.37289557589e-16
-7.98151750973	4.10208624211e-16
-7.96692607004	4.98639887358e-16
-7.95233463035	6.05828086572e-16
-7.93774319066	7.35684812379e-16
-7.92315175097	8.92922949999e-16
-7.90856031128	1.08321793446e-15
-7.89396887159	1.31340053714e-15
-7.87937743191	1.59168774513e-15
-7.86478599222	1.92795866237e-15
-7.85019455253	2.33408444462e-15
-7.83560311284	2.8243221929e-15
-7.82101167315	3.41578532964e-15
-7.80642023346	4.12900459161e-15
-7.79182879377	4.98859748634e-15
-7.77723735409	6.02406553995e-15
-7.7626459144	7.27074416367e-15
-7.74805447471	8.77093324345e-15
-7.73346303502	1.05752426803e-14
-7.71887159533	1.2744191465e-14
-7.70428015564	1.53501088811e-14
-7.68968871595	1.84793915518e-14
-7.67509727626	2.22351838825e-14
-7.66050583658	2.67405568934e-14
-7.64591439689	3.21422776002e-14
-7.6313229572	3.86152752379e-14
-7.61673151751	4.63679309987e-14
-7.60214007782	5.56483384829e-14
-7.58754863813	6.67517097083e-14
-7.57295719844	8.00291295513e-14
-7.55836575875	9.5897901434e-14
-7.54377431907	1.14853762021e-13
-7.52918287938	1.37485297017e-13
-7.51459143969	1.64490945213e-13
-7.5	1.96699036208e-13
-7.48540856031	2.35091393498e-13
-7.47081712062	2.80831176492e-13
-7.45622568093	3.35295553835e-13
-7.44163424124	4.00114179301e-13
-7.42704280156	4.7721440953e-13
-7.41245136187	5.68874409889e-13
-7.39785992218	6.7778549828e-13
-7.38326848249	8.07125286284e-13
-7.3686770428	9.60643435944e-13
-7.35408560311	1.14276215244e-12
-7.33949416342	1.35869386512e-12
-7.32490272373	1.61457897073e-12
-7.31031128405	1.91764693923e-12
-7.29571984436	2.27640465119e-12
-7.28112840467	2.70085641999e-12
-7.26653696498	3.2027608905e-12
-7.25194552529	3.79593079428e-12
-7.2373540856	4.49658251217e-12
-7.22276264591	5.32374345529e-12
-7.20817120623	6.29972657097e-12
-7.19357976654	7.45068263895e-12
-7.17898832685	8.80724276795e-12
-7.16439688716	1.04052653263e-11
-7.14980544747	1.22867037715e-11
-7.13521400778	1.45006142914e-11
-7.12062256809	1.71043250932e-11
-7.1060311284	2.01647923641e-11
-7.09143968872	2.37601718148e-11
-7.07684824903	2.79816388332e-11
-7.06225680934	3.2935495324e-11
-7.04766536965	3.87456068044e-11
-7.03307392996	4.55562198001e-11
-7.01848249027	5.35352167294e-11
-7.00389105058	6.28778739154e-11
-6.98929961089	7.38111976137e-11
-6.97470817121	8.65989239213e-11
-6.96011673152	1.01547280296e-10
-6.94552529183	1.19011620607e-10
-6.93093385214	1.39404061076e-10
-6.91634241245	1.63202262523e-10
-6.90175097276	1.90959524279e-10
-6.88715953307	2.23316378262e-10
-6.87256809338	2.61013897215e-10
-6.8579766537	3.04908960874e-10
-6.84338521401	3.55991756108e-10
-6.82879377432	4.15405825017e-10
-6.81420233463	4.84471016486e-10
-6.79961089494	5.64709744394e-10
-6.78501945525	6.57877008442e-10
-6.77042801556	7.65994694082e-10
-6.75583657588	8.91390734623e-10
-6.74124513619	1.03674379514e-09
-6.7266536965	1.20513422126e-09
-6.71206225681	1.40010209236e-09
-6.69747081712	1.62571332376e-09
-6.68287937743	1.88663488307e-09
-6.66828793774	2.1882203172e-09
-6.65369649805	2.53660693685e-09
-6.63910505837	2.93882616971e-09
-6.62451361868	3.40292878026e-09
-6.60992217899	3.93812685753e-09
-6.5953307393	4.55495470404e-09
-6.58073929961	5.26545101162e-09
-6.56614785992	6.08336499453e-09
-6.55155642023	7.02438946247e-09
-6.53696498054	8.10642416577e-09
-6.52237354086	9.34987312803e-09
-6.50778210117	1.07779801113e-08
-6.49319066148	1.24172068243e-08
-6.47859922179	1.42976590107e-08
-6.4640077821	1.64535661204e-08
-6.44941634241	1.89238209062e-08
-6.43482490272	2.17525859748e-08
-6.42023346303	2.4989975093e-08
-6.40564202335	2.86928178797e-08
-6.39105058366	3.29255174447e-08
-6.37645914397	3.77610115302e-08
-6.36186770428	4.32818488243e-08
-6.34727626459	4.95813933111e-08
-6.3326848249	5.67651708455e-08
-6.31809338521	6.49523735645e-08
-6.30350194552	7.42775393148e-08
-6.28891050584	8.48924249654e-08
-6.27431906615	9.69680943284e-08
-6.25972762646	1.10697243389e-07
-6.24513618677	1.26296787733e-07
-6.23054474708	1.44010739367e-07
-6.21595330739	1.641134027e-07
-6.2013618677	1.86912922117e-07
-6.18677042802	2.12755216566e-07
-6.17217898833	2.42028339672e-07
-6.15758754864	2.7516730734e-07
-6.14299610895	3.12659438356e-07
-6.12840466926	3.5505025741e-07
-6.11381322957	4.02950014109e-07
-6.09922178988	4.57040875889e-07
-6.08463035019	5.18084857495e-07
-6.07003891051	5.86932554591e-07
-6.05544747082	6.64532754368e-07
-6.04085603113	7.5194300155e-07
-6.02626459144	8.50341204053e-07
-6.01167315175	9.61038368714e-07
-5.99708171206	1.08549256394e-06
-5.98249027237	1.22532421292e-06
-5.96789883268	1.38233282796e-06
-5.953307393	1.55851530404e-06
-5.93871595331	1.75608589693e-06
-5.92412451362	1.97749801937e-06
-5.90953307393	2.22546799655e-06
-5.89494163424	2.50300093058e-06
-5.88035019455	2.81341883177e-06
-5.86575875486	3.16039118331e-06
-5.85116731517	3.54796811419e-06
-5.83657587549	3.98061636392e-06
-5.8219844358	4.46325823108e-06
-5.80739299611	5.00131370602e-06
-5.79280155642	5.60074599618e-06
-5.77821011673	6.26811066031e-06
-5.76361867704	7.01060857538e-06
-5.74902723735	7.83614296658e-06
-5.73443579766	8.75338073732e-06
-5.71984435798	9.77181834144e-06
-5.70525291829	1.09018524441e-05
-5.6906614786	1.21548556217e-05
-5.67607003891	1.35432573527e-05
-5.66147859922	1.50806305519e-05
-5.64688715953	1.67817839004e-05
-5.63229571984	1.86628602191e-05
-5.61770428016	2.07414411305e-05
-5.60311284047	2.30366582432e-05
-5.58852140078	2.55693110878e-05
-5.57392996109	2.83619920149e-05
-5.5593385214	3.14392182545e-05
-5.54474708171	3.48275713142e-05
-5.53015564202	3.85558438712e-05
-5.51556420233	4.26551942862e-05
-5.50097276265	4.71593088368e-05
-5.48638132296	5.21045717319e-05
-5.47178988327	5.75302429273e-05
-5.45719844358	6.34786437214e-05
-5.44260700389	6.99953500536e-05
-5.4280155642	7.71293933784e-05
-5.41342412451	8.49334689222e-05
-5.39883268482	9.34641510666e-05
-5.38424124514	0.000102782115526
-5.36964980545	0.000112952367911
-5.35505836576	0.000124044478188
-5.34046692607	0.000136132820439
-5.32587548638	0.000149296817264
-5.31128404669	0.000163621188026
-5.296692607	0.000179196200059
-5.28210116731	0.000196117921849
-5.26750972763	0.000214488477067
-5.25291828794	0.000234416298226
-5.23832684825	0.00025601637861
-5.22373540856	0.000279410521006
-5.20914396887	0.00030472758162
-5.19455252918	0.000332103707478
-5.17996108949	0.000361682565439
-5.1653696498	0.000393615560861
-5.15077821012	0.000428062043838
-5.13618677043	0.000465189500794
-5.12159533074	0.000505173729142
-5.10700389105	0.000548198992613
-5.09241245136	0.00059445815475
-5.07782101167	0.000644152788047
-5.06322957198	0.000697493256078
-5.0486381323	0.000754698766013
-5.03404669261	0.000815997388805
-5.01945525292	0.000881626044411
-5.00486381323	0.000951830449382
-4.99027237354	0.00102686502423
-4.97568093385	0.00110699275807
-4.96108949416	0.00119248502805
-4.94649805447	0.00128362137146
-4.93190661479	0.00138068920816
-4.9173151751	0.00148398351163
-4.90272373541	0.00159380642691
-4.88813229572	0.00171046683393
-4.87354085603	0.00183427985524
-4.85894941634	0.00196556630729
-4.84435797665	0.00210465209489
-4.82976653696	0.00225186754883
-4.81517509728	0.00240754670708
-4.80058365759	0.00257202654033
-4.7859922179	0.00274564612345
-4.77140077821	0.00292874575436
-4.75680933852	0.003121666023
-4.74221789883	0.00332474683292
-4.72762645914	0.00353832637908
-4.71303501945	0.0037627400857
-4.69844357977	0.00399831950843
-4.68385214008	0.00424539120589
-4.66926070039	0.00450427558594
-4.6546692607	0.00477528573233
-4.64007782101	0.00505872621815
-4.62548638132	0.00535489191264
-4.61089494163	0.00566406678819
-4.59630350194	0.00598652273489
-4.58171206226	0.00632251838993
-4.56712062257	0.00667229798951
-4.55252918288	0.00703609025086
-4.53793774319	0.00741410729201
-4.5233463035	0.00780654359703
-4.50875486381	0.00821357503403
-4.49416342412	0.00863535793331
-4.47957198444	0.00907202823244
-4.46498054475	0.00952370069502
-4.45038910506	0.00999046820907
-4.43579766537	0.0104724011707
-4.42120622568	0.0109695469584
-4.40661478599	0.0114819295013
-4.3920233463	0.0120095489468
-4.37743190661	0.0125523814288
-4.36284046693	0.0131103789399
-4.34824902724	0.0136834693082
-4.33365758755	0.0142715562797
-4.31906614786	0.0148745197061
-4.30447470817	0.0154922158366
-4.28988326848	0.0161244777115
-4.27529182879	0.0167711156564
-4.2607003891	0.0174319178713
-4.24610894942	0.0181066511124
-4.23151750973	0.0187950614608
-4.21692607004	0.0194968751727
-4.20233463035	0.0202117996057
-4.18774319066	0.0209395242133
-4.17315175097	0.0216797216024
-4.15856031128	0.0224320486457
-4.14396887159	0.0231961476409
-4.12937743191	0.0239716475105
-4.11478599222	0.0247581650324
-4.10019455253	0.0255553060955
-4.08560311284	0.0263626669707
-4.07101167315	0.0271798355911
-4.05642023346	0.0280063928325
-4.04182879377	0.0288419137882
-4.02723735408	0.0296859690299
-4.0126459144	0.0305381258491
-3.99805447471	0.0313979494725
-3.98346303502	0.0322650042447
-3.96887159533	0.0331388547748
-3.95428015564	0.03401906704
-3.93968871595	0.034905209443
-3.92509727626	0.0357968538202
-3.91050583658	0.0366935763949
-3.89591439689	0.0375949586758
-3.8813229572	0.0385005882966
-3.86673151751	0.0394100597958
-3.85214007782	0.0403229753352
-3.83754863813	0.0412389453568
-3.82295719844	0.0421575891776
-3.80836575875	0.0430785355225
-3.79377431907	0.0440014229962
-3.77918287938	0.0449259004939
-3.76459143969	0.0458516275545
-3.75	0.0467782746551
-3.73540856031	0.0477055234504
-3.72081712062	0.0486330669591
-3.70622568093	0.0495606096985
-3.69163424124	0.050487867771
-3.67704280156	0.0514145689043
-3.66245136187	0.0523404524482
-3.64785992218	0.0532652693314
-3.63326848249	0.0541887819801
-3.6186770428	0.0551107642023
-3.60408560311	0.0560310010394
-3.58949416342	0.0569492885897
-3.57490272373	0.0578654338049
-3.56031128405	0.0587792542637
-3.54571984436	0.0596905779238
-3.53112840467	0.0605992428563
-3.51653696498	0.0615050969645
-3.50194552529	0.0624079976883
-3.4873540856	0.0633078116989
-3.47276264591	0.0642044145835
-3.45817120623	0.0650976905237
-3.44357976654	0.0659875319688
-3.42898832685	0.0668738393057
-3.41439688716	0.0677565205272
-3.39980544747	0.0686354909011
-3.38521400778	0.069510672639
-3.37062256809	0.0703819945694
-3.3560311284	0.0712493918137
-3.34143968872	0.0721128054666
-3.32684824903	0.0729721822835
-3.31225680934	0.0738274743729
-3.29766536965	0.0746786388972
-3.28307392996	0.0755256377804
-3.26848249027	0.076368437425
-3.25389105058	0.0772070084367
-3.23929961089	0.078041325359
-3.22470817121	0.0788713664169
-3.21011673152	0.07969711327
-3.19552529183	0.0805185507753
-3.18093385214	0.0813356667603
-3.16634241245	0.0821484518051
-3.15175097276	0.0829568990352
-3.13715953307	0.083761003923
-3.12256809338	0.0845607641
-3.1079766537	0.0853561791775
-3.09338521401	0.0861472505775
-3.07879377432	0.0869339813718
-3.06420233463	0.0877163761308
-3.04961089494	0.0884944407804
-3.03501945525	0.0892681824677
-3.02042801556	0.0900376094347
-3.00583657587	0.0908027308993
-2.99124513619	0.0915635569453
-2.9766536965	0.0923200984178
-2.96206225681	0.0930723668272
-2.94747081712	0.0938203742591
-2.93287937743	0.0945641332906
-2.91828793774	0.0953036569129
-2.90369649805	0.0960389584598
-2.88910505837	0.0967700515413
-2.87451361868	0.0974969499829
-2.85992217899	0.0982196677697
-2.8453307393	0.098938218995
-2.83073929961	0.0996526178135
-2.81614785992	0.100362878399
-2.80155642023	0.101069014905
-2.78696498054	0.101771041429
-2.77237354086	0.102468971985
-2.75778210117	0.103162820469
-2.74319066148	0.103852600637
-2.72859922179	0.104538326084
-2.7140077821	0.105220010221
-2.69941634241	0.105897666259
-2.68482490272	0.106571307192
-2.67023346303	0.107240945788
-2.65564202335	0.107906594574
-2.64105058366	0.108568265827
-2.62645914397	0.109225971568
-2.61186770428	0.109879723554
-2.59727626459	0.110529533274
-2.5826848249	0.111175411946
-2.56809338521	0.111817370512
-2.55350194552	0.112455419638
-2.53891050584	0.113089569717
-2.52431906615	0.113719830862
-2.50972762646	0.114346212913
-2.49513618677	0.114968725436
-2.48054474708	0.115587377728
-2.46595330739	0.116202178816
-2.4513618677	0.116813137465
-2.43677042801	0.117420262176
-2.42217898833	0.118023561197
-2.40758754864	0.118623042523
-2.39299610895	0.119218713902
-2.37840466926	0.119810582839
-2.36381322957	0.120398656605
-2.34922178988	0.120982942236
-2.33463035019	0.121563446545
-2.32003891051	0.122140176123
-2.30544747082	0.122713137347
-2.29085603113	0.123282336384
-2.27626459144	0.123847779199
-2.26167315175	0.124409471557
-2.24708171206	0.124967419034
-2.23249027237	0.125521627017
-2.21789883268	0.126072100713
-2.203307393	0.126618845154
-2.18871595331	0.127161865202
-2.17412451362	0.127701165553
-2.15953307393	0.128236750747
-2.14494163424	0.128768625166
-2.13035019455	0.129296793045
-2.11575875486	0.129821258474
-2.10116731517	0.130342025406
-2.08657587549	0.130859097656
-2.0719844358	0.131372478911
-2.05739299611	0.131882172732
-2.04280155642	0.132388182561
-2.02821011673	0.132890511719
-2.01361867704	0.133389163417
-1.99902723735	0.133884140757
-1.98443579766	0.134375446736
-1.96984435798	0.13486308425
-1.95525291829	0.135347056097
-1.9406614786	0.13582736498
-1.92607003891	0.136304013514
-1.91147859922	0.136777004226
-1.89688715953	0.137246339557
-1.88229571984	0.137712021868
-1.86770428015	0.138174053443
-1.85311284047	0.13863243649
-1.83852140078	0.139087173143
-1.82392996109	0.13953826547
-1.8093385214	0.139985715467
-1.79474708171	0.140429525069
-1.78015564202	0.140869696147
-1.76556420233	0.141306230511
-1.75097276265	0.141739129915
-1.73638132296	0.142168396056
-1.72178988327	0.142594030576
-1.70719844358	0.143016035068
-1.69260700389	0.143434411073
-1.6780155642	0.143849160084
-1.66342412451	0.144260283549
-1.64883268482	0.144667782868
-1.63424124514	0.145071659402
-1.61964980545	0.145471914468
-1.60505836576	0.145868549342
-1.59046692607	0.146261565264
-1.57587548638	0.146650963434
-1.56128404669	0.147036745017
-1.546692607	0.147418911145
-1.53210116731	0.147797462913
-1.51750972763	0.148172401387
-1.50291828794	0.148543727598
-1.48832684825	0.148911442551
-1.47373540856	0.149275547219
-1.45914396887	0.149636042548
-1.44455252918	0.149992929455
-1.42996108949	0.150346208833
-1.4153696498	0.150695881549
-1.40077821012	0.151041948444
-1.38618677043	0.151384410337
-1.37159533074	0.151723268023
-1.35700389105	0.152058522275
-1.34241245136	0.152390173844
-1.32782101167	0.152718223461
-1.31322957198	0.153042671836
-1.29863813229	0.153363519661
-1.28404669261	0.153680767606
-1.26945525292	0.153994416326
-1.25486381323	0.154304466456
-1.24027237354	0.154610918615
-1.22568093385	0.154913773405
-1.21108949416	0.155213031412
-1.19649805447	0.155508693205
-1.18190661479	0.155800759339
-1.1673151751	0.156089230354
-1.15272373541	0.156374106776
-1.13813229572	0.156655389116
-1.12354085603	0.156933077872
-1.10894941634	0.157207173529
-1.09435797665	0.157477676559
-1.07976653696	0.157744587422
-1.06517509728	0.158007906566
-1.05058365759	0.158267634426
-1.0359922179	0.158523771426
-1.02140077821	0.15877631798
-1.00680933852	0.159025274491
-0.992217898832	0.159270641349
-0.977626459143	0.159512418937
-0.963035019454	0.159750607626
-0.948443579766	0.159985207779
-0.933852140077	0.160216219747
-0.919260700388	0.160443643873
-0.9046692607	0.160667480492
-0.890077821011	0.160887729928
-0.875486381322	0.161104392499
-0.860894941633	0.161317468513
-0.846303501945	0.161526958269
-0.831712062256	0.161732862059
-0.817120622567	0.161935180168
-0.802529182879	0.162133912873
-0.78793774319	0.162329060442
-0.773346303501	0.162520623137
-0.758754863812	0.162708601213
-0.744163424124	0.162892994917
-0.729571984435	0.163073804491
-0.714980544746	0.163251030168
-0.700389105058	0.163424672175
-0.685797665369	0.163594730735
-0.67120622568	0.163761206061
-0.656614785991	0.163924098363
-0.642023346303	0.164083407843
-0.627431906614	0.164239134698
-0.612840466925	0.164391279118
-0.598249027237	0.164539841289
-0.583657587548	0.16468482139
-0.569066147859	0.164826219595
-0.55447470817	0.164964036073
-0.539883268482	0.165098270986
-0.525291828793	0.165228924494
-0.510700389104	0.165355996748
-0.496108949416	0.165479487897
-0.481517509727	0.165599398083
-0.466926070038	0.165715727445
-0.452334630349	0.165828476115
-0.437743190661	0.165937644221
-0.423151750972	0.166043231888
-0.408560311283	0.166145239233
-0.393968871594	0.166243666372
-0.379377431906	0.166338513414
-0.364785992217	0.166429780464
-0.350194552528	0.166517467624
-0.33560311284	0.166601574991
-0.321011673151	0.166682102655
-0.306420233462	0.166759050706
-0.291828793773	0.166832419228
-0.277237354085	0.166902208299
-0.262645914396	0.166968417996
-0.248054474707	0.16703104839
-0.233463035019	0.167090099548
-0.21887159533	0.167145571534
-0.204280155641	0.167197464406
-0.189688715952	0.167245778222
-0.175097276264	0.16729051303
-0.160505836575	0.167331668881
-0.145914396886	0.167369245816
-0.131322957198	0.167403243876
-0.116731517509	0.167433663096
-0.10214007782	0.16746050351
-0.0875486381314	0.167483765145
-0.0729571984427	0.167503448025
-0.058365758754	0.167519552171
-0.0437743190653	0.167532077601
-0.0291828793766	0.167541024327
-0.0145914396879	0.167546392359
8.5975671027e-13	0.167548181703
0.0145914396896	0.167546392359
0.0291828793783	0.167541024327
0.043774319067	0.167532077601
0.0583657587557	0.167519552171
0.0729571984444	0.167503448025
0.0875486381332	0.167483765145
0.102140077822	0.16746050351
0.116731517511	0.167433663096
0.131322957199	0.167403243876
0.145914396888	0.167369245816
0.160505836577	0.167331668881
0.175097276265	0.16729051303
0.189688715954	0.167245778222
0.204280155643	0.167197464406
0.218871595332	0.167145571534
0.23346303502	0.167090099548
0.248054474709	0.16703104839
0.262645914398	0.166968417996
0.277237354086	0.166902208299
0.291828793775	0.166832419228
0.306420233464	0.166759050706
0.321011673153	0.166682102655
0.335603112841	0.166601574991
0.35019455253	0.166517467624
0.364785992219	0.166429780464
0.379377431907	0.166338513414
0.393968871596	0.166243666372
0.408560311285	0.166145239233
0.423151750974	0.166043231888
0.437743190662	0.165937644221
0.452334630351	0.165828476115
0.46692607004	0.165715727445
0.481517509729	0.165599398083
0.496108949417	0.165479487897
0.510700389106	0.165355996748
0.525291828795	0.165228924494
0.539883268483	0.165098270986
0.554474708172	0.164964036073
0.569066147861	0.164826219595
0.58365758755	0.16468482139
0.598249027238	0.164539841289
0.612840466927	0.164391279118
0.627431906616	0.164239134698
0.642023346304	0.164083407843
0.656614785993	0.163924098363
0.671206225682	0.163761206061
0.685797665371	0.163594730735
0.700389105059	0.163424672175
0.714980544748	0.163251030167
0.729571984437	0.163073804491
0.744163424125	0.162892994917
0.758754863814	0.162708601213
0.773346303503	0.162520623137
0.787937743192	0.162329060442
0.80252918288	0.162133912873
0.817120622569	0.161935180168
0.831712062258	0.161732862059
0.846303501946	0.161526958269
0.860894941635	0.161317468513
0.875486381324	0.161104392499
0.890077821013	0.160887729928
0.904669260701	0.160667480492
0.91926070039	0.160443643873
0.933852140079	0.160216219747
0.948443579767	0.159985207779
0.963035019456	0.159750607626
0.977626459145	0.159512418937
0.992217898834	0.159270641349
1.00680933852	0.159025274491
1.02140077821	0.15877631798
1.0359922179	0.158523771426
1.05058365759	0.158267634426
1.06517509728	0.158007906566
1.07976653697	0.157744587422
1.09435797665	0.157477676559
1.10894941634	0.157207173529
1.12354085603	0.156933077872
1.13813229572	0.156655389116
1.15272373541	0.156374106776
1.1673151751	0.156089230354
1.18190661479	0.155800759339
1.19649805448	0.155508693205
1.21108949416	0.155213031412
1.22568093385	0.154913773405
1.24027237354	0.154610918615
1.25486381323	0.154304466456
1.26945525292	0.153994416326
1.28404669261	0.153680767606
1.2986381323	0.153363519661
1.31322957199	0.153042671836
1.32782101167	0.152718223461
1.34241245136	0.152390173844
1.35700389105	0.152058522275
1.37159533074	0.151723268023
1.38618677043	0.151384410337
1.40077821012	0.151041948444
1.41536964981	0.150695881549
1.4299610895	0.150346208833
1.44455252918	0.149992929455
1.45914396887	0.149636042548
1.47373540856	0.149275547219
1.48832684825	0.148911442551
1.50291828794	0.148543727598
1.51750972763	0.148172401387
1.53210116732	0.147797462913
1.546692607	0.147418911145
1.56128404669	0.147036745017
1.57587548638	0.146650963434
1.59046692607	0.146261565264
1.60505836576	0.145868549342
1.61964980545	0.145471914468
1.63424124514	0.145071659402
1.64883268483	0.144667782868
1.66342412451	0.144260283549
1.6780155642	0.143849160084
1.69260700389	0.143434411073
1.70719844358	0.143016035068
1.72178988327	0.142594030576
1.73638132296	0.142168396056
1.75097276265	0.141739129915
1.76556420234	0.141306230511
1.78015564202	0.140869696147
1.79474708171	0.140429525069
1.8093385214	0.139985715467
1.82392996109	0.13953826547
1.83852140078	0.139087173143
1.85311284047	0.13863243649
1.86770428016	0.138174053443
1.88229571985	0.137712021868
1.89688715953	0.137246339557
1.91147859922	0.136777004226
1.92607003891	0.136304013514
1.9406614786	0.13582736498
1.95525291829	0.135347056097
1.96984435798	0.13486308425
1.98443579767	0.134375446736
1.99902723736	0.133884140757
2.01361867704	0.133389163417
2.02821011673	0.132890511719
2.04280155642	0.132388182561
2.05739299611	0.131882172732
2.0719844358	0.131372478911
2.08657587549	0.130859097656
2.10116731518	0.130342025406
2.11575875486	0.129821258474
2.13035019455	0.129296793045
2.14494163424	0.128768625166
2.15953307393	0.128236750747
2.17412451362	0.127701165553
2.18871595331	0.127161865202
2.203307393	0.126618845154
2.21789883269	0.126072100713
2.23249027237	0.125521627017
2.24708171206	0.124967419034
2.26167315175	0.124409471557
2.27626459144	0.123847779199
2.29085603113	0.123282336384
2.30544747082	0.122713137347
2.32003891051	0.122140176123
2.3346303502	0.121563446545
2.34922178988	0.120982942236
2.36381322957	0.120398656605
2.37840466926	0.119810582839
2.39299610895	0.119218713902
2.40758754864	0.118623042523
2.42217898833	0.118023561197
2.43677042802	0.117420262176
2.45136186771	0.116813137465
2.46595330739	0.116202178816
2.48054474708	0.115587377728
2.49513618677	0.114968725437
2.50972762646	0.114346212913
2.52431906615	0.113719830862
2.53891050584	0.113089569717
2.55350194553	0.112455419638
2.56809338522	0.111817370512
2.5826848249	0.111175411946
2.59727626459	0.110529533274
2.61186770428	0.109879723554
2.62645914397	0.109225971568
2.64105058366	0.108568265827
2.65564202335	0.107906594574
2.67023346304	0.107240945788
2.68482490272	0.106571307192
2.69941634241	0.105897666259
2.7140077821	0.105220010221
2.72859922179	0.104538326084
2.74319066148	0.103852600637
2.75778210117	0.103162820469
2.77237354086	0.102468971985
2.78696498055	0.101771041429
2.80155642023	0.101069014905
2.81614785992	0.100362878399
2.83073929961	0.0996526178136
2.8453307393	0.098938218995
2.85992217899	0.0982196677698
2.87451361868	0.0974969499829
2.88910505837	0.0967700515413
2.90369649806	0.0960389584599
2.91828793774	0.095303656913
2.93287937743	0.0945641332907
2.94747081712	0.0938203742592
2.96206225681	0.0930723668273
2.9766536965	0.0923200984179
2.99124513619	0.0915635569454
3.00583657588	0.0908027308994
3.02042801557	0.0900376094347
3.03501945525	0.0892681824678
3.04961089494	0.0884944407805
3.06420233463	0.0877163761309
3.07879377432	0.0869339813719
3.09338521401	0.0861472505776
3.1079766537	0.0853561791776
3.12256809339	0.0845607641001
3.13715953307	0.0837610039231
3.15175097276	0.0829568990353
3.16634241245	0.0821484518052
3.18093385214	0.0813356667604
3.19552529183	0.0805185507754
3.21011673152	0.0796971132701
3.22470817121	0.0788713664171
3.2392996109	0.0780413253591
3.25389105058	0.0772070084368
3.26848249027	0.0763684374251
3.28307392996	0.0755256377806
3.29766536965	0.0746786388973
3.31225680934	0.073827474373
3.32684824903	0.0729721822836
3.34143968872	0.0721128054667
3.35603112841	0.0712493918138
3.37062256809	0.0703819945696
3.38521400778	0.0695106726391
3.39980544747	0.0686354909012
3.41439688716	0.0677565205274
3.42898832685	0.0668738393058
3.44357976654	0.065987531969
3.45817120623	0.0650976905239
3.47276264592	0.0642044145837
3.4873540856	0.0633078116991
3.50194552529	0.0624079976885
3.51653696498	0.0615050969647
3.53112840467	0.0605992428565
3.54571984436	0.0596905779239
3.56031128405	0.0587792542639
3.57490272374	0.0578654338051
3.58949416343	0.0569492885898
3.60408560311	0.0560310010396
3.6186770428	0.0551107642025
3.63326848249	0.0541887819803
3.64785992218	0.0532652693315
3.66245136187	0.0523404524483
3.67704280156	0.0514145689045
3.69163424125	0.0504878677712
3.70622568093	0.0495606096987
3.72081712062	0.0486330669593
3.73540856031	0.0477055234506
3.75	0.0467782746553
3.76459143969	0.0458516275547
3.77918287938	0.0449259004941
3.79377431907	0.0440014229964
3.80836575876	0.0430785355228
3.82295719844	0.0421575891778
3.83754863813	0.041238945357
3.85214007782	0.0403229753354
3.86673151751	0.039410059796
3.8813229572	0.0385005882968
3.89591439689	0.037594958676
3.91050583658	0.0366935763951
3.92509727627	0.0357968538204
3.93968871595	0.0349052094433
3.95428015564	0.0340190670402
3.96887159533	0.0331388547751
3.98346303502	0.032265004245
3.99805447471	0.0313979494727
4.0126459144	0.0305381258494
4.02723735409	0.0296859690301
4.04182879378	0.0288419137884
4.05642023346	0.0280063928327
4.07101167315	0.0271798355913
4.08560311284	0.0263626669709
4.10019455253	0.0255553060957
4.11478599222	0.0247581650327
4.12937743191	0.0239716475108
4.1439688716	0.0231961476412
4.15856031129	0.0224320486459
4.17315175097	0.0216797216026
4.18774319066	0.0209395242135
4.20233463035	0.020211799606
4.21692607004	0.019496875173
4.23151750973	0.018795061461
4.24610894942	0.0181066511126
4.26070038911	0.0174319178715
4.27529182879	0.0167711156566
4.28988326848	0.0161244777117
4.30447470817	0.0154922158368
4.31906614786	0.0148745197063
4.33365758755	0.0142715562799
4.34824902724	0.0136834693084
4.36284046693	0.0131103789401
4.37743190662	0.012552381429
4.3920233463	0.012009548947
4.40661478599	0.0114819295015
4.42120622568	0.0109695469586
4.43579766537	0.0104724011709
4.45038910506	0.00999046820926
4.46498054475	0.00952370069521
4.47957198444	0.00907202823262
4.49416342413	0.00863535793349
4.50875486381	0.00821357503421
4.5233463035	0.0078065435972
4.53793774319	0.00741410729217
4.55252918288	0.00703609025101
4.56712062257	0.00667229798966
4.58171206226	0.00632251839008
4.59630350195	0.00598652273503
4.61089494164	0.00566406678833
4.62548638132	0.00535489191278
4.64007782101	0.00505872621829
4.6546692607	0.00477528573246
4.66926070039	0.00450427558607
4.68385214008	0.00424539120601
4.69844357977	0.00399831950854
4.71303501946	0.00376274008581
4.72762645915	0.00353832637919
4.74221789883	0.00332474683302
4.75680933852	0.0031216660231
4.77140077821	0.00292874575446
4.7859922179	0.00274564612354
4.80058365759	0.00257202654042
4.81517509728	0.00240754670716
4.82976653697	0.00225186754891
4.84435797665	0.00210465209496
4.85894941634	0.00196556630736
4.87354085603	0.00183427985531
4.88813229572	0.001710466834
4.90272373541	0.00159380642697
4.9173151751	0.00148398351169
4.93190661479	0.00138068920821
4.94649805448	0.00128362137152
4.96108949416	0.0011924850281
4.97568093385	0.00110699275812
4.99027237354	0.00102686502428
5.00486381323	0.000951830449427
5.01945525292	0.000881626044453
5.03404669261	0.000815997388845
5.0486381323	0.000754698766051
5.06322957199	0.000697493256114
5.07782101167	0.00064415278808
5.09241245136	0.000594458154782
5.10700389105	0.000548198992642
5.12159533074	0.00050517372917
5.13618677043	0.00046518950082
5.15077821012	0.000428062043863
5.16536964981	0.000393615560884
5.1799610895	0.000361682565461
5.19455252918	0.000332103707498
5.20914396887	0.000304727581639
5.22373540856	0.000279410521024
5.23832684825	0.000256016378627
5.25291828794	0.000234416298242
5.26750972763	0.000214488477082
5.28210116732	0.000196117921863
5.29669260701	0.000179196200072
5.31128404669	0.000163621188038
5.32587548638	0.000149296817275
5.34046692607	0.000136132820449
5.35505836576	0.000124044478197
5.36964980545	0.00011295236792
5.38424124514	0.000102782115534
5.39883268483	9.34641510744e-05
5.41342412451	8.49334689295e-05
5.4280155642	7.71293933852e-05
5.44260700389	6.999535006e-05
5.45719844358	6.34786437273e-05
5.47178988327	5.75302429328e-05
5.48638132296	5.21045717369e-05
5.50097276265	4.71593088416e-05
5.51556420234	4.26551942905e-05
5.53015564202	3.85558438752e-05
5.54474708171	3.4827571318e-05
5.5593385214	3.1439218258e-05
5.57392996109	2.83619920181e-05
5.58852140078	2.55693110908e-05
5.60311284047	2.3036658246e-05
5.61770428016	2.0741441133e-05
5.63229571985	1.86628602214e-05
5.64688715953	1.67817839025e-05
5.66147859922	1.50806305539e-05
5.67607003891	1.35432573545e-05
5.6906614786	1.21548556234e-05
5.70525291829	1.09018524456e-05
5.71984435798	9.77181834283e-06
5.73443579767	8.75338073861e-06
5.74902723736	7.83614296776e-06
5.76361867704	7.01060857647e-06
5.77821011673	6.26811066131e-06
5.79280155642	5.60074599709e-06
5.80739299611	5.00131370686e-06
5.8219844358	4.46325823185e-06
5.83657587549	3.98061636463e-06
5.85116731518	3.54796811484e-06
5.86575875487	3.16039118391e-06
5.88035019455	2.81341883231e-06
5.89494163424	2.50300093107e-06
5.90953307393	2.225467997e-06
5.92412451362	1.97749801978e-06
5.93871595331	1.75608589731e-06
5.953307393	1.55851530438e-06
5.96789883269	1.38233282827e-06
5.98249027237	1.2253242132e-06
5.99708171206	1.0854925642e-06
6.01167315175	9.61038368948e-07
6.02626459144	8.50341204265e-07
6.04085603113	7.51943001742e-07
6.05544747082	6.64532754542e-07
6.07003891051	5.86932554748e-07
6.0846303502	5.18084857637e-07
6.09922178988	4.57040876018e-07
6.11381322957	4.02950014226e-07
6.12840466926	3.55050257517e-07
6.14299610895	3.12659438452e-07
6.15758754864	2.75167307428e-07
6.17217898833	2.42028339751e-07
6.18677042802	2.12755216637e-07
6.20136186771	1.86912922182e-07
6.21595330739	1.64113402759e-07
6.23054474708	1.4401073942e-07
6.24513618677	1.26296787781e-07
6.25972762646	1.10697243434e-07
6.27431906615	9.69680943688e-08
6.28891050584	8.48924250022e-08
6.30350194553	7.42775393479e-08
6.31809338522	6.49523735953e-08
6.3326848249	5.67651708736e-08
6.34727626459	4.95813933367e-08
6.36186770428	4.32818488474e-08
6.37645914397	3.77610115511e-08
6.39105058366	3.29255174633e-08
6.40564202335	2.86928178962e-08
6.42023346304	2.49899751073e-08
6.43482490272	2.17525859877e-08
6.44941634241	1.89238209176e-08
6.4640077821	1.64535661306e-08
6.47859922179	1.42976590196e-08
6.49319066148	1.24172068322e-08
6.50778210117	1.07779801181e-08
6.52237354086	9.34987313397e-09
6.53696498055	8.10642417079e-09
6.55155642023	7.02438946693e-09
6.56614785992	6.08336499841e-09
6.58073929961	5.26545101506e-09
6.5953307393	4.55495470707e-09
6.60992217899	3.93812686024e-09
6.62451361868	3.40292878264e-09
6.63910505837	2.93882617184e-09
6.65369649806	2.53660693871e-09
6.66828793774	2.18822031896e-09
6.68287937743	1.88663488468e-09
6.69747081712	1.62571332525e-09
6.71206225681	1.40010209371e-09
6.7266536965	1.20513422252e-09
6.74124513619	1.03674379626e-09
6.75583657588	8.91390735644e-10
6.77042801557	7.65994694982e-10
6.78501945525	6.57877009311e-10
6.79961089494	5.64709745196e-10
6.81420233463	4.84471017231e-10
6.82879377432	4.15405825694e-10
6.84338521401	3.55991756736e-10
6.8579766537	3.04908961437e-10
6.87256809339	2.61013897719e-10
6.88715953308	2.23316378689e-10
6.90175097276	1.90959524677e-10
6.91634241245	1.63202262882e-10
6.93093385214	1.39404061406e-10
6.94552529183	1.19011620898e-10
6.96011673152	1.01547280557e-10
6.97470817121	8.65989241457e-11
6.9892996109	7.38111978089e-11
7.00389105058	6.2877874073e-11
7.01848249027	5.35352168728e-11
7.03307392996	4.55562199206e-11
7.04766536965	3.87456069059e-11
7.06225680934	3.29354954055e-11
7.07684824903	2.79816389021e-11
7.09143968872	2.37601718685e-11
7.10603112841	2.01647924055e-11
7.12062256809	1.71043251195e-11
7.13521400778	1.45006143149e-11
7.14980544747	1.22867037881e-11
7.16439688716	1.04052653392e-11
7.17898832685	8.80724277742e-12
7.19357976654	7.45068264834e-12
7.20817120623	6.29972657943e-12
7.22276264592	5.3237434647e-12
7.2373540856	4.49658252095e-12
7.25194552529	3.79593080745e-12
7.26653696498	3.20276090436e-12
7.28112840467	2.70085643402e-12
7.29571984436	2.27640466346e-12
7.31031128405	1.91764695034e-12
7.32490272374	1.61457897977e-12
7.33949416343	1.35869387266e-12
7.35408560311	1.14276215736e-12
7.3686770428	9.60643440983e-13
7.38326848249	8.07125290723e-13
7.39785992218	6.7778550259e-13
7.41245136187	5.68874413534e-13
7.42704280156	4.77214413009e-13
7.44163424125	4.00114182359e-13
7.45622568094	3.35295557031e-13
7.47081712062	2.80831179572e-13
7.48540856031	2.35091397712e-13
7.5	1.96699040672e-13
7.51459143969	1.64490949498e-13
7.52918287938	1.37485300694e-13
7.54377431907	1.14853765352e-13
7.55836575876	9.58979041583e-14
7.57295719844	8.0029131927e-14
7.58754863813	6.67517115587e-14
7.60214007782	5.56483403784e-14
7.61673151751	4.63679326552e-14
7.6313229572	3.86152767802e-14
7.64591439689	3.21422789268e-14
7.66050583658	2.67405580915e-14
7.67509727627	2.22351848719e-14
7.68968871595	1.84793923995e-14
7.70428015564	1.53501095328e-14
7.71887159533	1.27441922297e-14
7.73346303502	1.05752434038e-14
7.74805447471	8.77093395046e-15
7.7626459144	7.27074477755e-15
7.77723735409	6.02406609535e-15
7.79182879378	4.98859792335e-15
7.80642023346	4.12900495229e-15
7.82101167315	3.41578556949e-15
7.83560311284	2.8243224593e-15
7.85019455253	2.33408471103e-15
7.86478599222	1.92795894939e-15
7.87937743191	1.59168802616e-15
7.8939688716	1.31340082487e-15
7.90856031129	1.08321820349e-15
7.92315175097	8.92923222643e-16
7.93774319066	7.35685071874e-16
7.95233463035	6.05828388088e-16
7.96692607004	4.98640200424e-16
7.98151750973	4.10208950114e-16
7.99610894942	3.37289874947e-16
8.01070038911	2.77192818487e-16
8.0252918288	2.27688596903e-16
8.03988326848	1.86931025383e-16
8.05447470817	1.5339189809e-16
8.06906614786	1.25806944795e-16
8.08365758755	1.03130725774e-16
8.09824902724	8.44992779529e-17
8.11284046693	6.91989532799e-17
8.12743190662	5.66405971349e-17
8.1420233463	4.63380717418e-17
8.15661478599	3.78904811981e-17
8.17120622568	3.09673756256e-17
8.18579766537	2.52965393827e-17
8.20038910506	2.06538187988e-17
8.21498054475	1.68547509774e-17
8.22957198444	1.37476082518e-17
8.24416342413	1.12076602951e-17
8.25875486381	9.13241928229e-18
8.2733463035	7.43772321473e-18
8.28793774319	6.0544886355e-18
8.30252918288	4.92604807388e-18
8.31712062257	4.0059312477e-18
8.33171206226	3.25605981724e-18
8.34630350195	2.64524126886e-18
8.36089494164	2.14794154024e-18
8.37548638132	1.74326682435e-18
8.39007782101	1.41413148344e-18
8.4046692607	1.14656834238e-18
8.41926070039	9.29170406524e-19
8.43385214008	7.5261997246e-19
8.44844357977	6.09314603459e-19
8.46303501946	4.93052162421e-19
8.47762645915	3.98776811158e-19
8.49221789883	3.22368226896e-19
8.50680933852	2.60471749298e-19
8.52140077821	2.10355802123e-19
8.5359922179	1.69799142026e-19
8.55058365759	1.36994388426e-19
8.56517509728	1.1047339303e-19
8.57976653697	8.90429378002e-20
8.59435797666	7.17346168218e-20
8.60894941634	5.77622763098e-20
8.62354085603	4.64886600518e-20
8.63813229572	3.73969314895e-20
8.65272373541	3.00687216439e-20
8.6673151751	2.41647233778e-20
8.68190661479	1.94106332212e-20
8.69649805448	1.55842860443e-20
8.71108949416	1.25061837244e-20
8.72568093385	1.00311656449e-20
8.74027237354	8.04208752626e-21
8.75486381323	6.44425857323e-21
8.76945525292	5.16146862154e-21
8.78404669261	4.13204040711e-21
8.7986381323	3.30638054777e-21
8.81322957199	2.6444469686e-21
8.82782101167	2.11403902152e-21
8.84241245136	1.68918847506e-21
8.85700389105	1.34908757901e-21
8.87159533074	1.07693159442e-21
8.88618677043	8.59295869029e-22
8.90077821012	6.85322439821e-22
8.91536964981	5.46338291987e-22
8.9299610895	4.35341476258e-22
8.94455252918	3.46742864244e-22
8.95914396887	2.76044295732e-22
8.97373540856	2.19665520579e-22
8.98832684825	1.74714369508e-22
9.00291828794	1.38908906825e-22
9.01750972763	1.10392824453e-22
9.03210116732	8.76981454966e-23
9.04669260701	6.96381660441e-23
9.06128404669	5.52751327376e-23
9.07587548638	4.3852076487e-23
9.09046692607	3.47757285665e-23
9.10505836576	2.75621180694e-23
9.11964980545	2.18404211407e-23
9.13424124514	1.72993599319e-23
9.14883268483	1.37001503987e-23
9.16342412452	1.08455534401e-23
9.1780155642	8.58340757209e-24
9.19260700389	6.78934458077e-24
9.20719844358	5.36909671989e-24
9.22178988327	4.24302415386e-24
9.23638132296	3.35337690956e-24
9.25097276265	2.64920445386e-24
9.26556420234	2.09353804061e-24
9.28015564202	1.65386676198e-24
9.29474708171	1.30661061304e-24
9.3093385214	1.03179418271e-24
9.32392996109	8.14775352788e-25
9.33852140078	6.42611290319e-25
9.35311284047	5.07637630142e-25
9.36770428016	4.00913350426e-25
9.38229571985	3.17094267361e-25
9.39688715953	2.50749086791e-25
9.41147859922	1.98385466781e-25
9.42607003891	1.56782830942e-25
9.4406614786	1.24080114955e-25
9.45525291829	9.79501372276e-26
9.46984435798	7.758661511e-26
9.48443579767	6.15324565601e-26
9.49902723736	4.89791059735e-26
9.51361867704	3.89557267741e-26
9.52821011673	3.10835162877e-26
9.54280155642	2.47728925657e-26
9.55739299611	1.98159688998e-26
9.5719844358	1.57735968346e-26
9.58657587549	1.26484083536e-26
9.60116731518	1.01484913457e-26
9.61575875487	8.23552193994e-27
9.63035019455	6.6883318575e-27
9.64494163424	5.45057468747e-27
9.65953307393	4.42022708334e-27
9.67412451362	3.61122660169e-27
9.68871595331	2.90982107159e-27
9.703307393	2.38974080417e-27
9.71789883269	1.9681269158e-27
9.73249027237	1.65229685387e-27
9.74708171206	1.38912306766e-27
9.76167315175	1.17406431315e-27
9.77626459144	9.72909191682e-28
9.79085603113	8.1801949514e-28
9.80544747082	6.84007290567e-28
9.82003891051	5.91407117299e-28
9.8346303502	5.15678562814e-28
9.84922178988	4.68486156985e-28
9.86381322957	4.26470628753e-28
9.87840466926	3.96368689559e-28
9.89299610895	3.67985123979e-28
9.90758754864	3.49375549126e-28
9.92217898833	3.41291460741e-28
9.93677042802	3.32321621913e-28
9.95136186771	3.18388307415e-28
9.96595330739	3.12881922825e-28
9.98054474708	3.06076101013e-28
9.99513618677	2.98911777618e-28
10.0097276265	2.93972731857e-28
10.0243190661	2.96078818003e-28
10.0389105058	3.08877605755e-28
10.0535019455	3.14516250693e-28
10.0680933852	3.17791517821e-28
10.0826848249	3.21130416098e-28
10.0972762646	3.27362183353e-28
10.1118677043	3.28837159355e-28
10.126459144	3.31004112106e-28
10.1410505837	3.42247271041e-28
10.1556420233	3.70516917804e-28
10.170233463	3.83986567633e-28
10.1848249027	3.9557572278e-28
10.1994163424	3.99342244843e-28
10.2140077821	4.04931037905e-28
10.2285992218	4.09895138495e-28
10.2431906615	4.23571572341e-28
10.2577821012	4.41573646797e-28
10.2723735409	4.77690332412e-28
10.2869649805	4.91355454217e-28
10.3015564202	5.03068013716e-28
10.3161478599	5.08666964779e-28
10.3307392996	5.1352193242e-28
10.3453307393	5.09545329437e-28
10.359922179	5.15525852756e-28
10.3745136187	5.29204319468e-28
10.3891050584	5.66818800502e-28
10.4036964981	5.79932065031e-28
10.4182879377	5.90520370248e-28
10.4328793774	5.9406371787e-28
10.4474708171	6.02484591801e-28
10.4620622568	6.01217390254e-28
10.4766536965	6.106835812e-28
10.4912451362	6.26937337754e-28
10.5058365759	6.73619696062e-28
10.5204280156	6.89541982932e-28
10.5350194553	6.98243513244e-28
10.5496108949	6.95974578316e-28
10.5642023346	6.97418822611e-28
10.5787937743	6.90031488427e-28
10.593385214	6.94426962895e-28
10.6079766537	7.04591258019e-28
10.6225680934	7.42112460763e-28
10.6371595331	7.42651915698e-28
10.6517509728	7.4260685794e-28
10.6663424125	7.32095212259e-28
10.6809338521	7.26851142846e-28
10.6955252918	7.16995087537e-28
10.7101167315	7.22314581623e-28
10.7247081712	7.3187591211e-28
10.7392996109	7.66404939015e-28
10.7538910506	7.70249342747e-28
10.7684824903	7.79061489045e-28
10.78307393	7.80382359668e-28
10.7976653697	7.91545431457e-28
10.8122568093	7.84573722392e-28
10.826848249	7.85611608763e-28
10.8414396887	7.97009534059e-28
10.8560311284	8.36335404803e-28
10.8706225681	8.41869650498e-28
10.8852140078	8.40775385137e-28
10.8998054475	8.29566029485e-28
10.9143968872	8.35218875553e-28
10.9289883268	8.26484994429e-28
10.9435797665	8.21630435726e-28
10.9581712062	8.20452374965e-28
10.9727626459	8.57229340119e-28
10.9873540856	8.60861432598e-28
11.0019455253	8.58977468735e-28
11.016536965	8.59339514476e-28
11.0311284047	8.69031980927e-28
11.0457198444	8.87631505755e-28
11.060311284	9.28990908277e-28
11.0749027237	9.81650471813e-28
11.0894941634	1.08571306913e-27
11.1040856031	1.19647953088e-27
11.1186770428	1.35281458521e-27
11.1332684825	1.56024243542e-27
11.1478599222	1.85853307511e-27
11.1624513619	2.2664107898e-27
11.1770428016	2.83454554649e-27
11.1916342412	3.62275510378e-27
11.2062256809	4.72813644005e-27
11.2208171206	6.13901808044e-27
11.2354085603	8.18954138696e-27
11.25	1.01129085284e-26
11.2645914397	8.23568556586e-27
11.2791828794	6.17997928904e-27
11.2937743191	4.72941783305e-27
11.3083657588	3.607322386e-27
11.3229571984	2.77971859159e-27
11.3375486381	2.15709364877e-27
11.3521400778	1.68669081103e-27
11.3667315175	1.33548429536e-27
11.3813229572	1.07104988506e-27
11.3959143969	8.84691997101e-28
11.4105058366	7.44038692059e-28
11.4250972763	6.47196305115e-28
11.439688716	5.73796107202e-28
11.4542801556	5.20275354201e-28
11.4688715953	4.78242678741e-28
11.483463035	4.53189058179e-28
11.4980544747	4.29625638026e-28
11.5126459144	4.22696182596e-28
11.5272373541	4.08936592666e-28
11.5418287938	4.01002501724e-28
11.5564202335	3.9465930404e-28
11.5710116732	3.94105699657e-28
11.5856031128	3.8905452225e-28
11.6001945525	3.91085528779e-28
11.6147859922	3.90876321584e-28
11.6293774319	3.9805010633e-28
11.6439688716	3.94165401383e-28
11.6585603113	3.91010889425e-28
11.673151751	3.74801211779e-28
11.6877431907	3.73878624774e-28
11.7023346304	3.72344087021e-28
11.71692607	3.76404741408e-28
11.7315175097	3.79341326552e-28
11.7461089494	3.93308741089e-28
11.7607003891	4.06059685035e-28
11.7752918288	4.28302323062e-28
11.7898832685	4.4485105343e-28
11.8044747082	4.67404815653e-28
11.8190661479	4.87277418422e-28
11.8336575876	5.09569386257e-28
11.8482490272	5.26230239251e-28
11.8628404669	5.56209673524e-28
11.8774319066	5.84613651372e-28
11.8920233463	6.12755618398e-28
11.906614786	6.3447608665e-28
11.9212062257	6.52162221136e-28
11.9357976654	6.61177723981e-28
11.9503891051	6.75124194698e-28
11.9649805447	6.7542199234e-28
11.9795719844	6.78463385484e-28
11.9941634241	6.7186211708e-28
12.0087548638	6.66679604321e-28
12.0233463035	6.50708603231e-28
12.0379377432	6.46493745803e-28
12.0525291829	6.39068795869e-28
12.0671206226	6.32112845827e-28
12.0817120623	6.25309510291e-28
12.0963035019	6.27357279327e-28
12.1108949416	6.26626097281e-28
12.1254863813	6.42976937467e-28
12.140077821	6.61407764573e-28
12.1546692607	6.77759688995e-28
12.1692607004	6.84556864218e-28
12.1838521401	6.93045792274e-28
12.1984435798	6.91692514614e-28
12.2130350195	6.96246591925e-28
12.2276264591	6.97965948296e-28
12.2422178988	7.08122898183e-28
12.2568093385	7.23379880826e-28
12.2714007782	7.38769652203e-28
12.2859922179	7.45827557326e-28
12.3005836576	7.56378009357e-28
12.3151750973	7.62063639425e-28
12.329766537	7.69846552945e-28
12.3443579767	7.74277799563e-28
12.3589494163	7.80652448866e-28
12.373540856	7.89645292786e-28
12.3881322957	8.04692090161e-28
12.4027237354	8.11145046246e-28
12.4173151751	8.1467715488e-28
12.4319066148	8.12231488565e-28
12.4464980545	8.15240946622e-28
12.4610894942	8.18490109455e-28
12.4756809339	8.3925615573e-28
12.4902723735	8.63566994969e-28
12.5048638132	8.80388726738e-28
12.5194552529	8.91054284608e-28
12.5340466926	8.97926892906e-28
12.5486381323	8.92944005621e-28
12.563229572	8.9237495886e-28
12.5778210117	8.86146758346e-28
12.5924124514	8.80840539465e-28
12.6070038911	8.81719763812e-28
12.6215953307	8.73350691828e-28
12.6361867704	8.60031413451e-28
12.6507782101	8.44202241804e-28
12.6653696498	8.28605385463e-28
12.6799610895	8.26828928701e-28
12.6945525292	8.26531122154e-28
12.7091439689	8.42416110241e-28
12.7237354086	8.77926454402e-28
12.7383268483	9.01251642216e-28
12.7529182879	9.06880776323e-28
12.7675097276	9.00437377023e-28
12.7821011673	8.94758123856e-28
12.796692607	8.89642171407e-28
12.8112840467	8.9126069727e-28
12.8258754864	9.11107669356e-28
12.8404669261	9.41781923881e-28
12.8550583658	9.50204514874e-28
12.8696498054	9.54066811622e-28
12.8842412451	9.42941040852e-28
12.8988326848	9.27745800306e-28
12.9134241245	9.21918754737e-28
12.9280155642	9.19232615347e-28
12.9426070039	9.19958422457e-28
12.9571984436	9.31418629586e-28
12.9717898833	9.27771611629e-28
12.986381323	9.21730592464e-28
13.0009727626	9.04113658809e-28
13.0155642023	8.8738024979e-28
13.030155642	8.74753055766e-28
13.0447470817	8.67230915748e-28
13.0593385214	8.70418544961e-28
13.0739299611	9.00009794502e-28
13.0885214008	9.07629223493e-28
13.1031128405	9.04549813452e-28
13.1177042802	8.94518170063e-28
13.1322957198	8.84034176303e-28
13.1468871595	8.74118522076e-28
13.1614785992	8.76687378129e-28
13.1760700389	8.97830670753e-28
13.1906614786	9.3559086244e-28
13.2052529183	9.39667957931e-28
13.219844358	9.46345261039e-28
13.2344357977	9.34840146982e-28
13.2490272374	9.20010035099e-28
13.263618677	9.13394541501e-28
13.2782101167	9.11738153664e-28
13.2928015564	9.12025821437e-28
13.3073929961	9.37671107071e-28
13.3219844358	9.45964923464e-28
13.3365758755	9.47553599179e-28
13.3511673152	9.29670801484e-28
13.3657587549	9.15900381563e-28
13.3803501946	9.00107469714e-28
13.3949416342	8.91449881408e-28
13.4095330739	9.003130989e-28
13.4241245136	9.34031815601e-28
13.4387159533	9.37714631965e-28
13.453307393	9.40518716366e-28
13.4678988327	9.35581104052e-28
13.4824902724	9.32946457325e-28
13.4970817121	9.18081539892e-28
13.5116731518	9.22657562137e-28
13.5262645914	9.38213053223e-28
13.5408560311	9.73395722903e-28
13.5554474708	9.88116521031e-28
13.5700389105	1.0006098618e-27
13.5846303502	9.93215147888e-28
13.5992217899	9.85237694525e-28
13.6138132296	9.77711040686e-28
13.6284046693	9.83842941152e-28
13.642996109	9.89524364035e-28
13.6575875486	1.03580189462e-27
13.6721789883	1.05229679037e-27
13.686770428	1.05693546214e-27
13.7013618677	1.05229901527e-27
13.7159533074	1.05862589603e-27
13.7305447471	1.05326305133e-27
13.7451361868	1.05408351482e-27
13.7597276265	1.06549434884e-27
13.7743190661	1.10294002334e-27
13.7889105058	1.10256554052e-27
13.8035019455	1.10518450808e-27
13.8180933852	1.08961134619e-27
13.8326848249	1.07770390296e-27
13.8472762646	1.06951489058e-27
13.8618677043	1.0814778987e-27
13.876459144	1.09098321357e-27
13.8910505837	1.12647526052e-27
13.9056420233	1.13274127249e-27
13.920233463	1.13676368556e-27
13.9348249027	1.12096341381e-27
13.9494163424	1.12007146391e-27
13.9640077821	1.11719568969e-27
13.9785992218	1.12789281274e-27
13.9931906615	1.13507655463e-27
14.0077821012	1.18059028106e-27
14.0223735409	1.18715558514e-27
14.0369649805	1.18315781591e-27
14.0515564202	1.16692600886e-27
14.0661478599	1.16102945057e-27
14.0807392996	1.14065355148e-27
14.0953307393	1.14639254177e-27
14.109922179	1.16130288894e-27
14.1245136187	1.20895783946e-27
14.1391050584	1.21081410494e-27
14.1536964981	1.21218355782e-27
14.1682879377	1.19265317348e-27
14.1828793774	1.17940585645e-27
14.1974708171	1.16336555143e-27
14.2120622568	1.16367395938e-27
14.2266536965	1.163098707e-27
14.2412451362	1.20874792011e-27
14.2558365759	1.22204345374e-27
14.2704280156	1.22894882913e-27
14.2850194553	1.20812397793e-27
14.2996108949	1.20262401816e-27
14.3142023346	1.18780313458e-27
14.3287937743	1.18774304514e-27
14.343385214	1.19523146488e-27
14.3579766537	1.24413870287e-27
14.3725680934	1.24832624454e-27
14.3871595331	1.23853832275e-27
14.4017509728	1.21561924028e-27
14.4163424125	1.20504109079e-27
14.4309338521	1.17846570434e-27
14.4455252918	1.17583459306e-27
14.4601167315	1.17525073361e-27
14.4747081712	1.20903444413e-27
14.4892996109	1.21070341608e-27
14.5038910506	1.21537384752e-27
14.5184824903	1.20191602167e-27
14.53307393	1.19689780374e-27
14.5476653697	1.18803322539e-27
14.5622568093	1.18967847847e-27
14.576848249	1.18349029986e-27
14.5914396887	1.22309575989e-27
14.6060311284	1.22639465098e-27
14.6206225681	1.22494673896e-27
14.6352140078	1.1944418139e-27
14.6498054475	1.17656973769e-27
14.6643968872	1.15464785514e-27
14.6789883268	1.14163309975e-27
14.6935797665	1.12699581386e-27
14.7081712062	1.14479784039e-27
14.7227626459	1.12771243153e-27
14.7373540856	1.11300778117e-27
14.7519455253	1.0792996999e-27
14.766536965	1.06042865718e-27
14.7811284047	1.01898371481e-27
14.7957198444	9.98811362097e-28
14.810311284	9.72072927961e-28
14.8249027237	9.60510022175e-28
14.8394941634	9.15519230145e-28
14.8540856031	8.67316185632e-28
14.8686770428	8.05019783367e-28
14.8832684825	7.63060638112e-28
14.8978599222	7.30131508778e-28
14.9124513619	7.28676343356e-28
14.9270428016	7.6789448835e-28
14.9416342412	9.00600414234e-28
14.9562256809	1.12265692408e-27
14.9708171206	1.50771639778e-27
14.9854085603	2.24390233158e-27
15.0	3.05067430305e-27
