-14.9854085603	1.88366524989e-27
-14.9708171206	1.08731887097e-27
-14.9562256809	6.42231298733e-28
-14.9416342412	3.63259446528e-28
-14.9270428016	2.08653294356e-28
-14.9124513619	1.20704524749e-28
-14.8978599222	7.99266600139e-29
-14.8832684825	6.28678915243e-29
-14.8686770428	6.49021199104e-29
-14.8540856031	7.16608759906e-29
-14.8394941634	8.32006279912e-29
-14.8249027237	8.60468005012e-29
-14.810311284	9.79431567516e-29
-14.7957198444	1.07588176958e-28
-14.7811284047	1.20738748845e-28
-14.766536965	1.29646066061e-28
-14.7519455253	1.39648941073e-28
-14.7373540856	1.45439159073e-28
-14.7227626459	1.48635943972e-28
-14.7081712062	1.38141997804e-28
-14.6935797665	1.397946643e-28
-14.6789883268	1.41581484715e-28
-14.6643968872	1.48402657888e-28
-14.6498054475	1.51971589928e-28
-14.6352140078	1.60389799132e-28
-14.6206225681	1.62191099612e-28
-14.6060311284	1.62225205099e-28
-14.5914396887	1.50232585769e-28
-14.576848249	1.50172748643e-28
-14.5622568093	1.50332418459e-28
-14.5476653696	1.58065901639e-28
-14.53307393	1.60382360262e-28
-14.5184824903	1.66687887597e-28
-14.5038910506	1.68406937398e-28
-14.4892996109	1.68899453099e-28
-14.4747081712	1.56487729415e-28
-14.4601167315	1.55720069632e-28
-14.4455252918	1.5410091191e-28
-14.4309338521	1.5968231736e-28
-14.4163424125	1.6125087022e-28
-14.4017509728	1.66444175395e-28
-14.3871595331	1.660236739e-28
-14.3725680934	1.64935431366e-28
-14.3579766537	1.49644985378e-28
-14.343385214	1.46932444674e-28
-14.3287937743	1.45106061856e-28
-14.3142023346	1.49543927625e-28
-14.2996108949	1.50743140022e-28
-14.2850194553	1.5668881567e-28
-14.2704280156	1.57182767869e-28
-14.2558365759	1.56561049851e-28
-14.2412451362	1.42894979691e-28
-14.2266536965	1.4176755475e-28
-14.2120622568	1.4037742399e-28
-14.1974708171	1.45470752807e-28
-14.1828793774	1.46838150117e-28
-14.1682879377	1.52873491916e-28
-14.1536964981	1.53807577681e-28
-14.1391050584	1.54240330195e-28
-14.1245136187	1.42025083881e-28
-14.109922179	1.42066956656e-28
-14.0953307393	1.41247195627e-28
-14.0807392996	1.47037251248e-28
-14.0661478599	1.48808631878e-28
-14.0515564202	1.54516468775e-28
-14.0369649805	1.54352238034e-28
-14.0223735409	1.536012587e-28
-14.0077821012	1.4088101572e-28
-13.9931906615	1.4055573762e-28
-13.9785992218	1.40765277682e-28
-13.9640077821	1.45799451089e-28
-13.9494163424	1.48526250277e-28
-13.9348249027	1.55042413525e-28
-13.920233463	1.56209064061e-28
-13.9056420233	1.57040306923e-28
-13.8910505837	1.48216100442e-28
-13.876459144	1.49208750941e-28
-13.8618677043	1.52852846757e-28
-13.8472762646	1.62176682197e-28
-13.8326848249	1.66380247826e-28
-13.8180933852	1.73862192796e-28
-13.8035019455	1.8005515499e-28
-13.7889105058	1.86399478231e-28
-13.7743190661	1.86633661084e-28
-13.7597276265	1.93425990506e-28
-13.7451361868	2.01310562996e-28
-13.7305447471	2.11669612404e-28
-13.7159533074	2.16059763452e-28
-13.7013618677	2.2091896896e-28
-13.686770428	2.21333811679e-28
-13.6721789883	2.18458454008e-28
-13.6575875486	2.02598985447e-28
-13.6429961089	1.95192612267e-28
-13.6284046693	1.88841857168e-28
-13.6138132296	1.84714910506e-28
-13.5992217899	1.79242829746e-28
-13.5846303502	1.76822895809e-28
-13.5700389105	1.72514713474e-28
-13.5554474708	1.67420036902e-28
-13.5408560311	1.56853119165e-28
-13.5262645914	1.54698998788e-28
-13.5116731518	1.55330683017e-28
-13.4970817121	1.58126081221e-28
-13.4824902724	1.60463083242e-28
-13.4678988327	1.64461063864e-28
-13.453307393	1.69603075268e-28
-13.4387159533	1.75456336042e-28
-13.4241245136	1.79066760764e-28
-13.4095330739	1.87225392867e-28
-13.3949416342	1.93759249065e-28
-13.3803501946	2.02965640605e-28
-13.3657587549	2.08819253279e-28
-13.3511673152	2.17974980781e-28
-13.3365758755	2.23398372755e-28
-13.3219844358	2.28926988522e-28
-13.3073929961	2.30190341851e-28
-13.2928015564	2.34449961237e-28
-13.2782101167	2.40084953708e-28
-13.263618677	2.44256615098e-28
-13.2490272374	2.52153154158e-28
-13.2344357977	2.61671281713e-28
-13.219844358	2.67811801412e-28
-13.2052529183	2.78682633912e-28
-13.1906614786	2.95770699128e-28
-13.1760700389	3.08761972559e-28
-13.1614785992	3.22999622326e-28
-13.1468871595	3.34088619021e-28
-13.1322957198	3.44237789553e-28
-13.1177042802	3.54566844449e-28
-13.1031128405	3.64689799947e-28
-13.0885214008	3.70596059067e-28
-13.0739299611	3.78863100805e-28
-13.0593385214	3.88175065872e-28
-13.0447470817	3.96132085377e-28
-13.030155642	4.01590822763e-28
-13.0155642023	4.10815515842e-28
-13.0009727626	4.15305000075e-28
-12.986381323	4.20253609148e-28
-12.9717898833	4.31531817726e-28
-12.9571984436	4.46209003444e-28
-12.9426070039	4.55138659767e-28
-12.9280155642	4.64703519011e-28
-12.9134241245	4.65758329401e-28
-12.8988326848	4.69738522759e-28
-12.8842412451	4.76705953076e-28
-12.8696498054	4.79124847738e-28
-12.8550583658	4.8650485237e-28
-12.8404669261	5.00817929506e-28
-12.8258754864	5.07036963198e-28
-12.8112840467	5.13773795089e-28
-12.796692607	5.14211568267e-28
-12.7821011673	5.11683281206e-28
-12.7675097276	5.05182994165e-28
-12.7529182879	4.99182470713e-28
-12.7383268482	4.93110270276e-28
-12.7237354086	4.90223345923e-28
-12.7091439689	4.83411909292e-28
-12.6945525292	4.78967150288e-28
-12.6799610895	4.69696417064e-28
-12.6653696498	4.6601850106e-28
-12.6507782101	4.61178249014e-28
-12.6361867704	4.58453069125e-28
-12.6215953307	4.61530753981e-28
-12.6070038911	4.68993989048e-28
-12.5924124514	4.68808212224e-28
-12.5778210117	4.70793367642e-28
-12.563229572	4.61982729499e-28
-12.5486381323	4.57993334679e-28
-12.5340466926	4.56230554886e-28
-12.5194552529	4.61173314879e-28
-12.5048638132	4.73867507764e-28
-12.4902723735	5.03357122612e-28
-12.4756809339	5.18806013151e-28
-12.4610894942	5.30827809789e-28
-12.4464980545	5.28929486681e-28
-12.4319066148	5.28904851244e-28
-12.4173151751	5.22937007064e-28
-12.4027237354	5.1899593083e-28
-12.3881322957	5.0888036389e-28
-12.373540856	5.10657567875e-28
-12.3589494163	5.05040497494e-28
-12.3443579767	4.9916960455e-28
-12.329766537	4.84637670522e-28
-12.3151750973	4.78923448205e-28
-12.3005836576	4.69771951111e-28
-12.2859922179	4.64654218274e-28
-12.2714007782	4.66258427478e-28
-12.2568093385	4.83746999004e-28
-12.2422178988	4.84918410975e-28
-12.2276264591	4.93750159822e-28
-12.2130350195	4.89231587017e-28
-12.1984435798	4.87416444136e-28
-12.1838521401	4.81221837286e-28
-12.1692607004	4.77900689948e-28
-12.1546692607	4.7561033616e-28
-12.140077821	4.94035872186e-28
-12.1254863813	4.92672061211e-28
-12.1108949416	4.9039161118e-28
-12.0963035019	4.78703596812e-28
-12.0817120623	4.70734600156e-28
-12.0671206226	4.59472108731e-28
-12.0525291829	4.56533402707e-28
-12.0379377432	4.54423954549e-28
-12.0233463035	4.7300334164e-28
-12.0087548638	4.7712789142e-28
-11.9941634241	4.83261199153e-28
-11.9795719844	4.78067075392e-28
-11.9649805447	4.80822348513e-28
-11.9503891051	4.81194772094e-28
-11.9357976654	4.88793425216e-28
-11.9212062257	5.09202111214e-28
-11.906614786	5.55214000113e-28
-11.8920233463	5.74217458595e-28
-11.8774319066	5.86742336391e-28
-11.8628404669	5.74153341939e-28
-11.8482490272	5.61638155897e-28
-11.8336575875	5.46190161328e-28
-11.8190661479	5.39366440423e-28
-11.8044747082	5.289846582e-28
-11.7898832685	5.37180807421e-28
-11.7752918288	5.25416485438e-28
-11.7607003891	5.1361997571e-28
-11.7461089494	4.90416552567e-28
-11.7315175097	4.79593630023e-28
-11.71692607	4.65236881142e-28
-11.7023346304	4.59859271662e-28
-11.6877431907	4.50178259613e-28
-11.673151751	4.63826134744e-28
-11.6585603113	4.63459136086e-28
-11.6439688716	4.61011720418e-28
-11.6293774319	4.47089348844e-28
-11.6147859922	4.40328723225e-28
-11.6001945525	4.31370032051e-28
-11.5856031128	4.39446930109e-28
-11.5710116732	4.53916540311e-28
-11.5564202335	4.92098760723e-28
-11.5418287938	5.03819428963e-28
-11.5272373541	5.18994782457e-28
-11.5126459144	5.20228267708e-28
-11.4980544747	5.23716211659e-28
-11.483463035	5.31787556323e-28
-11.4688715953	5.4760934429e-28
-11.4542801556	5.6901792827e-28
-11.439688716	6.19212103825e-28
-11.4250972763	6.58907372067e-28
-11.4105058366	7.14868362054e-28
-11.3959143969	7.8429135082e-28
-11.3813229572	8.96603677374e-28
-11.3667315175	1.05605485979e-27
-11.3521400778	1.28849035149e-27
-11.3375486381	1.60445321963e-27
-11.3229571984	2.04749170078e-27
-11.3083657588	2.65293716148e-27
-11.2937743191	3.52410196326e-27
-11.2791828794	4.68532597381e-27
-11.2645914397	6.4378305709e-27
-11.25	8.08179999148e-27
-11.2354085603	6.40602251477e-27
-11.2208171206	4.63507333336e-27
-11.2062256809	3.45577645922e-27
-11.1916342412	2.54785466961e-27
-11.1770428016	1.89793122843e-27
-11.1624513619	1.40922904864e-27
-11.1478599222	1.05353535977e-27
-11.1332684825	7.88122513747e-28
-11.1186770428	5.92669023492e-28
-11.1040856031	4.51116239958e-28
-11.0894941634	3.42850375036e-28
-11.0749027237	2.75052615184e-28
-11.060311284	2.30934869462e-28
-11.0457198444	2.0526471595e-28
-11.0311284047	1.91075073331e-28
-11.016536965	1.87305144213e-28
-11.0019455253	1.82051841473e-28
-10.9873540856	1.8424182197e-28
-10.9727626459	1.72473626745e-28
-10.9581712062	1.7457252686e-28
-10.9435797665	1.82630876808e-28
-10.9289883268	1.98569750259e-28
-10.9143968872	2.10097758533e-28
-10.8998054475	2.25717309995e-28
-10.8852140078	2.34318161574e-28
-10.8706225681	2.40562299368e-28
-10.8560311284	2.26743861986e-28
-10.8414396887	2.28889842844e-28
-10.826848249	2.31240835953e-28
-10.8122568093	2.44536371676e-28
-10.7976653696	2.5408085598e-28
-10.78307393	2.64088100955e-28
-10.7684824903	2.66002580774e-28
-10.7538910506	2.6823728586e-28
-10.7392996109	2.52728243812e-28
-10.7247081712	2.56527665389e-28
-10.7101167315	2.61732053255e-28
-10.6955252918	2.76176515651e-28
-10.6809338521	2.87170170435e-28
-10.6663424125	2.99930314134e-28
-10.6517509728	3.01242419773e-28
-10.6371595331	3.03308682753e-28
-10.6225680934	2.87407203243e-28
-10.6079766537	2.87293517866e-28
-10.593385214	2.88198077572e-28
-10.5787937743	2.99003697444e-28
-10.5642023346	3.05958034824e-28
-10.5496108949	3.18621981785e-28
-10.5350194553	3.22508316086e-28
-10.5204280156	3.24107266724e-28
-10.5058365759	3.06205807545e-28
-10.4912451362	3.0663184018e-28
-10.4766536965	3.07856393652e-28
-10.4620622568	3.18407074106e-28
-10.4474708171	3.23009226845e-28
-10.4328793774	3.2982039083e-28
-10.4182879377	3.2737390168e-28
-10.4036964981	3.24789330967e-28
-10.3891050584	3.01532795317e-28
-10.3745136187	2.98214191533e-28
-10.359922179	2.9625614302e-28
-10.3453307393	3.02080440829e-28
-10.3307392996	3.04083200095e-28
-10.3161478599	3.10049261648e-28
-10.3015564202	3.06967380731e-28
-10.2869649805	3.03063134655e-28
-10.2723735409	2.81976451397e-28
-10.2577821012	2.76283467038e-28
-10.2431906615	2.72397474784e-28
-10.2285992218	2.76486634213e-28
-10.2140077821	2.76398311414e-28
-10.1994163424	2.78722799372e-28
-10.1848249027	2.74952667855e-28
-10.170233463	2.69308975656e-28
-10.1556420233	2.49844825465e-28
-10.1410505837	2.44613600735e-28
-10.126459144	2.39527570322e-28
-10.1118677043	2.43218375979e-28
-10.0972762646	2.4317513333e-28
-10.0826848249	2.43265384385e-28
-10.0680933852	2.37272037709e-28
-10.0535019455	2.30979604321e-28
-10.0389105058	2.1028136533e-28
-10.0243190661	2.02661799267e-28
-10.0097276265	1.95851377916e-28
-9.99513618677	1.95524909097e-28
-9.98054474708	1.94220150557e-28
-9.96595330739	1.93720694562e-28
-9.9513618677	1.88177890514e-28
-9.93677042802	1.83262680753e-28
-9.92217898833	1.70161769878e-28
-9.90758754864	1.6432833639e-28
-9.89299610895	1.61430995155e-28
-9.87840466926	1.61397317028e-28
-9.86381322957	1.58450916733e-28
-9.84922178988	1.58039503937e-28
-9.83463035019	1.54741857146e-28
-9.82003891051	1.52776762577e-28
-9.80544747082	1.46733046169e-28
-9.79085603113	1.4773896871e-28
-9.77626459144	1.50402398846e-28
-9.76167315175	1.556829023e-28
-9.74708171206	1.60166880745e-28
-9.73249027237	1.63616493439e-28
-9.71789883268	1.68221188256e-28
-9.703307393	1.73710495318e-28
-9.68871595331	1.81558025939e-28
-9.67412451362	1.89433267401e-28
-9.65953307393	1.97117701315e-28
-9.64494163424	2.03767235921e-28
-9.63035019455	2.10827374383e-28
-9.61575875486	2.16159132479e-28
-9.60116731517	2.2300604572e-28
-9.58657587549	2.33921524175e-28
-9.5719844358	2.52299809167e-28
-9.55739299611	2.64968258323e-28
-9.54280155642	2.75054929832e-28
-9.52821011673	2.79924598032e-28
-9.51361867704	2.86918121e-28
-9.49902723735	2.96985946686e-28
-9.48443579767	3.08742010569e-28
-9.46984435798	3.23192625987e-28
-9.45525291829	3.52037591284e-28
-9.4406614786	3.73515093288e-28
-9.42607003891	3.98466094334e-28
-9.41147859922	4.22335103777e-28
-9.39688715953	4.53271175417e-28
-9.38229571984	4.86568247874e-28
-9.36770428016	5.36108385898e-28
-9.35311284047	6.01830165931e-28
-9.33852140078	6.97764925985e-28
-9.32392996109	7.88999004763e-28
-9.3093385214	8.87730337137e-28
-9.29474708171	9.89175898321e-28
-9.28015564202	1.11760740144e-27
-9.26556420233	1.26636856248e-27
-9.25097276265	1.45428610593e-27
-9.23638132296	1.68850715931e-27
-9.22178988327	2.00771204617e-27
-9.20719844358	2.35107985774e-27
-9.19260700389	2.7538842551e-27
-9.1780155642	3.21754566644e-27
-9.16342412451	3.80282084299e-27
-9.14883268482	4.5220240674e-27
-9.13424124514	5.42862257019e-27
-9.11964980545	6.54964658855e-27
-9.10505836576	8.01894900796e-27
-9.09046692607	9.76069584341e-27
-9.07587548638	1.18846654823e-26
-9.06128404669	1.44578139668e-26
-9.046692607	1.76521030514e-26
-9.03210116731	2.16110092905e-26
-9.01750972763	2.66204404682e-26
-9.00291828794	3.28541891352e-26
-8.98832684825	4.07978856175e-26
-8.97373540856	5.04921760806e-26
-8.95914396887	6.25533205168e-26
-8.94455252918	7.74597508311e-26
-8.92996108949	9.61482150806e-26
-8.91536964981	1.19501174488e-25
-8.90077821012	1.48986877707e-25
-8.88618677043	1.85957104579e-25
-8.87159533074	2.32661357862e-25
-8.85700389105	2.90750008594e-25
-8.84241245136	3.63662332363e-25
-8.82782101167	4.54950612998e-25
-8.81322957198	5.69617181598e-25
-8.7986381323	7.13368727277e-25
-8.78404669261	8.94509377761e-25
-8.76945525292	1.12194702951e-24
-8.75486381323	1.40856850493e-24
-8.74027237354	1.76728793878e-24
-8.72568093385	2.21749798743e-24
-8.71108949416	2.78172598883e-24
-8.69649805447	3.49036179428e-24
-8.68190661479	4.3792216963e-24
-8.6673151751	5.49614739546e-24
-8.65272373541	6.89719351549e-24
-8.63813229572	8.6558224408e-24
-8.62354085603	1.08579262306e-23
-8.60894941634	1.3619156565e-23
-8.59435797665	1.70775900965e-23
-8.57976653696	2.14116963522e-23
-8.56517509728	2.68394749592e-23
-8.55058365759	3.36371697163e-23
-8.5359922179	4.21427288077e-23
-8.52140077821	5.2789845598e-23
-8.50680933852	6.6094081736e-23
-8.49221789883	8.27185969349e-23
-8.47762645914	1.03482120346e-22
-8.46303501945	1.29410132867e-22
-8.44844357977	1.61771184048e-22
-8.43385214008	2.02151785185e-22
-8.41926070039	2.52507970749e-22
-8.4046692607	3.1529000125e-22
-8.39007782101	3.93506326385e-22
-8.37548638132	4.90924718664e-22
-8.36089494163	6.12196454138e-22
-8.34630350195	7.63119041372e-22
-8.33171206226	9.50837914729e-22
-8.31712062257	1.18424896741e-21
-8.30252918288	1.47431218423e-21
-8.28793774319	1.83462935201e-21
-8.2733463035	2.28191405466e-21
-8.25875486381	2.8369627765e-21
-8.24416342412	3.52538454875e-21
-8.22957198444	4.37888517436e-21
-8.21498054475	5.4365291786e-21
-8.20038910506	6.74657820214e-21
-8.18579766537	8.36844371758e-21
-8.17120622568	1.03754929497e-20
-8.15661478599	1.2857835296e-20
-8.1420233463	1.59266964546e-20
-8.12743190661	1.97187901001e-20
-8.11284046693	2.44024325424e-20
-8.09824902724	3.01844397211e-20
-8.08365758755	3.73191829048e-20
-8.06906614786	4.61187919948e-20
-8.05447470817	5.69667101165e-20
-8.03988326848	7.03327457682e-20
-8.02529182879	8.6793845832e-20
-8.0107003891	1.07056844983e-19
-7.99610894942	1.31988273713e-19
-7.98151750973	1.62648956388e-19
-7.96692607004	2.0033763897e-19
-7.95233463035	2.46642659309e-19
-7.93774319066	3.03506740966e-19
-7.92315175097	3.7330285333e-19
-7.90856031128	4.5893177384e-19
-7.89396887159	5.63933940181e-19
-7.87937743191	6.92631477682e-19
-7.86478599222	8.50295126367e-19
-7.85019455253	1.04335211663e-18
-7.83560311284	1.27963346025e-18
-7.82101167315	1.56867750179e-18
-7.80642023346	1.92209322611e-18
-7.79182879377	2.35400929045e-18
-7.77723735409	2.88160703737e-18
-7.7626459144	3.52577158972e-18
-7.74805447471	4.31187493063e-18
-7.73346303502	5.27073124965e-18
-7.71887159533	6.43973530816e-18
-7.70428015564	7.86425547877e-18
-7.68968871595	9.59929017224e-18
-7.67509727626	1.17115008222e-17
-7.66050583658	1.42816321374e-17
-7.64591439689	1.74074436894e-17
-7.6313229572	2.12072266076e-17
-7.61673151751	2.58240531886e-17
-7.60214007782	3.14308720815e-17
-7.58754863813	3.82366527903e-17
-7.57295719844	4.64937425524e-17
-7.55836575875	5.65067456804e-17
-7.54377431907	6.86431356027e-17
-7.52918287938	8.33460135875e-17
-7.51459143969	1.0114942848e-16
-7.5	1.22696577206e-16
-7.48540856031	1.48761542704e-16
-7.47081712062	1.80276648486e-16
-7.45622568093	2.18362946316e-16
-7.44163424124	2.64367995488e-16
-7.42704280156	3.19910965369e-16
-7.41245136187	3.86936359763e-16
-7.39785992218	4.67778200799e-16
-7.38326848249	5.65236641286e-16
-7.3686770428	6.82669299566e-16
-7.35408560311	8.2410026543e-16
-7.33949416342	9.94349802827e-16
-7.32490272373	1.19918907826e-15
-7.31031128405	1.44552410075e-15
-7.29571984436	1.74161474447e-15
-7.28112840467	2.09733494565e-15
-7.26653696498	2.52448221653e-15
-7.25194552529	3.03714499889e-15
-7.2373540856	3.65213900813e-15
-7.22276264591	4.38952459396e-15
-7.20817120623	5.27322093092e-15
-7.19357976654	6.33173322676e-15
-7.17898832685	7.59901470329e-15
-7.16439688716	9.1154867191e-15
-7.14980544747	1.09292462635e-14
-7.13521400778	1.30974936469e-14
-7.12062256809	1.56882205192e-14
-7.1060311284	1.87822032795e-14
-7.09143968872	2.24753579253e-14
-7.07684824903	2.68815178428e-14
-7.06225680934	3.21357109553e-14
-7.04766536965	3.83980218224e-14
-7.03307392996	4.58581430457e-14
-7.01848249027	5.47407332456e-14
-7.00389105058	6.53117238835e-14
-6.98929961089	7.78857356723e-14
-6.97470817121	9.28347998701e-14
-6.96011673152	1.10598602026e-13
-6.94552529183	1.31696513228e-13
-6.93093385214	1.56741707768e-13
-6.91634241245	1.86457725064e-13
-6.90175097276	2.21697883009e-13
-6.88715953307	2.63468026164e-13
-6.87256809338	3.12953159784e-13
-6.8579766537	3.71548627677e-13
-6.84338521401	4.40896573987e-13
-6.82879377432	5.22928572462e-13
-6.81420233463	6.19915430403e-13
-6.79961089494	7.34525349962e-13
-6.78501945525	8.69891800517e-13
-6.77042801556	1.02969269139e-12
-6.75583657588	1.21824265833e-12
-6.74124513619	1.44060059716e-12
-6.7266536965	1.7026948666e-12
-6.71206225681	2.01146900139e-12
-6.69747081712	2.37505118197e-12
-6.68287937743	2.80295124216e-12
-6.66828793774	3.30628953309e-12
-6.65369649805	3.89806266763e-12
-6.63910505837	4.5934518807e-12
-6.62451361868	5.41018067991e-12
-6.60992217899	6.3689293655e-12
-6.5953307393	7.49381524093e-12
-6.58073929961	8.81294855489e-12
-6.56614785992	1.0359075785e-11
-6.55155642023	1.21703235169e-11
-6.53696498054	1.42910581772e-11
-6.52237354086	1.67728790396e-11
-6.50778210117	1.96757645636e-11
-6.49319066148	2.30693948768e-11
-6.47859922179	2.70346766405e-11
-6.4640077821	3.16655001685e-11
-6.44941634241	3.70707630537e-11
-6.43482490272	4.33766992358e-11
-6.42023346303	5.07295581447e-11
-6.40564202335	5.92986845455e-11
-6.39105058366	6.92800570933e-11
-6.37645914397	8.09003512749e-11
-6.36186770428	9.44216018033e-11
-6.34727626459	1.10146549541e-10
-6.3326848249	1.28424769924e-10
-6.31809338521	1.49659692684e-10
-6.30350194552	1.74316637721e-10
-6.28891050584	2.02932008474e-10
-6.27431906615	2.36123803388e-10
-6.25972762646	2.74603626676e-10
-6.24513618677	3.19190404176e-10
-6.23054474708	3.70826036354e-10
-6.21595330739	4.30593251382e-10
-6.2013618677	4.99735954492e-10
-6.18677042802	5.79682408582e-10
-6.17217898833	6.72071623012e-10
-6.15758754864	7.78783376602e-10
-6.14299610895	9.01972352899e-10
-6.12840466926	1.04410692721e-09
-6.11381322957	1.20801321108e-09
-6.09922178988	1.39692503539e-09
-6.08463035019	1.61454063626e-09
-6.07003891051	1.86508690215e-09
-6.05544747082	2.15339214303e-09
-6.04085603113	2.48496846046e-09
-6.02626459144	2.86610492343e-09
-6.01167315175	3.30397290048e-09
-5.99708171206	3.80674505549e-09
-5.98249027237	4.38372969296e-09
-5.96789883268	5.04552233196e-09
-5.953307393	5.80417660665e-09
-5.93871595331	6.67339682895e-09
-5.92412451362	7.66875481712e-09
-5.90953307393	8.80793388261e-09
-5.89494163424	1.01110031954e-08
-5.88035019455	1.16007261005e-08
-5.86575875486	1.33029063557e-08
-5.85116731517	1.52467766869e-08
-5.83657587549	1.74654345401e-08
-5.8219844358	1.99963304242e-08
-5.80739299611	2.28818148192e-08
-5.79280155642	2.61697502463e-08
-5.77821011673	2.99141957893e-08
-5.76361867704	3.41761721082e-08
-5.74902723735	3.90245158115e-08
-5.73443579766	4.45368329483e-08
-5.71984435798	5.08005623682e-08
-5.70525291829	5.79141607591e-08
-5.6906614786	6.59884223449e-08
-5.67607003891	7.51479474765e-08
-5.66147859922	8.55327757381e-08
-5.64688715953	9.7300200664e-08
-5.63229571984	1.10626784792e-07
-5.61770428016	1.25710595505e-07
-5.60311284047	1.42773684024e-07
-5.58852140078	1.62064831917e-07
-5.57392996109	1.83862591729e-07
-5.5593385214	2.08478650659e-07
-5.54474708171	2.3626154877e-07
-5.53015564202	2.67600785946e-07
-5.51556420233	3.02931354729e-07
-5.50097276265	3.42738739293e-07
-5.48638132296	3.87564424169e-07
-5.47178988327	4.38011959886e-07
-5.45719844358	4.94753636523e-07
-5.44260700389	5.58537820171e-07
-5.4280155642	6.30197011634e-07
-5.41342412451	7.10656691226e-07
-5.39883268482	8.00945018353e-07
-5.38424124514	9.02203459629e-07
-5.36964980545	1.01569842465e-06
-5.35505836576	1.14283399417e-06
-5.34046692607	1.28516583133e-06
-5.32587548638	1.44441637281e-06
-5.31128404669	1.6224914031e-06
-5.296692607	1.82149812202e-06
-5.28210116731	2.04376482243e-06
-5.26750972763	2.29186230228e-06
-5.25291828794	2.56862714276e-06
-5.23832684825	2.87718699186e-06
-5.22373540856	3.22098800052e-06
-5.20914396887	3.60382456649e-06
-5.19455252918	4.02987154952e-06
-5.17996108949	4.50371912905e-06
-5.1653696498	5.03041048465e-06
-5.15077821012	5.61548248711e-06
-5.13618677043	6.26500959649e-06
-5.12159533074	6.98565117168e-06
-5.10700389105	7.78470240365e-06
-5.09241245136	8.67014909218e-06
-5.07782101167	9.65072649325e-06
-5.06322957198	1.07359824709e-05
-5.0486381323	1.19363451931e-05
-5.03404669261	1.32631956182e-05
-5.01945525292	1.47289450202e-05
-5.00486381323	1.63471178083e-05
-4.99027237354	1.81324398962e-05
-4.97568093385	2.01009328783e-05
-4.96108949416	2.22700142716e-05
-4.94649805447	2.46586040769e-05
-4.93190661479	2.72872379136e-05
-4.9173151751	3.01781869729e-05
-4.90272373541	3.33555850293e-05
-4.88813229572	3.68455627377e-05
-4.87354085603	4.06763894331e-05
-4.85894941634	4.48786226324e-05
-4.84435797665	4.94852654193e-05
-4.82976653696	5.45319318712e-05
-4.81517509728	6.00570206628e-05
-4.80058365759	6.61018969492e-05
-4.7859922179	7.2711082599e-05
-4.77140077821	7.99324548115e-05
-4.75680933852	8.78174531075e-05
-4.74221789883	9.64212946381e-05
-4.72762645914	0.000105803197705
-4.71303501945	0.000116026613324
-4.69844357977	0.000127159464615
-4.68385214008	0.000139274393717
-4.66926070039	0.000152449015864
-4.6546692607	0.000166766180189
-4.64007782101	0.000182314236726
-4.62548638132	0.00019918730899
-4.61089494163	0.00021748557145
-4.59630350194	0.000237315531073
-4.58171206226	0.000258790312047
-4.56712062257	0.000282029942671
-4.55252918288	0.000307161643281
-4.53793774319	0.000334320113999
-4.5233463035	0.00036364782093
-4.50875486381	0.000395295279363
-4.49416342412	0.000429421332371
-4.47957198444	0.000466193423109
-4.46498054475	0.000505787858994
-4.45038910506	0.000548390065811
-4.43579766537	0.000594194829688
-4.42120622568	0.000643406524796
-4.40661478599	0.000696239324469
-4.3920233463	0.000752917393413
-4.37743190661	0.000813675058515
-4.36284046693	0.000878756955747
-4.34824902724	0.000948418150545
-4.33365758755	0.00102292422903
-4.31906614786	0.00110255135735
-4.30447470817	0.00118758630651
-4.28988326848	0.00127832643986
-4.27529182879	0.00137507966072
-4.2607003891	0.00147816431728
-4.24610894942	0.0015879090625
-4.23151750973	0.00170465266618
-4.21692607004	0.00182874377714
-4.20233463035	0.00196054063309
-4.18774319066	0.00210041071631
-4.17315175097	0.00224873035316
-4.15856031128	0.00240588425596
-4.14396887159	0.00257226500578
-4.12937743191	0.00274827247532
-4.11478599222	0.00293431319088
-4.10019455253	0.0031307996334
-4.08560311284	0.00333814947829
-4.07101167315	0.0035567847748
-4.05642023346	0.00378713106552
-4.04182879377	0.00402961644756
-4.02723735408	0.00428467057701
-4.0126459144	0.00455272361913
-3.99805447471	0.00483420514686
-3.98346303502	0.00512954299104
-3.96887159533	0.00543916204601
-3.95428015564	0.00576348303484
-3.93968871595	0.00610292123897
-3.92509727626	0.0064578851973
-3.91050583658	0.00682877538061
-3.89591439689	0.00721598284699
-3.8813229572	0.00761988788514
-3.86673151751	0.00804085865188
-3.85214007782	0.00847924981127
-3.83754863813	0.00893540118255
-3.82295719844	0.00940963640433
-3.80836575875	0.00990226162289
-3.79377431907	0.0104135642122
-3.77918287938	0.0109438115332
-3.76459143969	0.0114932497413
-3.75	0.0120621026468
-3.73540856031	0.0126505706397
-3.72081712062	0.0132588296826
-3.70622568093	0.0138870303795
-3.69163424124	0.0145352971287
-3.67704280156	0.0152037273623
-3.66245136187	0.0158923908814
-3.64785992218	0.0166013292893
-3.63326848249	0.0173305555276
-3.6186770428	0.0180800535199
-3.60408560311	0.0188497779242
-3.58949416342	0.0196396539971
-3.57490272373	0.0204495775716
-3.56031128405	0.0212794151475
-3.54571984436	0.0221290040962
-3.53112840467	0.0229981529774
-3.51653696498	0.023886641966
-3.50194552529	0.0247942233882
-3.4873540856	0.0257206223614
-3.47276264591	0.0266655375354
-3.45817120623	0.0276286419302
-3.44357976654	0.0286095838637
-3.42898832685	0.0296079879663
-3.41439688716	0.0306234562728
-3.39980544747	0.0316555693875
-3.38521400778	0.0327038877142
-3.37062256809	0.0337679527436
-3.3560311284	0.0348472883907
-3.34143968872	0.0359414023748
-3.32684824903	0.0370497876332
-3.31225680934	0.0381719237614
-3.29766536965	0.0393072784718
-3.28307392996	0.0404553090623
-3.26848249027	0.0416154638887
-3.25389105058	0.0427871838312
-3.23929961089	0.0439699037507
-3.22470817121	0.0451630539248
-3.21011673152	0.0463660614599
-3.19552529183	0.0475783516717
-3.18093385214	0.0487993494284
-3.16634241245	0.0500284804522
-3.15175097276	0.0512651725743
-3.13715953307	0.0525088569383
-3.12256809338	0.0537589691488
-3.1079766537	0.0550149503627
-3.09338521401	0.056276248319
-3.07879377432	0.0575423183065
-3.06420233463	0.0588126240661
-3.04961089494	0.060086638628
-3.03501945525	0.0613638450817
-3.02042801556	0.0626437372794
-3.00583657587	0.063925820472
-2.99124513619	0.0652096118796
-2.9766536965	0.0664946411956
-2.96206225681	0.0677804510264
-2.94747081712	0.0690665972687
-2.93287937743	0.070352649425
-2.91828793774	0.0716381908599
-2.90369649805	0.0729228190002
-2.88910505837	0.0742061454788
-2.87451361868	0.075487796228
-2.85992217899	0.0767674115225
-2.8453307393	0.0780446459757
-2.83073929961	0.0793191684927
-2.81614785992	0.0805906621814
-2.80155642023	0.0818588242267
-2.78696498054	0.0831233657282
-2.77237354086	0.0843840115068
-2.75778210117	0.0856404998813
-2.74319066148	0.0868925824182
-2.72859922179	0.0881400236583
-2.7140077821	0.0893826008216
-2.69941634241	0.0906201034936
-2.68482490272	0.0918523332961
-2.67023346303	0.0930791035433
-2.65564202335	0.0943002388874
-2.64105058366	0.0955155749542
-2.62645914397	0.096724957972
-2.61186770428	0.0979282443948
-2.59727626459	0.0991253005222
-2.5826848249	0.100316002117
-2.56809338521	0.101500234024
-2.55350194552	0.102677889786
-2.53891050584	0.103848871268
-2.52431906615	0.105013088282
-2.50972762646	0.106170458212
-2.49513618677	0.107320905657
-2.48054474708	0.108464362065
-2.46595330739	0.109600765387
-2.4513618677	0.110730059731
-2.43677042801	0.11185219503
-2.42217898833	0.112967126717
-2.40758754864	0.114074815407
-2.39299610895	0.115175226592
-2.37840466926	0.116268330346
-2.36381322957	0.117354101038
-2.34922178988	0.118432517058
-2.33463035019	0.119503560553
-2.32003891051	0.12056721717
-2.30544747082	0.121623475816
-2.29085603113	0.122672328425
-2.27626459144	0.12371376973
-2.26167315175	0.12474779706
-2.24708171206	0.125774410128
-2.23249027237	0.126793610846
-2.21789883268	0.127805403139
-2.203307393	0.128809792774
-2.18871595331	0.129806787195
-2.17412451362	0.130796395368
-2.15953307393	0.131778627636
-2.14494163424	0.132753495582
-2.13035019455	0.133721011897
-2.11575875486	0.134681190263
-2.10116731517	0.135634045236
-2.08657587549	0.136579592137
-2.0719844358	0.137517846961
-2.05739299611	0.138448826273
-2.04280155642	0.139372547132
-2.02821011673	0.140289027001
-2.01361867704	0.141198283682
-1.99902723735	0.142100335238
-1.98443579766	0.142995199936
-1.96984435798	0.143882896185
-1.95525291829	0.144763442481
-1.9406614786	0.14563685736
-1.92607003891	0.146503159352
-1.91147859922	0.147362366939
-1.89688715953	0.148214498517
-1.88229571984	0.149059572362
-1.86770428015	0.1498976066
-1.85311284047	0.15072861918
-1.83852140078	0.151552627845
-1.82392996109	0.152369650116
-1.8093385214	0.153179703268
-1.79474708171	0.153982804315
-1.78015564202	0.154778969992
-1.76556420233	0.155568216748
-1.75097276265	0.156350560728
-1.73638132296	0.157126017768
-1.72178988327	0.157894603387
-1.70719844358	0.158656332779
-1.69260700389	0.15941122081
-1.6780155642	0.160159282012
-1.66342412451	0.160900530586
-1.64883268482	0.161634980392
-1.63424124514	0.162362644958
-1.61964980545	0.163083537472
-1.60505836576	0.163797670791
-1.59046692607	0.164505057437
-1.57587548638	0.165205709603
-1.56128404669	0.165899639153
-1.546692607	0.16658685763
-1.53210116731	0.167267376257
-1.51750972763	0.167941205944
-1.50291828794	0.168608357288
-1.48832684825	0.169268840585
-1.47373540856	0.16992266583
-1.45914396887	0.170569842727
-1.44455252918	0.171210380689
-1.42996108949	0.17184428885
-1.4153696498	0.17247157607
-1.40077821012	0.173092250937
-1.38618677043	0.173706321779
-1.37159533074	0.174313796664
-1.35700389105	0.174914683415
-1.34241245136	0.175508989606
-1.32782101167	0.176096722578
-1.31322957198	0.176677889439
-1.29863813229	0.177252497071
-1.28404669261	0.177820552139
-1.26945525292	0.178382061095
-1.25486381323	0.178937030185
-1.24027237354	0.179485465454
-1.22568093385	0.180027372751
-1.21108949416	0.18056275774
-1.19649805447	0.181091625897
-1.18190661479	0.181613982524
-1.1673151751	0.182129832747
-1.15272373541	0.182639181529
-1.13813229572	0.183142033669
-1.12354085603	0.183638393808
-1.10894941634	0.184128266438
-1.09435797665	0.184611655901
-1.07976653696	0.185088566399
-1.06517509728	0.185559001994
-1.05058365759	0.186022966616
-1.0359922179	0.186480464065
-1.02140077821	0.186931498016
-1.00680933852	0.187376072024
-0.992217898832	0.187814189525
-0.977626459143	0.188245853844
-0.963035019454	0.188671068193
-0.948443579766	0.189089835682
-0.933852140077	0.189502159315
-0.919260700388	0.189908041998
-0.9046692607	0.190307486541
-0.890077821011	0.190700495662
-0.875486381322	0.191087071985
-0.860894941633	0.191467218052
-0.846303501945	0.191840936318
-0.831712062256	0.192208229155
-0.817120622567	0.192569098859
-0.802529182879	0.192923547648
-0.78793774319	0.193271577665
-0.773346303501	0.193613190984
-0.758754863812	0.193948389606
-0.744163424124	0.194277175467
-0.729571984435	0.194599550437
-0.714980544746	0.194915516322
-0.700389105058	0.195225074869
-0.685797665369	0.195528227762
-0.67120622568	0.19582497663
-0.656614785991	0.196115323046
-0.642023346303	0.196399268526
-0.627431906614	0.196676814536
-0.612840466925	0.196947962489
-0.598249027237	0.197212713749
-0.583657587548	0.197471069633
-0.569066147859	0.197723031408
-0.55447470817	0.197968600296
-0.539883268482	0.198207777477
-0.525291828793	0.198440564084
-0.510700389104	0.198666961211
-0.496108949416	0.198886969908
-0.481517509727	0.199100591188
-0.466926070038	0.199307826022
-0.452334630349	0.199508675344
-0.437743190661	0.199703140052
-0.423151750972	0.199891221005
-0.408560311283	0.200072919029
-0.393968871594	0.200248234913
-0.379377431906	0.200417169415
-0.364785992217	0.200579723257
-0.350194552528	0.200735897129
-0.33560311284	0.200885691691
-0.321011673151	0.201029107568
-0.306420233462	0.201166145357
-0.291828793773	0.201296805624
-0.277237354085	0.201421088907
-0.262645914396	0.201538995712
-0.248054474707	0.201650526518
-0.233463035019	0.201755681775
-0.21887159533	0.201854461906
-0.204280155641	0.201946867306
-0.189688715952	0.202032898343
-0.175097276264	0.202112555357
-0.160505836575	0.202185838665
-0.145914396886	0.202252748553
-0.131322957198	0.202313285286
-0.116731517509	0.202367449098
-0.10214007782	0.202415240203
-0.0875486381314	0.202456658786
-0.0729571984427	0.202491705007
-0.058365758754	0.202520379004
-0.0437743190653	0.202542680886
-0.0291828793766	0.20255861074
-0.0145914396879	0.202568168628
8.5975671027e-13	0.202571354587
0.0145914396896	0.202568168628
0.0291828793783	0.20255861074
0.043774319067	0.202542680886
0.0583657587557	0.202520379004
0.0729571984444	0.202491705007
0.0875486381332	0.202456658786
0.102140077822	0.202415240203
0.116731517511	0.202367449098
0.131322957199	0.202313285286
0.145914396888	0.202252748553
0.160505836577	0.202185838665
0.175097276265	0.202112555357
0.189688715954	0.202032898343
0.204280155643	0.201946867306
0.218871595332	0.201854461906
0.23346303502	0.201755681775
0.248054474709	0.201650526518
0.262645914398	0.201538995712
0.277237354086	0.201421088907
0.291828793775	0.201296805624
0.306420233464	0.201166145357
0.321011673153	0.201029107568
0.335603112841	0.200885691691
0.35019455253	0.200735897129
0.364785992219	0.200579723257
0.379377431907	0.200417169415
0.393968871596	0.200248234913
0.408560311285	0.200072919029
0.423151750974	0.199891221005
0.437743190662	0.199703140052
0.452334630351	0.199508675344
0.46692607004	0.199307826022
0.481517509729	0.199100591188
0.496108949417	0.198886969908
0.510700389106	0.198666961211
0.525291828795	0.198440564084
0.539883268483	0.198207777477
0.554474708172	0.197968600296
0.569066147861	0.197723031408
0.58365758755	0.197471069633
0.598249027238	0.197212713749
0.612840466927	0.196947962489
0.627431906616	0.196676814536
0.642023346304	0.196399268526
0.656614785993	0.196115323046
0.671206225682	0.19582497663
0.685797665371	0.195528227762
0.700389105059	0.195225074869
0.714980544748	0.194915516322
0.729571984437	0.194599550437
0.744163424125	0.194277175467
0.758754863814	0.193948389606
0.773346303503	0.193613190984
0.787937743192	0.193271577665
0.80252918288	0.192923547648
0.817120622569	0.192569098859
0.831712062258	0.192208229155
0.846303501946	0.191840936318
0.860894941635	0.191467218052
0.875486381324	0.191087071985
0.890077821013	0.190700495662
0.904669260701	0.190307486541
0.91926070039	0.189908041998
0.933852140079	0.189502159315
0.948443579767	0.189089835682
0.963035019456	0.188671068193
0.977626459145	0.188245853844
0.992217898834	0.187814189525
1.00680933852	0.187376072024
1.02140077821	0.186931498016
1.0359922179	0.186480464065
1.05058365759	0.186022966616
1.06517509728	0.185559001994
1.07976653697	0.185088566399
1.09435797665	0.184611655901
1.10894941634	0.184128266438
1.12354085603	0.183638393808
1.13813229572	0.183142033669
1.15272373541	0.182639181529
1.1673151751	0.182129832747
1.18190661479	0.181613982524
1.19649805448	0.181091625897
1.21108949416	0.18056275774
1.22568093385	0.180027372751
1.24027237354	0.179485465454
1.25486381323	0.178937030185
1.26945525292	0.178382061095
1.28404669261	0.177820552139
1.2986381323	0.177252497071
1.31322957199	0.176677889439
1.32782101167	0.176096722578
1.34241245136	0.175508989606
1.35700389105	0.174914683415
1.37159533074	0.174313796664
1.38618677043	0.173706321779
1.40077821012	0.173092250937
1.41536964981	0.17247157607
1.4299610895	0.17184428885
1.44455252918	0.171210380689
1.45914396887	0.170569842727
1.47373540856	0.169922665831
1.48832684825	0.169268840585
1.50291828794	0.168608357288
1.51750972763	0.167941205944
1.53210116732	0.167267376258
1.546692607	0.16658685763
1.56128404669	0.165899639153
1.57587548638	0.165205709603
1.59046692607	0.164505057437
1.60505836576	0.163797670791
1.61964980545	0.163083537472
1.63424124514	0.162362644958
1.64883268483	0.161634980392
1.66342412451	0.160900530586
1.6780155642	0.160159282012
1.69260700389	0.15941122081
1.70719844358	0.158656332779
1.72178988327	0.157894603387
1.73638132296	0.157126017768
1.75097276265	0.156350560728
1.76556420234	0.155568216748
1.78015564202	0.154778969992
1.79474708171	0.153982804315
1.8093385214	0.153179703268
1.82392996109	0.152369650116
1.83852140078	0.151552627845
1.85311284047	0.15072861918
1.86770428016	0.149897606601
1.88229571985	0.149059572362
1.89688715953	0.148214498517
1.91147859922	0.14736236694
1.92607003891	0.146503159352
1.9406614786	0.14563685736
1.95525291829	0.144763442481
1.96984435798	0.143882896185
1.98443579767	0.142995199936
1.99902723736	0.142100335238
2.01361867704	0.141198283682
2.02821011673	0.140289027002
2.04280155642	0.139372547132
2.05739299611	0.138448826273
2.0719844358	0.137517846961
2.08657587549	0.136579592138
2.10116731518	0.135634045236
2.11575875486	0.134681190264
2.13035019455	0.133721011897
2.14494163424	0.132753495582
2.15953307393	0.131778627636
2.17412451362	0.130796395368
2.18871595331	0.129806787195
2.203307393	0.128809792775
2.21789883269	0.127805403139
2.23249027237	0.126793610846
2.24708171206	0.125774410128
2.26167315175	0.12474779706
2.27626459144	0.123713769731
2.29085603113	0.122672328425
2.30544747082	0.121623475816
2.32003891051	0.12056721717
2.3346303502	0.119503560553
2.34922178988	0.118432517058
2.36381322957	0.117354101038
2.37840466926	0.116268330346
2.39299610895	0.115175226592
2.40758754864	0.114074815407
2.42217898833	0.112967126717
2.43677042802	0.11185219503
2.45136186771	0.110730059731
2.46595330739	0.109600765387
2.48054474708	0.108464362066
2.49513618677	0.107320905658
2.50972762646	0.106170458213
2.52431906615	0.105013088282
2.53891050584	0.103848871268
2.55350194553	0.102677889786
2.56809338522	0.101500234024
2.5826848249	0.100316002117
2.59727626459	0.0991253005224
2.61186770428	0.0979282443951
2.62645914397	0.0967249579722
2.64105058366	0.0955155749544
2.65564202335	0.0943002388877
2.67023346304	0.0930791035436
2.68482490272	0.0918523332964
2.69941634241	0.0906201034939
2.7140077821	0.0893826008219
2.72859922179	0.0881400236586
2.74319066148	0.0868925824185
2.75778210117	0.0856404998816
2.77237354086	0.0843840115071
2.78696498055	0.0831233657285
2.80155642023	0.081858824227
2.81614785992	0.0805906621818
2.83073929961	0.079319168493
2.8453307393	0.0780446459761
2.85992217899	0.0767674115228
2.87451361868	0.0754877962283
2.88910505837	0.0742061454791
2.90369649806	0.0729228190005
2.91828793774	0.0716381908603
2.93287937743	0.0703526494254
2.94747081712	0.0690665972691
2.96206225681	0.0677804510268
2.9766536965	0.066494641196
2.99124513619	0.06520961188
3.00583657588	0.0639258204724
3.02042801557	0.0626437372798
3.03501945525	0.0613638450821
3.04961089494	0.0600866386284
3.06420233463	0.0588126240665
3.07879377432	0.0575423183069
3.09338521401	0.0562762483194
3.1079766537	0.0550149503631
3.12256809339	0.0537589691492
3.13715953307	0.0525088569387
3.15175097276	0.0512651725748
3.16634241245	0.0500284804526
3.18093385214	0.0487993494288
3.19552529183	0.0475783516722
3.21011673152	0.0463660614604
3.22470817121	0.0451630539252
3.2392996109	0.0439699037511
3.25389105058	0.0427871838317
3.26848249027	0.0416154638891
3.28307392996	0.0404553090628
3.29766536965	0.0393072784722
3.31225680934	0.0381719237618
3.32684824903	0.0370497876336
3.34143968872	0.0359414023752
3.35603112841	0.0348472883911
3.37062256809	0.033767952744
3.38521400778	0.0327038877147
3.39980544747	0.0316555693879
3.41439688716	0.0306234562732
3.42898832685	0.0296079879667
3.44357976654	0.0286095838641
3.45817120623	0.0276286419306
3.47276264592	0.0266655375358
3.4873540856	0.0257206223618
3.50194552529	0.0247942233886
3.51653696498	0.0238866419664
3.53112840467	0.0229981529778
3.54571984436	0.0221290040966
3.56031128405	0.0212794151479
3.57490272374	0.020449577572
3.58949416343	0.0196396539975
3.60408560311	0.0188497779246
3.6186770428	0.0180800535203
3.63326848249	0.017330555528
3.64785992218	0.0166013292896
3.66245136187	0.0158923908818
3.67704280156	0.0152037273626
3.69163424125	0.014535297129
3.70622568093	0.0138870303799
3.72081712062	0.0132588296829
3.73540856031	0.01265057064
3.75	0.0120621026471
3.76459143969	0.0114932497415
3.77918287938	0.0109438115335
3.79377431907	0.0104135642124
3.80836575876	0.00990226162316
3.82295719844	0.00940963640459
3.83754863813	0.00893540118281
3.85214007782	0.00847924981152
3.86673151751	0.00804085865212
3.8813229572	0.00761988788537
3.89591439689	0.00721598284722
3.91050583658	0.00682877538082
3.92509727627	0.00645788519751
3.93968871595	0.00610292123917
3.95428015564	0.00576348303504
3.96887159533	0.0054391620462
3.98346303502	0.00512954299122
3.99805447471	0.00483420514704
4.0126459144	0.0045527236193
4.02723735409	0.00428467057717
4.04182879378	0.00402961644771
4.05642023346	0.00378713106567
4.07101167315	0.00355678477494
4.08560311284	0.00333814947842
4.10019455253	0.00313079963353
4.11478599222	0.00293431319101
4.12937743191	0.00274827247544
4.1439688716	0.00257226500589
4.15856031129	0.00240588425606
4.17315175097	0.00224873035327
4.18774319066	0.00210041071641
4.20233463035	0.00196054063318
4.21692607004	0.00182874377723
4.23151750973	0.00170465266627
4.24610894942	0.00158790906258
4.26070038911	0.00147816431736
4.27529182879	0.00137507966079
4.28988326848	0.00127832643993
4.30447470817	0.00118758630657
4.31906614786	0.00110255135741
4.33365758755	0.00102292422908
4.34824902724	0.0009484181506
4.36284046693	0.000878756955799
4.37743190662	0.000813675058564
4.3920233463	0.000752917393459
4.40661478599	0.000696239324512
4.42120622568	0.000643406524836
4.43579766537	0.000594194829726
4.45038910506	0.000548390065847
4.46498054475	0.000505787859028
4.47957198444	0.00046619342314
4.49416342413	0.0004294213324
4.50875486381	0.000395295279391
4.5233463035	0.000363647820956
4.53793774319	0.000334320114024
4.55252918288	0.000307161643304
4.56712062257	0.000282029942692
4.58171206226	0.000258790312067
4.59630350195	0.000237315531091
4.61089494164	0.000217485571467
4.62548638132	0.000199187309006
4.64007782101	0.000182314236741
4.6546692607	0.000166766180204
4.66926070039	0.000152449015877
4.68385214008	0.000139274393729
4.69844357977	0.000127159464627
4.71303501946	0.000116026613334
4.72762645915	0.000105803197714
4.74221789883	9.64212946473e-05
4.75680933852	8.7817453116e-05
4.77140077821	7.99324548194e-05
4.7859922179	7.27110826063e-05
4.80058365759	6.61018969559e-05
4.81517509728	6.00570206691e-05
4.82976653697	5.4531931877e-05
4.84435797665	4.94852654247e-05
4.85894941634	4.48786226374e-05
4.87354085603	4.06763894376e-05
4.88813229572	3.68455627419e-05
4.90272373541	3.33555850332e-05
4.9173151751	3.01781869765e-05
4.93190661479	2.72872379169e-05
4.94649805448	2.46586040799e-05
4.96108949416	2.22700142744e-05
4.97568093385	2.01009328809e-05
4.99027237354	1.81324398986e-05
5.00486381323	1.63471178105e-05
5.01945525292	1.47289450222e-05
5.03404669261	1.326319562e-05
5.0486381323	1.19363451948e-05
5.06322957199	1.07359824724e-05
5.07782101167	9.6507264947e-06
5.09241245136	8.6701490935e-06
5.10700389105	7.78470240486e-06
5.12159533074	6.98565117278e-06
5.13618677043	6.26500959749e-06
5.15077821012	5.61548248803e-06
5.16536964981	5.03041048549e-06
5.1799610895	4.50371912981e-06
5.19455252918	4.02987155021e-06
5.20914396887	3.60382456713e-06
5.22373540856	3.22098800109e-06
5.23832684825	2.87718699239e-06
5.25291828794	2.56862714323e-06
5.26750972763	2.29186230271e-06
5.28210116732	2.04376482282e-06
5.29669260701	1.82149812238e-06
5.31128404669	1.62249140342e-06
5.32587548638	1.4444163731e-06
5.34046692607	1.2851658316e-06
5.35505836576	1.14283399441e-06
5.36964980545	1.01569842487e-06
5.38424124514	9.02203459828e-07
5.39883268483	8.00945018534e-07
5.41342412451	7.10656691391e-07
5.4280155642	6.30197011784e-07
5.44260700389	5.58537820308e-07
5.45719844358	4.94753636647e-07
5.47178988327	4.38011959998e-07
5.48638132296	3.8756442427e-07
5.50097276265	3.42738739386e-07
5.51556420234	3.02931354814e-07
5.53015564202	2.67600786023e-07
5.54474708171	2.36261548839e-07
5.5593385214	2.08478650721e-07
5.57392996109	1.83862591784e-07
5.58852140078	1.62064831966e-07
5.60311284047	1.42773684067e-07
5.61770428016	1.25710595544e-07
5.63229571985	1.10626784827e-07
5.64688715953	9.73002006951e-08
5.66147859922	8.55327757656e-08
5.67607003891	7.51479475011e-08
5.6906614786	6.59884223666e-08
5.70525291829	5.79141607783e-08
5.71984435798	5.08005623848e-08
5.73443579767	4.45368329633e-08
5.74902723736	3.90245158249e-08
5.76361867704	3.41761721201e-08
5.77821011673	2.99141957998e-08
5.79280155642	2.61697502556e-08
5.80739299611	2.28818148274e-08
5.8219844358	1.99963304314e-08
5.83657587549	1.74654345463e-08
5.85116731518	1.52467766926e-08
5.86575875487	1.33029063608e-08
5.88035019455	1.16007261051e-08
5.89494163424	1.01110031993e-08
5.90953307393	8.80793388609e-09
5.92412451362	7.66875482008e-09
5.93871595331	6.67339683147e-09
5.953307393	5.80417660866e-09
5.96789883269	5.04552233374e-09
5.98249027237	4.38372969444e-09
5.99708171206	3.80674505675e-09
6.01167315175	3.30397290151e-09
6.02626459144	2.86610492429e-09
6.04085603113	2.48496846112e-09
6.05544747082	2.15339214355e-09
6.07003891051	1.8650869025e-09
6.0846303502	1.61454063658e-09
6.09922178988	1.39692503562e-09
6.11381322957	1.20801321127e-09
6.12840466926	1.04410692734e-09
6.14299610895	9.01972352993e-10
6.15758754864	7.78783376647e-10
6.17217898833	6.72071623025e-10
6.18677042802	5.79682408547e-10
6.20136186771	4.99735954479e-10
6.21595330739	4.3059325136e-10
6.23054474708	3.70826036333e-10
6.24513618677	3.19190404147e-10
6.25972762646	2.74603626654e-10
6.27431906615	2.36123803362e-10
6.28891050584	2.0293200845e-10
6.30350194553	1.74316637684e-10
6.31809338522	1.49659692673e-10
6.3326848249	1.2842476992e-10
6.34727626459	1.10146549543e-10
6.36186770428	9.44216018036e-11
6.37645914397	8.09003512763e-11
6.39105058366	6.92800570861e-11
6.40564202335	5.92986845307e-11
6.42023346304	5.0729558114e-11
6.43482490272	4.3376699209e-11
6.44941634241	3.70707630233e-11
6.4640077821	3.16655001377e-11
6.47859922179	2.70346766049e-11
6.49319066148	2.30693948392e-11
6.50778210117	1.96757645203e-11
6.52237354086	1.6772878993e-11
6.53696498055	1.42910581236e-11
6.55155642023	1.2170323466e-11
6.56614785992	1.03590757352e-11
6.58073929961	8.81294850864e-12
6.5953307393	7.49381519827e-12
6.60992217899	6.36892932798e-12
6.62451361868	5.41018064567e-12
6.63910505837	4.59345185149e-12
6.65369649806	3.89806264203e-12
6.66828793774	3.3062895153e-12
6.68287937743	2.802951229e-12
6.69747081712	2.37505117349e-12
6.71206225681	2.01146899564e-12
6.7266536965	1.70269486379e-12
6.74124513619	1.44060059553e-12
6.75583657588	1.2182426578e-12
6.77042801557	1.02969269089e-12
6.78501945525	8.69891802427e-13
6.79961089494	7.34525352856e-13
6.81420233463	6.19915434241e-13
6.82879377432	5.22928576738e-13
6.84338521401	4.40896579027e-13
6.8579766537	3.71548632818e-13
6.87256809339	3.12953165014e-13
6.88715953308	2.63468030801e-13
6.90175097276	2.21697888298e-13
6.91634241245	1.86457730438e-13
6.93093385214	1.56741713255e-13
6.94552529183	1.3169651849e-13
6.96011673152	1.1059860712e-13
6.97470817121	9.28348044869e-14
6.9892996109	7.78857399753e-14
7.00389105058	6.53117275934e-14
7.01848249027	5.47407369469e-14
7.03307392996	4.58581464203e-14
7.04766536965	3.83980248473e-14
7.06225680934	3.21357135716e-14
7.07684824903	2.68815201861e-14
7.09143968872	2.24753598781e-14
7.10603112841	1.87822049188e-14
7.12062256809	1.56882217452e-14
7.13521400778	1.30974947498e-14
7.14980544747	1.09292472014e-14
7.16439688716	9.11548755401e-15
7.17898832685	7.5990154603e-15
7.19357976654	6.33173399217e-15
7.20817120623	5.27322166611e-15
7.22276264592	4.38952536491e-15
7.2373540856	3.65213977706e-15
7.25194552529	3.03714587811e-15
7.26653696498	2.5244831092e-15
7.28112840467	2.09733583089e-15
7.29571984436	1.74161557164e-15
7.31031128405	1.44552488266e-15
7.32490272374	1.19918977666e-15
7.33949416343	9.94350436417e-16
7.35408560311	8.24100807018e-16
7.3686770428	6.82669813487e-16
7.38326848249	5.65237116053e-16
7.39785992218	4.67778651302e-16
7.41245136187	3.86936773934e-16
7.42704280156	3.19911352599e-16
7.44163424125	2.64368353115e-16
7.45622568094	2.18363291073e-16
7.47081712062	1.80276974247e-16
7.48540856031	1.48761875814e-16
7.5	1.22696899483e-16
7.51459143969	1.01149729029e-16
7.52918287938	8.33462842812e-17
7.54377431907	6.86433815534e-17
7.55836575876	5.65069627365e-17
7.57295719844	4.64939355667e-17
7.58754863813	3.82368184037e-17
7.60214007782	3.14310244226e-17
7.61673151751	2.58241900967e-17
7.6313229572	2.12073512022e-17
7.64591439689	1.74075553641e-17
7.66050583658	1.42817340852e-17
7.67509727627	1.17115915749e-17
7.68968871595	9.59937294155e-18
7.70428015564	7.86433019139e-18
7.71887159533	6.43980834428e-18
7.73346303502	5.27079922007e-18
7.74805447471	4.31193795093e-18
7.7626459144	3.52582851159e-18
7.77723735409	2.88165844567e-18
7.79182879378	2.35405403559e-18
7.80642023346	1.92213259871e-18
7.82101167315	1.56871090523e-18
7.83560311284	1.27966394607e-18
7.85019455253	1.04337977209e-18
7.86478599222	8.50320580339e-19
7.87937743191	6.92654629653e-19
7.8939688716	5.63955400349e-19
7.90856031129	4.58951141152e-19
7.92315175097	3.73320700601e-19
7.93774319066	3.03523027134e-19
7.95233463035	2.46658512827e-19
7.96692607004	2.0035263671e-19
7.98151750973	1.62663115866e-19
7.99610894942	1.32001299668e-19
8.01070038911	1.07068795053e-19
8.0252918288	8.68045520082e-20
8.03988326848	7.03424032504e-20
8.05447470817	5.69752076474e-20
8.06906614786	4.6126700298e-20
8.08365758755	3.73263401562e-20
8.09824902724	3.0190914832e-20
8.11284046693	2.44081636228e-20
8.12743190662	1.97238822775e-20
8.1420233463	1.59310714426e-20
8.15661478599	1.28615976166e-20
8.17120622568	1.03786096336e-20
8.18579766537	8.3711790872e-21
8.20038910506	6.74896152426e-21
8.21498054475	5.43864301765e-21
8.22957198444	4.38074408651e-21
8.24416342413	3.52704872419e-21
8.25875486381	2.83842161216e-21
8.2733463035	2.28322282591e-21
8.28793774319	1.83578941068e-21
8.30252918288	1.47540327576e-21
8.31712062257	1.18524352478e-21
8.33171206226	9.51740861394e-22
8.34630350195	7.63917118813e-22
8.36089494164	6.12898429737e-22
8.37548638132	4.91522611039e-22
8.39007782101	3.94017600073e-22
8.4046692607	3.15708510627e-22
8.41926070039	2.52876582256e-22
8.43385214008	2.02471516898e-22
8.44844357977	1.62056343527e-22
8.46303501946	1.29663039249e-22
8.47762645915	1.03710552453e-22
8.49221789883	8.29201208076e-23
8.50680933852	6.62775729686e-23
8.52140077821	5.29545078586e-23
8.5359922179	4.23013607634e-23
8.55058365759	3.37837595472e-23
8.56517509728	2.69754535342e-23
8.57976653697	2.15333134513e-23
8.59435797666	1.71864262569e-23
8.60894941634	1.37119630305e-23
8.62354085603	1.09373175111e-23
8.63813229572	8.72067909367e-24
8.65272373541	6.95418879042e-24
8.6673151751	5.54507411166e-24
8.68190661479	4.42233402301e-24
8.69649805448	3.52746774509e-24
8.71108949416	2.81420373014e-24
8.72568093385	2.2452531539e-24
8.74027237354	1.79156863586e-24
8.75486381323	1.42943106056e-24
8.76945525292	1.14156952825e-24
8.78404669261	9.12150334195e-25
8.7986381323	7.29540050261e-25
8.81322957199	5.83886947656e-25
8.82782101167	4.67696379341e-25
8.84241245136	3.74623496823e-25
8.85700389105	3.00409285943e-25
8.87159533074	2.40754423141e-25
8.88618677043	1.93406553292e-25
8.90077821012	1.55705471979e-25
8.91536964981	1.25703177188e-25
8.9299610895	1.01707255525e-25
8.94455252918	8.2502477933e-26
8.95914396887	6.70002414964e-26
8.97373540856	5.45454413874e-26
8.98832684825	4.43741247955e-26
9.00291828794	3.6340536871e-26
9.01750972763	2.98693464535e-26
9.03210116732	2.46854933269e-26
9.04669260701	2.04519840304e-26
9.06128404669	1.70089884312e-26
9.07587548638	1.41334816016e-26
9.09046692607	1.17731494701e-26
9.10505836576	9.74726964078e-27
9.11964980545	8.18544113077e-27
9.13424124514	6.90550020527e-27
9.14883268483	5.87937373004e-27
9.16342412452	5.01946720851e-27
9.1780155642	4.3195948298e-27
9.19260700389	3.70358322318e-27
9.20719844358	3.18714375772e-27
9.22178988327	2.71525530864e-27
9.23638132296	2.35613115651e-27
9.25097276265	2.05761475823e-27
9.26556420234	1.82659272747e-27
9.28015564202	1.62563552953e-27
9.29474708171	1.46271812789e-27
9.3093385214	1.31333248085e-27
9.32392996109	1.18155889819e-27
9.33852140078	1.04383815809e-27
9.35311284047	9.58190647384e-28
9.36770428016	8.82775149126e-28
9.38229571985	8.25064683167e-28
9.39688715953	7.69323521076e-28
9.41147859922	7.21744187599e-28
9.42607003891	6.66803493259e-28
9.4406614786	6.20659698048e-28
9.45525291829	5.65112684859e-28
9.46984435798	5.29726715379e-28
9.48443579767	5.04478900823e-28
9.49902723736	4.88811900554e-28
9.51361867704	4.67490225914e-28
9.52821011673	4.55844899801e-28
9.54280155642	4.39134799249e-28
9.55739299611	4.25570534181e-28
9.5719844358	4.02513688349e-28
9.58657587549	3.91533614866e-28
9.60116731518	3.8282591989e-28
9.61575875487	3.79846410311e-28
9.63035019455	3.72123872081e-28
9.64494163424	3.65280069936e-28
9.65953307393	3.54794720229e-28
9.67412451362	3.47817679925e-28
9.68871595331	3.33670738411e-28
9.703307393	3.25408422298e-28
9.71789883269	3.18333333216e-28
9.73249027237	3.11852037043e-28
9.74708171206	3.02973287364e-28
9.76167315175	2.91194013988e-28
9.77626459144	2.73500494922e-28
9.79085603113	2.60520288458e-28
9.80544747082	2.46213007869e-28
9.82003891051	2.37010752914e-28
9.8346303502	2.30095434446e-28
9.84922178988	2.2611993283e-28
9.86381322957	2.22261951373e-28
9.87840466926	2.20373642316e-28
9.89299610895	2.18324300341e-28
9.90758754864	2.18351692406e-28
9.92217898833	2.24737931588e-28
9.93677042802	2.28360539413e-28
9.95136186771	2.26384890836e-28
9.96595330739	2.24209326664e-28
9.98054474708	2.20802650097e-28
9.99513618677	2.17097898668e-28
10.0097276265	2.13532441473e-28
10.0243190661	2.15209849487e-28
10.0389105058	2.21107112428e-28
10.0535019455	2.24013096181e-28
10.0680933852	2.2367315618e-28
10.0826848249	2.2189824438e-28
10.0972762646	2.21245026379e-28
10.1118677043	2.18441732322e-28
10.126459144	2.17768835319e-28
10.1410505837	2.22463813085e-28
10.1556420233	2.34691197827e-28
10.170233463	2.39515770681e-28
10.1848249027	2.42850375801e-28
10.1994163424	2.39579628887e-28
10.2140077821	2.36521872482e-28
10.2285992218	2.35546330385e-28
10.2431906615	2.39669490988e-28
10.2577821012	2.4834114957e-28
10.2723735409	2.64078578263e-28
10.2869649805	2.67609957256e-28
10.3015564202	2.68049937392e-28
10.3161478599	2.64403055756e-28
10.3307392996	2.58553453024e-28
10.3453307393	2.50275509145e-28
10.359922179	2.46676570077e-28
10.3745136187	2.45813909071e-28
10.3891050584	2.54493696589e-28
10.4036964981	2.54326126986e-28
10.4182879377	2.52332554157e-28
10.4328793774	2.48678123557e-28
10.4474708171	2.44480024301e-28
10.4620622568	2.37940850555e-28
10.4766536965	2.3586554047e-28
10.4912451362	2.39760229301e-28
10.5058365759	2.55947327739e-28
10.5204280156	2.57484178148e-28
10.5350194553	2.54414133832e-28
10.5496108949	2.46754587943e-28
10.5642023346	2.41235900542e-28
10.5787937743	2.34085623119e-28
10.593385214	2.31322519499e-28
10.6079766537	2.33426226107e-28
10.6225680934	2.47631337568e-28
10.6371595331	2.44738593391e-28
10.6517509728	2.38603123343e-28
10.6663424125	2.29393283673e-28
10.6809338521	2.21000902243e-28
10.6955252918	2.11026913894e-28
10.7101167315	2.07388751624e-28
10.7247081712	2.07539387798e-28
10.7392996109	2.16387298659e-28
10.7538910506	2.14342555668e-28
10.7684824903	2.12010890458e-28
10.78307393	2.09626998986e-28
10.7976653697	2.12263361106e-28
10.8122568093	2.09227366367e-28
10.826848249	2.07926622811e-28
10.8414396887	2.12198340746e-28
10.8560311284	2.24621106566e-28
10.8706225681	2.25043236437e-28
10.8852140078	2.22289954523e-28
10.8998054475	2.17093857629e-28
10.9143968872	2.17583787127e-28
10.9289883268	2.17228456864e-28
10.9435797665	2.19017781533e-28
10.9581712062	2.23844178984e-28
10.9727626459	2.42086725968e-28
10.9873540856	2.51451577116e-28
11.0019455253	2.59356243713e-28
11.016536965	2.75606446252e-28
11.0311284047	3.00977743378e-28
11.0457198444	3.39649904766e-28
11.060311284	3.9692983718e-28
11.0749027237	4.72449311189e-28
11.0894941634	5.7776365834e-28
11.1040856031	7.11091745781e-28
11.1186770428	8.93050539546e-28
11.1332684825	1.13656915786e-27
11.1478599222	1.46223228897e-27
11.1624513619	1.90186201637e-27
11.1770428016	2.50087040925e-27
11.1916342412	3.30710356951e-27
11.2062256809	4.41785679379e-27
11.2208171206	5.84623062168e-27
11.2354085603	7.90030958165e-27
11.25	9.80441422989e-27
11.2645914397	7.9833443378e-27
11.2791828794	5.99949264449e-27
11.2937743191	4.62052045628e-27
11.3083657588	3.54781572849e-27
11.3229571984	2.73465848118e-27
11.3375486381	2.14396953989e-27
11.3521400778	1.70793903586e-27
11.3667315175	1.38656391232e-27
11.3813229572	1.14444542755e-27
11.3959143969	9.76463551653e-28
11.4105058366	8.55038291063e-28
11.4250972763	7.70477976699e-28
11.439688716	6.98492048326e-28
11.4542801556	6.52555569909e-28
11.4688715953	6.2084054264e-28
11.483463035	6.02111601907e-28
11.4980544747	5.79498011197e-28
11.5126459144	5.75686297412e-28
11.5272373541	5.6156681721e-28
11.5418287938	5.51222920643e-28
11.5564202335	5.3671317026e-28
11.5710116732	5.32568091958e-28
11.5856031128	5.24892773657e-28
11.6001945525	5.2429380097e-28
11.6147859922	5.19531493597e-28
11.6293774319	5.18301200119e-28
11.6439688716	5.05821689833e-28
11.6585603113	4.90305932552e-28
11.673151751	4.53922681698e-28
11.6877431907	4.40553477911e-28
11.7023346304	4.30847465354e-28
11.71692607	4.2711782936e-28
11.7315175097	4.22263392123e-28
11.7461089494	4.29107904195e-28
11.7607003891	4.37528777804e-28
11.7752918288	4.51778004968e-28
11.7898832685	4.58444588506e-28
11.8044747082	4.76241450755e-28
11.8190661479	4.98862183927e-28
11.8336575876	5.20924764148e-28
11.8482490272	5.41711419986e-28
11.8628404669	5.75478694805e-28
11.8774319066	6.08047936277e-28
11.8920233463	6.34354375914e-28
11.906614786	6.57375855675e-28
11.9212062257	6.80338699272e-28
11.9357976654	6.92393967559e-28
11.9503891051	7.0569448348e-28
11.9649805447	7.0186895873e-28
11.9795719844	7.00305501989e-28
11.9941634241	6.91996110607e-28
12.0087548638	6.8091724381e-28
12.0233463035	6.54451829281e-28
12.0379377432	6.47105968213e-28
12.0525291829	6.38775905997e-28
12.0671206226	6.30977644705e-28
12.0817120623	6.23239144029e-28
12.0963035019	6.26475442121e-28
12.1108949416	6.29000031934e-28
12.1254863813	6.47285825818e-28
12.140077821	6.64650046507e-28
12.1546692607	6.80194032385e-28
12.1692607004	6.93849716453e-28
12.1838521401	7.04137032899e-28
12.1984435798	7.07339659862e-28
12.2130350195	7.16024853527e-28
12.2276264591	7.21719577138e-28
12.2422178988	7.32298335732e-28
12.2568093385	7.44826506301e-28
12.2714007782	7.62110828282e-28
12.2859922179	7.74565927442e-28
12.3005836576	7.93823625993e-28
12.3151750973	7.98899138682e-28
12.329766537	8.11037507898e-28
12.3443579767	8.22402146666e-28
12.3589494163	8.33497864496e-28
12.373540856	8.45940097727e-28
12.3881322957	8.64202721143e-28
12.4027237354	8.79932041097e-28
12.4173151751	8.9023786278e-28
12.4319066148	8.92200947475e-28
12.4464980545	9.02966503617e-28
12.4610894942	9.19271496532e-28
12.4756809339	9.50907314448e-28
12.4902723735	9.83136942379e-28
12.5048638132	1.01084814774e-27
12.5194552529	1.0330202917e-27
12.5340466926	1.04611836953e-27
12.5486381323	1.04629986282e-27
12.563229572	1.05171828298e-27
12.5778210117	1.05290447943e-27
12.5924124514	1.04778529423e-27
12.6070038911	1.04329918858e-27
12.6215953307	1.03400802762e-27
12.6361867704	1.0245268204e-27
12.6507782101	1.01304356539e-27
12.6653696498	1.0003498708e-27
12.6799610895	1.00287022478e-27
12.6945525292	1.01436422667e-27
12.7091439689	1.03995688721e-27
12.7237354086	1.08055380799e-27
12.7383268483	1.11200837802e-27
12.7529182879	1.12427451762e-27
12.7675097276	1.12459969852e-27
12.7821011673	1.12660623677e-27
12.796692607	1.12740984657e-27
12.8112840467	1.13708708608e-27
12.8258754864	1.16193175584e-27
12.8404669261	1.19554109973e-27
12.8550583658	1.21031417157e-27
12.8696498054	1.22305250676e-27
12.8842412451	1.21740805736e-27
12.8988326848	1.20447723338e-27
12.9134241245	1.2049967236e-27
12.9280155642	1.20853810463e-27
12.9426070039	1.21806212183e-27
12.9571984436	1.229254224e-27
12.9717898833	1.22571868047e-27
12.986381323	1.21736452893e-27
13.0009727626	1.19761505214e-27
13.0155642023	1.17769441082e-27
13.030155642	1.1639129709e-27
13.0447470817	1.15614728791e-27
13.0593385214	1.1592820244e-27
13.0739299611	1.18350329624e-27
13.0885214008	1.19173749546e-27
13.1031128405	1.18589441382e-27
13.1177042802	1.17196534943e-27
13.1322957198	1.15676899729e-27
13.1468871595	1.14206514842e-27
13.1614785992	1.14183428193e-27
13.1760700389	1.15410274707e-27
13.1906614786	1.18511345453e-27
13.2052529183	1.18551671246e-27
13.219844358	1.18520928758e-27
13.2344357977	1.1686331605e-27
13.2490272374	1.14484047277e-27
13.263618677	1.1321478166e-27
13.2782101167	1.12893707292e-27
13.2928015564	1.12356054333e-27
13.3073929961	1.1410302892e-27
13.3219844358	1.14639335529e-27
13.3365758755	1.14469351321e-27
13.3511673152	1.12286267021e-27
13.3657587549	1.10497979935e-27
13.3803501946	1.08750314902e-27
13.3949416342	1.08086170128e-27
13.4095330739	1.08902884051e-27
13.4241245136	1.12180255973e-27
13.4387159533	1.12700709838e-27
13.453307393	1.13189702114e-27
13.4678988327	1.12500902659e-27
13.4824902724	1.11524070614e-27
13.4970817121	1.09648943988e-27
13.5116731518	1.09710522862e-27
13.5262645914	1.10652785321e-27
13.5408560311	1.13696787829e-27
13.5554474708	1.15109696249e-27
13.5700389105	1.16227944935e-27
13.5846303502	1.15243079945e-27
13.5992217899	1.13825328695e-27
13.6138132296	1.1296685065e-27
13.6284046693	1.13660329778e-27
13.642996109	1.14142578906e-27
13.6575875486	1.18718451998e-27
13.6721789883	1.20244543779e-27
13.686770428	1.20630169142e-27
13.7013618677	1.20375127872e-27
13.7159533074	1.20738587573e-27
13.7305447471	1.20371040341e-27
13.7451361868	1.20556474068e-27
13.7597276265	1.21588980204e-27
13.7743190661	1.2543680935e-27
13.7889105058	1.25646586585e-27
13.8035019455	1.25947889933e-27
13.8180933852	1.24173310574e-27
13.8326848249	1.22458742418e-27
13.8472762646	1.21376841313e-27
13.8618677043	1.22150004568e-27
13.876459144	1.22447258168e-27
13.8910505837	1.25079401281e-27
13.9056420233	1.25170215084e-27
13.920233463	1.25162884841e-27
13.9348249027	1.23080890795e-27
13.9494163424	1.22242433912e-27
13.9640077821	1.21468840311e-27
13.9785992218	1.21907659059e-27
13.9931906615	1.21953314035e-27
14.0077821012	1.25925479183e-27
14.0223735409	1.26289622179e-27
14.0369649805	1.25335683901e-27
14.0515564202	1.23308306166e-27
14.0661478599	1.22080404322e-27
14.0807392996	1.19824787478e-27
14.0953307393	1.20067828862e-27
14.109922179	1.21033871996e-27
14.1245136187	1.24943973181e-27
14.1391050584	1.24573155521e-27
14.1536964981	1.24112358234e-27
14.1682879377	1.22008303883e-27
14.1828793774	1.20171188248e-27
14.1974708171	1.18060969907e-27
14.2120622568	1.17735153613e-27
14.2266536965	1.17298619073e-27
14.2412451362	1.21114113029e-27
14.2558365759	1.22138463209e-27
14.2704280156	1.22454066126e-27
14.2850194553	1.20085519284e-27
14.2996108949	1.19299940054e-27
14.3142023346	1.1782431413e-27
14.3287937743	1.17473109231e-27
14.343385214	1.17825369717e-27
14.3579766537	1.22193465727e-27
14.3725680934	1.22586090712e-27
14.3871595331	1.21380947083e-27
14.4017509728	1.18955177142e-27
14.4163424125	1.17677848092e-27
14.4309338521	1.14916182366e-27
14.4455252918	1.14238679847e-27
14.4601167315	1.13920340715e-27
14.4747081712	1.16677643931e-27
14.4892996109	1.16756467016e-27
14.5038910506	1.17223943855e-27
14.5184824903	1.15663245278e-27
14.53307393	1.14639896209e-27
14.5476653697	1.13360071991e-27
14.5622568093	1.13020038083e-27
14.576848249	1.12149198021e-27
14.5914396887	1.15909912609e-27
14.6060311284	1.1618505078e-27
14.6206225681	1.15964172819e-27
14.6352140078	1.12874893982e-27
14.6498054475	1.11085290943e-27
14.6643968872	1.08575313074e-27
14.6789883268	1.06725398502e-27
14.6935797665	1.0498396696e-27
14.7081712062	1.06529006669e-27
14.7227626459	1.04778466327e-27
14.7373540856	1.03430075484e-27
14.7519455253	1.0044094089e-27
14.766536965	9.85476170842e-28
14.7811284047	9.45071683829e-28
14.7957198444	9.21616669239e-28
14.810311284	8.93767846415e-28
14.8249027237	8.81203682532e-28
14.8394941634	8.40224235032e-28
14.8540856031	7.95917129478e-28
14.8686770428	7.36304471621e-28
14.8832684825	6.95166410218e-28
14.8978599222	6.60957591465e-28
14.9124513619	6.511170256e-28
14.9270428016	6.71440066364e-28
14.9416342412	7.78187539164e-28
14.9562256809	9.78278274428e-28
14.9708171206	1.32511182883e-27
14.9854085603	2.00605953465e-27
15.0	2.75184304079e-27
