-14.9854085603	2.09619391764e-27
-14.9708171206	1.24137542523e-27
-14.9562256809	7.52535649139e-28
-14.9416342412	4.36669683259e-28
-14.9270428016	2.61401980701e-28
-14.9124513619	1.57402901542e-28
-14.8978599222	1.08474139181e-28
-14.8832684825	8.45042329754e-29
-14.8686770428	8.31311024261e-29
-14.8540856031	8.77685021965e-29
-14.8394941634	9.84891995569e-29
-14.8249027237	1.00418844794e-28
-14.810311284	1.12987170861e-28
-14.7957198444	1.24600641891e-28
-14.7811284047	1.40415489734e-28
-14.766536965	1.51804017712e-28
-14.7519455253	1.63772533189e-28
-14.7373540856	1.70759594761e-28
-14.7227626459	1.73829931255e-28
-14.7081712062	1.61980236628e-28
-14.6935797665	1.64984310114e-28
-14.6789883268	1.69105500976e-28
-14.6643968872	1.77768909844e-28
-14.6498054475	1.82907491914e-28
-14.6352140078	1.93271230212e-28
-14.6206225681	1.94783195288e-28
-14.6060311284	1.93606757937e-28
-14.5914396887	1.79964247908e-28
-14.576848249	1.78546658103e-28
-14.5622568093	1.79663875918e-28
-14.5476653696	1.88277098684e-28
-14.53307393	1.91467082367e-28
-14.5184824903	1.98954573742e-28
-14.5038910506	2.00327584496e-28
-14.4892996109	2.02146002772e-28
-14.4747081712	1.88308214494e-28
-14.4601167315	1.86127885628e-28
-14.4455252918	1.86074158957e-28
-14.4309338521	1.93438184206e-28
-14.4163424125	1.95839808405e-28
-14.4017509728	2.01430117011e-28
-14.3871595331	2.00688538754e-28
-14.3725680934	1.99585200472e-28
-14.3579766537	1.81722703359e-28
-14.343385214	1.78163710874e-28
-14.3287937743	1.77897383755e-28
-14.3142023346	1.83914911258e-28
-14.2996108949	1.86014356154e-28
-14.2850194553	1.93687652745e-28
-14.2704280156	1.94093808256e-28
-14.2558365759	1.92403277623e-28
-14.2412451362	1.76342398589e-28
-14.2266536965	1.7370962804e-28
-14.2120622568	1.70407301444e-28
-14.1974708171	1.76085275997e-28
-14.1828793774	1.77621121998e-28
-14.1682879377	1.83819872479e-28
-14.1536964981	1.8337194911e-28
-14.1391050584	1.81365124795e-28
-14.1245136187	1.64100768035e-28
-14.109922179	1.61904201579e-28
-14.0953307393	1.60520983955e-28
-14.0807392996	1.66595511824e-28
-14.0661478599	1.68606813815e-28
-14.0515564202	1.74664692752e-28
-14.0369649805	1.73280368257e-28
-14.0223735409	1.70632044749e-28
-14.0077821012	1.51834951382e-28
-13.9931906615	1.47852148249e-28
-13.9785992218	1.44187002257e-28
-13.9640077821	1.47544337953e-28
-13.9494163424	1.472381508e-28
-13.9348249027	1.51882006939e-28
-13.920233463	1.5018426216e-28
-13.9056420233	1.47639136443e-28
-13.8910505837	1.32714192741e-28
-13.876459144	1.30681383892e-28
-13.8618677043	1.29660710193e-28
-13.8472762646	1.35072534506e-28
-13.8326848249	1.35490815826e-28
-13.8180933852	1.41065462592e-28
-13.8035019455	1.42589872381e-28
-13.7889105058	1.41906296574e-28
-13.7743190661	1.30886691177e-28
-13.7597276265	1.30404662577e-28
-13.7451361868	1.30654316973e-28
-13.7305447471	1.36406223298e-28
-13.7159533074	1.36853542941e-28
-13.7013618677	1.413681897e-28
-13.686770428	1.42614892175e-28
-13.6721789883	1.40162127528e-28
-13.6575875486	1.25195290893e-28
-13.6429961089	1.21934084719e-28
-13.6284046693	1.17140765497e-28
-13.6138132296	1.16992483068e-28
-13.5992217899	1.14654898265e-28
-13.5846303502	1.16630881942e-28
-13.5700389105	1.13143893791e-28
-13.5554474708	1.08100314547e-28
-13.5408560311	9.42116858131e-29
-13.5262645914	9.09778756421e-29
-13.5116731518	8.82147802125e-29
-13.4970817121	8.90847658925e-29
-13.4824902724	8.8384860056e-29
-13.4678988327	9.02942121862e-29
-13.453307393	8.9272399804e-29
-13.4387159533	8.77048395009e-29
-13.4241245136	7.85673563136e-29
-13.4095330739	7.71537054559e-29
-13.3949416342	7.57009411406e-29
-13.3803501946	7.84073142694e-29
-13.3657587549	7.89908439703e-29
-13.3511673152	8.3642763773e-29
-13.3365758755	8.57069980689e-29
-13.3219844358	8.69352248793e-29
-13.3073929961	8.33675167987e-29
-13.2928015564	8.52309926156e-29
-13.2782101167	8.68228337723e-29
-13.263618677	8.94632725591e-29
-13.2490272374	9.00762890137e-29
-13.2344357977	9.53672985808e-29
-13.219844358	9.82181270411e-29
-13.2052529183	1.01813303083e-28
-13.1906614786	1.03393992248e-28
-13.1760700389	1.07571095972e-28
-13.1614785992	1.12276420553e-28
-13.1468871595	1.16683896721e-28
-13.1322957198	1.17388417746e-28
-13.1177042802	1.20797913997e-28
-13.1031128405	1.22316280377e-28
-13.0885214008	1.20713210804e-28
-13.0739299611	1.16793458899e-28
-13.0593385214	1.16354187263e-28
-13.0447470817	1.16283729779e-28
-13.030155642	1.15962259005e-28
-13.0155642023	1.15812959093e-28
-13.0009727626	1.20360031431e-28
-12.986381323	1.23273118701e-28
-12.9717898833	1.27252673759e-28
-12.9571984436	1.30972287897e-28
-12.9426070039	1.35820477058e-28
-12.9280155642	1.41052509104e-28
-12.9134241245	1.43839162193e-28
-12.8988326848	1.45599763105e-28
-12.8842412451	1.52317339297e-28
-12.8696498054	1.60026483629e-28
-12.8550583658	1.68888401669e-28
-12.8404669261	1.84286676462e-28
-12.8258754864	1.97391581658e-28
-12.8112840467	2.04633611763e-28
-12.796692607	2.1012901509e-28
-12.7821011673	2.14365329301e-28
-12.7675097276	2.17815672213e-28
-12.7529182879	2.24155489269e-28
-12.7383268482	2.28497159267e-28
-12.7237354086	2.31763552923e-28
-12.7091439689	2.31488099376e-28
-12.6945525292	2.31926348272e-28
-12.6799610895	2.31267811837e-28
-12.6653696498	2.30385383963e-28
-12.6507782101	2.32130241572e-28
-12.6361867704	2.37230165467e-28
-12.6215953307	2.43587243429e-28
-12.6070038911	2.55333867394e-28
-12.5924124514	2.60515053324e-28
-12.5778210117	2.6460917673e-28
-12.563229572	2.63692404955e-28
-12.5486381323	2.63158670839e-28
-12.5340466926	2.68437365659e-28
-12.5194552529	2.77564911114e-28
-12.5048638132	2.9161354278e-28
-12.4902723735	3.19452046652e-28
-12.4756809339	3.38454398743e-28
-12.4610894942	3.52720187545e-28
-12.4464980545	3.56224543048e-28
-12.4319066148	3.59991778473e-28
-12.4173151751	3.61574285885e-28
-12.4027237354	3.67438331392e-28
-12.3881322957	3.69786901691e-28
-12.373540856	3.84967932202e-28
-12.3589494163	3.94466964408e-28
-12.3443579767	4.00207668728e-28
-12.329766537	3.97470889931e-28
-12.3151750973	3.9992413376e-28
-12.3005836576	4.02042528678e-28
-12.2859922179	4.08307125371e-28
-12.2714007782	4.21022407863e-28
-12.2568093385	4.50035454527e-28
-12.2422178988	4.66081116366e-28
-12.2276264591	4.78392323888e-28
-12.2130350195	4.77126052856e-28
-12.1984435798	4.78558803585e-28
-12.1838521401	4.78314933812e-28
-12.1692607004	4.82786742418e-28
-12.1546692607	4.89653378112e-28
-12.140077821	5.18288652996e-28
-12.1254863813	5.26336582192e-28
-12.1108949416	5.28717776183e-28
-12.0963035019	5.1848100128e-28
-12.0817120623	5.12897237294e-28
-12.0671206226	5.11982276245e-28
-12.0525291829	5.18348618735e-28
-12.0379377432	5.2744157869e-28
-12.0233463035	5.57062633909e-28
-12.0087548638	5.69917429879e-28
-11.9941634241	5.80459464607e-28
-11.9795719844	5.81103254722e-28
-11.9649805447	5.85132582849e-28
-11.9503891051	5.87469387984e-28
-11.9357976654	6.01986982661e-28
-11.9212062257	6.26833358783e-28
-11.906614786	6.78035300289e-28
-11.8920233463	7.0231524794e-28
-11.8774319066	7.14777053986e-28
-11.8628404669	7.0455786271e-28
-11.8482490272	6.93619483194e-28
-11.8336575875	6.85010678101e-28
-11.8190661479	6.82734765105e-28
-11.8044747082	6.85931627128e-28
-11.7898832685	7.13833855573e-28
-11.7752918288	7.16377842162e-28
-11.7607003891	7.11674401751e-28
-11.7461089494	6.94054815277e-28
-11.7315175097	6.85198070904e-28
-11.71692607	6.7833846588e-28
-11.7023346304	6.84491469287e-28
-11.6877431907	6.87808030155e-28
-11.673151751	7.16439291602e-28
-11.6585603113	7.24968311684e-28
-11.6439688716	7.23364099264e-28
-11.6293774319	7.02922237061e-28
-11.6147859922	6.88453508637e-28
-11.6001945525	6.75370518594e-28
-11.5856031128	6.81032184415e-28
-11.5710116732	6.92227633695e-28
-11.5564202335	7.28572715089e-28
-11.5418287938	7.27225142009e-28
-11.5272373541	7.22521427799e-28
-11.5126459144	7.02057933046e-28
-11.4980544747	6.83787285599e-28
-11.483463035	6.72285664377e-28
-11.4688715953	6.70932286287e-28
-11.4542801556	6.76729034712e-28
-11.439688716	7.16306757362e-28
-11.4250972763	7.31038146497e-28
-11.4105058366	7.48951420194e-28
-11.3959143969	7.76974257716e-28
-11.3813229572	8.44584453932e-28
-11.3667315175	9.64216192234e-28
-11.3521400778	1.15813210915e-27
-11.3375486381	1.43057321072e-27
-11.3229571984	1.84172829534e-27
-11.3083657588	2.40398004566e-27
-11.2937743191	3.20737499918e-27
-11.2791828794	4.28867474497e-27
-11.2645914397	5.93787970168e-27
-11.25	7.49227345604e-27
-11.2354085603	5.81957678285e-27
-11.2208171206	4.07952826798e-27
-11.2062256809	2.92066498069e-27
-11.1916342412	2.04953761175e-27
-11.1770428016	1.43371930337e-27
-11.1624513619	9.91022205971e-28
-11.1478599222	6.83403909155e-28
-11.1332684825	4.68150877285e-28
-11.1186770428	3.18562758759e-28
-11.1040856031	2.19602394827e-28
-11.0894941634	1.5091446763e-28
-11.0749027237	1.17897838147e-28
-11.060311284	1.04303193203e-28
-11.0457198444	1.06538049888e-28
-11.0311284047	1.16290809776e-28
-11.016536965	1.33907287928e-28
-11.0019455253	1.47378727635e-28
-10.9873540856	1.63628598146e-28
-10.9727626459	1.64776142072e-28
-10.9581712062	1.77316425695e-28
-10.9435797665	1.94952906489e-28
-10.9289883268	2.21489044832e-28
-10.9143968872	2.42484922558e-28
-10.8998054475	2.62645891183e-28
-10.8852140078	2.76434792284e-28
-10.8706225681	2.81319779222e-28
-10.8560311284	2.64422520679e-28
-10.8414396887	2.66766025749e-28
-10.826848249	2.73230460276e-28
-10.8122568093	2.89714987818e-28
-10.7976653696	3.04997325668e-28
-10.78307393	3.19379732704e-28
-10.7684824903	3.24082240447e-28
-10.7538910506	3.25571050184e-28
-10.7392996109	3.07488392724e-28
-10.7247081712	3.06955126263e-28
-10.7101167315	3.10038657559e-28
-10.6955252918	3.2477296317e-28
-10.6809338521	3.3583508383e-28
-10.6663424125	3.46651094866e-28
-10.6517509728	3.46141396198e-28
-10.6371595331	3.41243604122e-28
-10.6225680934	3.15505705658e-28
-10.6079766537	3.10050539622e-28
-10.593385214	3.0806161442e-28
-10.5787937743	3.21122956567e-28
-10.5642023346	3.30509318216e-28
-10.5496108949	3.44264321591e-28
-10.5350194553	3.50935920287e-28
-10.5204280156	3.53825752688e-28
-10.5058365759	3.37426853992e-28
-10.4912451362	3.3812348382e-28
-10.4766536965	3.40287250541e-28
-10.4620622568	3.50555437609e-28
-10.4474708171	3.56489576171e-28
-10.4328793774	3.62995303817e-28
-10.4182879377	3.5843139908e-28
-10.4036964981	3.48775396488e-28
-10.3891050584	3.14649663654e-28
-10.3745136187	3.01638490355e-28
-10.359922179	2.93883924417e-28
-10.3453307393	2.98769190942e-28
-10.3307392996	3.00950135131e-28
-10.3161478599	3.06427108839e-28
-10.3015564202	3.02494858939e-28
-10.2869649805	2.93941983929e-28
-10.2723735409	2.66701979263e-28
-10.2577821012	2.56006487362e-28
-10.2431906615	2.51167933788e-28
-10.2285992218	2.54983662355e-28
-10.2140077821	2.54564118555e-28
-10.1994163424	2.58646018849e-28
-10.1848249027	2.54711319725e-28
-10.170233463	2.48059392398e-28
-10.1556420233	2.2694980586e-28
-10.1410505837	2.20598425855e-28
-10.126459144	2.17393138006e-28
-10.1118677043	2.24286036135e-28
-10.0972762646	2.28251327064e-28
-10.0826848249	2.31821901665e-28
-10.0680933852	2.29312128189e-28
-10.0535019455	2.25858575226e-28
-10.0389105058	2.05818668374e-28
-10.0243190661	1.99666285995e-28
-10.0097276265	1.97533586182e-28
-9.99513618677	2.06216584365e-28
-9.98054474708	2.15646694968e-28
-9.96595330739	2.31714619279e-28
-9.9513618677	2.47053456513e-28
-9.93677042802	2.71423017011e-28
-9.92217898833	3.01497390467e-28
-9.90758754864	3.46405204365e-28
-9.89299610895	4.09850632444e-28
-9.87840466926	4.8689205387e-28
-9.86381322957	5.80820355906e-28
-9.84922178988	7.09260858925e-28
-9.83463035019	8.74691346792e-28
-9.82003891051	1.09463753805e-27
-9.80544747082	1.39572657869e-27
-9.79085603113	1.77967642317e-27
-9.77626459144	2.27520615719e-27
-9.76167315175	2.90606268318e-27
-9.74708171206	3.70629922577e-27
-9.73249027237	4.72215092658e-27
-9.71789883268	6.05290166842e-27
-9.703307393	7.76784862166e-27
-9.68871595331	1.00388575556e-26
-9.67412451362	1.2896368162e-26
-9.65953307393	1.65153943003e-26
-9.64494163424	2.10956449583e-26
-9.63035019455	2.69559523644e-26
-9.61575875486	3.44491111719e-26
-9.60116731517	4.40646338601e-26
-9.58657587549	5.63879539619e-26
-9.5719844358	7.2312273298e-26
-9.55739299611	9.23942051264e-26
-9.54280155642	1.17884505883e-25
-9.52821011673	1.50176073063e-25
-9.51361867704	1.91318516838e-25
-9.49902723735	2.4385338994e-25
-9.48443579767	3.10761764898e-25
-9.46984435798	3.95917621239e-25
-9.45525291829	5.047854271e-25
-9.4406614786	6.42534867695e-25
-9.42607003891	8.1745818577e-25
-9.41147859922	1.03949211596e-24
-9.39688715953	1.32139783821e-24
-9.38229571984	1.67916272682e-24
-9.36770428016	2.13374998158e-24
-9.35311284047	2.71053575071e-24
-9.33852140078	3.44287029104e-24
-9.32392996109	4.36950372512e-24
-9.3093385214	5.54206906063e-24
-9.29474708171	7.02467251553e-24
-9.28015564202	8.9007793438e-24
-9.26556420233	1.12730809017e-23
-9.25097276265	1.42725220891e-23
-9.23638132296	1.80622395614e-23
-9.22178988327	2.28507855381e-23
-9.20719844358	2.88898639191e-23
-9.19260700389	3.65053593597e-23
-9.1780155642	4.61052802518e-23
-9.16342412451	5.82052151528e-23
-9.14883268482	7.34467860561e-23
-9.13424124514	9.26389073603e-23
-9.11964980545	1.16792377898e-22
-9.10505836576	1.47182358893e-22
-9.09046692607	1.85380478965e-22
-9.07587548638	2.33377692563e-22
-9.06128404669	2.93650469479e-22
-9.046692607	3.69318606065e-22
-9.03210116731	4.64263034621e-22
-9.01750972763	5.83346682154e-22
-9.00291828794	7.32623115093e-22
-8.98832684825	9.19675237817e-22
-8.97373540856	1.15388480167e-21
-8.95914396887	1.44702666632e-21
-8.94455252918	1.81373715659e-21
-8.92996108949	2.27228631464e-21
-8.91536964981	2.84538315681e-21
-8.90077821012	3.56131708899e-21
-8.88618677043	4.45522629371e-21
-8.87159533074	5.57083929235e-21
-8.85700389105	6.9623139018e-21
-8.84241245136	8.69707087354e-21
-8.82782101167	1.08586937456e-20
-8.81322957198	1.35509633363e-20
-8.7986381323	1.6902435035e-20
-8.78404669261	2.10725460177e-20
-8.76945525292	2.6258539027e-20
-8.75486381323	3.27048295896e-20
-8.74027237354	4.07133433441e-20
-8.72568093385	5.06579576965e-20
-8.71108949416	6.30003740699e-20
-8.69649805447	7.83112825707e-20
-8.68190661479	9.72950636917e-20
-8.6673151751	1.20821188908e-19
-8.65272373541	1.49961628669e-19
-8.63813229572	1.86038321802e-19
-8.62354085603	2.30679055913e-19
-8.60894941634	2.85889697655e-19
-8.59435797665	3.54138018279e-19
-8.57976653696	4.38460783504e-19
-8.56517509728	5.42591567157e-19
-8.55058365759	6.71118403999e-19
-8.5359922179	8.29676263026e-19
-8.52140077821	1.02518435414e-18
-8.50680933852	1.26612859073e-18
-8.49221789883	1.56291927481e-18
-8.47762645914	1.92831472497e-18
-8.46303501945	2.37794597328e-18
-8.44844357977	2.93095083098e-18
-8.43385214008	3.61075121844e-18
-8.41926070039	4.44599262331e-18
-8.4046692607	5.47169762745e-18
-8.39007782101	6.73065299067e-18
-8.37548638132	8.27511569754e-18
-8.36089494163	1.01688648683e-17
-8.34630350195	1.2489710487e-17
-8.33171206226	1.53325215132e-17
-8.31712062257	1.88129113363e-17
-8.30252918288	2.30716890975e-17
-8.28793774319	2.82802758773e-17
-8.2733463035	3.46472248152e-17
-8.25875486381	4.24261632275e-17
-8.24416342412	5.19253415971e-17
-8.22957198444	6.35192219549e-17
-8.21498054475	7.76624345904e-17
-8.20038910506	9.49066669363e-17
-8.18579766537	1.15921004973e-16
-8.17120622568	1.41516515986e-16
-8.15661478599	1.72675791234e-16
-8.1420233463	2.10588661831e-16
-8.12743190661	2.56695080629e-16
-8.11284046693	3.12736800863e-16
-8.09824902724	3.80819475728e-16
-8.08365758755	4.63487342318e-16
-8.06906614786	5.63812861133e-16
-8.05447470817	6.85504474242e-16
-8.03988326848	8.3303570408e-16
-8.02529182879	1.01180026407e-15
-8.0107003891	1.22829767483e-15
-7.99610894942	1.490355865e-15
-7.98151750973	1.80739744529e-15
-7.96692607004	2.19075849592e-15
-7.95233463035	2.65406964234e-15
-7.93774319066	3.21371171608e-15
-7.92315175097	3.88935971578e-15
-7.90856031128	4.70463278037e-15
-7.89396887159	5.68786894649e-15
-7.87937743191	6.87304971814e-15
-7.86478599222	8.30090138263e-15
-7.85019455253	1.00202071957e-14
-7.83560311284	1.20893690349e-14
-7.82101167315	1.45782657724e-14
-7.80642023346	1.7570462189e-14
-7.79182879377	2.11658352302e-14
-7.77723735409	2.54836917022e-14
-7.7626459144	3.06664697205e-14
-7.74805447471	3.68841290868e-14
-7.73346303502	4.43393572483e-14
-7.71887159533	5.32737364216e-14
-7.70428015564	6.39750484997e-14
-7.68968871595	7.67859180577e-14
-7.67509727626	9.21140383784e-14
-7.66050583658	1.10444257266e-13
-7.64591439689	1.32352856981e-13
-7.6313229572	1.58524412992e-13
-7.61673151751	1.89771689633e-13
-7.60214007782	2.27059101551e-13
-7.58754863813	2.71530367926e-13
-7.57295719844	3.24541083485e-13
-7.55836575875	3.8769706619e-13
-7.54377431907	4.62899469064e-13
-7.52918287938	5.52397825354e-13
-7.51459143969	6.58852382636e-13
-7.5	7.85407294904e-13
-7.48540856031	9.35776522157e-13
-7.47081712062	1.11434469018e-12
-7.45622568093	1.32628514993e-12
-7.44163424124	1.57769839402e-12
-7.42704280156	1.87577411066e-12
-7.41245136187	2.2289807972e-12
-7.39785992218	2.64728749537e-12
-7.38326848249	3.14242292955e-12
-7.3686770428	3.72817816972e-12
-7.35408560311	4.42075992211e-12
-7.33949416342	5.23920263325e-12
-7.32490272373	6.2058489506e-12
-7.31031128405	7.34690946858e-12
-7.29571984436	8.69311449412e-12
-7.28112840467	1.02804724341e-11
-7.26653696498	1.21511517474e-11
-7.25194552529	1.43545058993e-11
-7.2373540856	1.69482638019e-11
-7.22276264591	1.9999911529e-11
-7.20817120623	2.35882951188e-11
-7.19357976654	2.78054785323e-11
-7.17898832685	3.27588961381e-11
-7.16439688716	3.85738447206e-11
-7.14980544747	4.53963667993e-11
-7.13521400778	5.33965844977e-11
-7.12062256809	6.27725519559e-11
-7.1060311284	7.37547039377e-11
-7.09143968872	8.66109897663e-11
-7.07684824903	1.0165279409e-10
-7.06225680934	1.19241760799e-10
-7.04766536965	1.39797652554e-10
-7.03307392996	1.63807397331e-10
-7.01848249027	1.91835494174e-10
-7.00389105058	2.24535974708e-10
-6.98929961089	2.62666143597e-10
-6.97470817121	3.07102352394e-10
-6.96011673152	3.58858095158e-10
-6.94552529183	4.19104754056e-10
-6.93093385214	4.8919536668e-10
-6.91634241245	5.70691837134e-10
-6.90175097276	6.6539606846e-10
-6.88715953307	7.75385557566e-10
-6.87256809338	9.0305406403e-10
-6.8579766537	1.05115804495e-09
-6.84338521401	1.22286963588e-09
-6.82879377432	1.42183705965e-09
-6.81420233463	1.65225345608e-09
-6.79961089494	1.91893525227e-09
-6.78501945525	2.22741133285e-09
-6.77042801556	2.58402442775e-09
-6.75583657588	2.99604630917e-09
-6.74124513619	3.471808587e-09
-6.7266536965	4.02085110738e-09
-6.71206225681	4.65409020431e-09
-6.69747081712	5.38400932182e-09
-6.68287937743	6.22487482618e-09
-6.66828793774	7.19298015807e-09
-6.65369649805	8.30692184571e-09
-6.63910505837	9.58791130616e-09
-6.62451361868	1.10601268178e-08
-6.60992217899	1.27511105415e-08
-6.5953307393	1.46922160247e-08
-6.58073929961	1.69191122287e-08
-6.56614785992	1.94723507898e-08
-6.55155642023	2.2398003964e-08
-6.53696498054	2.57483815161e-08
-6.52237354086	2.95828357018e-08
-6.50778210117	3.39686644754e-08
-6.49319066148	3.89821241151e-08
-6.47859922179	4.47095636402e-08
-6.4640077821	5.12486946644e-08
-6.44941634241	5.87100117327e-08
-6.43482490272	6.72183797066e-08
-6.42023346303	7.69148064237e-08
-6.40564202335	8.79584206531e-08
-6.39105058366	1.00528677333e-07
-6.37645914397	1.14827814182e-07
-6.36186770428	1.31083586096e-07
-6.34727626459	1.4955230618e-07
-6.3326848249	1.70522225004e-07
-6.31809338521	1.94317282492e-07
-6.30350194552	2.21301270012e-07
-6.28891050584	2.51882443521e-07
-6.27431906615	2.86518632254e-07
-6.25972762646	3.2572289121e-07
-6.24513618677	3.70069749827e-07
-6.23054474708	4.20202113562e-07
-6.21595330739	4.76838879772e-07
-6.2013618677	5.40783334192e-07
-6.18677042802	6.12932399538e-07
-6.17217898833	6.94286813286e-07
-6.15758754864	7.85962317538e-07
-6.14299610895	8.89201949952e-07
-6.12840466926	1.00538953122e-06
-6.11381322957	1.13606445126e-06
-6.09922178988	1.28293786338e-06
-6.08463035019	1.4479104029e-06
-6.07003891051	1.63309155436e-06
-6.05544747082	1.84082079925e-06
-6.04085603113	2.07369068429e-06
-6.02626459144	2.33457195845e-06
-6.01167315175	2.62664093532e-06
-5.99708171206	2.95340924611e-06
-5.98249027237	3.31875615696e-06
-5.96789883268	3.72696363292e-06
-5.953307393	4.18275433947e-06
-5.93871595331	4.69133278101e-06
-5.92412451362	5.25842978368e-06
-5.90953307393	5.89035053798e-06
-5.89494163424	6.594026424e-06
-5.88035019455	7.37707084912e-06
-5.86575875486	8.24783933411e-06
-5.85116731517	9.21549408922e-06
-5.83657587549	1.02900733262e-05
-5.8219844358	1.14825655559e-05
-5.80739299611	1.2804989122e-05
-5.79280155642	1.42704772245e-05
-5.77821011673	1.58933686822e-05
-5.76361867704	1.76893046824e-05
-5.74902723735	1.96753317614e-05
-5.73443579766	2.18700112492e-05
-5.71984435798	2.42935354039e-05
-5.70525291829	2.69678504473e-05
-5.6906614786	2.99167866966e-05
-5.67607003891	3.31661959672e-05
-5.66147859922	3.67440963984e-05
-5.64688715953	4.06808248268e-05
-5.63229571984	4.50091967988e-05
-5.61770428016	4.97646742775e-05
-5.60311284047	5.49855410606e-05
-5.58852140078	6.07130858751e-05
-5.57392996109	6.69917930675e-05
-5.5593385214	7.38695407477e-05
-5.54474708171	8.13978061841e-05
-5.53015564202	8.96318781782e-05
-5.51556420233	9.86310760719e-05
-5.50097276265	0.000108458974962
-5.48638132296	0.00011918363661
-5.47178988327	0.000130877845437
-5.45719844358	0.000143619348912
-5.44260700389	0.000157491101513
-5.4280155642	0.000172581511365
-5.41342412451	0.000188984688511
-5.39883268482	0.000206800693681
-5.38424124514	0.000226135786297
-5.36964980545	0.00024710267032
-5.35505836576	0.000269820736427
-5.34046692607	0.000294416298889
-5.32587548638	0.000321022825368
-5.31128404669	0.000349781157769
-5.296692607	0.000380839722111
-5.28210116731	0.000414354725317
-5.26750972763	0.000450490336666
-5.25291828794	0.000489418851594
-5.23832684825	0.000531320835386
-5.22373540856	0.00057638524427
-5.20914396887	0.000624809521339
-5.19455252918	0.000676799664653
-5.17996108949	0.000732570264891
-5.1653696498	0.000792344509866
-5.15077821012	0.00085635415325
-5.13618677043	0.000924839444893
-5.12159533074	0.000998049020168
-5.10700389105	0.00107623974588
-5.09241245136	0.00115967652041
-5.07782101167	0.00124863202584
-5.06322957198	0.00134338643014
-5.0486381323	0.00144422703757
-5.03404669261	0.00155144788576
-5.01945525292	0.00166534928828
-5.00486381323	0.00178623732168
-4.99027237354	0.00191442325653
-4.97568093385	0.00205022293223
-4.96108949416	0.00219395607582
-4.94649805447	0.00234594556548
-4.93190661479	0.00250651663984
-4.9173151751	0.00267599605482
-4.90272373541	0.00285471119004
-4.88813229572	0.00304298910747
-4.87354085603	0.00324115556558
-4.85894941634	0.00344953399264
-4.84435797665	0.00366844442333
-4.82976653696	0.00389820240353
-4.81517509728	0.0041391178684
-4.80058365759	0.00439149399941
-4.7859922179	0.0046556260666
-4.77140077821	0.00493180026227
-4.75680933852	0.00522029253328
-4.74221789883	0.00552136741879
-4.72762645914	0.00583527690102
-4.71303501945	0.00616225927644
-4.69844357977	0.00650253805505
-4.68385214008	0.00685632089544
-4.66926070039	0.00722379858314
-4.6546692607	0.00760514405987
-4.64007782101	0.00800051151086
-4.62548638132	0.00841003551722
-4.61089494163	0.00883383028006
-4.59630350194	0.0092719889225
-4.58171206226	0.00972458287515
-4.56712062257	0.0101916613503
-4.55252918288	0.0106732509093
-4.53793774319	0.0111693551265
-4.5233463035	0.0116799543534
-4.50875486381	0.012205005585
-4.49416342412	0.012744442429
-4.47957198444	0.0132981751805
-4.46498054475	0.0138660909991
-4.45038910506	0.0144480541905
-4.43579766537	0.015043906588
-4.42120622568	0.0156534680329
-4.40661478599	0.0162765369501
-4.3920233463	0.016912891014
-4.37743190661	0.0175622879009
-4.36284046693	0.0182244661215
-4.34824902724	0.0188991459284
-4.33365758755	0.0195860302912
-4.31906614786	0.0202848059331
-4.30447470817	0.0209951444208
-4.28988326848	0.0217167033013
-4.27529182879	0.0224491272767
-4.2607003891	0.0231920494106
-4.24610894942	0.0239450923562
-4.23151750973	0.0247078696009
-4.21692607004	0.0254799867172
-4.20233463035	0.0262610426144
-4.18774319066	0.0270506307827
-4.17315175097	0.027848340523
-4.15856031128	0.0286537581563
-4.14396887159	0.0294664682063
-4.12937743191	0.030286054549
-4.11478599222	0.031112101525
-4.10019455253	0.0319441950093
-4.08560311284	0.0327819234342
-4.07101167315	0.033624878762
-4.05642023346	0.0344726574045
-4.04182879377	0.0353248610864
-4.02723735408	0.0361810976506
-4.0126459144	0.0370409818039
-3.99805447471	0.0379041358021
-3.98346303502	0.0387701900743
-3.96887159533	0.0396387837854
-3.95428015564	0.0405095653379
-3.93968871595	0.0413821928135
-3.92509727626	0.0422563343557
-3.91050583658	0.0431316684942
-3.89591439689	0.0440078844133
-3.8813229572	0.044884682167
-3.86673151751	0.0457617728411
-3.85214007782	0.0466388786663
-3.83754863813	0.0475157330844
-3.82295719844	0.0483920807696
-3.80836575875	0.0492676776088
-3.79377431907	0.0501422906428
-3.77918287938	0.0510156979715
-3.76459143969	0.0518876886259
-3.75	0.0527580624106
-3.73540856031	0.0536266297177
-3.72081712062	0.0544932113174
-3.70622568093	0.0553576381256
-3.69163424124	0.056219750953
-3.67704280156	0.057079400237
-3.66245136187	0.0579364457592
-3.64785992218	0.0587907563519
-3.63326848249	0.0596422095936
-3.6186770428	0.0604906914974
-3.60408560311	0.0613360961938
-3.58949416342	0.0621783256096
-3.57490272373	0.0630172891442
-3.56031128405	0.0638529033455
-3.54571984436	0.0646850915871
-3.53112840467	0.0655137837466
-3.51653696498	0.066338915888
-3.50194552529	0.0671604299487
-3.4873540856	0.0679782734304
-3.47276264591	0.0687923990983
-3.45817120623	0.069602764685
-3.44357976654	0.0704093326039
-3.42898832685	0.0712120696691
-3.41439688716	0.0720109468249
-3.39980544747	0.0728059388836
-3.38521400778	0.073597024273
-3.37062256809	0.0743841847925
-3.3560311284	0.07516740538
-3.34143968872	0.075946673887
-3.32684824903	0.0767219808645
-3.31225680934	0.0774933193584
-3.29766536965	0.0782606847138
-3.28307392996	0.0790240743898
-3.26848249027	0.0797834877831
-3.25389105058	0.0805389260609
-3.23929961089	0.0812903920032
-3.22470817121	0.082037889853
-3.21011673152	0.0827814251767
-3.19552529183	0.0835210047307
-3.18093385214	0.0842566363383
-3.16634241245	0.0849883287725
-3.15175097276	0.0857160916477
-3.13715953307	0.0864399353175
-3.12256809338	0.0871598707805
-3.1079766537	0.0878759095918
-3.09338521401	0.0885880637814
-3.07879377432	0.0892963457783
-3.06420233463	0.0900007683407
-3.04961089494	0.0907013444915
-3.03501945525	0.0913980874585
-3.02042801556	0.0920910106204
-3.00583657587	0.0927801274568
-2.99124513619	0.0934654515025
-2.9766536965	0.0941469963065
-2.96206225681	0.0948247753942
-2.94747081712	0.0954988022336
-2.93287937743	0.0961690902047
-2.91828793774	0.0968356525723
-2.90369649805	0.0974985024617
-2.88910505837	0.0981576528367
-2.87451361868	0.0988131164808
-2.85992217899	0.0994649059808
-2.8453307393	0.100113033712
-2.83073929961	0.100757511824
-2.81614785992	0.101398352236
-2.80155642023	0.10203556662
-2.78696498054	0.102669166399
-2.77237354086	0.10329916274
-2.75778210117	0.103925566548
-2.74319066148	0.104548388466
-2.72859922179	0.105167638869
-2.7140077821	0.105783327866
-2.69941634241	0.106395465297
-2.68482490272	0.107004060737
-2.67023346303	0.107609123495
-2.65564202335	0.108210662615
-2.64105058366	0.108808686883
-2.62645914397	0.109403204823
-2.61186770428	0.109994224709
-2.59727626459	0.110581754561
-2.5826848249	0.111165802155
-2.56809338521	0.111746375025
-2.55350194552	0.112323480467
-2.53891050584	0.112897125547
-2.52431906615	0.113467317102
-2.50972762646	0.114034061751
-2.49513618677	0.114597365893
-2.48054474708	0.115157235721
-2.46595330739	0.11571367722
-2.4513618677	0.116266696176
-2.43677042801	0.116816298183
-2.42217898833	0.117362488646
-2.40758754864	0.117905272787
-2.39299610895	0.11844465565
-2.37840466926	0.118980642109
-2.36381322957	0.119513236872
-2.34922178988	0.120042444483
-2.33463035019	0.120568269334
-2.32003891051	0.121090715663
-2.30544747082	0.121609787564
-2.29085603113	0.12212548899
-2.27626459144	0.122637823757
-2.26167315175	0.12314679555
-2.24708171206	0.123652407927
-2.23249027237	0.124154664325
-2.21789883268	0.124653568061
-2.203307393	0.125149122337
-2.18871595331	0.125641330249
-2.17412451362	0.126130194784
-2.15953307393	0.126615718827
-2.14494163424	0.127097905165
-2.13035019455	0.127576756492
-2.11575875486	0.128052275407
-2.10116731517	0.128524464425
-2.08657587549	0.128993325972
-2.0719844358	0.129458862396
-2.05739299611	0.129921075964
-2.04280155642	0.130379968869
-2.02821011673	0.130835543229
-2.01361867704	0.131287801094
-1.99902723735	0.131736744445
-1.98443579766	0.132182375198
-1.96984435798	0.132624695207
-1.95525291829	0.133063706266
-1.9406614786	0.133499410108
-1.92607003891	0.133931808414
-1.91147859922	0.134360902808
-1.89688715953	0.134786694865
-1.88229571984	0.135209186107
-1.86770428015	0.135628378009
-1.85311284047	0.136044272001
-1.83852140078	0.136456869466
-1.82392996109	0.136866171746
-1.8093385214	0.13727218014
-1.79474708171	0.137674895908
-1.78015564202	0.138074320271
-1.76556420233	0.138470454413
-1.75097276265	0.138863299482
-1.73638132296	0.139252856591
-1.72178988327	0.139639126822
-1.70719844358	0.140022111222
-1.69260700389	0.140401810808
-1.6780155642	0.140778226567
-1.66342412451	0.141151359458
-1.64883268482	0.141521210412
-1.63424124514	0.141887780331
-1.61964980545	0.142251070095
-1.60505836576	0.142611080554
-1.59046692607	0.142967812538
-1.57587548638	0.143321266851
-1.56128404669	0.143671444276
-1.546692607	0.144018345572
-1.53210116731	0.14436197148
-1.51750972763	0.144702322717
-1.50291828794	0.145039399984
-1.48832684825	0.145373203958
-1.47373540856	0.145703735302
-1.45914396887	0.146030994659
-1.44455252918	0.146354982655
-1.42996108949	0.146675699899
-1.4153696498	0.146993146984
-1.40077821012	0.147307324487
-1.38618677043	0.147618232969
-1.37159533074	0.147925872977
-1.35700389105	0.148230245044
-1.34241245136	0.148531349688
-1.32782101167	0.148829187414
-1.31322957198	0.149123758715
-1.29863813229	0.149415064069
-1.28404669261	0.149703103943
-1.26945525292	0.149987878791
-1.25486381323	0.150269389058
-1.24027237354	0.150547635174
-1.22568093385	0.15082261756
-1.21108949416	0.151094336627
-1.19649805447	0.151362792773
-1.18190661479	0.151627986389
-1.1673151751	0.151889917853
-1.15272373541	0.152148587537
-1.13813229572	0.1524039958
-1.12354085603	0.152656142995
-1.10894941634	0.152905029465
-1.09435797665	0.153150655543
-1.07976653696	0.153393021555
-1.06517509728	0.153632127819
-1.05058365759	0.153867974645
-1.0359922179	0.154100562335
-1.02140077821	0.154329891182
-1.00680933852	0.154555961475
-0.992217898832	0.154778773493
-0.977626459143	0.154998327509
-0.963035019454	0.155214623789
-0.948443579766	0.155427662591
-0.933852140077	0.155637444169
-0.919260700388	0.155843968769
-0.9046692607	0.156047236631
-0.890077821011	0.156247247988
-0.875486381322	0.15644400307
-0.860894941633	0.156637502098
-0.846303501945	0.156827745289
-0.831712062256	0.157014732853
-0.817120622567	0.157198464996
-0.802529182879	0.157378941918
-0.78793774319	0.157556163813
-0.773346303501	0.157730130873
-0.758754863812	0.15790084328
-0.744163424124	0.158068301215
-0.729571984435	0.158232504853
-0.714980544746	0.158393454364
-0.700389105058	0.158551149914
-0.685797665369	0.158705591663
-0.67120622568	0.158856779768
-0.656614785991	0.159004714382
-0.642023346303	0.159149395651
-0.627431906614	0.15929082372
-0.612840466925	0.159428998728
-0.598249027237	0.15956392081
-0.583657587548	0.159695590098
-0.569066147859	0.159824006718
-0.55447470817	0.159949170795
-0.539883268482	0.160071082447
-0.525291828793	0.160189741792
-0.510700389104	0.16030514894
-0.496108949416	0.160417304
-0.481517509727	0.160526207078
-0.466926070038	0.160631858273
-0.452334630349	0.160734257685
-0.437743190661	0.160833405407
-0.423151750972	0.160929301531
-0.408560311283	0.161021946143
-0.393968871594	0.161111339328
-0.379377431906	0.161197481167
-0.364785992217	0.161280371738
-0.350194552528	0.161360011114
-0.33560311284	0.161436399367
-0.321011673151	0.161509536566
-0.306420233462	0.161579422774
-0.291828793773	0.161646058055
-0.277237354085	0.161709442466
-0.262645914396	0.161769576063
-0.248054474707	0.1618264589
-0.233463035019	0.161880091026
-0.21887159533	0.161930472487
-0.204280155641	0.161977603328
-0.189688715952	0.16202148359
-0.175097276264	0.16206211331
-0.160505836575	0.162099492524
-0.145914396886	0.162133621264
-0.131322957198	0.162164499559
-0.116731517509	0.162192127437
-0.10214007782	0.16221650492
-0.0875486381314	0.162237632029
-0.0729571984427	0.162255508784
-0.058365758754	0.162270135199
-0.0437743190653	0.162281511286
-0.0291828793766	0.162289637056
-0.0145914396879	0.162294512515
8.5975671027e-13	0.162296137668
0.0145914396896	0.162294512515
0.0291828793783	0.162289637056
0.043774319067	0.162281511286
0.0583657587557	0.162270135199
0.0729571984444	0.162255508784
0.0875486381332	0.162237632029
0.102140077822	0.16221650492
0.116731517511	0.162192127437
0.131322957199	0.162164499559
0.145914396888	0.162133621264
0.160505836577	0.162099492524
0.175097276265	0.16206211331
0.189688715954	0.16202148359
0.204280155643	0.161977603328
0.218871595332	0.161930472487
0.23346303502	0.161880091026
0.248054474709	0.1618264589
0.262645914398	0.161769576063
0.277237354086	0.161709442466
0.291828793775	0.161646058055
0.306420233464	0.161579422774
0.321011673153	0.161509536566
0.335603112841	0.161436399367
0.35019455253	0.161360011114
0.364785992219	0.161280371738
0.379377431907	0.161197481167
0.393968871596	0.161111339328
0.408560311285	0.161021946143
0.423151750974	0.160929301531
0.437743190662	0.160833405407
0.452334630351	0.160734257685
0.46692607004	0.160631858273
0.481517509729	0.160526207078
0.496108949417	0.160417304
0.510700389106	0.16030514894
0.525291828795	0.160189741792
0.539883268483	0.160071082447
0.554474708172	0.159949170795
0.569066147861	0.159824006718
0.58365758755	0.159695590098
0.598249027238	0.15956392081
0.612840466927	0.159428998728
0.627431906616	0.15929082372
0.642023346304	0.159149395651
0.656614785993	0.159004714382
0.671206225682	0.158856779768
0.685797665371	0.158705591663
0.700389105059	0.158551149914
0.714980544748	0.158393454364
0.729571984437	0.158232504853
0.744163424125	0.158068301215
0.758754863814	0.15790084328
0.773346303503	0.157730130872
0.787937743192	0.157556163813
0.80252918288	0.157378941918
0.817120622569	0.157198464996
0.831712062258	0.157014732853
0.846303501946	0.156827745289
0.860894941635	0.156637502098
0.875486381324	0.15644400307
0.890077821013	0.156247247988
0.904669260701	0.156047236631
0.91926070039	0.155843968769
0.933852140079	0.155637444169
0.948443579767	0.155427662591
0.963035019456	0.155214623788
0.977626459145	0.154998327509
0.992217898834	0.154778773493
1.00680933852	0.154555961475
1.02140077821	0.154329891182
1.0359922179	0.154100562335
1.05058365759	0.153867974645
1.06517509728	0.153632127819
1.07976653697	0.153393021555
1.09435797665	0.153150655543
1.10894941634	0.152905029465
1.12354085603	0.152656142995
1.13813229572	0.1524039958
1.15272373541	0.152148587537
1.1673151751	0.151889917853
1.18190661479	0.151627986389
1.19649805448	0.151362792773
1.21108949416	0.151094336627
1.22568093385	0.15082261756
1.24027237354	0.150547635174
1.25486381323	0.150269389058
1.26945525292	0.149987878791
1.28404669261	0.149703103943
1.2986381323	0.149415064069
1.31322957199	0.149123758715
1.32782101167	0.148829187414
1.34241245136	0.148531349688
1.35700389105	0.148230245044
1.37159533074	0.147925872977
1.38618677043	0.147618232969
1.40077821012	0.147307324487
1.41536964981	0.146993146984
1.4299610895	0.146675699899
1.44455252918	0.146354982655
1.45914396887	0.146030994659
1.47373540856	0.145703735302
1.48832684825	0.145373203958
1.50291828794	0.145039399984
1.51750972763	0.144702322717
1.53210116732	0.14436197148
1.546692607	0.144018345572
1.56128404669	0.143671444276
1.57587548638	0.143321266851
1.59046692607	0.142967812538
1.60505836576	0.142611080554
1.61964980545	0.142251070095
1.63424124514	0.141887780331
1.64883268483	0.141521210412
1.66342412451	0.141151359458
1.6780155642	0.140778226567
1.69260700389	0.140401810808
1.70719844358	0.140022111222
1.72178988327	0.139639126822
1.73638132296	0.139252856591
1.75097276265	0.138863299482
1.76556420234	0.138470454413
1.78015564202	0.138074320271
1.79474708171	0.137674895908
1.8093385214	0.13727218014
1.82392996109	0.136866171746
1.83852140078	0.136456869466
1.85311284047	0.136044272001
1.86770428016	0.135628378009
1.88229571985	0.135209186107
1.89688715953	0.134786694865
1.91147859922	0.134360902808
1.92607003891	0.133931808414
1.9406614786	0.133499410108
1.95525291829	0.133063706266
1.96984435798	0.132624695207
1.98443579767	0.132182375198
1.99902723736	0.131736744445
2.01361867704	0.131287801094
2.02821011673	0.130835543229
2.04280155642	0.130379968869
2.05739299611	0.129921075964
2.0719844358	0.129458862396
2.08657587549	0.128993325972
2.10116731518	0.128524464425
2.11575875486	0.128052275407
2.13035019455	0.127576756492
2.14494163424	0.127097905165
2.15953307393	0.126615718827
2.17412451362	0.126130194784
2.18871595331	0.125641330249
2.203307393	0.125149122337
2.21789883269	0.124653568061
2.23249027237	0.124154664325
2.24708171206	0.123652407927
2.26167315175	0.12314679555
2.27626459144	0.122637823757
2.29085603113	0.12212548899
2.30544747082	0.121609787564
2.32003891051	0.121090715663
2.3346303502	0.120568269334
2.34922178988	0.120042444483
2.36381322957	0.119513236872
2.37840466926	0.118980642109
2.39299610895	0.11844465565
2.40758754864	0.117905272787
2.42217898833	0.117362488646
2.43677042802	0.116816298183
2.45136186771	0.116266696176
2.46595330739	0.11571367722
2.48054474708	0.115157235721
2.49513618677	0.114597365893
2.50972762646	0.114034061751
2.52431906615	0.113467317102
2.53891050584	0.112897125547
2.55350194553	0.112323480467
2.56809338522	0.111746375025
2.5826848249	0.111165802155
2.59727626459	0.110581754561
2.61186770428	0.109994224709
2.62645914397	0.109403204823
2.64105058366	0.108808686883
2.65564202335	0.108210662615
2.67023346304	0.107609123495
2.68482490272	0.107004060737
2.69941634241	0.106395465297
2.7140077821	0.105783327866
2.72859922179	0.105167638869
2.74319066148	0.104548388466
2.75778210117	0.103925566548
2.77237354086	0.10329916274
2.78696498055	0.102669166399
2.80155642023	0.10203556662
2.81614785992	0.101398352236
2.83073929961	0.100757511825
2.8453307393	0.100113033712
2.85992217899	0.0994649059808
2.87451361868	0.0988131164809
2.88910505837	0.0981576528367
2.90369649806	0.0974985024617
2.91828793774	0.0968356525724
2.93287937743	0.0961690902047
2.94747081712	0.0954988022336
2.96206225681	0.0948247753942
2.9766536965	0.0941469963065
2.99124513619	0.0934654515025
3.00583657588	0.0927801274568
3.02042801557	0.0920910106205
3.03501945525	0.0913980874586
3.04961089494	0.0907013444916
3.06420233463	0.0900007683408
3.07879377432	0.0892963457783
3.09338521401	0.0885880637814
3.1079766537	0.0878759095919
3.12256809339	0.0871598707806
3.13715953307	0.0864399353176
3.15175097276	0.0857160916477
3.16634241245	0.0849883287726
3.18093385214	0.0842566363384
3.19552529183	0.0835210047308
3.21011673152	0.0827814251767
3.22470817121	0.0820378898531
3.2392996109	0.0812903920032
3.25389105058	0.080538926061
3.26848249027	0.0797834877832
3.28307392996	0.0790240743899
3.29766536965	0.0782606847139
3.31225680934	0.0774933193585
3.32684824903	0.0767219808646
3.34143968872	0.0759466738871
3.35603112841	0.0751674053801
3.37062256809	0.0743841847926
3.38521400778	0.0735970242731
3.39980544747	0.0728059388837
3.41439688716	0.072010946825
3.42898832685	0.0712120696692
3.44357976654	0.070409332604
3.45817120623	0.0696027646851
3.47276264592	0.0687923990984
3.4873540856	0.0679782734305
3.50194552529	0.0671604299488
3.51653696498	0.0663389158882
3.53112840467	0.0655137837467
3.54571984436	0.0646850915872
3.56031128405	0.0638529033457
3.57490272374	0.0630172891443
3.58949416343	0.0621783256097
3.60408560311	0.0613360961939
3.6186770428	0.0604906914975
3.63326848249	0.0596422095937
3.64785992218	0.0587907563521
3.66245136187	0.0579364457594
3.67704280156	0.0570794002371
3.69163424125	0.0562197509532
3.70622568093	0.0553576381258
3.72081712062	0.0544932113175
3.73540856031	0.0536266297178
3.75	0.0527580624107
3.76459143969	0.0518876886261
3.77918287938	0.0510156979716
3.79377431907	0.050142290643
3.80836575876	0.049267677609
3.82295719844	0.0483920807698
3.83754863813	0.0475157330846
3.85214007782	0.0466388786665
3.86673151751	0.0457617728413
3.8813229572	0.0448846821672
3.89591439689	0.0440078844135
3.91050583658	0.0431316684943
3.92509727627	0.0422563343559
3.93968871595	0.0413821928137
3.95428015564	0.0405095653381
3.96887159533	0.0396387837856
3.98346303502	0.0387701900745
3.99805447471	0.0379041358023
4.0126459144	0.0370409818041
4.02723735409	0.0361810976508
4.04182879378	0.0353248610866
4.05642023346	0.0344726574047
4.07101167315	0.0336248787622
4.08560311284	0.0327819234344
4.10019455253	0.0319441950095
4.11478599222	0.0311121015252
4.12937743191	0.0302860545492
4.1439688716	0.0294664682065
4.15856031129	0.0286537581565
4.17315175097	0.0278483405232
4.18774319066	0.0270506307829
4.20233463035	0.0262610426147
4.21692607004	0.0254799867174
4.23151750973	0.0247078696011
4.24610894942	0.0239450923564
4.26070038911	0.0231920494108
4.27529182879	0.0224491272769
4.28988326848	0.0217167033015
4.30447470817	0.020995144421
4.31906614786	0.0202848059333
4.33365758755	0.0195860302914
4.34824902724	0.0188991459286
4.36284046693	0.0182244661217
4.37743190662	0.0175622879011
4.3920233463	0.0169128910142
4.40661478599	0.0162765369503
4.42120622568	0.0156534680331
4.43579766537	0.0150439065882
4.45038910506	0.0144480541907
4.46498054475	0.0138660909993
4.47957198444	0.0132981751807
4.49416342413	0.0127444424292
4.50875486381	0.0122050055852
4.5233463035	0.0116799543536
4.53793774319	0.0111693551267
4.55252918288	0.0106732509095
4.56712062257	0.0101916613505
4.58171206226	0.00972458287533
4.59630350195	0.00927198892268
4.61089494164	0.00883383028023
4.62548638132	0.00841003551738
4.64007782101	0.00800051151102
4.6546692607	0.00760514406003
4.66926070039	0.0072237985833
4.68385214008	0.00685632089559
4.69844357977	0.0065025380552
4.71303501946	0.00616225927658
4.72762645915	0.00583527690115
4.74221789883	0.00552136741892
4.75680933852	0.00522029253341
4.77140077821	0.0049318002624
4.7859922179	0.00465562606672
4.80058365759	0.00439149399953
4.81517509728	0.00413911786851
4.82976653697	0.00389820240364
4.84435797665	0.00366844442344
4.85894941634	0.00344953399274
4.87354085603	0.00324115556568
4.88813229572	0.00304298910756
4.90272373541	0.00285471119013
4.9173151751	0.00267599605491
4.93190661479	0.00250651663992
4.94649805448	0.00234594556556
4.96108949416	0.0021939560759
4.97568093385	0.0020502229323
4.99027237354	0.0019144232566
5.00486381323	0.00178623732174
5.01945525292	0.00166534928834
5.03404669261	0.00155144788582
5.0486381323	0.00144422703762
5.06322957199	0.00134338643019
5.07782101167	0.00124863202589
5.09241245136	0.00115967652046
5.10700389105	0.00107623974593
5.12159533074	0.000998049020213
5.13618677043	0.000924839444936
5.15077821012	0.00085635415329
5.16536964981	0.000792344509904
5.1799610895	0.000732570264927
5.19455252918	0.000676799664686
5.20914396887	0.000624809521371
5.22373540856	0.0005763852443
5.23832684825	0.000531320835414
5.25291828794	0.000489418851621
5.26750972763	0.000450490336691
5.28210116732	0.00041435472534
5.29669260701	0.000380839722134
5.31128404669	0.00034978115779
5.32587548638	0.000321022825388
5.34046692607	0.000294416298907
5.35505836576	0.000269820736445
5.36964980545	0.000247102670336
5.38424124514	0.000226135786313
5.39883268483	0.000206800693695
5.41342412451	0.000188984688524
5.4280155642	0.000172581511378
5.44260700389	0.000157491101525
5.45719844358	0.000143619348923
5.47178988327	0.000130877845448
5.48638132296	0.00011918363662
5.50097276265	0.000108458974971
5.51556420234	9.86310760802e-05
5.53015564202	8.96318781859e-05
5.54474708171	8.13978061913e-05
5.5593385214	7.38695407543e-05
5.57392996109	6.69917930736e-05
5.58852140078	6.07130858808e-05
5.60311284047	5.49855410659e-05
5.61770428016	4.97646742824e-05
5.63229571985	4.50091968033e-05
5.64688715953	4.0680824831e-05
5.66147859922	3.67440964022e-05
5.67607003891	3.31661959707e-05
5.6906614786	2.99167866999e-05
5.70525291829	2.69678504504e-05
5.71984435798	2.42935354067e-05
5.73443579767	2.18700112518e-05
5.74902723736	1.96753317638e-05
5.76361867704	1.76893046846e-05
5.77821011673	1.58933686842e-05
5.79280155642	1.42704772264e-05
5.80739299611	1.28049891237e-05
5.8219844358	1.14825655574e-05
5.83657587549	1.02900733277e-05
5.85116731518	9.21549409057e-06
5.86575875487	8.24783933535e-06
5.88035019455	7.37707085026e-06
5.89494163424	6.59402642505e-06
5.90953307393	5.89035053894e-06
5.92412451362	5.25842978457e-06
5.93871595331	4.69133278182e-06
5.953307393	4.1827543402e-06
5.96789883269	3.72696363359e-06
5.98249027237	3.31875615757e-06
5.99708171206	2.95340924667e-06
6.01167315175	2.62664093583e-06
6.02626459144	2.33457195892e-06
6.04085603113	2.07369068472e-06
6.05544747082	1.84082079963e-06
6.07003891051	1.6330915547e-06
6.0846303502	1.44791040322e-06
6.09922178988	1.28293786367e-06
6.11381322957	1.13606445152e-06
6.12840466926	1.00538953146e-06
6.14299610895	8.89201950171e-07
6.15758754864	7.85962317737e-07
6.17217898833	6.94286813466e-07
6.18677042802	6.129323997e-07
6.20136186771	5.40783334341e-07
6.21595330739	4.76838879908e-07
6.23054474708	4.20202113686e-07
6.24513618677	3.70069749941e-07
6.25972762646	3.25722891314e-07
6.27431906615	2.86518632348e-07
6.28891050584	2.51882443606e-07
6.30350194553	2.2130127009e-07
6.31809338522	1.94317282564e-07
6.3326848249	1.70522225069e-07
6.34727626459	1.49552306239e-07
6.36186770428	1.3108358615e-07
6.37645914397	1.14827814231e-07
6.39105058366	1.00528677377e-07
6.40564202335	8.79584206924e-08
6.42023346304	7.69148064583e-08
6.43482490272	6.72183797377e-08
6.44941634241	5.87100117605e-08
6.4640077821	5.12486946892e-08
6.47859922179	4.47095636622e-08
6.49319066148	3.89821241347e-08
6.50778210117	3.39686644926e-08
6.52237354086	2.9582835717e-08
6.53696498055	2.57483815292e-08
6.55155642023	2.23980039758e-08
6.56614785992	1.94723508002e-08
6.58073929961	1.6919112238e-08
6.5953307393	1.46922160329e-08
6.60992217899	1.27511105489e-08
6.62451361868	1.10601268244e-08
6.63910505837	9.58791131205e-09
6.65369649806	8.3069218509e-09
6.66828793774	7.1929801629e-09
6.68287937743	6.22487483057e-09
6.69747081712	5.38400932585e-09
6.71206225681	4.65409020797e-09
6.7266536965	4.02085111075e-09
6.74124513619	3.47180859003e-09
6.75583657588	2.99604631192e-09
6.77042801557	2.58402443019e-09
6.78501945525	2.22741133515e-09
6.79961089494	1.91893525438e-09
6.81420233463	1.65225345803e-09
6.82879377432	1.42183706142e-09
6.84338521401	1.22286963751e-09
6.8579766537	1.05115804641e-09
6.87256809339	9.03054065334e-10
6.88715953308	7.75385558687e-10
6.90175097276	6.65396069499e-10
6.91634241245	5.70691838067e-10
6.93093385214	4.89195367527e-10
6.94552529183	4.19104754805e-10
6.96011673152	3.58858095828e-10
6.97470817121	3.07102352975e-10
6.9892996109	2.62666144105e-10
7.00389105058	2.2453597513e-10
7.01848249027	1.91835494556e-10
7.03307392996	1.63807397658e-10
7.04766536965	1.39797652835e-10
7.06225680934	1.19241761033e-10
7.07684824903	1.01652794292e-10
7.09143968872	8.66109899313e-11
7.10603112841	7.37547040745e-11
7.12062256809	6.27725520579e-11
7.13521400778	5.33965845879e-11
7.14980544747	4.53963668719e-11
7.16439688716	3.85738447811e-11
7.17898832685	3.27588961882e-11
7.19357976654	2.78054785786e-11
7.20817120623	2.35882951596e-11
7.22276264592	1.99999115689e-11
7.2373540856	1.69482638381e-11
7.25194552529	1.43545059419e-11
7.26653696498	1.21511517895e-11
7.28112840467	1.02804724748e-11
7.29571984436	8.6931145296e-12
7.31031128405	7.34690950086e-12
7.32490272374	6.20584897709e-12
7.33949416343	5.23920265557e-12
7.35408560311	4.42075993827e-12
7.3686770428	3.7281781853e-12
7.38326848249	3.14242294306e-12
7.39785992218	2.64728750802e-12
7.41245136187	2.22898080792e-12
7.42704280156	1.87577412031e-12
7.44163424125	1.57769840231e-12
7.45622568094	1.32628515815e-12
7.47081712062	1.11434469761e-12
7.48540856031	9.35776531443e-13
7.5	7.85407304605e-13
7.51459143969	6.58852391711e-13
7.52918287938	5.52397833065e-13
7.54377431907	4.62899475907e-13
7.55836575876	3.87697071747e-13
7.57295719844	3.24541088231e-13
7.58754863813	2.71530371544e-13
7.60214007782	2.27059105262e-13
7.61673151751	1.89771692909e-13
7.6313229572	1.58524416018e-13
7.64591439689	1.32352859484e-13
7.66050583658	1.10444259524e-13
7.67509727627	9.21140401102e-14
7.68968871595	7.67859194675e-14
7.70428015564	6.39750494446e-14
7.71887159533	5.32737375577e-14
7.73346303502	4.43393583149e-14
7.74805447471	3.68841301204e-14
7.7626459144	3.06664705801e-14
7.77723735409	2.54836924517e-14
7.79182879378	2.11658357612e-14
7.80642023346	1.75704625836e-14
7.82101167315	1.45782659375e-14
7.83560311284	1.2089369277e-14
7.85019455253	1.00202074501e-14
7.86478599222	8.30090169847e-15
7.87937743191	6.87305002646e-15
7.8939688716	5.68786929124e-15
7.90856031129	4.70463311009e-15
7.92315175097	3.8893600658e-15
7.93774319066	3.21371204845e-15
7.95233463035	2.65407007684e-15
7.96692607004	2.19075898008e-15
7.98151750973	1.80739796929e-15
7.99610894942	1.49035637747e-15
8.01070038911	1.22829818431e-15
8.0252918288	1.0118007377e-15
8.03988326848	8.33036152475e-16
8.05447470817	6.85504874823e-16
8.06906614786	5.63813274521e-16
8.08365758755	4.63487736481e-16
8.09824902724	3.80819853193e-16
8.11284046693	3.12737145153e-16
8.12743190662	2.56695397162e-16
8.1420233463	2.10588936727e-16
8.15661478599	1.72676031509e-16
8.17120622568	1.41516714243e-16
8.18579766537	1.15921190327e-16
8.20038910506	9.49068345559e-17
8.21498054475	7.76625903167e-17
8.22957198444	6.35193622144e-17
8.24416342413	5.19254720788e-17
8.25875486381	4.24262795859e-17
8.2733463035	3.46473326622e-17
8.28793774319	2.82803717866e-17
8.30252918288	2.30717831988e-17
8.31712062257	1.88129991812e-17
8.33171206226	1.5332604736e-17
8.34630350195	1.24897860501e-17
8.36089494164	1.01689337239e-17
8.37548638132	8.27517634594e-18
8.39007782101	6.73070726365e-18
8.4046692607	5.47174357401e-18
8.41926070039	4.44603522888e-18
8.43385214008	3.61078962958e-18
8.44844357977	2.93098655708e-18
8.46303501946	2.37797832868e-18
8.47762645915	1.92834488982e-18
8.49221789883	1.56294641761e-18
8.50680933852	1.26615367807e-18
8.52140077821	1.0252068888e-18
8.5359922179	8.29698337123e-19
8.55058365759	6.71138975723e-19
8.56517509728	5.4261091184e-19
8.57976653697	4.38478334474e-19
8.59435797666	3.54153930818e-19
8.60894941634	2.85903639518e-19
8.62354085603	2.30691354125e-19
8.63813229572	1.86048674783e-19
8.65272373541	1.49971054487e-19
8.6673151751	1.2082955602e-19
8.68190661479	9.73026690141e-20
8.69649805448	7.8317996792e-20
8.71108949416	6.3006432526e-20
8.72568093385	5.06632645729e-20
8.74027237354	4.07180794891e-20
8.75486381323	3.27089089159e-20
8.76945525292	2.62623597699e-20
8.78404669261	2.10760235522e-20
8.7986381323	1.69056554522e-20
8.81322957199	1.35538540814e-20
8.82782101167	1.08613234697e-20
8.84241245136	8.69939274839e-21
8.85700389105	6.96439670017e-21
8.87159533074	5.57265031616e-21
8.88618677043	4.45691297603e-21
8.90077821012	3.56285390467e-21
8.91536964981	2.84679599441e-21
8.9299610895	2.27355261992e-21
8.94455252918	1.81488993709e-21
8.95914396887	1.44804832393e-21
8.97373540856	1.15480805883e-21
8.98832684825	9.20490916485e-22
9.00291828794	7.33391791351e-22
9.01750972763	5.84050532656e-22
9.03210116732	4.64908628903e-22
9.04669260701	3.69895530633e-22
9.06128404669	2.94168888069e-22
9.07587548638	2.33830245249e-22
9.09046692607	1.85779735799e-22
9.10505836576	1.47522338162e-22
9.11964980545	1.17099965785e-22
9.13424124514	9.29102188873e-23
9.14883268483	7.36889043519e-23
9.16342412452	5.84173770255e-23
9.1780155642	4.62939024375e-23
9.19260700389	3.66681029724e-23
9.20719844358	2.90316997485e-23
9.22178988327	2.29719581633e-23
9.23638132296	1.81723261201e-23
9.25097276265	1.4369565965e-23
9.26556420234	1.13597288943e-23
9.28015564202	8.97628839743e-24
9.29474708171	7.09163061315e-24
9.3093385214	5.60009280697e-24
9.32392996109	4.42059662688e-24
9.33852140078	3.48666362877e-24
9.35311284047	2.75075864508e-24
9.36770428016	2.1695607863e-24
9.38229571985	1.71137473109e-24
9.39688715953	1.34944731179e-24
9.41147859922	1.0642538089e-24
9.42607003891	8.38761253517e-25
9.4406614786	6.6101262044e-25
9.45525291829	5.20235588155e-25
9.46984435798	4.09842292645e-25
9.48443579767	3.23034494207e-25
9.49902723736	2.54843129471e-25
9.51361867704	2.00890459331e-25
9.52821011673	1.5861622384e-25
9.54280155642	1.25141918417e-25
9.55739299611	9.87830301652e-26
9.5719844358	7.77522951569e-26
9.58657587549	6.14000825882e-26
9.60116731518	4.85100499963e-26
9.61575875487	3.84666275534e-26
9.63035019455	3.04702628571e-26
9.64494163424	2.42107774233e-26
9.65953307393	1.92015666915e-26
9.67412451362	1.52547383984e-26
9.68871595331	1.20254260424e-26
9.703307393	9.56631343769e-27
9.71789883269	7.6306623217e-27
9.73249027237	6.12078604968e-27
9.74708171206	4.92080716902e-27
9.76167315175	3.97644831265e-27
9.77626459144	3.18282686855e-27
9.79085603113	2.5609397586e-27
9.80544747082	2.03935375303e-27
9.82003891051	1.66047780516e-27
9.8346303502	1.36576843568e-27
9.84922178988	1.1472825375e-27
9.86381322957	9.6663863621e-28
9.87840466926	8.35657598558e-28
9.89299610895	7.24419912741e-28
9.90758754864	6.30700822653e-28
9.92217898833	5.59274796318e-28
9.93677042802	5.07652843172e-28
9.95136186771	4.60189442671e-28
9.96595330739	4.25775359528e-28
9.98054474708	3.93641346021e-28
9.99513618677	3.68923454151e-28
10.0097276265	3.50203060973e-28
10.0243190661	3.41483533079e-28
10.0389105058	3.43802480296e-28
10.0535019455	3.44485154605e-28
10.0680933852	3.44824808535e-28
10.0826848249	3.44876265777e-28
10.0972762646	3.46759679025e-28
10.1118677043	3.44989672928e-28
10.126459144	3.48574658536e-28
10.1410505837	3.59206923122e-28
10.1556420233	3.85653937614e-28
10.170233463	3.97656682816e-28
10.1848249027	4.10837453767e-28
10.1994163424	4.14473637788e-28
10.2140077821	4.2002327337e-28
10.2285992218	4.27496767433e-28
10.2431906615	4.43089357615e-28
10.2577821012	4.61679878499e-28
10.2723735409	5.00407738899e-28
10.2869649805	5.15258227534e-28
10.3015564202	5.29959719866e-28
10.3161478599	5.37111982064e-28
10.3307392996	5.43459571494e-28
10.3453307393	5.40718627433e-28
10.359922179	5.5122591971e-28
10.3745136187	5.68624220539e-28
10.3891050584	6.08140876049e-28
10.4036964981	6.24948556055e-28
10.4182879377	6.40016787129e-28
10.4328793774	6.47639663528e-28
10.4474708171	6.58354324005e-28
10.4620622568	6.5879179179e-28
10.4766536965	6.74645754066e-28
10.4912451362	6.97168937267e-28
10.5058365759	7.49184784668e-28
10.5204280156	7.65575975393e-28
10.5350194553	7.75006247351e-28
10.5496108949	7.71885952709e-28
10.5642023346	7.75650663027e-28
10.5787937743	7.70396759803e-28
10.593385214	7.76945652302e-28
10.6079766537	7.90135960023e-28
10.6225680934	8.34653116087e-28
10.6371595331	8.37795531334e-28
10.6517509728	8.38717084639e-28
10.6663424125	8.30190795634e-28
10.6809338521	8.28388430899e-28
10.6955252918	8.21281413759e-28
10.7101167315	8.31368395448e-28
10.7247081712	8.43249206504e-28
10.7392996109	8.81467206317e-28
10.7538910506	8.86288639004e-28
10.7684824903	8.93540178613e-28
10.78307393	8.92244984075e-28
10.7976653697	9.04038625881e-28
10.8122568093	8.95681407333e-28
10.826848249	8.97357282284e-28
10.8414396887	9.06566119371e-28
10.8560311284	9.46856381918e-28
10.8706225681	9.51385814212e-28
10.8852140078	9.49379082747e-28
10.8998054475	9.33730904675e-28
10.9143968872	9.35236768537e-28
10.9289883268	9.24715458035e-28
10.9435797665	9.22733169589e-28
10.9581712062	9.23776884349e-28
10.9727626459	9.63415609878e-28
10.9873540856	9.64369067219e-28
11.0019455253	9.58199072185e-28
11.016536965	9.53984477191e-28
11.0311284047	9.60774905873e-28
11.0457198444	9.8069766417e-28
11.060311284	1.02367888183e-27
11.0749027237	1.07422719425e-27
11.0894941634	1.17828348183e-27
11.1040856031	1.28714429087e-27
11.1186770428	1.44218450382e-27
11.1332684825	1.64601524974e-27
11.1478599222	1.93818091337e-27
11.1624513619	2.343716006e-27
11.1770428016	2.91746070341e-27
11.1916342412	3.70727565648e-27
11.2062256809	4.81350802427e-27
11.2208171206	6.22901280786e-27
11.2354085603	8.28432359185e-27
11.25	1.01912572351e-26
11.2645914397	8.2765536134e-27
11.2791828794	6.19949687738e-27
11.2937743191	4.74430118929e-27
11.3083657588	3.61471672049e-27
11.3229571984	2.77762168161e-27
11.3375486381	2.14972741741e-27
11.3521400778	1.68050481305e-27
11.3667315175	1.32564511014e-27
11.3813229572	1.05336470601e-27
11.3959143969	8.65577219711e-28
11.4105058366	7.28241371392e-28
11.4250972763	6.28553480824e-28
11.439688716	5.52396501068e-28
11.4542801556	4.96248711964e-28
11.4688715953	4.54935987101e-28
11.483463035	4.2835684911e-28
11.4980544747	4.03821430764e-28
11.5126459144	3.95909291987e-28
11.5272373541	3.86178932519e-28
11.5418287938	3.79259487617e-28
11.5564202335	3.74406496499e-28
11.5710116732	3.74466119291e-28
11.5856031128	3.7077843343e-28
11.6001945525	3.74408480984e-28
11.6147859922	3.71054906108e-28
11.6293774319	3.79013666762e-28
11.6439688716	3.81461918106e-28
11.6585603113	3.77995981568e-28
11.673151751	3.61988436916e-28
11.6877431907	3.63353783433e-28
11.7023346304	3.60867221382e-28
11.71692607	3.62984001597e-28
11.7315175097	3.65251304579e-28
11.7461089494	3.79652087713e-28
11.7607003891	3.96550187681e-28
11.7752918288	4.19043921918e-28
11.7898832685	4.36063950855e-28
11.8044747082	4.5978147852e-28
11.8190661479	4.7972133716e-28
11.8336575876	5.01501355937e-28
11.8482490272	5.16219051552e-28
11.8628404669	5.46456926914e-28
11.8774319066	5.74254444848e-28
11.8920233463	5.98984306801e-28
11.906614786	6.13094061796e-28
11.9212062257	6.29998155837e-28
11.9357976654	6.35029704546e-28
11.9503891051	6.44960047384e-28
11.9649805447	6.39892317628e-28
11.9795719844	6.41440503271e-28
11.9941634241	6.34393217394e-28
12.0087548638	6.25865447013e-28
12.0233463035	6.11085562228e-28
12.0379377432	6.11612443188e-28
12.0525291829	6.0498892259e-28
12.0671206226	5.96555341589e-28
12.0817120623	5.85566797473e-28
12.0963035019	5.88727331725e-28
12.1108949416	5.91314807111e-28
12.1254863813	6.0354517782e-28
12.140077821	6.19525089861e-28
12.1546692607	6.37206535853e-28
12.1692607004	6.43436717345e-28
12.1838521401	6.4884483711e-28
12.1984435798	6.44065232415e-28
12.2130350195	6.48277477604e-28
12.2276264591	6.48899899462e-28
12.2422178988	6.54169638431e-28
12.2568093385	6.6611547761e-28
12.2714007782	6.80673102547e-28
12.2859922179	6.86226491985e-28
12.3005836576	6.97770887953e-28
12.3151750973	6.97690391399e-28
12.329766537	7.01567064299e-28
12.3443579767	7.06703172999e-28
12.3589494163	7.09639551547e-28
12.373540856	7.16321488096e-28
12.3881322957	7.30822301039e-28
12.4027237354	7.36184835859e-28
12.4173151751	7.35908492385e-28
12.4319066148	7.29404732017e-28
12.4464980545	7.30527167842e-28
12.4610894942	7.33780268099e-28
12.4756809339	7.48246894189e-28
12.4902723735	7.66849933337e-28
12.5048638132	7.84131467509e-28
12.5194552529	7.93458996223e-28
12.5340466926	7.9627438381e-28
12.5486381323	7.87470267939e-28
12.563229572	7.8494850985e-28
12.5778210117	7.80581579031e-28
12.5924124514	7.74375818528e-28
12.6070038911	7.77985794829e-28
12.6215953307	7.71717917442e-28
12.6361867704	7.59964096289e-28
12.6507782101	7.44145017716e-28
12.6653696498	7.27154198864e-28
12.6799610895	7.2311785312e-28
12.6945525292	7.27450840293e-28
12.7091439689	7.40245672341e-28
12.7237354086	7.72125208073e-28
12.7383268483	7.92503206747e-28
12.7529182879	7.94993054669e-28
12.7675097276	7.85719741112e-28
12.7821011673	7.7757456828e-28
12.796692607	7.69460283951e-28
12.8112840467	7.74181746267e-28
12.8258754864	7.91907136832e-28
12.8404669261	8.22449914429e-28
12.8550583658	8.33269483485e-28
12.8696498054	8.36462174393e-28
12.8842412451	8.26001238551e-28
12.8988326848	8.08298169849e-28
12.9134241245	8.0253970174e-28
12.9280155642	8.05880556449e-28
12.9426070039	8.09455782029e-28
12.9571984436	8.20217802294e-28
12.9717898833	8.18594829542e-28
12.986381323	8.13052999944e-28
13.0009727626	7.99224889522e-28
13.0155642023	7.84589193917e-28
13.030155642	7.72179500518e-28
13.0447470817	7.70996550666e-28
13.0593385214	7.79328123646e-28
13.0739299611	8.10618980351e-28
13.0885214008	8.23504526577e-28
13.1031128405	8.20690729697e-28
13.1177042802	8.07912276303e-28
13.1322957198	7.96630044425e-28
13.1468871595	7.866722218e-28
13.1614785992	7.91979348331e-28
13.1760700389	8.1023768224e-28
13.1906614786	8.48105023962e-28
13.2052529183	8.54200178466e-28
13.219844358	8.61326179675e-28
13.2344357977	8.49019452565e-28
13.2490272374	8.34249373276e-28
13.263618677	8.30081057073e-28
13.2782101167	8.32396272843e-28
13.2928015564	8.31977169742e-28
13.3073929961	8.61587968919e-28
13.3219844358	8.72747507446e-28
13.3365758755	8.76019403359e-28
13.3511673152	8.59074631883e-28
13.3657587549	8.45345828516e-28
13.3803501946	8.30303472274e-28
13.3949416342	8.25903407355e-28
13.4095330739	8.36735834255e-28
13.4241245136	8.73136130422e-28
13.4387159533	8.80180299862e-28
13.453307393	8.85475225109e-28
13.4678988327	8.79283278009e-28
13.4824902724	8.7438355369e-28
13.4970817121	8.60289056589e-28
13.5116731518	8.66974619692e-28
13.5262645914	8.82250734463e-28
13.5408560311	9.21539429054e-28
13.5554474708	9.38804125224e-28
13.5700389105	9.52031050807e-28
13.5846303502	9.43607933219e-28
13.5992217899	9.33456907874e-28
13.6138132296	9.27031502317e-28
13.6284046693	9.35591768842e-28
13.642996109	9.42548988796e-28
13.6575875486	9.89744555071e-28
13.6721789883	1.00699484973e-27
13.686770428	1.01018062985e-27
13.7013618677	1.00443091737e-27
13.7159533074	1.00904524774e-27
13.7305447471	1.00471381861e-27
13.7451361868	1.0097190637e-27
13.7597276265	1.02077692221e-27
13.7743190661	1.06189421309e-27
13.7889105058	1.06572588052e-27
13.8035019455	1.07056981314e-27
13.8180933852	1.05433969683e-27
13.8326848249	1.04240546194e-27
13.8472762646	1.03678875299e-27
13.8618677043	1.05016222522e-27
13.876459144	1.0604393908e-27
13.8910505837	1.0990859913e-27
13.9056420233	1.10858705252e-27
13.920233463	1.11506563637e-27
13.9348249027	1.09993112902e-27
13.9494163424	1.10076179634e-27
13.9640077821	1.09884493934e-27
13.9785992218	1.11116486203e-27
13.9931906615	1.12014670416e-27
14.0077821012	1.16708109039e-27
14.0223735409	1.17520992624e-27
14.0369649805	1.17029103972e-27
14.0515564202	1.15335812491e-27
14.0661478599	1.14785278148e-27
14.0807392996	1.12793938412e-27
14.0953307393	1.13368415365e-27
14.109922179	1.14683269566e-27
14.1245136187	1.1946800506e-27
14.1391050584	1.19622354742e-27
14.1536964981	1.19726724244e-27
14.1682879377	1.17853387091e-27
14.1828793774	1.16604022805e-27
14.1974708171	1.14942420209e-27
14.2120622568	1.14978765065e-27
14.2266536965	1.15100442281e-27
14.2412451362	1.19837323457e-27
14.2558365759	1.21160510159e-27
14.2704280156	1.21765183498e-27
14.2850194553	1.19508815012e-27
14.2996108949	1.19006356399e-27
14.3142023346	1.17661923776e-27
14.3287937743	1.17848980134e-27
14.343385214	1.18525405241e-27
14.3579766537	1.23435233577e-27
14.3725680934	1.23856171331e-27
14.3871595331	1.23065187241e-27
14.4017509728	1.20719575264e-27
14.4163424125	1.19735527752e-27
14.4309338521	1.1714284993e-27
14.4455252918	1.16980624152e-27
14.4601167315	1.16890961395e-27
14.4747081712	1.2042045621e-27
14.4892996109	1.20551245234e-27
14.5038910506	1.21136312941e-27
14.5184824903	1.19573599191e-27
14.53307393	1.19083651094e-27
14.5476653697	1.18424896403e-27
14.5622568093	1.18554813641e-27
14.576848249	1.1794861637e-27
14.5914396887	1.2211766252e-27
14.6060311284	1.22363497949e-27
14.6206225681	1.22330858651e-27
14.6352140078	1.1937906886e-27
14.6498054475	1.17865499574e-27
14.6643968872	1.1577001527e-27
14.6789883268	1.14434040718e-27
14.6935797665	1.12990465995e-27
14.7081712062	1.14930418864e-27
14.7227626459	1.12995696863e-27
14.7373540856	1.11489662813e-27
14.7519455253	1.07862792761e-27
14.766536965	1.05871738984e-27
14.7811284047	1.01859384406e-27
14.7957198444	9.97072274087e-28
14.810311284	9.69746399807e-28
14.8249027237	9.58915096441e-28
14.8394941634	9.12507407235e-28
14.8540856031	8.63908406104e-28
14.8686770428	8.01015656868e-28
14.8832684825	7.58456910214e-28
14.8978599222	7.25556983364e-28
14.9124513619	7.22068358693e-28
14.9270428016	7.55338391581e-28
14.9416342412	8.84596976942e-28
14.9562256809	1.11514207461e-27
14.9708171206	1.49883563904e-27
14.9854085603	2.23574406067e-27
15.0	3.02390650779e-27
