-14.9854085603	2.48110137814e-27
-14.9708171206	1.48210694776e-27
-14.9562256809	9.10227120177e-28
-14.9416342412	5.35789197447e-28
-14.9270428016	3.22119765081e-28
-14.9124513619	1.98786389368e-28
-14.8978599222	1.37710668427e-28
-14.8832684825	1.11942357971e-28
-14.8686770428	1.11302186948e-28
-14.8540856031	1.18513956191e-28
-14.8394941634	1.33721341195e-28
-14.8249027237	1.37707658891e-28
-14.810311284	1.55425712939e-28
-14.7957198444	1.70305793303e-28
-14.7811284047	1.92628912255e-28
-14.766536965	2.08191984407e-28
-14.7519455253	2.24700698056e-28
-14.7373540856	2.3521401333e-28
-14.7227626459	2.39568798559e-28
-14.7081712062	2.2401852557e-28
-14.6935797665	2.28641503376e-28
-14.6789883268	2.33443469524e-28
-14.6643968872	2.45124669914e-28
-14.6498054475	2.52375291108e-28
-14.6352140078	2.6764501102e-28
-14.6206225681	2.70033937501e-28
-14.6060311284	2.69481799111e-28
-14.5914396887	2.52571489898e-28
-14.576848249	2.51401329825e-28
-14.5622568093	2.52115631609e-28
-14.5476653696	2.64678438839e-28
-14.53307393	2.68167429894e-28
-14.5184824903	2.77816607433e-28
-14.5038910506	2.79188136897e-28
-14.4892996109	2.79853450904e-28
-14.4747081712	2.62231757272e-28
-14.4601167315	2.61531457842e-28
-14.4455252918	2.60731460804e-28
-14.4309338521	2.71516301345e-28
-14.4163424125	2.73970294778e-28
-14.4017509728	2.81291667328e-28
-14.3871595331	2.79770450864e-28
-14.3725680934	2.77539206014e-28
-14.3579766537	2.55043207027e-28
-14.343385214	2.50056873269e-28
-14.3287937743	2.46907662536e-28
-14.3142023346	2.5539238614e-28
-14.2996108949	2.58477679498e-28
-14.2850194553	2.67535648796e-28
-14.2704280156	2.67594105609e-28
-14.2558365759	2.65566274118e-28
-14.2412451362	2.44893080187e-28
-14.2266536965	2.42466943112e-28
-14.2120622568	2.3876579982e-28
-14.1974708171	2.45754508904e-28
-14.1828793774	2.46606807101e-28
-14.1682879377	2.51948156813e-28
-14.1536964981	2.48198839102e-28
-14.1391050584	2.42200810389e-28
-14.1245136187	2.16904302169e-28
-14.109922179	2.11920945515e-28
-14.0953307393	2.06737802975e-28
-14.0807392996	2.12395181828e-28
-14.0661478599	2.14245852917e-28
-14.0515564202	2.20402227576e-28
-14.0369649805	2.17454677641e-28
-14.0223735409	2.13864413524e-28
-14.0077821012	1.91632583132e-28
-13.9931906615	1.86111493543e-28
-13.9785992218	1.80868617849e-28
-13.9640077821	1.85104011824e-28
-13.9494163424	1.8335934637e-28
-13.9348249027	1.86790295005e-28
-13.920233463	1.8231561397e-28
-13.9056420233	1.76368134357e-28
-13.8910505837	1.55254619295e-28
-13.876459144	1.50055440036e-28
-13.8618677043	1.44786093032e-28
-13.8472762646	1.48385345211e-28
-13.8326848249	1.48477946908e-28
-13.8180933852	1.53495172506e-28
-13.8035019455	1.511788585e-28
-13.7889105058	1.45749339579e-28
-13.7743190661	1.26381996958e-28
-13.7597276265	1.21678405408e-28
-13.7451361868	1.17560144634e-28
-13.7305447471	1.21111854987e-28
-13.7159533074	1.21411702421e-28
-13.7013618677	1.25367217495e-28
-13.686770428	1.21445520856e-28
-13.6721789883	1.16927929712e-28
-13.6575875486	9.96531785942e-29
-13.6429961089	9.45645295861e-29
-13.6284046693	9.15758949733e-29
-13.6138132296	9.39604434766e-29
-13.5992217899	9.45075745078e-29
-13.5846303502	9.92698574208e-29
-13.5700389105	9.71015153987e-29
-13.5554474708	9.30863748567e-29
-13.5408560311	7.84809776675e-29
-13.5262645914	7.5429858193e-29
-13.5116731518	7.31079899449e-29
-13.4970817121	7.61040551692e-29
-13.4824902724	7.79940894595e-29
-13.4678988327	8.16522789199e-29
-13.453307393	7.97189304246e-29
-13.4387159533	7.6117584903e-29
-13.4241245136	6.33164404873e-29
-13.4095330739	6.02859092511e-29
-13.3949416342	5.74517382429e-29
-13.3803501946	5.90610545202e-29
-13.3657587549	6.03728955117e-29
-13.3511673152	6.42269164297e-29
-13.3365758755	6.38927009907e-29
-13.3219844358	6.31183683345e-29
-13.3073929961	5.60827537902e-29
-13.2928015564	5.52443779367e-29
-13.2782101167	5.54022860874e-29
-13.263618677	5.73414070976e-29
-13.2490272374	5.70271561897e-29
-13.2344357977	5.95204264468e-29
-13.219844358	5.86042445668e-29
-13.2052529183	5.7583757387e-29
-13.1906614786	5.2264925252e-29
-13.1760700389	5.18867589574e-29
-13.1614785992	5.16874020389e-29
-13.1468871595	5.29675924078e-29
-13.1322957198	5.31857058213e-29
-13.1177042802	5.40583727809e-29
-13.1031128405	5.20368817701e-29
-13.0885214008	4.83208266724e-29
-13.0739299611	4.10816352886e-29
-13.0593385214	3.91710813938e-29
-13.0447470817	3.79840071665e-29
-13.030155642	3.60632994732e-29
-13.0155642023	3.51432453028e-29
-13.0009727626	3.55934403443e-29
-12.986381323	3.43834407799e-29
-12.9717898833	3.37379882579e-29
-12.9571984436	3.25264519768e-29
-12.9426070039	3.28671698824e-29
-12.9280155642	3.40713415547e-29
-12.9134241245	3.44160334012e-29
-12.8988326848	3.56614054751e-29
-12.8842412451	3.76412652327e-29
-12.8696498054	4.06438752572e-29
-12.8550583658	4.45786813308e-29
-12.8404669261	5.21784460978e-29
-12.8258754864	5.91005295965e-29
-12.8112840467	6.54846083667e-29
-12.796692607	6.82014101462e-29
-12.7821011673	7.20340434358e-29
-12.7675097276	7.36242499923e-29
-12.7529182879	7.65624605034e-29
-12.7383268482	7.92926437046e-29
-12.7237354086	8.43456326089e-29
-12.7091439689	8.64205713051e-29
-12.6945525292	9.01614170172e-29
-12.6799610895	8.88361438952e-29
-12.6653696498	8.982129626e-29
-12.6507782101	9.00780471248e-29
-12.6361867704	9.37684644507e-29
-12.6215953307	9.96604190273e-29
-12.6070038911	1.12797434289e-28
-12.5924124514	1.18771155382e-28
-12.5778210117	1.25466390607e-28
-12.563229572	1.22914733814e-28
-12.5486381323	1.24099935098e-28
-12.5340466926	1.2375169867e-28
-12.5194552529	1.29438441785e-28
-12.5048638132	1.38388583983e-28
-12.4902723735	1.61905298838e-28
-12.4756809339	1.74188898695e-28
-12.4610894942	1.87397194637e-28
-12.4464980545	1.91340878361e-28
-12.4319066148	1.99309825224e-28
-12.4173151751	2.03264961091e-28
-12.4027237354	2.14352395158e-28
-12.3881322957	2.27081666107e-28
-12.373540856	2.58320312036e-28
-12.3589494163	2.74911985159e-28
-12.3443579767	2.91001793691e-28
-12.329766537	2.95518498954e-28
-12.3151750973	3.06647479441e-28
-12.3005836576	3.10551350443e-28
-12.2859922179	3.23652434904e-28
-12.2714007782	3.42420727288e-28
-12.2568093385	3.82383295602e-28
-12.2422178988	4.0335355033e-28
-12.2276264591	4.24533973025e-28
-12.2130350195	4.26555483812e-28
-12.1984435798	4.35310155498e-28
-12.1838521401	4.38979273018e-28
-12.1692607004	4.50009221502e-28
-12.1546692607	4.61010071915e-28
-12.140077821	4.98866164343e-28
-12.1254863813	5.12263015111e-28
-12.1108949416	5.23340632959e-28
-12.0963035019	5.15420426921e-28
-12.0817120623	5.13759466465e-28
-12.0671206226	5.12913964689e-28
-12.0525291829	5.25582747504e-28
-12.0379377432	5.40423146033e-28
-12.0233463035	5.83184077351e-28
-12.0087548638	6.00106758752e-28
-11.9941634241	6.15386181777e-28
-11.9795719844	6.11400435717e-28
-11.9649805447	6.18627799956e-28
-11.9503891051	6.16640404856e-28
-11.9357976654	6.30883756352e-28
-11.9212062257	6.52936158835e-28
-11.906614786	7.03618065803e-28
-11.8920233463	7.21432377794e-28
-11.8774319066	7.35892117976e-28
-11.8628404669	7.24360680204e-28
-11.8482490272	7.17666800579e-28
-11.8336575875	7.0989713265e-28
-11.8190661479	7.1679218004e-28
-11.8044747082	7.25783158911e-28
-11.7898832685	7.70155456727e-28
-11.7752918288	7.78767998334e-28
-11.7607003891	7.83403587547e-28
-11.7461089494	7.66473911224e-28
-11.7315175097	7.60554107037e-28
-11.71692607	7.55121682102e-28
-11.7023346304	7.69399242187e-28
-11.6877431907	7.77517148992e-28
-11.673151751	8.1490466348e-28
-11.6585603113	8.21950236321e-28
-11.6439688716	8.22180548997e-28
-11.6293774319	7.98295493653e-28
-11.6147859922	7.81733793903e-28
-11.6001945525	7.62263512072e-28
-11.5856031128	7.64892876037e-28
-11.5710116732	7.70146772731e-28
-11.5564202335	7.99893087153e-28
-11.5418287938	7.85586450099e-28
-11.5272373541	7.72137342384e-28
-11.5126459144	7.31743762662e-28
-11.4980544747	6.92598029021e-28
-11.483463035	6.59975301233e-28
-11.4688715953	6.42196635033e-28
-11.4542801556	6.36609940849e-28
-11.439688716	6.66847853591e-28
-11.4250972763	6.60384645295e-28
-11.4105058366	6.64330560638e-28
-11.3959143969	6.71608501325e-28
-11.3813229572	7.31828041389e-28
-11.3667315175	8.45156981069e-28
-11.3521400778	1.04803882532e-27
-11.3375486381	1.34904196268e-27
-11.3229571984	1.80793070973e-27
-11.3083657588	2.43397195123e-27
-11.2937743191	3.3437575331e-27
-11.2791828794	4.56006973805e-27
-11.2645914397	6.43326427849e-27
-11.25	8.17706180852e-27
-11.2354085603	6.28612010939e-27
-11.2208171206	4.31641671759e-27
-11.2062256809	3.00492486982e-27
-11.1916342412	2.03089025553e-27
-11.1770428016	1.35662290717e-27
-11.1624513619	8.84231514958e-28
-11.1478599222	5.69184358061e-28
-11.1332684825	3.5903439204e-28
-11.1186770428	2.29886452022e-28
-11.1040856031	1.5790687246e-28
-11.0894941634	1.15594178049e-28
-11.0749027237	1.14931562276e-28
-11.060311284	1.34566947097e-28
-11.0457198444	1.74177611754e-28
-11.0311284047	2.16603745683e-28
-11.016536965	2.64675120634e-28
-11.0019455253	3.04129278321e-28
-10.9873540856	3.43393948331e-28
-10.9727626459	3.60238796611e-28
-10.9581712062	3.94974273468e-28
-10.9435797665	4.31219867212e-28
-10.9289883268	4.76567844111e-28
-10.9143968872	5.11943692111e-28
-10.8998054475	5.48336028113e-28
-10.8852140078	5.71751154984e-28
-10.8706225681	5.78861604112e-28
-10.8560311284	5.55218425799e-28
-10.8414396887	5.6094486801e-28
-10.826848249	5.63428829669e-28
-10.8122568093	5.79512050028e-28
-10.7976653696	5.88455281492e-28
-10.78307393	5.98020762053e-28
-10.7684824903	5.90995604272e-28
-10.7538910506	5.76449952221e-28
-10.7392996109	5.32127584119e-28
-10.7247081712	5.10272829629e-28
-10.7101167315	4.86807917727e-28
-10.6955252918	4.78020239754e-28
-10.6809338521	4.59483954936e-28
-10.6663424125	4.41109096009e-28
-10.6517509728	4.06036076008e-28
-10.6371595331	3.65426637583e-28
-10.6225680934	3.02942258201e-28
-10.6079766537	2.65786287547e-28
-10.593385214	2.32926696976e-28
-10.5787937743	2.17423086573e-28
-10.5642023346	2.0272979296e-28
-10.5496108949	2.01936439164e-28
-10.5350194553	2.0717552856e-28
-10.5204280156	2.30592741703e-28
-10.5058365759	2.73764119742e-28
-10.4912451362	3.72560043961e-28
-10.4766536965	5.31230517312e-28
-10.4620622568	7.77080215369e-28
-10.4474708171	1.12898116174e-27
-10.4328793774	1.6244117889e-27
-10.4182879377	2.32697861521e-27
-10.4036964981	3.31169330658e-27
-10.3891050584	4.69336912388e-27
-10.3745136187	6.54762522979e-27
-10.359922179	8.99203031419e-27
-10.3453307393	1.21802531527e-26
-10.3307392996	1.63779522644e-26
-10.3161478599	2.18320639007e-26
-10.3015564202	2.8951634954e-26
-10.2869649805	3.82740807434e-26
-10.2723735409	5.05023709198e-26
-10.2577821012	6.61963763005e-26
-10.2431906615	8.6596512618e-26
-10.2285992218	1.12874216331e-25
-10.2140077821	1.46805735483e-25
-10.1994163424	1.90644473183e-25
-10.1848249027	2.4715002601e-25
-10.170233463	3.19927414234e-25
-10.1556420233	4.1403941029e-25
-10.1410505837	5.34444935389e-25
-10.126459144	6.88723635992e-25
-10.1118677043	8.86633083246e-25
-10.0972762646	1.14022696842e-24
-10.0826848249	1.46447077002e-24
-10.0680933852	1.87980071836e-24
-10.0535019455	2.41145214337e-24
-10.0389105058	3.09242228606e-24
-10.0243190661	3.96161150263e-24
-10.0097276265	5.07106300417e-24
-9.99513618677	6.48671321839e-24
-9.98054474708	8.29262857958e-24
-9.96595330739	1.05942665793e-23
-9.9513618677	1.35268678827e-23
-9.93677042802	1.72634445272e-23
-9.92217898833	2.20202748275e-23
-9.90758754864	2.80650991108e-23
-9.89299610895	3.57468846629e-23
-9.87840466926	4.55008190003e-23
-9.86381322957	5.78854501718e-23
-9.84922178988	7.35998365562e-23
-9.83463035019	9.35316351798e-23
-9.82003891051	1.18802235827e-22
-9.80544747082	1.50831651661e-22
-9.79085603113	1.91383159705e-22
-9.77626459144	2.42704838294e-22
-9.76167315175	3.07623059835e-22
-9.74708171206	3.89698289552e-22
-9.73249027237	4.9340384127e-22
-9.71789883268	6.24390615023e-22
-9.703307393	7.89742670349e-22
-9.68871595331	9.98384387857e-22
-9.67412451362	1.261459821e-21
-9.65953307393	1.59301493312e-21
-9.64494163424	2.0106514744e-21
-9.63035019455	2.53646603251e-21
-9.61575875486	3.1981191108e-21
-9.60116731517	4.03030311403e-21
-9.58657587549	5.07641897464e-21
-9.5719844358	6.39080559816e-21
-9.55739299611	8.04124775201e-21
-9.54280155642	1.01126314735e-20
-9.52821011673	1.27109345201e-20
-9.51361867704	1.59685866774e-20
-9.49902723735	2.00507377507e-20
-9.48443579767	2.51633963161e-20
-9.46984435798	3.15633367481e-20
-9.45525291829	3.9570630801e-20
-9.4406614786	4.95832460611e-20
-9.42607003891	6.20970263687e-20
-9.41147859922	7.77285158156e-20
-9.39688715953	9.72442744258e-20
-9.38229571984	1.2159656753e-19
-9.36770428016	1.51968191156e-19
-9.35311284047	1.89826897634e-19
-9.33852140078	2.36993690293e-19
-9.32392996109	2.95725099689e-19
-9.3093385214	3.68818172357e-19
-9.29474708171	4.59736394598e-19
-9.28015564202	5.72767399641e-19
-9.26556420233	7.13214441624e-19
-9.25097276265	8.87635192059e-19
-9.23638132296	1.10413241874e-18
-9.22178988327	1.37271399577e-18
-9.20719844358	1.70573020502e-18
-9.19260700389	2.11842057636e-18
-9.1780155642	2.62957386571e-18
-9.16342412451	3.26234494682e-18
-9.14883268482	4.04525115091e-18
-9.13424124514	5.01339673586e-18
-9.11964980545	6.20996863514e-18
-9.10505836576	7.6880714144e-18
-9.09046692607	9.5129591384e-18
-9.07587548638	1.17647839875e-17
-9.06128404669	1.45419348568e-17
-9.046692607	1.79651235674e-17
-9.03210116731	2.21823611023e-17
-9.01750972763	2.73750391672e-17
-9.00291828794	3.37653217548e-17
-8.98832684825	4.1625173058e-17
-8.97373540856	5.12873070019e-17
-8.95914396887	6.31585696398e-17
-8.94455252918	7.77361445374e-17
-8.92996108949	9.56272912593e-17
-8.91536964981	1.17573281705e-16
-8.90077821012	1.44478480927e-16
-8.88618677043	1.77445586164e-16
-8.87159533074	2.17818390849e-16
-8.85700389105	2.6723351646e-16
-8.84241245136	3.27683184366e-16
-8.82782101167	4.01591029597e-16
-8.81322957198	4.91903892591e-16
-8.7986381323	6.02202697806e-16
-8.78404669261	7.368364563e-16
-8.76945525292	9.01083929949e-16
-8.75486381323	1.10134883396e-15
-8.74027237354	1.34539498789e-15
-8.72568093385	1.6426300028e-15
-8.71108949416	2.00444661472e-15
-8.69649805447	2.44463377089e-15
-8.68190661479	2.97987088924e-15
-8.6673151751	3.6303222917e-15
-8.65272373541	4.42035109463e-15
-8.63813229572	5.37937668452e-15
-8.62354085603	6.54290325944e-15
-8.60894941634	7.95375396581e-15
-8.59435797665	9.66354926034e-15
-8.57976653696	1.17344783557e-14
-8.56517509728	1.42414191245e-14
-8.55058365759	1.7274474677e-14
-8.5359922179	2.09420056883e-14
-8.52140077821	2.53742539995e-14
-8.50680933852	3.07276685789e-14
-8.49221789883	3.71900698012e-14
-8.47762645914	4.49868066739e-14
-8.46303501945	5.43880968377e-14
-8.44844357977	6.57177687139e-14
-8.43385214008	7.9363669054e-14
-8.41926070039	9.57900432057e-14
-8.4046692607	1.15552255989e-13
-8.39007782101	1.39314279912e-13
-8.37548638132	1.6786946468e-13
-8.36089494163	2.02165180059e-13
-8.34630350195	2.43332043309e-13
-8.33171206226	2.9271855603e-13
-8.31712062257	3.51932131201e-13
-8.30252918288	4.22887651791e-13
-8.28793774319	5.07864915318e-13
-8.2733463035	6.09576536141e-13
-8.25875486381	7.31248172062e-13
-8.24416342412	8.76713233306e-13
-8.22957198444	1.05052463325e-12
-8.21498054475	1.25808654906e-12
-8.20038910506	1.50580968316e-12
-8.18579766537	1.80129409099e-12
-8.17120622568	2.15354433865e-12
-8.15661478599	2.57322252285e-12
-8.1420233463	3.07294565476e-12
-8.12743190661	3.66763491343e-12
-8.11284046693	4.37492558136e-12
-8.09824902724	5.21564786483e-12
-8.08365758755	6.21439049645e-12
-8.06906614786	7.40016091484e-12
-8.05447470817	8.80715808492e-12
-8.03988326848	1.04756765233e-11
-8.02529182879	1.24531631651e-11
-8.0107003891	1.47954519961e-11
-7.99610894942	1.75682054469e-11
-7.98151750973	2.08485959796e-11
-7.96692607004	2.47272666045e-11
-7.95233463035	2.93106149884e-11
-7.93774319066	3.47234527932e-11
-7.92315175097	4.11120996931e-11
-7.90856031128	4.86479807385e-11
-7.89396887159	5.75318059085e-11
-7.87937743191	6.79984228688e-11
-7.86478599222	8.03224472904e-11
-7.85019455253	9.48247908771e-11
-7.83560311284	1.11880224799e-10
-7.82101167315	1.31926136699e-10
-7.80642023346	1.55472662324e-10
-7.79182879377	1.83114399448e-10
-7.77723735409	2.15543941246e-10
-7.7626459144	2.53567500788e-10
-7.74805447471	2.98122936653e-10
-7.73346303502	3.50300533777e-10
-7.71887159533	4.11366943078e-10
-7.70428015564	4.82792740328e-10
-7.68968871595	5.66284127735e-10
-7.67509727626	6.63819374841e-10
-7.66050583658	7.77690675735e-10
-7.64591439689	9.10552192459e-10
-7.6313229572	1.06547515758e-09
-7.61673151751	1.24601102614e-09
-7.60214007782	1.45626379832e-09
-7.58754863813	1.70097278218e-09
-7.57295719844	1.98560723146e-09
-7.55836575875	2.31647448049e-09
-7.54377431907	2.70084340557e-09
-7.52918287938	3.14708527746e-09
-7.51459143969	3.66483432991e-09
-7.5	4.26517066092e-09
-7.48540856031	4.96082841049e-09
-7.47081712062	5.76643252941e-09
-7.45622568093	6.69876783161e-09
-7.44163424124	7.7770845109e-09
-7.42704280156	9.02344477709e-09
-7.41245136187	1.04631158293e-08
-7.39785992218	1.21250150004e-08
-7.38326848249	1.40422135891e-08
-7.3686770428	1.62525066466e-08
-7.35408560311	1.87990568244e-08
-7.33949416342	2.17311213003e-08
-7.32490272373	2.51048718214e-08
-7.31031128405	2.89843190087e-08
-7.29571984436	3.34423532991e-08
-7.28112840467	3.85619162407e-08
-7.26653696498	4.44373173334e-08
-7.25194552529	5.11757132144e-08
-7.2373540856	5.88987677576e-08
-7.22276264591	6.77445135682e-08
-7.20817120623	7.78694374623e-08
-7.19357976654	8.94508147854e-08
-7.17898832685	1.02689319913e-07
-7.16439688716	1.17811942951e-07
-7.14980544747	1.35075245571e-07
-7.13521400778	1.54768992037e-07
-7.12062256809	1.77220194901e-07
-7.1060311284	2.02797618456e-07
-7.09143968872	2.31916786983e-07
-7.07684824903	2.65045549027e-07
-7.06225680934	3.02710253426e-07
-7.04766536965	3.45502597642e-07
-7.03307392996	3.94087214062e-07
-7.01848249027	4.49210065359e-07
-7.00389105058	5.11707725811e-07
-6.98929961089	5.8251763156e-07
-6.97470817121	6.62689389233e-07
-6.96011673152	7.53397239135e-07
-6.94552529183	8.5595377629e-07
-6.93093385214	9.71825040062e-07
-6.91634241245	1.10264709077e-06
-6.90175097276	1.25024419975e-06
-6.88715953307	1.4166487875e-06
-6.87256809338	1.60412325321e-06
-6.8579766537	1.81518384742e-06
-6.84338521401	2.0526267486e-06
-6.82879377432	2.31955651318e-06
-6.81420233463	2.61941707764e-06
-6.79961089494	2.95602550016e-06
-6.78501945525	3.33360863788e-06
-6.77042801556	3.75684296464e-06
-6.75583657588	4.23089774205e-06
-6.74124513619	4.76148176458e-06
-6.7266536965	5.35489390639e-06
-6.71206225681	6.01807770397e-06
-6.69747081712	6.75868021423e-06
-6.68287937743	7.58511539196e-06
-6.66828793774	8.50663223342e-06
-6.65369649805	9.53338793478e-06
-6.63910505837	1.06765263133e-05
-6.62451361868	1.19482617375e-05
-6.60992217899	1.33619688076e-05
-6.5953307393	1.4932278021e-05
-6.58073929961	1.66751776467e-05
-6.56614785992	1.86081220214e-05
-6.55155642023	2.07501464608e-05
-6.53696498054	2.31219889631e-05
-6.52237354086	2.57462188535e-05
-6.50778210117	2.86473724927e-05
-6.49319066148	3.18520961378e-05
-6.47859922179	3.53892960052e-05
-6.4640077821	3.92902955427e-05
-6.44941634241	4.35889998656e-05
-6.43482490272	4.832206726e-05
-6.42023346303	5.35290875921e-05
-6.40564202335	5.92527673949e-05
-6.39105058366	6.55391213308e-05
-6.37645914397	7.24376696458e-05
-6.36186770428	8.00016411448e-05
-6.34727626459	8.82881811229e-05
-6.3326848249	9.73585635878e-05
-6.31809338521	0.000107278407002
-6.30350194552	0.000118117892657
-6.28891050584	0.000129951984689
-6.27431906615	0.000142860650597
-6.25972762646	0.000156929081022
-6.24513618677	0.000172247907416
-6.23054474708	0.000188913416071
-6.21595330739	0.000207027756887
-6.2013618677	0.000226699145087
-6.18677042802	0.000248042053986
-6.17217898833	0.000271177396788
-6.15758754864	0.000296232695253
-6.14299610895	0.000323342232973
-6.12840466926	0.000352647190904
-6.11381322957	0.000384295762694
-6.09922178988	0.000418443247267
-6.08463035019	0.000455252116098
-6.07003891051	0.000494892052526
-6.05544747082	0.000537539960481
-6.04085603113	0.000583379939971
-6.02626459144	0.000632603226744
-6.01167315175	0.00068540809357
-5.99708171206	0.000741999710715
-5.98249027237	0.000802589963289
-5.96789883268	0.000867397223318
-5.953307393	0.000936646074602
-5.93871595331	0.00101056698865
-5.92412451362	0.00108939595027
-5.90953307393	0.00117337403168
-5.89494163424	0.00126274691443
-5.88035019455	0.00135776435871
-5.86575875486	0.00145867962014
-5.85116731517	0.00156574881454
-5.83657587549	0.00167923023166
-5.8219844358	0.00179938359944
-5.80739299611	0.00192646930072
-5.79280155642	0.00206074754509
-5.77821011673	0.00220247749892
-5.76361867704	0.00235191637731
-5.74902723735	0.00250931850213
-5.73443579766	0.00267493433093
-5.71984435798	0.00284900946196
-5.70525291829	0.0030317836211
-5.6906614786	0.00322348963675
-5.67607003891	0.0034243524094
-5.66147859922	0.00363458788276
-5.64688715953	0.00385440202352
-5.63229571984	0.00408398981727
-5.61770428016	0.00432353428819
-5.60311284047	0.00457320554978
-5.58852140078	0.00483315989464
-5.57392996109	0.0051035389303
-5.5593385214	0.00538446876873
-5.54474708171	0.00567605927618
-5.53015564202	0.00597840339014
-5.51556420233	0.00629157650936
-5.50097276265	0.00661563596267
-5.48638132296	0.00695062056136
-5.47178988327	0.00729655023961
-5.45719844358	0.00765342578622
-5.44260700389	0.00802122867073
-5.4280155642	0.00839992096546
-5.41342412451	0.00878944536481
-5.39883268482	0.00918972530188
-5.38424124514	0.0096006651617
-5.36964980545	0.0100221505895
-5.35505836576	0.0104540488918
-5.34046692607	0.0108962095266
-5.32587548638	0.0113484646795
-5.31128404669	0.0118106299197
-5.296692607	0.0122825049323
-5.28210116731	0.0127638743195
-5.26750972763	0.013254508464
-5.25291828794	0.0137541644497
-5.23832684825	0.0142625870297
-5.22373540856	0.0147795096366
-5.20914396887	0.0153046554254
-5.19455252918	0.0158377383424
-5.17996108949	0.0163784642124
-5.1653696498	0.0169265318357
-5.15077821012	0.0174816340878
-5.13618677043	0.0180434590153
-5.12159533074	0.0186116909194
-5.10700389105	0.0191860114219
-5.09241245136	0.0197661005075
-5.07782101167	0.0203516375348
-5.06322957198	0.0209423022139
-5.0486381323	0.0215377755428
-5.03404669261	0.0221377407012
-5.01945525292	0.0227418838959
-5.00486381323	0.0233498951563
-4.99027237354	0.023961469077
-4.97568093385	0.024576305506
-4.96108949416	0.0251941101762
-4.94649805447	0.0258145952809
-4.93190661479	0.0264374799914
-4.9173151751	0.0270624909183
-4.90272373541	0.0276893625158
-4.88813229572	0.0283178374308
-4.87354085603	0.0289476667976
-4.85894941634	0.0295786104803
-4.84435797665	0.0302104372644
-4.82976653696	0.0308429250001
-4.81517509728	0.031475860699
-4.80058365759	0.0321090405878
-4.7859922179	0.0327422701204
-4.77140077821	0.0333753639522
-4.75680933852	0.0340081458791
-4.74221789883	0.0346404487428
-4.72762645914	0.035272114308
-4.71303501945	0.0359029931112
-4.69844357977	0.0365329442862
-4.68385214008	0.0371618353677
-4.66926070039	0.0377895420766
-4.6546692607	0.0384159480881
-4.64007782101	0.0390409447874
-4.62548638132	0.0396644310125
-4.61089494163	0.0402863127885
-4.59630350194	0.040906503055
-4.58171206226	0.0415249213872
-4.56712062257	0.0421414937142
-4.55252918288	0.042756152036
-4.53793774319	0.043368834139
-4.5233463035	0.0439794833137
-4.50875486381	0.0445880480742
-4.49416342412	0.0451944818818
-4.47957198444	0.0457987428722
-4.46498054475	0.0464007935892
-4.45038910506	0.0470006007238
-4.43579766537	0.0475981348604
-4.42120622568	0.048193370231
-4.40661478599	0.048786284476
-4.3920233463	0.0493768584147
-4.37743190661	0.0499650758232
-4.36284046693	0.0505509232221
-4.34824902724	0.0511343896725
-4.33365758755	0.051715466581
-4.31906614786	0.0522941475142
-4.30447470817	0.0528704280216
-4.28988326848	0.0534443054686
-4.27529182879	0.0540157788768
-4.2607003891	0.0545848487743
-4.24610894942	0.055151517054
-4.23151750973	0.05571578684
-4.21692607004	0.0562776623629
-4.20233463035	0.0568371488419
-4.18774319066	0.0573942523754
-4.17315175097	0.0579489798387
-4.15856031128	0.058501338788
-4.14396887159	0.0590513373725
-4.12937743191	0.0595989842516
-4.11478599222	0.0601442885193
-4.10019455253	0.0606872596338
-4.08560311284	0.0612279073531
-4.07101167315	0.0617662416757
-4.05642023346	0.0623022727861
-4.04182879377	0.0628360110053
-4.02723735408	0.0633674667459
-4.0126459144	0.063896650471
-3.99805447471	0.0644235726568
-3.98346303502	0.0649482437599
-3.96887159533	0.065470674187
-3.95428015564	0.065990874268
-3.93968871595	0.0665088542327
-3.92509727626	0.0670246241893
-3.91050583658	0.0675381941063
-3.89591439689	0.0680495737963
-3.8813229572	0.0685587729024
-3.86673151751	0.0690658008857
-3.85214007782	0.0695706670161
-3.83754863813	0.0700733803632
-3.82295719844	0.0705739497903
-3.80836575875	0.0710723839484
-3.79377431907	0.0715686912724
-3.77918287938	0.0720628799784
-3.76459143969	0.0725549580614
-3.75	0.0730449332949
-3.73540856031	0.0735328132304
-3.72081712062	0.0740186051984
-3.70622568093	0.0745023163098
-3.69163424124	0.0749839534576
-3.67704280156	0.0754635233198
-3.66245136187	0.075941032362
-3.64785992218	0.076416486841
-3.63326848249	0.0768898928087
-3.6186770428	0.0773612561154
-3.60408560311	0.0778305824149
-3.58949416342	0.0782978771685
-3.57490272373	0.0787631456495
-3.56031128405	0.0792263929483
-3.54571984436	0.0796876239772
-3.53112840467	0.0801468434748
-3.51653696498	0.0806040560118
-3.50194552529	0.0810592659951
-3.4873540856	0.0815124776734
-3.47276264591	0.0819636951419
-3.45817120623	0.0824129223473
-3.44357976654	0.0828601630923
-3.42898832685	0.083305421041
-3.41439688716	0.0837486997233
-3.39980544747	0.0841900025393
-3.38521400778	0.0846293327646
-3.37062256809	0.0850666935537
-3.3560311284	0.0855020879453
-3.34143968872	0.0859355188662
-3.32684824903	0.0863669891352
-3.31225680934	0.0867965014674
-3.29766536965	0.0872240584782
-3.28307392996	0.0876496626867
-3.26848249027	0.0880733165198
-3.25389105058	0.0884950223154
-3.23929961089	0.0889147823263
-3.22470817121	0.0893325987228
-3.21011673152	0.0897484735968
-3.19552529183	0.0901624089643
-3.18093385214	0.0905744067684
-3.16634241245	0.0909844688826
-3.15175097276	0.091392597113
-3.13715953307	0.0917987932016
-3.12256809338	0.0922030588283
-3.1079766537	0.0926053956137
-3.09338521401	0.0930058051215
-3.07879377432	0.0934042888605
-3.06420233463	0.093800848287
-3.04961089494	0.094195484807
-3.03501945525	0.0945881997778
-3.02042801556	0.0949789945105
-3.00583657587	0.0953678702713
-2.99124513619	0.0957548282838
-2.9766536965	0.0961398697303
-2.96206225681	0.0965229957536
-2.94747081712	0.0969042074584
-2.93287937743	0.0972835059133
-2.91828793774	0.0976608921514
-2.90369649805	0.0980363671725
-2.88910505837	0.0984099319439
-2.87451361868	0.0987815874019
-2.85992217899	0.0991513344529
-2.8453307393	0.0995191739744
-2.83073929961	0.0998851068166
-2.81614785992	0.100249133803
-2.80155642023	0.100611255731
-2.78696498054	0.100971473375
-2.77237354086	0.101329787483
-2.75778210117	0.101686198784
-2.74319066148	0.102040707981
-2.72859922179	0.102393315759
-2.7140077821	0.102744022782
-2.69941634241	0.103092829693
-2.68482490272	0.103439737117
-2.67023346303	0.103784745661
-2.65564202335	0.104127855915
-2.64105058366	0.104469068451
-2.62645914397	0.104808383826
-2.61186770428	0.105145802579
-2.59727626459	0.105481325236
-2.5826848249	0.105814952308
-2.56809338521	0.106146684291
-2.55350194552	0.106476521668
-2.53891050584	0.106804464908
-2.52431906615	0.107130514469
-2.50972762646	0.107454670795
-2.49513618677	0.107776934319
-2.48054474708	0.108097305462
-2.46595330739	0.108415784634
-2.4513618677	0.108732372235
-2.43677042801	0.109047068652
-2.42217898833	0.109359874266
-2.40758754864	0.109670789446
-2.39299610895	0.10997981455
-2.37840466926	0.110286949929
-2.36381322957	0.110592195926
-2.34922178988	0.110895552873
-2.33463035019	0.111197021095
-2.32003891051	0.111496600909
-2.30544747082	0.111794292623
-2.29085603113	0.112090096539
-2.27626459144	0.112384012952
-2.26167315175	0.112676042147
-2.24708171206	0.112966184405
-2.23249027237	0.113254439999
-2.21789883268	0.113540809196
-2.203307393	0.113825292257
-2.18871595331	0.114107889434
-2.17412451362	0.114388600978
-2.15953307393	0.114667427131
-2.14494163424	0.114944368128
-2.13035019455	0.115219424203
-2.11575875486	0.11549259558
-2.10116731517	0.115763882481
-2.08657587549	0.116033285122
-2.0719844358	0.116300803713
-2.05739299611	0.116566438462
-2.04280155642	0.116830189569
-2.02821011673	0.117092057231
-2.01361867704	0.117352041643
-1.99902723735	0.117610142991
-1.98443579766	0.11786636146
-1.96984435798	0.118120697231
-1.95525291829	0.11837315048
-1.9406614786	0.118623721379
-1.92607003891	0.118872410096
-1.91147859922	0.119119216799
-1.89688715953	0.119364141646
-1.88229571984	0.119607184797
-1.86770428015	0.119848346407
-1.85311284047	0.120087626627
-1.83852140078	0.120325025604
-1.82392996109	0.120560543484
-1.8093385214	0.12079418041
-1.79474708171	0.121025936519
-1.78015564202	0.121255811948
-1.76556420233	0.121483806831
-1.75097276265	0.121709921297
-1.73638132296	0.121934155475
-1.72178988327	0.122156509489
-1.70719844358	0.122376983463
-1.69260700389	0.122595577516
-1.6780155642	0.122812291765
-1.66342412451	0.123027126327
-1.64883268482	0.123240081313
-1.63424124514	0.123451156834
-1.61964980545	0.123660352998
-1.60505836576	0.123867669912
-1.59046692607	0.12407310768
-1.57587548638	0.124276666402
-1.56128404669	0.124478346179
-1.546692607	0.124678147108
-1.53210116731	0.124876069286
-1.51750972763	0.125072112806
-1.50291828794	0.12526627776
-1.48832684825	0.125458564238
-1.47373540856	0.125648972328
-1.45914396887	0.125837502117
-1.44455252918	0.12602415369
-1.42996108949	0.12620892713
-1.4153696498	0.126391822518
-1.40077821012	0.126572839934
-1.38618677043	0.126751979457
-1.37159533074	0.126929241162
-1.35700389105	0.127104625126
-1.34241245136	0.127278131421
-1.32782101167	0.12744976012
-1.31322957198	0.127619511294
-1.29863813229	0.127787385012
-1.28404669261	0.127953381342
-1.26945525292	0.128117500351
-1.25486381323	0.128279742103
-1.24027237354	0.128440106663
-1.22568093385	0.128598594093
-1.21108949416	0.128755204456
-1.19649805447	0.12890993781
-1.18190661479	0.129062794215
-1.1673151751	0.129213773729
-1.15272373541	0.129362876408
-1.13813229572	0.129510102307
-1.12354085603	0.129655451482
-1.10894941634	0.129798923986
-1.09435797665	0.129940519869
-1.07976653696	0.130080239184
-1.06517509728	0.130218081981
-1.05058365759	0.130354048308
-1.0359922179	0.130488138214
-1.02140077821	0.130620351745
-1.00680933852	0.130750688948
-0.992217898832	0.130879149867
-0.977626459143	0.131005734546
-0.963035019454	0.131130443029
-0.948443579766	0.131253275359
-0.933852140077	0.131374231575
-0.919260700388	0.131493311719
-0.9046692607	0.13161051583
-0.890077821011	0.131725843947
-0.875486381322	0.131839296108
-0.860894941633	0.13195087235
-0.846303501945	0.132060572708
-0.831712062256	0.132168397219
-0.817120622567	0.132274345917
-0.802529182879	0.132378418835
-0.78793774319	0.132480616006
-0.773346303501	0.132580937464
-0.758754863812	0.132679383239
-0.744163424124	0.132775953361
-0.729571984435	0.132870647862
-0.714980544746	0.13296346677
-0.700389105058	0.133054410114
-0.685797665369	0.133143477921
-0.67120622568	0.133230670218
-0.656614785991	0.133315987033
-0.642023346303	0.133399428391
-0.627431906614	0.133480994316
-0.612840466925	0.133560684834
-0.598249027237	0.133638499968
-0.583657587548	0.133714439741
-0.569066147859	0.133788504176
-0.55447470817	0.133860693294
-0.539883268482	0.133931007116
-0.525291828793	0.133999445663
-0.510700389104	0.134066008956
-0.496108949416	0.134130697012
-0.481517509727	0.134193509852
-0.466926070038	0.134254447493
-0.452334630349	0.134313509952
-0.437743190661	0.134370697246
-0.423151750972	0.134426009393
-0.408560311283	0.134479446407
-0.393968871594	0.134531008304
-0.379377431906	0.134580695098
-0.364785992217	0.134628506803
-0.350194552528	0.134674443433
-0.33560311284	0.134718505001
-0.321011673151	0.134760691519
-0.306420233462	0.134801002999
-0.291828793773	0.134839439452
-0.277237354085	0.134876000889
-0.262645914396	0.134910687319
-0.248054474707	0.134943498753
-0.233463035019	0.1349744352
-0.21887159533	0.135003496668
-0.204280155641	0.135030683166
-0.189688715952	0.1350559947
-0.175097276264	0.135079431277
-0.160505836575	0.135100992905
-0.145914396886	0.135120679589
-0.131322957198	0.135138491335
-0.116731517509	0.135154428147
-0.10214007782	0.135168490029
-0.0875486381314	0.135180676986
-0.0729571984427	0.135190989021
-0.058365758754	0.135199426137
-0.0437743190653	0.135205988336
-0.0291828793766	0.135210675619
-0.0145914396879	0.135213487989
8.5975671027e-13	0.135214425445
0.0145914396896	0.135213487989
0.0291828793783	0.135210675619
0.043774319067	0.135205988336
0.0583657587557	0.135199426137
0.0729571984444	0.135190989021
0.0875486381332	0.135180676986
0.102140077822	0.135168490029
0.116731517511	0.135154428147
0.131322957199	0.135138491335
0.145914396888	0.135120679589
0.160505836577	0.135100992905
0.175097276265	0.135079431277
0.189688715954	0.1350559947
0.204280155643	0.135030683166
0.218871595332	0.135003496668
0.23346303502	0.1349744352
0.248054474709	0.134943498753
0.262645914398	0.134910687319
0.277237354086	0.134876000889
0.291828793775	0.134839439452
0.306420233464	0.134801002999
0.321011673153	0.134760691519
0.335603112841	0.134718505001
0.35019455253	0.134674443433
0.364785992219	0.134628506803
0.379377431907	0.134580695098
0.393968871596	0.134531008304
0.408560311285	0.134479446407
0.423151750974	0.134426009393
0.437743190662	0.134370697246
0.452334630351	0.134313509952
0.46692607004	0.134254447493
0.481517509729	0.134193509852
0.496108949417	0.134130697012
0.510700389106	0.134066008956
0.525291828795	0.133999445663
0.539883268483	0.133931007116
0.554474708172	0.133860693294
0.569066147861	0.133788504176
0.58365758755	0.133714439741
0.598249027238	0.133638499968
0.612840466927	0.133560684834
0.627431906616	0.133480994316
0.642023346304	0.133399428391
0.656614785993	0.133315987033
0.671206225682	0.133230670218
0.685797665371	0.133143477921
0.700389105059	0.133054410114
0.714980544748	0.13296346677
0.729571984437	0.132870647862
0.744163424125	0.132775953361
0.758754863814	0.132679383239
0.773346303503	0.132580937464
0.787937743192	0.132480616006
0.80252918288	0.132378418835
0.817120622569	0.132274345917
0.831712062258	0.132168397219
0.846303501946	0.132060572708
0.860894941635	0.13195087235
0.875486381324	0.131839296108
0.890077821013	0.131725843947
0.904669260701	0.13161051583
0.91926070039	0.131493311719
0.933852140079	0.131374231575
0.948443579767	0.131253275359
0.963035019456	0.131130443029
0.977626459145	0.131005734546
0.992217898834	0.130879149867
1.00680933852	0.130750688948
1.02140077821	0.130620351745
1.0359922179	0.130488138214
1.05058365759	0.130354048308
1.06517509728	0.130218081981
1.07976653697	0.130080239184
1.09435797665	0.129940519869
1.10894941634	0.129798923986
1.12354085603	0.129655451482
1.13813229572	0.129510102307
1.15272373541	0.129362876408
1.1673151751	0.129213773729
1.18190661479	0.129062794215
1.19649805448	0.12890993781
1.21108949416	0.128755204456
1.22568093385	0.128598594093
1.24027237354	0.128440106663
1.25486381323	0.128279742103
1.26945525292	0.128117500351
1.28404669261	0.127953381342
1.2986381323	0.127787385012
1.31322957199	0.127619511294
1.32782101167	0.12744976012
1.34241245136	0.127278131421
1.35700389105	0.127104625126
1.37159533074	0.126929241162
1.38618677043	0.126751979457
1.40077821012	0.126572839934
1.41536964981	0.126391822518
1.4299610895	0.12620892713
1.44455252918	0.12602415369
1.45914396887	0.125837502117
1.47373540856	0.125648972328
1.48832684825	0.125458564237
1.50291828794	0.12526627776
1.51750972763	0.125072112806
1.53210116732	0.124876069286
1.546692607	0.124678147108
1.56128404669	0.124478346179
1.57587548638	0.124276666402
1.59046692607	0.12407310768
1.60505836576	0.123867669912
1.61964980545	0.123660352998
1.63424124514	0.123451156834
1.64883268483	0.123240081313
1.66342412451	0.123027126327
1.6780155642	0.122812291765
1.69260700389	0.122595577516
1.70719844358	0.122376983463
1.72178988327	0.122156509489
1.73638132296	0.121934155475
1.75097276265	0.121709921297
1.76556420234	0.121483806831
1.78015564202	0.121255811948
1.79474708171	0.121025936519
1.8093385214	0.12079418041
1.82392996109	0.120560543484
1.83852140078	0.120325025604
1.85311284047	0.120087626627
1.86770428016	0.119848346407
1.88229571985	0.119607184797
1.89688715953	0.119364141646
1.91147859922	0.119119216798
1.92607003891	0.118872410096
1.9406614786	0.118623721379
1.95525291829	0.11837315048
1.96984435798	0.118120697231
1.98443579767	0.11786636146
1.99902723736	0.117610142991
2.01361867704	0.117352041643
2.02821011673	0.117092057231
2.04280155642	0.116830189569
2.05739299611	0.116566438462
2.0719844358	0.116300803713
2.08657587549	0.116033285122
2.10116731518	0.115763882481
2.11575875486	0.11549259558
2.13035019455	0.115219424203
2.14494163424	0.114944368128
2.15953307393	0.114667427131
2.17412451362	0.114388600978
2.18871595331	0.114107889434
2.203307393	0.113825292257
2.21789883269	0.113540809196
2.23249027237	0.113254439999
2.24708171206	0.112966184405
2.26167315175	0.112676042147
2.27626459144	0.112384012952
2.29085603113	0.112090096539
2.30544747082	0.111794292623
2.32003891051	0.111496600909
2.3346303502	0.111197021095
2.34922178988	0.110895552873
2.36381322957	0.110592195926
2.37840466926	0.110286949929
2.39299610895	0.10997981455
2.40758754864	0.109670789446
2.42217898833	0.109359874266
2.43677042802	0.109047068652
2.45136186771	0.108732372235
2.46595330739	0.108415784634
2.48054474708	0.108097305462
2.49513618677	0.107776934319
2.50972762646	0.107454670795
2.52431906615	0.107130514469
2.53891050584	0.106804464908
2.55350194553	0.106476521668
2.56809338522	0.106146684291
2.5826848249	0.105814952308
2.59727626459	0.105481325236
2.61186770428	0.105145802579
2.62645914397	0.104808383826
2.64105058366	0.104469068451
2.65564202335	0.104127855915
2.67023346304	0.103784745661
2.68482490272	0.103439737117
2.69941634241	0.103092829693
2.7140077821	0.102744022782
2.72859922179	0.102393315759
2.74319066148	0.102040707981
2.75778210117	0.101686198784
2.77237354086	0.101329787483
2.78696498055	0.100971473375
2.80155642023	0.100611255731
2.81614785992	0.100249133803
2.83073929961	0.0998851068166
2.8453307393	0.0995191739744
2.85992217899	0.0991513344529
2.87451361868	0.0987815874019
2.88910505837	0.0984099319439
2.90369649806	0.0980363671725
2.91828793774	0.0976608921514
2.93287937743	0.0972835059133
2.94747081712	0.0969042074584
2.96206225681	0.0965229957536
2.9766536965	0.0961398697303
2.99124513619	0.0957548282838
3.00583657588	0.0953678702713
3.02042801557	0.0949789945104
3.03501945525	0.0945881997778
3.04961089494	0.094195484807
3.06420233463	0.093800848287
3.07879377432	0.0934042888605
3.09338521401	0.0930058051215
3.1079766537	0.0926053956137
3.12256809339	0.0922030588283
3.13715953307	0.0917987932016
3.15175097276	0.091392597113
3.16634241245	0.0909844688826
3.18093385214	0.0905744067684
3.19552529183	0.0901624089643
3.21011673152	0.0897484735968
3.22470817121	0.0893325987228
3.2392996109	0.0889147823262
3.25389105058	0.0884950223154
3.26848249027	0.0880733165198
3.28307392996	0.0876496626867
3.29766536965	0.0872240584782
3.31225680934	0.0867965014674
3.32684824903	0.0863669891352
3.34143968872	0.0859355188662
3.35603112841	0.0855020879453
3.37062256809	0.0850666935537
3.38521400778	0.0846293327645
3.39980544747	0.0841900025393
3.41439688716	0.0837486997233
3.42898832685	0.083305421041
3.44357976654	0.0828601630923
3.45817120623	0.0824129223473
3.47276264592	0.081963695142
3.4873540856	0.0815124776734
3.50194552529	0.0810592659951
3.51653696498	0.0806040560118
3.53112840467	0.0801468434748
3.54571984436	0.0796876239772
3.56031128405	0.0792263929483
3.57490272374	0.0787631456495
3.58949416343	0.0782978771685
3.60408560311	0.0778305824149
3.6186770428	0.0773612561154
3.63326848249	0.0768898928087
3.64785992218	0.076416486841
3.66245136187	0.075941032362
3.67704280156	0.0754635233198
3.69163424125	0.0749839534576
3.70622568093	0.0745023163098
3.72081712062	0.0740186051984
3.73540856031	0.0735328132304
3.75	0.0730449332949
3.76459143969	0.0725549580614
3.77918287938	0.0720628799784
3.79377431907	0.0715686912724
3.80836575876	0.0710723839484
3.82295719844	0.0705739497903
3.83754863813	0.0700733803632
3.85214007782	0.0695706670161
3.86673151751	0.0690658008857
3.8813229572	0.0685587729024
3.89591439689	0.0680495737963
3.91050583658	0.0675381941063
3.92509727627	0.0670246241893
3.93968871595	0.0665088542327
3.95428015564	0.065990874268
3.96887159533	0.065470674187
3.98346303502	0.0649482437599
3.99805447471	0.0644235726568
4.0126459144	0.063896650471
4.02723735409	0.063367466746
4.04182879378	0.0628360110053
4.05642023346	0.0623022727861
4.07101167315	0.0617662416758
4.08560311284	0.0612279073532
4.10019455253	0.0606872596338
4.11478599222	0.0601442885193
4.12937743191	0.0595989842516
4.1439688716	0.0590513373725
4.15856031129	0.0585013387881
4.17315175097	0.0579489798387
4.18774319066	0.0573942523755
4.20233463035	0.0568371488419
4.21692607004	0.0562776623629
4.23151750973	0.0557157868401
4.24610894942	0.055151517054
4.26070038911	0.0545848487744
4.27529182879	0.0540157788769
4.28988326848	0.0534443054687
4.30447470817	0.0528704280217
4.31906614786	0.0522941475142
4.33365758755	0.0517154665811
4.34824902724	0.0511343896726
4.36284046693	0.0505509232222
4.37743190662	0.0499650758232
4.3920233463	0.0493768584147
4.40661478599	0.0487862844761
4.42120622568	0.0481933702311
4.43579766537	0.0475981348605
4.45038910506	0.0470006007238
4.46498054475	0.0464007935892
4.47957198444	0.0457987428723
4.49416342413	0.0451944818818
4.50875486381	0.0445880480743
4.5233463035	0.0439794833137
4.53793774319	0.0433688341391
4.55252918288	0.0427561520361
4.56712062257	0.0421414937143
4.58171206226	0.0415249213872
4.59630350195	0.0409065030551
4.61089494164	0.0402863127886
4.62548638132	0.0396644310125
4.64007782101	0.0390409447875
4.6546692607	0.0384159480882
4.66926070039	0.0377895420766
4.68385214008	0.0371618353678
4.69844357977	0.0365329442862
4.71303501946	0.0359029931113
4.72762645915	0.0352721143081
4.74221789883	0.0346404487429
4.75680933852	0.0340081458792
4.77140077821	0.0333753639523
4.7859922179	0.0327422701205
4.80058365759	0.0321090405879
4.81517509728	0.0314758606991
4.82976653697	0.0308429250002
4.84435797665	0.0302104372645
4.85894941634	0.0295786104804
4.87354085603	0.0289476667977
4.88813229572	0.0283178374309
4.90272373541	0.0276893625159
4.9173151751	0.0270624909184
4.93190661479	0.0264374799915
4.94649805448	0.025814595281
4.96108949416	0.0251941101764
4.97568093385	0.0245763055062
4.99027237354	0.0239614690772
5.00486381323	0.0233498951564
5.01945525292	0.0227418838961
5.03404669261	0.0221377407014
5.0486381323	0.021537775543
5.06322957199	0.020942302214
5.07782101167	0.0203516375349
5.09241245136	0.0197661005076
5.10700389105	0.0191860114221
5.12159533074	0.0186116909195
5.13618677043	0.0180434590155
5.15077821012	0.017481634088
5.16536964981	0.0169265318358
5.1799610895	0.0163784642125
5.19455252918	0.0158377383425
5.20914396887	0.0153046554255
5.22373540856	0.0147795096368
5.23832684825	0.0142625870299
5.25291828794	0.0137541644498
5.26750972763	0.0132545084641
5.28210116732	0.0127638743196
5.29669260701	0.0122825049325
5.31128404669	0.0118106299198
5.32587548638	0.0113484646796
5.34046692607	0.0108962095268
5.35505836576	0.0104540488919
5.36964980545	0.0100221505896
5.38424124514	0.00960066516182
5.39883268483	0.00918972530201
5.41342412451	0.00878944536493
5.4280155642	0.00839992096558
5.44260700389	0.00802122867085
5.45719844358	0.00765342578634
5.47178988327	0.00729655023972
5.48638132296	0.00695062056148
5.50097276265	0.00661563596278
5.51556420234	0.00629157650947
5.53015564202	0.00597840339024
5.54474708171	0.00567605927629
5.5593385214	0.00538446876883
5.57392996109	0.0051035389304
5.58852140078	0.00483315989473
5.60311284047	0.00457320554988
5.61770428016	0.00432353428828
5.63229571985	0.00408398981736
5.64688715953	0.0038544020236
5.66147859922	0.00363458788285
5.67607003891	0.00342435240948
5.6906614786	0.00322348963682
5.70525291829	0.00303178362118
5.71984435798	0.00284900946204
5.73443579767	0.002674934331
5.74902723736	0.0025093185022
5.76361867704	0.00235191637738
5.77821011673	0.00220247749899
5.79280155642	0.00206074754515
5.80739299611	0.00192646930078
5.8219844358	0.0017993835995
5.83657587549	0.00167923023171
5.85116731518	0.00156574881459
5.86575875487	0.00145867962019
5.88035019455	0.00135776435876
5.89494163424	0.00126274691448
5.90953307393	0.00117337403172
5.92412451362	0.00108939595031
5.93871595331	0.00101056698869
5.953307393	0.000936646074639
5.96789883269	0.000867397223353
5.98249027237	0.000802589963322
5.99708171206	0.000741999710746
6.01167315175	0.000685408093599
6.02626459144	0.000632603226772
6.04085603113	0.000583379939998
6.05544747082	0.000537539960506
6.07003891051	0.00049489205255
6.0846303502	0.00045525211612
6.09922178988	0.000418443247288
6.11381322957	0.000384295762713
6.12840466926	0.000352647190922
6.14299610895	0.00032334223299
6.15758754864	0.000296232695269
6.17217898833	0.000271177396804
6.18677042802	0.000248042054
6.20136186771	0.0002266991451
6.21595330739	0.0002070277569
6.23054474708	0.000188913416083
6.24513618677	0.000172247907427
6.25972762646	0.000156929081032
6.27431906615	0.000142860650606
6.28891050584	0.000129951984698
6.30350194553	0.000118117892665
6.31809338522	0.000107278407009
6.3326848249	9.73585635951e-05
6.34727626459	8.82881811297e-05
6.36186770428	8.00016411511e-05
6.37645914397	7.24376696517e-05
6.39105058366	6.55391213362e-05
6.40564202335	5.92527673999e-05
6.42023346304	5.35290875967e-05
6.43482490272	4.83220672643e-05
6.44941634241	4.35889998696e-05
6.4640077821	3.92902955464e-05
6.47859922179	3.53892960086e-05
6.49319066148	3.18520961408e-05
6.50778210117	2.86473724955e-05
6.52237354086	2.57462188561e-05
6.53696498055	2.31219889655e-05
6.55155642023	2.0750146463e-05
6.56614785992	1.86081220234e-05
6.58073929961	1.66751776486e-05
6.5953307393	1.49322780227e-05
6.60992217899	1.33619688091e-05
6.62451361868	1.19482617389e-05
6.63910505837	1.06765263146e-05
6.65369649806	9.533387936e-06
6.66828793774	8.50663223455e-06
6.68287937743	7.585115393e-06
6.69747081712	6.75868021519e-06
6.71206225681	6.01807770485e-06
6.7266536965	5.3548939072e-06
6.74124513619	4.76148176533e-06
6.75583657588	4.23089774273e-06
6.77042801557	3.75684296526e-06
6.78501945525	3.33360863846e-06
6.79961089494	2.95602550069e-06
6.81420233463	2.61941707813e-06
6.82879377432	2.31955651362e-06
6.84338521401	2.05262674901e-06
6.8579766537	1.81518384779e-06
6.87256809339	1.60412325355e-06
6.88715953308	1.4166487878e-06
6.90175097276	1.25024420003e-06
6.91634241245	1.10264709103e-06
6.93093385214	9.71825040295e-07
6.94552529183	8.55953776501e-07
6.96011673152	7.53397239327e-07
6.97470817121	6.62689389407e-07
6.9892996109	5.82517631717e-07
7.00389105058	5.11707725952e-07
7.01848249027	4.49210065487e-07
7.03307392996	3.94087214178e-07
7.04766536965	3.45502597747e-07
7.06225680934	3.0271025352e-07
7.07684824903	2.65045549113e-07
7.09143968872	2.3191678706e-07
7.10603112841	2.02797618525e-07
7.12062256809	1.77220194963e-07
7.13521400778	1.54768992094e-07
7.14980544747	1.35075245622e-07
7.16439688716	1.17811942998e-07
7.17898832685	1.02689319955e-07
7.19357976654	8.9450814824e-08
7.20817120623	7.78694374974e-08
7.22276264592	6.77445136002e-08
7.2373540856	5.88987677866e-08
7.25194552529	5.11757132413e-08
7.26653696498	4.44373173579e-08
7.28112840467	3.85619162632e-08
7.29571984436	3.34423533194e-08
7.31031128405	2.89843190271e-08
7.32490272374	2.5104871838e-08
7.33949416343	2.17311213152e-08
7.35408560311	1.87990568375e-08
7.3686770428	1.62525066586e-08
7.38326848249	1.40422135999e-08
7.39785992218	1.21250150103e-08
7.41245136187	1.04631158381e-08
7.42704280156	9.02344478503e-09
7.44163424125	7.777084518e-09
7.45622568094	6.69876783802e-09
7.47081712062	5.76643253514e-09
7.48540856031	4.96082841583e-09
7.5	4.26517066579e-09
7.51459143969	3.66483433431e-09
7.52918287938	3.14708528137e-09
7.54377431907	2.70084340908e-09
7.55836575876	2.3164744836e-09
7.57295719844	1.98560723426e-09
7.58754863813	1.70097278465e-09
7.60214007782	1.4562638006e-09
7.61673151751	1.24601102818e-09
7.6313229572	1.06547515942e-09
7.64591439689	9.10552194086e-10
7.66050583658	7.7769067718e-10
7.67509727627	6.63819376096e-10
7.68968871595	5.66284128827e-10
7.70428015564	4.82792741249e-10
7.71887159533	4.11366943909e-10
7.73346303502	3.50300534505e-10
7.74805447471	2.98122937297e-10
7.7626459144	2.53567501341e-10
7.77723735409	2.15543941726e-10
7.79182879378	1.83114399853e-10
7.80642023346	1.55472662671e-10
7.82101167315	1.31926136982e-10
7.83560311284	1.11880225058e-10
7.85019455253	9.48247911085e-11
7.86478599222	8.03224475009e-11
7.87937743191	6.7998423052e-11
7.8939688716	5.75318060735e-11
7.90856031129	4.86479808817e-11
7.92315175097	4.111209982e-11
7.93774319066	3.47234528995e-11
7.95233463035	2.93106150922e-11
7.96692607004	2.4727266702e-11
7.98151750973	2.08485960726e-11
7.99610894942	1.75682055313e-11
8.01070038911	1.47954520746e-11
8.0252918288	1.2453163235e-11
8.03988326848	1.04756765867e-11
8.05447470817	8.80715813957e-12
8.06906614786	7.40016096915e-12
8.08365758755	6.2143905464e-12
8.09824902724	5.21564791162e-12
8.11284046693	4.37492562271e-12
8.12743190662	3.66763495062e-12
8.1420233463	3.07294568636e-12
8.15661478599	2.57322254943e-12
8.17120622568	2.15354435889e-12
8.18579766537	1.80129410941e-12
8.20038910506	1.50580969905e-12
8.21498054475	1.25808656337e-12
8.22957198444	1.05052464535e-12
8.24416342413	8.76713244141e-13
8.25875486381	7.31248181278e-13
8.2733463035	6.09576544142e-13
8.28793774319	5.07864921433e-13
8.30252918288	4.22887657825e-13
8.31712062257	3.51932136586e-13
8.33171206226	2.92718561171e-13
8.34630350195	2.43332047711e-13
8.36089494164	2.02165184025e-13
8.37548638132	1.67869467997e-13
8.39007782101	1.39314282831e-13
8.4046692607	1.15552258148e-13
8.41926070039	9.57900454312e-14
8.43385214008	7.93636710921e-14
8.44844357977	6.57177707632e-14
8.46303501946	5.4388098697e-14
8.47762645915	4.49868084648e-14
8.49221789883	3.71900713917e-14
8.50680933852	3.07276700777e-14
8.52140077821	2.53742552661e-14
8.5359922179	2.09420070563e-14
8.55058365759	1.72744759845e-14
8.56517509728	1.42414204203e-14
8.57976653697	1.17344795411e-14
8.59435797666	9.66355037049e-15
8.60894941634	7.95375491822e-15
8.62354085603	6.5429040872e-15
8.63813229572	5.37937732472e-15
8.65272373541	4.42035172158e-15
8.6673151751	3.63032284625e-15
8.68190661479	2.97987140921e-15
8.69649805448	2.44463423076e-15
8.71108949416	2.00444704395e-15
8.72568093385	1.64263037568e-15
8.74027237354	1.34539532727e-15
8.75486381323	1.10134911245e-15
8.76945525292	9.01084220129e-16
8.78404669261	7.36836729769e-16
8.7986381323	6.02202964406e-16
8.81322957199	4.91904132959e-16
8.82782101167	4.01591255398e-16
8.84241245136	3.27683383079e-16
8.85700389105	2.6723369674e-16
8.87159533074	2.17818538967e-16
8.88618677043	1.7744573405e-16
8.90077821012	1.44478619092e-16
8.91536964981	1.17573415523e-16
8.9299610895	9.56274132912e-17
8.94455252918	7.77362598634e-17
8.95914396887	6.31586741357e-17
8.97373540856	5.128740572e-17
8.98832684825	4.16252605022e-17
9.00291828794	3.37654106136e-17
9.01750972763	2.73751241411e-17
9.03210116732	2.21824434835e-17
9.04669260701	1.7965198945e-17
9.06128404669	1.45420053137e-17
9.07587548638	1.17648473669e-17
9.09046692607	9.51301672667e-18
9.10505836576	7.68812079203e-18
9.11964980545	6.21001558245e-18
9.13424124514	5.01343948075e-18
9.14883268483	4.04529084732e-18
9.16342412452	3.26238079127e-18
9.1780155642	2.62960672705e-18
9.19260700389	2.11844975891e-18
9.20719844358	1.70575653959e-18
9.22178988327	1.37273676013e-18
9.23638132296	1.10415410497e-18
9.25097276265	8.87654887738e-19
9.26556420234	7.13232656265e-19
9.28015564202	5.72783647362e-19
9.29474708171	4.59751278651e-19
9.3093385214	3.68831388053e-19
9.32392996109	2.95737064589e-19
9.33852140078	2.37004072654e-19
9.35311284047	1.89836764129e-19
9.36770428016	1.51977206212e-19
9.38229571985	1.21604872257e-19
9.39688715953	9.72516760747e-20
9.41147859922	7.77351769828e-20
9.42607003891	6.21028626325e-20
9.4406614786	4.95884296416e-20
9.45525291829	3.95750388144e-20
9.46984435798	3.15673984097e-20
9.48443579767	2.51670289734e-20
9.49902723736	2.00540428177e-20
9.51361867704	1.59715040728e-20
9.52821011673	1.27135552386e-20
9.54280155642	1.01149175248e-20
9.55739299611	8.04330408253e-21
9.5719844358	6.3925879485e-21
9.58657587549	5.07806944686e-21
9.60116731518	4.03178579593e-21
9.61575875487	3.19946948855e-21
9.63035019455	2.53766253559e-21
9.64494163424	2.01172077898e-21
9.65953307393	1.59394863906e-21
9.67412451362	1.26229075494e-21
9.68871595331	9.99096452002e-22
9.703307393	7.90395401895e-22
9.71789883269	6.24971141566e-22
9.73249027237	4.93924218769e-22
9.74708171206	3.90155526154e-22
9.76167315175	3.08031679512e-22
9.77626459144	2.43057608908e-22
9.79085603113	1.91691911993e-22
9.80544747082	1.51092966288e-22
9.82003891051	1.19040970981e-22
9.8346303502	9.37422321468e-23
9.84922178988	7.37890881993e-23
9.86381322957	5.80515918132e-23
9.87840466926	4.5649589889e-23
9.89299610895	3.58767477986e-23
9.90758754864	2.81808523984e-23
9.92217898833	2.21204316764e-23
9.93677042802	1.73567135105e-23
9.95136186771	1.36109004857e-23
9.96595330739	1.06699251623e-23
9.98054474708	8.35884514674e-24
9.99513618677	6.54547255015e-24
10.0097276265	5.12181738756e-24
10.0243190661	4.00577911217e-24
10.0389105058	3.12908310033e-24
10.0535019455	2.44396436967e-24
10.0680933852	1.90826484238e-24
10.0826848249	1.48992446952e-24
10.0972762646	1.16250177795e-24
10.1118677043	9.06562349393e-25
10.126459144	7.06146114823e-25
10.1410505837	5.50138953541e-25
10.1556420233	4.27792761324e-25
10.170233463	3.32793907743e-25
10.1848249027	2.58801460356e-25
10.1994163424	2.01249287728e-25
10.2140077821	1.5628116233e-25
10.2285992218	1.21418825111e-25
10.2431906615	9.41522890744e-26
10.2577821012	7.30139108927e-26
10.2723735409	5.64661492895e-26
10.2869649805	4.37759981235e-26
10.3015564202	3.39918849529e-26
10.3161478599	2.64738451935e-26
10.3307392996	2.06175078325e-26
10.3453307393	1.60791457418e-26
10.359922179	1.25413009387e-26
10.3745136187	9.83444499621e-27
10.3891050584	7.72745257715e-27
10.4036964981	6.17034165224e-27
10.4182879377	4.98405434957e-27
10.4328793774	4.09132530401e-27
10.4474708171	3.41427559769e-27
10.4620622568	2.88695820829e-27
10.4766536965	2.48871528038e-27
10.4912451362	2.21407810719e-27
10.5058365759	2.04748771683e-27
10.5204280156	1.91185275815e-27
10.5350194553	1.81464705006e-27
10.5496108949	1.73991709683e-27
10.5642023346	1.69187999075e-27
10.5787937743	1.64612248171e-27
10.593385214	1.63059547359e-27
10.6079766537	1.64104741608e-27
10.6225680934	1.70026505864e-27
10.6371595331	1.70075177781e-27
10.6517509728	1.69933221305e-27
10.6663424125	1.68405561314e-27
10.6809338521	1.67801828623e-27
10.6955252918	1.65986745631e-27
10.7101167315	1.66621742525e-27
10.7247081712	1.67442745824e-27
10.7392996109	1.7223753737e-27
10.7538910506	1.72647635688e-27
10.7684824903	1.73343125694e-27
10.78307393	1.72535395204e-27
10.7976653697	1.73404879991e-27
10.8122568093	1.70672499058e-27
10.826848249	1.69295534173e-27
10.8414396887	1.69768248042e-27
10.8560311284	1.74823801042e-27
10.8706225681	1.74637616292e-27
10.8852140078	1.72849706222e-27
10.8998054475	1.68945448267e-27
10.9143968872	1.67526418923e-27
10.9289883268	1.63325936082e-27
10.9435797665	1.60633438775e-27
10.9581712062	1.58534922095e-27
10.9727626459	1.61901661017e-27
10.9873540856	1.60394523001e-27
11.0019455253	1.58027967269e-27
11.016536965	1.55980972966e-27
11.0311284047	1.54980074547e-27
11.0457198444	1.54353155364e-27
11.060311284	1.56755387891e-27
11.0749027237	1.59993074859e-27
11.0894941634	1.70174273813e-27
11.1040856031	1.80340494929e-27
11.1186770428	1.9654213908e-27
11.1332684825	2.17941157186e-27
11.1478599222	2.50793629532e-27
11.1624513619	2.95484340108e-27
11.1770428016	3.60041714356e-27
11.1916342412	4.50402414326e-27
11.2062256809	5.78015863375e-27
11.2208171206	7.39651674103e-27
11.2354085603	9.76932891492e-27
11.25	1.19485040247e-26
11.2645914397	9.71785754332e-27
11.2791828794	7.25521372358e-27
11.2937743191	5.52415351879e-27
11.3083657588	4.18319090617e-27
11.3229571984	3.18768313518e-27
11.3375486381	2.43219133574e-27
11.3521400778	1.8680575759e-27
11.3667315175	1.42901876437e-27
11.3813229572	1.10321370872e-27
11.3959143969	8.64484511264e-28
11.4105058366	6.86108701743e-28
11.4250972763	5.56434168872e-28
11.439688716	4.60609812367e-28
11.4542801556	3.84394159921e-28
11.4688715953	3.31917879109e-28
11.483463035	2.91896854914e-28
11.4980544747	2.60878854978e-28
11.5126459144	2.41561416634e-28
11.5272373541	2.24148729097e-28
11.5418287938	2.11619408005e-28
11.5564202335	2.00978400284e-28
11.5710116732	1.95876112281e-28
11.5856031128	1.92453617837e-28
11.6001945525	1.91798388337e-28
11.6147859922	1.90129952076e-28
11.6293774319	1.94049201607e-28
11.6439688716	1.94114457453e-28
11.6585603113	1.92709669188e-28
11.673151751	1.83316746928e-28
11.6877431907	1.86041910937e-28
11.7023346304	1.89237144626e-28
11.71692607	1.94547175734e-28
11.7315175097	1.99314954332e-28
11.7461089494	2.08384937963e-28
11.7607003891	2.20064792381e-28
11.7752918288	2.35631611229e-28
11.7898832685	2.45770083484e-28
11.8044747082	2.59974368443e-28
11.8190661479	2.78617662206e-28
11.8336575876	2.93613725577e-28
11.8482490272	3.06827921438e-28
11.8628404669	3.26461064573e-28
11.8774319066	3.43550762108e-28
11.8920233463	3.57307965744e-28
11.906614786	3.61851368382e-28
11.9212062257	3.69254512484e-28
11.9357976654	3.72212657625e-28
11.9503891051	3.7646214511e-28
11.9649805447	3.75413613469e-28
11.9795719844	3.736450027e-28
11.9941634241	3.70456863305e-28
12.0087548638	3.66895486748e-28
12.0233463035	3.56759137956e-28
12.0379377432	3.55440669284e-28
12.0525291829	3.5363158514e-28
12.0671206226	3.44887648268e-28
12.0817120623	3.39113633784e-28
12.0963035019	3.36963161975e-28
12.1108949416	3.35158746813e-28
12.1254863813	3.46054987476e-28
12.140077821	3.58002894054e-28
12.1546692607	3.67326224679e-28
12.1692607004	3.74702157378e-28
12.1838521401	3.75237636912e-28
12.1984435798	3.71629496523e-28
12.2130350195	3.70075764593e-28
12.2276264591	3.67964731082e-28
12.2422178988	3.71038247726e-28
12.2568093385	3.8345501603e-28
12.2714007782	3.9296934551e-28
12.2859922179	4.00615117574e-28
12.3005836576	4.05641413749e-28
12.3151750973	4.05588748767e-28
12.329766537	4.0411676875e-28
12.3443579767	4.05237420387e-28
12.3589494163	4.06021108575e-28
12.373540856	4.16554940338e-28
12.3881322957	4.25240764198e-28
12.4027237354	4.31579681388e-28
12.4173151751	4.27927667582e-28
12.4319066148	4.25315434052e-28
12.4464980545	4.2014431649e-28
12.4610894942	4.19039780507e-28
12.4756809339	4.27743875528e-28
12.4902723735	4.47804299166e-28
12.5048638132	4.59233568379e-28
12.5194552529	4.70010111373e-28
12.5340466926	4.72310010906e-28
12.5486381323	4.71594299207e-28
12.563229572	4.71540272955e-28
12.5778210117	4.75259533886e-28
12.5924124514	4.8182354559e-28
12.6070038911	5.02846874973e-28
12.6215953307	5.08368823222e-28
12.6361867704	5.11060401294e-28
12.6507782101	5.01210225468e-28
12.6653696498	4.94464497545e-28
12.6799610895	4.93083021642e-28
12.6945525292	5.02583972139e-28
12.7091439689	5.18216915411e-28
12.7237354086	5.55719962535e-28
12.7383268483	5.76787669536e-28
12.7529182879	5.84652791663e-28
12.7675097276	5.79286471719e-28
12.7821011673	5.79613315026e-28
12.796692607	5.7214761184e-28
12.8112840467	5.77752595132e-28
12.8258754864	5.95565198473e-28
12.8404669261	6.29596944806e-28
12.8550583658	6.39494724313e-28
12.8696498054	6.45936744039e-28
12.8842412451	6.37165766717e-28
12.8988326848	6.28909028347e-28
12.9134241245	6.25018736426e-28
12.9280155642	6.32002404696e-28
12.9426070039	6.42872188831e-28
12.9571984436	6.70413489497e-28
12.9717898833	6.77557998245e-28
12.986381323	6.8201749656e-28
13.0009727626	6.75482508144e-28
13.0155642023	6.70534782208e-28
13.030155642	6.62372632676e-28
13.0447470817	6.65261261728e-28
13.0593385214	6.77706172476e-28
13.0739299611	7.1835307146e-28
13.0885214008	7.3616669661e-28
13.1031128405	7.40100347702e-28
13.1177042802	7.31109023761e-28
13.1322957198	7.24873114919e-28
13.1468871595	7.14928813087e-28
13.1614785992	7.23235988949e-28
13.1760700389	7.43153422096e-28
13.1906614786	7.87185048334e-28
13.2052529183	7.97725199112e-28
13.219844358	8.07932007003e-28
13.2344357977	7.9980528295e-28
13.2490272374	7.91816373121e-28
13.263618677	7.88419513256e-28
13.2782101167	7.96051018399e-28
13.2928015564	8.02763888402e-28
13.3073929961	8.42004825405e-28
13.3219844358	8.59947477033e-28
13.3365758755	8.67974559293e-28
13.3511673152	8.55052259142e-28
13.3657587549	8.4496292231e-28
13.3803501946	8.29383504571e-28
13.3949416342	8.26387979932e-28
13.4095330739	8.3918292424e-28
13.4241245136	8.79154151345e-28
13.4387159533	8.86322431328e-28
13.453307393	8.94159374991e-28
13.4678988327	8.89016844886e-28
13.4824902724	8.88019421403e-28
13.4970817121	8.74084801501e-28
13.5116731518	8.80481916897e-28
13.5262645914	8.98101901532e-28
13.5408560311	9.43572465392e-28
13.5554474708	9.63142873413e-28
13.5700389105	9.77866626404e-28
13.5846303502	9.69616970892e-28
13.5992217899	9.60635504147e-28
13.6138132296	9.52730370639e-28
13.6284046693	9.59564815924e-28
13.642996109	9.66786960436e-28
13.6575875486	1.0162511733e-27
13.6721789883	1.03254921797e-27
13.686770428	1.03638151657e-27
13.7013618677	1.02961455788e-27
13.7159533074	1.03268913052e-27
13.7305447471	1.02694607257e-27
13.7451361868	1.03011139012e-27
13.7597276265	1.04200018913e-27
13.7743190661	1.08559587156e-27
13.7889105058	1.09067055326e-27
13.8035019455	1.09666349174e-27
13.8180933852	1.07995051235e-27
13.8326848249	1.06892251265e-27
13.8472762646	1.06116250891e-27
13.8618677043	1.07563750446e-27
13.876459144	1.09252258003e-27
13.8910505837	1.13870175996e-27
13.9056420233	1.15197612377e-27
13.920233463	1.1621494231e-27
13.9348249027	1.14827090532e-27
13.9494163424	1.14907513885e-27
13.9640077821	1.14765415351e-27
13.9785992218	1.15895350166e-27
13.9931906615	1.16988946182e-27
14.0077821012	1.22166315614e-27
14.0223735409	1.23165976915e-27
14.0369649805	1.22690379241e-27
14.0515564202	1.21058833978e-27
14.0661478599	1.20494351998e-27
14.0807392996	1.184136393e-27
14.0953307393	1.18833417591e-27
14.109922179	1.2030102636e-27
14.1245136187	1.25490555393e-27
14.1391050584	1.2576456275e-27
14.1536964981	1.25743987776e-27
14.1682879377	1.23699634223e-27
14.1828793774	1.22395175283e-27
14.1974708171	1.20667466792e-27
14.2120622568	1.20607803702e-27
14.2266536965	1.20740933361e-27
14.2412451362	1.25787663486e-27
14.2558365759	1.2719034229e-27
14.2704280156	1.27599016529e-27
14.2850194553	1.2531126428e-27
14.2996108949	1.24477551732e-27
14.3142023346	1.22962767949e-27
14.3287937743	1.22916966176e-27
14.343385214	1.23611536095e-27
14.3579766537	1.28909179116e-27
14.3725680934	1.29374382438e-27
14.3871595331	1.28208528879e-27
14.4017509728	1.25521736961e-27
14.4163424125	1.24099431578e-27
14.4309338521	1.21363772519e-27
14.4455252918	1.21069177423e-27
14.4601167315	1.21094470039e-27
14.4747081712	1.24876587572e-27
14.4892996109	1.24999871526e-27
14.5038910506	1.25127486432e-27
14.5184824903	1.23315947891e-27
14.53307393	1.2248720314e-27
14.5476653697	1.21589173168e-27
14.5622568093	1.21496835357e-27
14.576848249	1.20793896339e-27
14.5914396887	1.25173659174e-27
14.6060311284	1.25231063228e-27
14.6206225681	1.24686230315e-27
14.6352140078	1.21260325836e-27
14.6498054475	1.19039650017e-27
14.6643968872	1.16729603554e-27
14.6789883268	1.15223456409e-27
14.6935797665	1.13698479706e-27
14.7081712062	1.15813498473e-27
14.7227626459	1.13950392955e-27
14.7373540856	1.1182726433e-27
14.7519455253	1.07666021238e-27
14.766536965	1.05044278016e-27
14.7811284047	1.00528964077e-27
14.7957198444	9.81982958579e-28
14.810311284	9.54281692831e-28
14.8249027237	9.43335144141e-28
14.8394941634	8.93375503926e-28
14.8540856031	8.39505923262e-28
14.8686770428	7.74768629821e-28
14.8832684825	7.33995275136e-28
14.8978599222	7.08076736682e-28
14.9124513619	7.20405754599e-28
14.9270428016	7.80429827783e-28
14.9416342412	9.57437486352e-28
14.9562256809	1.25294833654e-27
14.9708171206	1.72800173378e-27
14.9854085603	2.6003886535e-27
15.0	3.54453650308e-27
