-14.9854085603	1.10213021043e-27
-14.9708171206	6.38062511696e-28
-14.9562256809	3.76303653982e-28
-14.9416342412	2.19614318355e-28
-14.9270428016	1.30962408001e-28
-14.9124513619	7.98480798457e-29
-14.8978599222	5.53182430056e-29
-14.8832684825	4.27979607945e-29
-14.8686770428	4.02439842772e-29
-14.8540856031	4.07480278436e-29
-14.8394941634	4.4306848807e-29
-14.8249027237	4.33688347674e-29
-14.810311284	4.74906779229e-29
-14.7957198444	5.01698002296e-29
-14.7811284047	5.61195289303e-29
-14.766536965	6.03743315365e-29
-14.7519455253	6.59944978301e-29
-14.7373540856	7.11665735481e-29
-14.7227626459	7.40912584607e-29
-14.7081712062	7.04082841765e-29
-14.6935797665	7.52532731324e-29
-14.6789883268	7.86799341851e-29
-14.6643968872	8.52235288369e-29
-14.6498054475	8.93609638491e-29
-14.6352140078	9.61195939853e-29
-14.6206225681	9.96921337905e-29
-14.6060311284	1.01065908728e-28
-14.5914396887	9.47309757047e-29
-14.576848249	9.48444304167e-29
-14.5622568093	9.64821977739e-29
-14.5476653696	1.01457298141e-28
-14.53307393	1.03321174785e-28
-14.5184824903	1.07079548446e-28
-14.5038910506	1.08692881932e-28
-14.4892996109	1.10362384295e-28
-14.4747081712	1.06809131485e-28
-14.4601167315	1.1095586794e-28
-14.4455252918	1.15129293385e-28
-14.4309338521	1.24915115278e-28
-14.4163424125	1.33377640706e-28
-14.4017509728	1.43388954764e-28
-14.3871595331	1.51560887755e-28
-14.3725680934	1.6174644678e-28
-14.3579766537	1.64968466762e-28
-14.343385214	1.73501386886e-28
-14.3287937743	1.81594277335e-28
-14.3142023346	1.9230218588e-28
-14.2996108949	2.02655940436e-28
-14.2850194553	2.1310417489e-28
-14.2704280156	2.19885449739e-28
-14.2558365759	2.26410908749e-28
-14.2412451362	2.28537352065e-28
-14.2266536965	2.38166034651e-28
-14.2120622568	2.4892991296e-28
-14.1974708171	2.62294375969e-28
-14.1828793774	2.71798967759e-28
-14.1682879377	2.81853217762e-28
-14.1536964981	2.87106472005e-28
-14.1391050584	2.89279913853e-28
-14.1245136187	2.91631955532e-28
-14.109922179	3.01735603272e-28
-14.0953307393	3.12952695938e-28
-14.0807392996	3.27079472102e-28
-14.0661478599	3.36491664216e-28
-14.0515564202	3.46888348148e-28
-14.0369649805	3.56425951741e-28
-14.0223735409	3.68446618564e-28
-14.0077821012	3.78992575995e-28
-13.9931906615	3.96649592597e-28
-13.9785992218	4.15354391378e-28
-13.9640077821	4.3886521643e-28
-13.9494163424	4.62222675726e-28
-13.9348249027	4.81740865909e-28
-13.920233463	4.93985022234e-28
-13.9056420233	5.07741632777e-28
-13.8910505837	5.18597016855e-28
-13.876459144	5.36808384443e-28
-13.8618677043	5.5701476264e-28
-13.8472762646	5.83620496896e-28
-13.8326848249	6.05838557249e-28
-13.8180933852	6.25677490107e-28
-13.8035019455	6.4686466183e-28
-13.7889105058	6.74438479919e-28
-13.7743190661	7.08883428346e-28
-13.7597276265	7.36846325096e-28
-13.7451361868	7.66289456755e-28
-13.7305447471	7.89660704453e-28
-13.7159533074	8.00440358046e-28
-13.7013618677	8.04011918633e-28
-13.686770428	8.02567742026e-28
-13.6721789883	7.91615569583e-28
-13.6575875486	7.71071353982e-28
-13.6429961089	7.59124225998e-28
-13.6284046693	7.44920838899e-28
-13.6138132296	7.39317194653e-28
-13.5992217899	7.31817355466e-28
-13.5846303502	7.2340990162e-28
-13.5700389105	7.22827454592e-28
-13.5554474708	7.25839661901e-28
-13.5408560311	7.28639482309e-28
-13.5262645914	7.42917864263e-28
-13.5116731518	7.61681668963e-28
-13.4970817121	7.78057448889e-28
-13.4824902724	7.87954412345e-28
-13.4678988327	8.05324127262e-28
-13.453307393	8.20026210035e-28
-13.4387159533	8.42072415144e-28
-13.4241245136	8.8087284396e-28
-13.4095330739	9.05069656632e-28
-13.3949416342	9.23114038642e-28
-13.3803501946	9.37377162457e-28
-13.3657587549	9.40380146934e-28
-13.3511673152	9.38053335701e-28
-13.3365758755	9.29393031847e-28
-13.3219844358	9.14256341389e-28
-13.3073929961	8.92675932873e-28
-13.2928015564	8.80056289312e-28
-13.2782101167	8.71984702376e-28
-13.263618677	8.63522461489e-28
-13.2490272374	8.62775947261e-28
-13.2344357977	8.65614882539e-28
-13.219844358	8.65561069767e-28
-13.2052529183	8.74783970367e-28
-13.1906614786	9.03898664726e-28
-13.1760700389	9.26377120489e-28
-13.1614785992	9.50998184183e-28
-13.1468871595	9.70551802003e-28
-13.1322957198	9.829765654e-28
-13.1177042802	9.9435713123e-28
-13.1031128405	1.00243836138e-27
-13.0885214008	1.00836681294e-27
-13.0739299611	1.02526250405e-27
-13.0593385214	1.03732570054e-27
-13.0447470817	1.05008793373e-27
-13.030155642	1.06020866223e-27
-13.0155642023	1.0668215213e-27
-13.0009727626	1.06939140869e-27
-12.986381323	1.06979143637e-27
-12.9717898833	1.07477526702e-27
-12.9571984436	1.08894922108e-27
-12.9426070039	1.09624751667e-27
-12.9280155642	1.10546841184e-27
-12.9134241245	1.10656065701e-27
-12.8988326848	1.10348164756e-27
-12.8842412451	1.10130023959e-27
-12.8696498054	1.09504053724e-27
-12.8550583658	1.08964905783e-27
-12.8404669261	1.09597256597e-27
-12.8258754864	1.10147947472e-27
-12.8112840467	1.10234322673e-27
-12.796692607	1.10414843621e-27
-12.7821011673	1.10232931537e-27
-12.7675097276	1.09823565284e-27
-12.7529182879	1.09441190016e-27
-12.7383268482	1.09209047464e-27
-12.7237354086	1.10012788293e-27
-12.7091439689	1.10369831566e-27
-12.6945525292	1.10917126703e-27
-12.6799610895	1.11474875174e-27
-12.6653696498	1.11942283113e-27
-12.6507782101	1.12646631781e-27
-12.6361867704	1.12836931635e-27
-12.6215953307	1.13663158182e-27
-12.6070038911	1.15787871208e-27
-12.5924124514	1.1702122506e-27
-12.5778210117	1.18247421707e-27
-12.563229572	1.18706481753e-27
-12.5486381323	1.19351831046e-27
-12.5340466926	1.20859224923e-27
-12.5194552529	1.22874246209e-27
-12.5048638132	1.25692076327e-27
-12.4902723735	1.31084785358e-27
-12.4756809339	1.34501078586e-27
-12.4610894942	1.36681286818e-27
-12.4464980545	1.37202875475e-27
-12.4319066148	1.36854833854e-27
-12.4173151751	1.3547259768e-27
-12.4027237354	1.32837352879e-27
-12.3881322957	1.29325993537e-27
-12.373540856	1.26104495284e-27
-12.3589494163	1.23624736342e-27
-12.3443579767	1.21185794526e-27
-12.329766537	1.18192990372e-27
-12.3151750973	1.1610018228e-27
-12.3005836576	1.14259105516e-27
-12.2859922179	1.12729414661e-27
-12.2714007782	1.11988357615e-27
-12.2568093385	1.12862474865e-27
-12.2422178988	1.12713323495e-27
-12.2276264591	1.13033845792e-27
-12.2130350195	1.12638089394e-27
-12.1984435798	1.11997424427e-27
-12.1838521401	1.11497627296e-27
-12.1692607004	1.1069503477e-27
-12.1546692607	1.10364688707e-27
-12.140077821	1.12032535199e-27
-12.1254863813	1.11701485715e-27
-12.1108949416	1.1085216195e-27
-12.0963035019	1.09601222603e-27
-12.0817120623	1.08786880982e-27
-12.0671206226	1.07980685455e-27
-12.0525291829	1.07656923593e-27
-12.0379377432	1.07427720015e-27
-12.0233463035	1.08512413572e-27
-12.0087548638	1.08467533266e-27
-11.9941634241	1.0885128963e-27
-11.9795719844	1.09250428172e-27
-11.9649805447	1.10482687588e-27
-11.9503891051	1.11651874304e-27
-11.9357976654	1.142897262e-27
-11.9212062257	1.18911016986e-27
-11.906614786	1.27310856953e-27
-11.8920233463	1.32355053939e-27
-11.8774319066	1.36135747753e-27
-11.8628404669	1.36925259513e-27
-11.8482490272	1.37306214763e-27
-11.8336575875	1.37936588415e-27
-11.8190661479	1.38124925148e-27
-11.8044747082	1.37082436532e-27
-11.7898832685	1.37729399051e-27
-11.7752918288	1.36204634938e-27
-11.7607003891	1.3423089611e-27
-11.7461089494	1.31758838292e-27
-11.7315175097	1.30393330606e-27
-11.71692607	1.28760541536e-27
-11.7023346304	1.27798148204e-27
-11.6877431907	1.26014365077e-27
-11.673151751	1.25888854608e-27
-11.6585603113	1.25177519994e-27
-11.6439688716	1.24365465438e-27
-11.6293774319	1.22358084789e-27
-11.6147859922	1.21720045525e-27
-11.6001945525	1.21545562724e-27
-11.5856031128	1.23043359855e-27
-11.5710116732	1.25596569505e-27
-11.5564202335	1.30692344456e-27
-11.5418287938	1.32603536513e-27
-11.5272373541	1.35032714444e-27
-11.5126459144	1.36113034493e-27
-11.4980544747	1.37192700655e-27
-11.483463035	1.38678659773e-27
-11.4688715953	1.40720368298e-27
-11.4542801556	1.42574585889e-27
-11.439688716	1.47123469395e-27
-11.4250972763	1.50848852112e-27
-11.4105058366	1.56358394082e-27
-11.3959143969	1.6348353059e-27
-11.3813229572	1.74752413376e-27
-11.3667315175	1.90543638951e-27
-11.3521400778	2.12637326463e-27
-11.3375486381	2.39992359732e-27
-11.3229571984	2.78694151523e-27
-11.3083657588	3.2659298102e-27
-11.2937743191	3.92924861151e-27
-11.2791828794	4.77687296229e-27
-11.2645914397	6.03316246174e-27
-11.25	7.19656075154e-27
-11.2354085603	6.11107861205e-27
-11.2208171206	4.89471576014e-27
-11.2062256809	4.073551481e-27
-11.1916342412	3.38473724974e-27
-11.1770428016	2.86720860126e-27
-11.1624513619	2.4373722416e-27
-11.1478599222	2.10715844989e-27
-11.1332684825	1.82717526735e-27
-11.1186770428	1.60536473904e-27
-11.1040856031	1.41636766854e-27
-11.0894941634	1.26651492393e-27
-11.0749027237	1.14213480404e-27
-11.060311284	1.04383589291e-27
-11.0457198444	9.59385902631e-28
-11.0311284047	9.00472913723e-28
-11.016536965	8.49303537475e-28
-11.0019455253	8.12020310864e-28
-10.9873540856	7.79277433007e-28
-10.9727626459	7.52566052174e-28
-10.9581712062	7.24541492183e-28
-10.9435797665	7.08221550808e-28
-10.9289883268	6.91745251312e-28
-10.9143968872	6.83874979582e-28
-10.8998054475	6.79734214733e-28
-10.8852140078	6.84934785004e-28
-10.8706225681	6.91821036989e-28
-10.8560311284	7.06663271094e-28
-10.8414396887	7.08996279826e-28
-10.826848249	7.11779567202e-28
-10.8122568093	7.1331541672e-28
-10.7976653696	7.18381154738e-28
-10.78307393	7.14482816498e-28
-10.7684824903	7.17974708499e-28
-10.7538910506	7.17827614216e-28
-10.7392996109	7.25857444612e-28
-10.7247081712	7.29153492067e-28
-10.7101167315	7.34797074266e-28
-10.6955252918	7.39904316555e-28
-10.6809338521	7.53782503624e-28
-10.6663424125	7.62228890697e-28
-10.6517509728	7.74860468429e-28
-10.6371595331	7.8957772031e-28
-10.6225680934	8.14310207164e-28
-10.6079766537	8.18763004848e-28
-10.593385214	8.19512117823e-28
-10.5787937743	8.09950733581e-28
-10.5642023346	8.00670001076e-28
-10.5496108949	7.89860299864e-28
-10.5350194553	7.80662799005e-28
-10.5204280156	7.55886649035e-28
-10.5058365759	7.34929126856e-28
-10.4912451362	7.08472603184e-28
-10.4766536965	6.81662853314e-28
-10.4620622568	6.57294417593e-28
-10.4474708171	6.37173551538e-28
-10.4328793774	6.07553807987e-28
-10.4182879377	5.80463854377e-28
-10.4036964981	5.48832698494e-28
-10.3891050584	5.18729160725e-28
-10.3745136187	4.95112532397e-28
-10.359922179	4.80528971597e-28
-10.3453307393	4.66682313795e-28
-10.3307392996	4.62043786022e-28
-10.3161478599	4.56383602253e-28
-10.3015564202	4.56281672296e-28
-10.2869649805	4.54312403418e-28
-10.2723735409	4.60487055256e-28
-10.2577821012	4.56426420589e-28
-10.2431906615	4.55047913882e-28
-10.2285992218	4.52001516867e-28
-10.2140077821	4.50608976172e-28
-10.1994163424	4.48154159959e-28
-10.1848249027	4.45863772832e-28
-10.170233463	4.32814154372e-28
-10.1556420233	4.23091769643e-28
-10.1410505837	4.09795535685e-28
-10.126459144	3.96866310689e-28
-10.1118677043	3.88630423962e-28
-10.0972762646	3.86054768464e-28
-10.0826848249	3.77070349823e-28
-10.0680933852	3.71239091168e-28
-10.0535019455	3.63538452101e-28
-10.0389105058	3.61643140906e-28
-10.0243190661	3.5727148164e-28
-10.0097276265	3.55627082779e-28
-9.99513618677	3.57278867265e-28
-9.98054474708	3.66688547594e-28
-9.96595330739	3.74026063683e-28
-9.9513618677	3.86168977606e-28
-9.93677042802	4.02799997967e-28
-9.92217898833	4.27774991406e-28
-9.90758754864	4.43971282504e-28
-9.89299610895	4.63251649433e-28
-9.87840466926	4.76731576725e-28
-9.86381322957	4.96141267148e-28
-9.84922178988	5.14218035249e-28
-9.83463035019	5.37589549125e-28
-9.82003891051	5.65303706765e-28
-9.80544747082	6.07759714825e-28
-9.79085603113	6.44090774559e-28
-9.77626459144	6.83597192938e-28
-9.76167315175	7.21697150331e-28
-9.74708171206	7.65104364502e-28
-9.73249027237	8.00463386956e-28
-9.71789883268	8.47148335464e-28
-9.703307393	8.92548331808e-28
-9.68871595331	9.58450259243e-28
-9.67412451362	1.00744168819e-27
-9.65953307393	1.04910221926e-27
-9.64494163424	1.08185335849e-27
-9.63035019455	1.12169567667e-27
-9.61575875486	1.15109548062e-27
-9.60116731517	1.18755541507e-27
-9.58657587549	1.22449835934e-27
-9.5719844358	1.27878307534e-27
-9.55739299611	1.31039461426e-27
-9.54280155642	1.33516089489e-27
-9.52821011673	1.34828771494e-27
-9.51361867704	1.36632699704e-27
-9.49902723735	1.38290626507e-27
-9.48443579767	1.40533475e-27
-9.46984435798	1.42313155384e-27
-9.45525291829	1.4655307601e-27
-9.4406614786	1.48198399331e-27
-9.42607003891	1.49695725968e-27
-9.41147859922	1.51012856366e-27
-9.39688715953	1.53314004016e-27
-9.38229571984	1.55168589903e-27
-9.36770428016	1.58137549973e-27
-9.35311284047	1.61717125281e-27
-9.33852140078	1.68199712364e-27
-9.32392996109	1.71875074103e-27
-9.3093385214	1.74666516727e-27
-9.29474708171	1.76062657798e-27
-9.28015564202	1.78547935727e-27
-9.26556420233	1.80709172971e-27
-9.25097276265	1.83108981345e-27
-9.23638132296	1.85900721425e-27
-9.22178988327	1.91309443986e-27
-9.20719844358	1.94557585189e-27
-9.19260700389	1.97047299881e-27
-9.1780155642	1.99239286125e-27
-9.16342412451	2.03003913912e-27
-9.14883268482	2.07184019603e-27
-9.13424124514	2.13107038354e-27
-9.11964980545	2.19791139642e-27
-9.10505836576	2.31708189541e-27
-9.09046692607	2.4056105199e-27
-9.07587548638	2.48253289571e-27
-9.06128404669	2.54364076719e-27
-9.046692607	2.61672093942e-27
-9.03210116731	2.69325783633e-27
-9.01750972763	2.77583631942e-27
-9.00291828794	2.86352284773e-27
-8.98832684825	2.99817026372e-27
-8.97373540856	3.08220437816e-27
-8.95914396887	3.14847593131e-27
-8.94455252918	3.19252603148e-27
-8.92996108949	3.24684365183e-27
-8.91536964981	3.30198654406e-27
-8.90077821012	3.3680587778e-27
-8.88618677043	3.4439496614e-27
-8.87159533074	3.57056502706e-27
-8.85700389105	3.64911083944e-27
-8.84241245136	3.72241794062e-27
-8.82782101167	3.78954152084e-27
-8.81322957198	3.86733170313e-27
-8.7986381323	3.95118985396e-27
-8.78404669261	4.07222976501e-27
-8.76945525292	4.20864506756e-27
-8.75486381323	4.42055537222e-27
-8.74027237354	4.55583481388e-27
-8.72568093385	4.6450441253e-27
-8.71108949416	4.70192623244e-27
-8.69649805447	4.76612079339e-27
-8.68190661479	4.80487097252e-27
-8.6673151751	4.84872745919e-27
-8.65272373541	4.90133527249e-27
-8.63813229572	4.99904865374e-27
-8.62354085603	5.03844405643e-27
-8.60894941634	5.08928098295e-27
-8.59435797665	5.13847949186e-27
-8.57976653696	5.218245088e-27
-8.56517509728	5.31874790241e-27
-8.55058365759	5.45315407432e-27
-8.5359922179	5.62585508437e-27
-8.52140077821	5.90643950494e-27
-8.50680933852	6.11583635713e-27
-8.49221789883	6.29229062858e-27
-8.47762645914	6.42525512389e-27
-8.46303501945	6.56441976586e-27
-8.44844357977	6.71166842231e-27
-8.43385214008	6.88208905532e-27
-8.41926070039	7.06583466523e-27
-8.4046692607	7.30889928548e-27
-8.39007782101	7.51534727355e-27
-8.37548638132	7.73661371373e-27
-8.36089494163	7.97630939082e-27
-8.34630350195	8.26734840318e-27
-8.33171206226	8.6214071144e-27
-8.31712062257	9.08409371719e-27
-8.30252918288	9.62914131536e-27
-8.28793774319	1.03410560434e-26
-8.2733463035	1.10317553531e-26
-8.25875486381	1.17682180369e-26
-8.24416342412	1.25659694822e-26
-8.22957198444	1.34878199509e-26
-8.21498054475	1.45473489202e-26
-8.20038910506	1.58263011547e-26
-8.18579766537	1.73465702054e-26
-8.17120622568	1.92224441419e-26
-8.15661478599	2.13208813472e-26
-8.1420233463	2.38261385997e-26
-8.12743190661	2.68368762655e-26
-8.11284046693	3.04886630694e-26
-8.09824902724	3.49498605262e-26
-8.08365758755	4.05091415996e-26
-8.06906614786	4.73349121049e-26
-8.05447470817	5.59094551221e-26
-8.03988326848	6.60074930033e-26
-8.02529182879	7.81624403736e-26
-8.0107003891	9.2761931585e-26
-7.99610894942	1.10656050486e-25
-7.98151750973	1.3267369738e-25
-7.96692607004	1.59968901714e-25
-7.95233463035	1.93575733747e-25
-7.93774319066	2.35105907577e-25
-7.92315175097	2.85309177188e-25
-7.90856031128	3.46874059051e-25
-7.89396887159	4.22247147243e-25
-7.87937743191	5.15190109833e-25
-7.86478599222	6.29839176374e-25
-7.85019455253	7.71724102193e-25
-7.83560311284	9.47392161951e-25
-7.82101167315	1.16510563598e-24
-7.80642023346	1.43331672944e-24
-7.79182879377	1.76494277701e-24
-7.77723735409	2.1754824897e-24
-7.7626459144	2.68400656455e-24
-7.74805447471	3.31379774345e-24
-7.73346303502	4.09543323457e-24
-7.71887159533	5.06459921962e-24
-7.70428015564	6.26782533693e-24
-7.68968871595	7.75454914884e-24
-7.67509727626	9.59223554176e-24
-7.66050583658	1.18650557409e-23
-7.64591439689	1.46781631325e-23
-7.6313229572	1.81593930004e-23
-7.61673151751	2.24669255332e-23
-7.60214007782	2.77947652598e-23
-7.58754863813	3.43841950497e-23
-7.57295719844	4.2524670734e-23
-7.55836575875	5.25810650173e-23
-7.54377431907	6.50017942228e-23
-7.52918287938	8.03330157638e-23
-7.51459143969	9.92672159144e-23
-7.5	1.22572881243e-22
-7.48540856031	1.50981983101e-22
-7.47081712062	1.85957488363e-22
-7.45622568093	2.29071423149e-22
-7.44163424124	2.82186400045e-22
-7.42704280156	3.47601870321e-22
-7.41245136187	4.28127135537e-22
-7.39785992218	5.27220443212e-22
-7.38326848249	6.49109856594e-22
-7.3686770428	7.98968780373e-22
-7.35408560311	9.8315801791e-22
-7.33949416342	1.2093924109e-21
-7.32490272373	1.48716595575e-21
-7.31031128405	1.82807476179e-21
-7.29571984436	2.24630215028e-21
-7.28112840467	2.75915048366e-21
-7.26653696498	3.38776306284e-21
-7.25194552529	4.15790841156e-21
-7.2373540856	5.10106063934e-21
-7.22276264591	6.25540213392e-21
-7.20817120623	7.66766808404e-21
-7.19357976654	9.39470148178e-21
-7.17898832685	1.15057742191e-20
-7.16439688716	1.40851560369e-20
-7.14980544747	1.72353725172e-20
-7.13521400778	2.10809796932e-20
-7.12062256809	2.57735107079e-20
-7.1060311284	3.14967399406e-20
-7.09143968872	3.84740115792e-20
-7.07684824903	4.69763341583e-20
-7.06225680934	5.73325345759e-20
-7.04766536965	6.99411551441e-20
-7.03307392996	8.52854020211e-20
-7.01848249027	1.03950352436e-19
-7.00389105058	1.26644719337e-19
-6.98929961089	1.54225299527e-19
-6.97470817121	1.87729502982e-19
-6.96011673152	2.28411254459e-19
-6.94552529183	2.77786425984e-19
-6.93093385214	3.37686087475e-19
-6.91634241245	4.10321303036e-19
-6.90175097276	4.98360069589e-19
-6.88715953307	6.05021999039e-19
-6.87256809338	7.34186744673e-19
-6.8579766537	8.90532619766e-19
-6.84338521401	1.07969485661e-18
-6.82879377432	1.30845980475e-18
-6.81420233463	1.58499497892e-18
-6.79961089494	1.91912671044e-18
-6.78501945525	2.32267008624e-18
-6.77042801556	2.80982746951e-18
-6.75583657588	3.39765826478e-18
-6.74124513619	4.10665077655e-18
-6.7266536965	4.96139535429e-18
-6.71206225681	5.99139532616e-18
-6.69747081712	7.23202807335e-18
-6.68287937743	8.72569905801e-18
-6.66828793774	1.05232109649e-17
-6.65369649805	1.26854032972e-17
-6.63910505837	1.52850877991e-17
-6.62451361868	1.84093872091e-17
-6.60992217899	2.21624832642e-17
-6.5953307393	2.66689070129e-17
-6.58073929961	3.20774384506e-17
-6.56614785992	3.85657496082e-17
-6.55155642023	4.63459157616e-17
-6.53696498054	5.56709668688e-17
-6.52237354086	6.68426353262e-17
-6.50778210117	8.02205931044e-17
-6.49319066148	9.62333544475e-17
-6.47859922179	1.15391235562e-16
-6.4640077821	1.38301664963e-16
-6.44941634241	1.65687354457e-16
-6.43482490272	1.98407746387e-16
-6.42023346303	2.37484449473e-16
-6.40564202335	2.84131203054e-16
-6.39105058366	3.39789431103e-16
-6.37645914397	4.06170099733e-16
-6.36186770428	4.85303206008e-16
-6.34727626459	5.79596090599e-16
-6.3326848249	6.91902309502e-16
-6.31809338521	8.25602726096e-16
-6.30350194552	9.84701123454e-16
-6.28891050584	1.17393666363e-15
-6.27431906615	1.39891648205e-15
-6.25972762646	1.66627143979e-15
-6.24513618677	1.98383947541e-15
-6.23054474708	2.36088087191e-15
-6.21595330739	2.80833137345e-15
-6.2013618677	3.33909917741e-15
-6.18677042802	3.96841370279e-15
-6.17217898833	4.71423426559e-15
-6.15758754864	5.59772996469e-15
-6.14299610895	6.64384128926e-15
-6.12840466926	7.88193839514e-15
-6.11381322957	9.34659151096e-15
-6.09922178988	1.10784725908e-14
-6.08463035019	1.31254096367e-14
-6.07003891051	1.55436196625e-14
-6.05544747082	1.83991483096e-14
-6.04085603113	2.17695525919e-14
-6.02626459144	2.57458636881e-14
-6.01167315175	3.04348779263e-14
-5.99708171206	3.59618274285e-14
-5.98249027237	4.24734938505e-14
-5.96789883268	5.01418348748e-14
-5.953307393	5.91682076057e-14
-5.93871595331	6.97882824516e-14
-5.92412451362	8.22777616865e-14
-5.90953307393	9.69590251869e-14
-5.89494163424	1.14208855797e-13
-5.88035019455	1.34467410124e-13
-5.86575875486	1.58248635143e-13
-5.85116731517	1.86152352719e-13
-5.83657587549	2.18878277527e-13
-5.8219844358	2.57242262449e-13
-5.80739299611	3.02195126218e-13
-5.79280155642	3.54844450567e-13
-5.77821011673	4.16479814022e-13
-5.76361867704	4.88601979996e-13
-5.74902723735	5.7295664991e-13
-5.73443579766	6.71573468498e-13
-5.71984435798	7.86811084336e-13
-5.70525291829	9.2140916655e-13
-5.6906614786	1.07854844022e-12
-5.67607003891	1.26191992092e-12
-5.66147859922	1.47580473361e-12
-5.64688715953	1.72516607466e-12
-5.63229571984	2.01575512562e-12
-5.61770428016	2.35423295614e-12
-5.60311284047	2.74831077693e-12
-5.58852140078	3.20691119879e-12
-5.57392996109	3.740353587e-12
-5.5593385214	4.36056695562e-12
-5.54474708171	5.08133441344e-12
-5.53015564202	5.91857365685e-12
-5.51556420233	6.89065868804e-12
-5.50097276265	8.01878861443e-12
-5.48638132296	9.32741021113e-12
-5.47178988327	1.08447018089e-11
-5.45719844358	1.26031271853e-11
-5.44260700389	1.46400691728e-11
-5.4280155642	1.6998554163e-11
-5.41342412451	1.97280800522e-11
-5.39883268482	2.28855619693e-11
-5.38424124514	2.65364119227e-11
-5.36964980545	3.07557707503e-11
-5.35505836576	3.562991305e-11
-5.34046692607	4.12578486578e-11
-5.32587548638	4.77531470755e-11
-5.31128404669	5.5246014947e-11
-5.296692607	6.38856603044e-11
-5.28210116731	7.38429818929e-11
-5.26750972763	8.53136265463e-11
-5.25291828794	9.85214632617e-11
-5.23832684825	1.13722528576e-10
-5.22373540856	1.31209504989e-10
-5.20914396887	1.5131680153e-10
-5.19455252918	1.74426314626e-10
-5.17996108949	2.00973956687e-10
-5.1653696498	2.31457050985e-10
-5.15077821012	2.66442703127e-10
-5.13618677043	3.06577273242e-10
-5.12159533074	3.52597087634e-10
-5.10700389105	4.05340546021e-10
-5.09241245136	4.65761798333e-10
-5.07782101167	5.34946186678e-10
-5.06322957198	6.14127670602e-10
-5.0486381323	7.04708480108e-10
-5.03404669261	8.08281268864e-10
-5.01945525292	9.26654072553e-10
-5.00486381323	1.06187841187e-09
-4.99027237354	1.21628091986e-09
-4.97568093385	1.39249891537e-09
-4.96108949416	1.59352039373e-09
-4.94649805447	1.82272895826e-09
-4.93190661479	2.0839542756e-09
-4.9173151751	2.38152870258e-09
-4.90272373541	2.72035080475e-09
-4.88813229572	3.10595656551e-09
-4.87354085603	3.54459917395e-09
-4.85894941634	4.04333837364e-09
-4.84435797665	4.61014046401e-09
-4.82976653696	5.25399016076e-09
-4.81517509728	5.98501565279e-09
-4.80058365759	6.81462833328e-09
-4.7859922179	7.75567883983e-09
-4.77140077821	8.82263120814e-09
-4.75680933852	1.00317571339e-08
-4.74221789883	1.14013525398e-08
-4.72762645914	1.29519788732e-08
-4.71303501945	1.47067318047e-08
-4.69844357977	1.66915402695e-08
-4.68385214008	1.89354990855e-08
-4.66926070039	2.14712387079e-08
-4.6546692607	2.43353360276e-08
-4.64007782101	2.75687705092e-08
-4.62548638132	3.12174303743e-08
-4.61089494163	3.53326739991e-08
-4.59630350194	3.99719521822e-08
-4.58171206226	4.51994974819e-08
-4.56712062257	5.10870874016e-08
-4.55252918288	5.77148888382e-08
-4.53793774319	6.51723918917e-08
-4.5233463035	7.35594418863e-08
-4.50875486381	8.29873792437e-08
-4.49416342412	9.35802977359e-08
-4.47957198444	1.05476432574e-07
-4.46498054475	1.18829690811e-07
-4.45038910506	1.33811337633e-07
-4.43579766537	1.5061185328e-07
-4.42120622568	1.69442976628e-07
-4.40661478599	1.90539952821e-07
-4.3920233463	2.14164003799e-07
-4.37743190661	2.40605042158e-07
-4.36284046693	2.70184650467e-07
-4.34824902724	3.03259349967e-07
-4.33365758755	3.40224184524e-07
-4.31906614786	3.8151664777e-07
-4.30447470817	4.27620983583e-07
-4.28988326848	4.79072892426e-07
-4.27529182879	5.36464678541e-07
-4.2607003891	6.00450875731e-07
-4.24610894942	6.71754392233e-07
-4.23151750973	7.51173218282e-07
-4.21692607004	8.39587743094e-07
-4.20233463035	9.37968731461e-07
-4.18774319066	1.04738601367e-06
-4.17315175097	1.16901794632e-06
-4.15856031128	1.30416170555e-06
-4.14396887159	1.45424447845e-06
-4.12937743191	1.62083562284e-06
-4.11478599222	1.80565987023e-06
-4.10019455253	2.01061165181e-06
-4.08560311284	2.2377706322e-06
-4.07101167315	2.4894185412e-06
-4.05642023346	2.76805739946e-06
-4.04182879377	3.07642923946e-06
-4.02723735408	3.41753742967e-06
-4.0126459144	3.79466971573e-06
-3.99805447471	4.21142309918e-06
-3.98346303502	4.67173068082e-06
-3.96887159533	5.17989060298e-06
-3.95428015564	5.74059723174e-06
-3.93968871595	6.35897472797e-06
-3.92509727626	7.04061316289e-06
-3.91050583658	7.79160734229e-06
-3.89591439689	8.61859851046e-06
-3.8813229572	9.52881911362e-06
-3.86673151751	1.05301408098e-05
-3.85214007782	1.16311259207e-05
-3.83754863813	1.2841082529e-05
-3.82295719844	1.41701234324e-05
-3.80836575875	1.56292291727e-05
-3.79377431907	1.72303153693e-05
-3.77918287938	1.89863045883e-05
-3.76459143969	2.09112029933e-05
-3.75	2.30201820227e-05
-3.73540856031	2.53296653525e-05
-3.72081712062	2.78574214062e-05
-3.70622568093	3.06226616768e-05
-3.69163424124	3.3646145138e-05
-3.67704280156	3.69502890184e-05
-3.66245136187	4.05592862216e-05
-3.64785992218	4.4499229675e-05
-3.63326848249	4.87982438931e-05
-3.6186770428	5.34866240405e-05
-3.60408560311	5.85969827806e-05
-3.58949416342	6.41644051925e-05
-3.57490272373	7.02266120356e-05
-3.56031128405	7.68241316375e-05
-3.54571984436	8.40004806697e-05
-3.53112840467	9.18023540722e-05
-3.51653696498	0.000100279824373
-3.50194552529	0.000109486550635
-3.4873540856	0.000119479997254
-3.47276264591	0.000130321662795
-3.45817120623	0.000142077319068
-3.44357976654	0.000154817260571
-3.42898832685	0.000168616564449
-3.41439688716	0.000183555361064
-3.39980544747	0.000199719115229
-3.38521400778	0.000217198918152
-3.37062256809	0.000236091790059
-3.3560311284	0.000256500993458
-3.34143968872	0.000278536356925
-3.32684824903	0.000302314609264
-3.31225680934	0.000327959723828
-3.29766536965	0.000355603272723
-3.28307392996	0.000385384790571
-3.26848249027	0.000417452147415
-3.25389105058	0.000451961930297
-3.23929961089	0.000489079832958
-3.22470817121	0.000528981053015
-3.21011673152	0.000571850695917
-3.19552529183	0.000617884184849
-3.18093385214	0.000667287675708
-3.16634241245	0.000720278476147
-3.15175097276	0.000777085467595
-3.13715953307	0.00083794952906
-3.12256809338	0.000903123961419
-3.1079766537	0.000972874910794
-3.09338521401	0.00104748178949
-3.07879377432	0.00112723769288
-3.06420233463	0.00121244981053
-3.04961089494	0.00130343982966
-3.03501945525	0.00140054432905
-3.02042801556	0.00150411516131
-3.00583657587	0.00161451982138
-2.99124513619	0.00173214179885
-2.9766536965	0.00185738091198
-2.96206225681	0.00199065362072
-2.94747081712	0.00213239331629
-2.93287937743	0.00228305058468
-2.91828793774	0.00244309344133
-2.90369649805	0.00261300753424
-2.88910505837	0.00279329631261
-2.87451361868	0.00298448115823
-2.85992217899	0.00318710147663
-2.8453307393	0.00340171474512
-2.83073929961	0.00362889651461
-2.81614785992	0.0038692403626
-2.80155642023	0.00412335779407
-2.78696498054	0.0043918780877
-2.77237354086	0.00467544808444
-2.75778210117	0.0049747319158
-2.74319066148	0.00529041066925
-2.72859922179	0.00562318198817
-2.7140077821	0.00597375960409
-2.69941634241	0.00634287279903
-2.68482490272	0.00673126579583
-2.67023346303	0.00713969707495
-2.65564202335	0.00756893861591
-2.64105058366	0.00801977506237
-2.62645914397	0.0084930028096
-2.61186770428	0.00898942901386
-2.59727626459	0.0095098705232
-2.5826848249	0.0100551527297
-2.56809338521	0.0106261083436
-2.55350194552	0.0112235760896
-2.53891050584	0.0118483993273
-2.52431906615	0.0125014245964
-2.50972762646	0.0131835000893
-2.49513618677	0.013895474053
-2.48054474708	0.0146381931235
-2.46595330739	0.0154125005962
-2.4513618677	0.0162192346348
-2.43677042801	0.0170592264251
-2.42217898833	0.0179332982757
-2.40758754864	0.0188422616728
-2.39299610895	0.0197869152938
-2.37840466926	0.0207680429848
-2.36381322957	0.0217864117101
-2.34922178988	0.0228427694783
-2.33463035019	0.0239378432539
-2.32003891051	0.0250723368598
-2.30544747082	0.0262469288804
-2.29085603113	0.0274622705709
-2.27626459144	0.0287189837827
-2.26167315175	0.0300176589121
-2.24708171206	0.0313588528807
-2.23249027237	0.0327430871562
-2.21789883268	0.0341708458218
-2.203307393	0.0356425737025
-2.18871595331	0.037158674557
-2.17412451362	0.0387195093427
-2.15953307393	0.0403253945624
-2.14494163424	0.0419766007005
-2.13035019455	0.0436733507557
-2.11575875486	0.0454158188768
-2.10116731517	0.0472041291109
-2.08657587549	0.0490383542667
-2.0719844358	0.0509185149012
-2.05739299611	0.0528445784352
-2.04280155642	0.0548164584005
-2.02821011673	0.0568340138245
-2.01361867704	0.0588970487558
-1.99902723735	0.0610053119324
-1.98443579766	0.0631584965965
-1.96984435798	0.0653562404552
-1.95525291829	0.0675981257909
-1.9406614786	0.0698836797179
-1.92607003891	0.0722123745881
-1.91147859922	0.0745836285421
-1.89688715953	0.0769968062048
-1.88229571984	0.0794512195223
-1.86770428015	0.0819461287372
-1.85311284047	0.0844807434978
-1.83852140078	0.0870542240977
-1.82392996109	0.0896656828383
-1.8093385214	0.0923141855114
-1.79474708171	0.094998752993
-1.78015564202	0.097718362944
-1.76556420233	0.100471951608
-1.75097276265	0.103258415701
-1.73638132296	0.106076614385
-1.72178988327	0.108925371314
-1.70719844358	0.111803476751
-1.69260700389	0.114709689737
-1.6780155642	0.11764274032
-1.66342412451	0.12060133181
-1.64883268482	0.123584143082
-1.63424124514	0.126589830893
-1.61964980545	0.129617032217
-1.60505836576	0.132664366584
-1.59046692607	0.135730438425
-1.57587548638	0.138813839398
-1.56128404669	0.141913150706
-1.546692607	0.145026945379
-1.53210116731	0.148153790539
-1.51750972763	0.151292249611
-1.50291828794	0.154440884501
-1.48832684825	0.157598257717
-1.47373540856	0.160762934434
-1.45914396887	0.163933484498
-1.44455252918	0.167108484366
-1.42996108949	0.170286518968
-1.4153696498	0.173466183506
-1.40077821012	0.176646085164
-1.38618677043	0.179824844747
-1.37159533074	0.183001098226
-1.35700389105	0.18617349821
-1.34241245136	0.189340715323
-1.32782101167	0.192501439499
-1.31322957198	0.19565438118
-1.29863813229	0.198798272441
-1.28404669261	0.201931868007
-1.26945525292	0.2050539462
-1.25486381323	0.208163309782
-1.24027237354	0.21125878673
-1.22568093385	0.214339230907
-1.21108949416	0.217403522666
-1.19649805447	0.220450569361
-1.18190661479	0.223479305787
-1.1673151751	0.226488694536
-1.15272373541	0.229477726283
-1.13813229572	0.232445420001
-1.12354085603	0.235390823104
-1.10894941634	0.238313011524
-1.09435797665	0.241211089725
-1.07976653696	0.244084190662
-1.06517509728	0.246931475673
-1.05058365759	0.249752134326
-1.0359922179	0.252545384214
-1.02140077821	0.255310470695
-1.00680933852	0.258046666599
-0.992217898832	0.260753271886
-0.977626459143	0.263429613266
-0.963035019454	0.266075043791
-0.948443579766	0.268688942404
-0.933852140077	0.27127071347
-0.919260700388	0.273819786275
-0.9046692607	0.276335614499
-0.890077821011	0.278817675674
-0.875486381322	0.281265470621
-0.860894941633	0.283678522873
-0.846303501945	0.286056378079
-0.831712062256	0.288398603406
-0.817120622567	0.290704786926
-0.802529182879	0.292974536994
-0.78793774319	0.295207481628
-0.773346303501	0.297403267885
-0.758754863812	0.299561561227
-0.744163424124	0.301682044898
-0.729571984435	0.303764419298
-0.714980544746	0.305808401359
-0.700389105058	0.307813723932
-0.685797665369	0.309780135167
-0.67120622568	0.311707397916
-0.656614785991	0.313595289134
-0.642023346303	0.315443599286
-0.627431906614	0.317252131775
-0.612840466925	0.319020702372
-0.598249027237	0.320749138656
-0.583657587548	0.322437279474
-0.569066147859	0.324084974404
-0.55447470817	0.325692083238
-0.539883268482	0.327258475473
-0.525291828793	0.328784029818
-0.510700389104	0.330268633715
-0.496108949416	0.331712182875
-0.481517509727	0.333114580822
-0.466926070038	0.33447573846
-0.452334630349	0.33579557365
-0.437743190661	0.337074010798
-0.423151750972	0.338310980468
-0.408560311283	0.339506418994
-0.393968871594	0.340660268125
-0.379377431906	0.341772474666
-0.364785992217	0.342842990148
-0.350194552528	0.343871770504
-0.33560311284	0.34485877576
-0.321011673151	0.345803969742
-0.306420233462	0.346707319799
-0.291828793773	0.347568796529
-0.277237354085	0.348388373537
-0.262645914396	0.349166027184
-0.248054474707	0.349901736369
-0.233463035019	0.350595482312
-0.21887159533	0.351247248351
-0.204280155641	0.35185701976
-0.189688715952	0.352424783566
-0.175097276264	0.352950528391
-0.160505836575	0.353434244296
-0.145914396886	0.353875922646
-0.131322957198	0.354275555979
-0.116731517509	0.354633137889
-0.10214007782	0.354948662926
-0.0875486381314	0.355222126497
-0.0729571984427	0.355453524788
-0.058365758754	0.355642854689
-0.0437743190653	0.355790113739
-0.0291828793766	0.355895300074
-0.0145914396879	0.355958412389
8.5975671027e-13	0.355979449912
0.0145914396896	0.355958412389
0.0291828793783	0.355895300074
0.043774319067	0.355790113739
0.0583657587557	0.355642854689
0.0729571984444	0.355453524788
0.0875486381332	0.355222126498
0.102140077822	0.354948662927
0.116731517511	0.35463313789
0.131322957199	0.354275555979
0.145914396888	0.353875922646
0.160505836577	0.353434244296
0.175097276265	0.352950528391
0.189688715954	0.352424783566
0.204280155643	0.35185701976
0.218871595332	0.351247248352
0.23346303502	0.350595482312
0.248054474709	0.349901736369
0.262645914398	0.349166027184
0.277237354086	0.348388373537
0.291828793775	0.34756879653
0.306420233464	0.346707319799
0.321011673153	0.345803969743
0.335603112841	0.344858775761
0.35019455253	0.343871770505
0.364785992219	0.342842990149
0.379377431907	0.341772474667
0.393968871596	0.340660268125
0.408560311285	0.339506418995
0.423151750974	0.338310980468
0.437743190662	0.337074010799
0.452334630351	0.335795573651
0.46692607004	0.334475738461
0.481517509729	0.333114580823
0.496108949417	0.331712182876
0.510700389106	0.330268633716
0.525291828795	0.328784029818
0.539883268483	0.327258475474
0.554474708172	0.325692083239
0.569066147861	0.324084974405
0.58365758755	0.322437279475
0.598249027238	0.320749138657
0.612840466927	0.319020702373
0.627431906616	0.317252131776
0.642023346304	0.315443599287
0.656614785993	0.313595289135
0.671206225682	0.311707397917
0.685797665371	0.309780135168
0.700389105059	0.307813723933
0.714980544748	0.305808401361
0.729571984437	0.303764419299
0.744163424125	0.301682044899
0.758754863814	0.299561561228
0.773346303503	0.297403267886
0.787937743192	0.29520748163
0.80252918288	0.292974536995
0.817120622569	0.290704786927
0.831712062258	0.288398603408
0.846303501946	0.28605637808
0.860894941635	0.283678522874
0.875486381324	0.281265470623
0.890077821013	0.278817675675
0.904669260701	0.2763356145
0.91926070039	0.273819786277
0.933852140079	0.271270713472
0.948443579767	0.268688942405
0.963035019456	0.266075043792
0.977626459145	0.263429613268
0.992217898834	0.260753271888
1.00680933852	0.258046666601
1.02140077821	0.255310470697
1.0359922179	0.252545384216
1.05058365759	0.249752134328
1.06517509728	0.246931475675
1.07976653697	0.244084190664
1.09435797665	0.241211089727
1.10894941634	0.238313011526
1.12354085603	0.235390823106
1.13813229572	0.232445420003
1.15272373541	0.229477726285
1.1673151751	0.226488694538
1.18190661479	0.223479305789
1.19649805448	0.220450569364
1.21108949416	0.217403522668
1.22568093385	0.214339230909
1.24027237354	0.211258786732
1.25486381323	0.208163309784
1.26945525292	0.205053946202
1.28404669261	0.20193186801
1.2986381323	0.198798272443
1.31322957199	0.195654381183
1.32782101167	0.192501439501
1.34241245136	0.189340715326
1.35700389105	0.186173498212
1.37159533074	0.183001098228
1.38618677043	0.179824844749
1.40077821012	0.176646085167
1.41536964981	0.173466183508
1.4299610895	0.17028651897
1.44455252918	0.167108484368
1.45914396887	0.163933484501
1.47373540856	0.160762934437
1.48832684825	0.15759825772
1.50291828794	0.154440884503
1.51750972763	0.151292249613
1.53210116732	0.148153790541
1.546692607	0.145026945381
1.56128404669	0.141913150708
1.57587548638	0.138813839401
1.59046692607	0.135730438427
1.60505836576	0.132664366586
1.61964980545	0.129617032219
1.63424124514	0.126589830896
1.64883268483	0.123584143084
1.66342412451	0.120601331812
1.6780155642	0.117642740322
1.69260700389	0.114709689739
1.70719844358	0.111803476753
1.72178988327	0.108925371316
1.73638132296	0.106076614387
1.75097276265	0.103258415703
1.76556420234	0.10047195161
1.78015564202	0.0977183629461
1.79474708171	0.0949987529951
1.8093385214	0.0923141855135
1.82392996109	0.0896656828404
1.83852140078	0.0870542240998
1.85311284047	0.0844807434999
1.86770428016	0.0819461287391
1.88229571985	0.0794512195243
1.89688715953	0.0769968062068
1.91147859922	0.074583628544
1.92607003891	0.07221237459
1.9406614786	0.0698836797197
1.95525291829	0.0675981257927
1.96984435798	0.065356240457
1.98443579767	0.0631584965982
1.99902723736	0.0610053119342
2.01361867704	0.0588970487575
2.02821011673	0.0568340138262
2.04280155642	0.0548164584021
2.05739299611	0.0528445784368
2.0719844358	0.0509185149028
2.08657587549	0.0490383542682
2.10116731518	0.0472041291125
2.11575875486	0.0454158188783
2.13035019455	0.0436733507571
2.14494163424	0.041976600702
2.15953307393	0.0403253945638
2.17412451362	0.038719509344
2.18871595331	0.0371586745583
2.203307393	0.0356425737038
2.21789883269	0.0341708458231
2.23249027237	0.0327430871574
2.24708171206	0.0313588528819
2.26167315175	0.0300176589132
2.27626459144	0.0287189837838
2.29085603113	0.027462270572
2.30544747082	0.0262469288815
2.32003891051	0.0250723368609
2.3346303502	0.0239378432549
2.34922178988	0.0228427694793
2.36381322957	0.021786411711
2.37840466926	0.0207680429857
2.39299610895	0.0197869152947
2.40758754864	0.0188422616737
2.42217898833	0.0179332982765
2.43677042802	0.0170592264259
2.45136186771	0.0162192346356
2.46595330739	0.0154125005969
2.48054474708	0.0146381931242
2.49513618677	0.0138954740537
2.50972762646	0.01318350009
2.52431906615	0.0125014245971
2.53891050584	0.0118483993279
2.55350194553	0.0112235760902
2.56809338522	0.0106261083442
2.5826848249	0.0100551527303
2.59727626459	0.00950987052372
2.61186770428	0.00898942901436
2.62645914397	0.00849300281008
2.64105058366	0.00801977506283
2.65564202335	0.00756893861635
2.67023346304	0.00713969707537
2.68482490272	0.00673126579623
2.69941634241	0.00634287279941
2.7140077821	0.00597375960446
2.72859922179	0.00562318198852
2.74319066148	0.00529041066959
2.75778210117	0.00497473191612
2.77237354086	0.00467544808475
2.78696498055	0.00439187808799
2.80155642023	0.00412335779435
2.81614785992	0.00386924036286
2.83073929961	0.00362889651486
2.8453307393	0.00340171474535
2.85992217899	0.00318710147686
2.87451361868	0.00298448115844
2.88910505837	0.00279329631281
2.90369649806	0.00261300753443
2.91828793774	0.00244309344152
2.93287937743	0.00228305058485
2.94747081712	0.00213239331645
2.96206225681	0.00199065362087
2.9766536965	0.00185738091212
2.99124513619	0.00173214179898
3.00583657588	0.00161451982151
3.02042801557	0.00150411516144
3.03501945525	0.00140054432916
3.04961089494	0.00130343982977
3.06420233463	0.00121244981064
3.07879377432	0.00112723769298
3.09338521401	0.00104748178958
3.1079766537	0.000972874910881
3.12256809339	0.000903123961501
3.13715953307	0.000837949529136
3.15175097276	0.000777085467667
3.16634241245	0.000720278476215
3.18093385214	0.000667287675771
3.19552529183	0.000617884184908
3.21011673152	0.000571850695973
3.22470817121	0.000528981053068
3.2392996109	0.000489079833007
3.25389105058	0.000451961930343
3.26848249027	0.000417452147458
3.28307392996	0.000385384790611
3.29766536965	0.000355603272761
3.31225680934	0.000327959723863
3.32684824903	0.000302314609297
3.34143968872	0.000278536356956
3.35603112841	0.000256500993487
3.37062256809	0.000236091790086
3.38521400778	0.000217198918177
3.39980544747	0.000199719115253
3.41439688716	0.000183555361086
3.42898832685	0.000168616564469
3.44357976654	0.00015481726059
3.45817120623	0.000142077319086
3.47276264592	0.000130321662812
3.4873540856	0.000119479997269
3.50194552529	0.000109486550649
3.51653696498	0.000100279824386
3.53112840467	9.18023540844e-05
3.54571984436	8.4000480681e-05
3.56031128405	7.6824131648e-05
3.57490272374	7.02266120453e-05
3.58949416343	6.41644052014e-05
3.60408560311	5.8596982789e-05
3.6186770428	5.34866240483e-05
3.63326848249	4.87982439003e-05
3.64785992218	4.44992296816e-05
3.66245136187	4.05592862277e-05
3.67704280156	3.69502890241e-05
3.69163424125	3.36461451432e-05
3.70622568093	3.06226616816e-05
3.72081712062	2.78574214106e-05
3.73540856031	2.53296653567e-05
3.75	2.30201820265e-05
3.76459143969	2.09112029968e-05
3.77918287938	1.89863045916e-05
3.79377431907	1.72303153722e-05
3.80836575876	1.56292291755e-05
3.82295719844	1.41701234349e-05
3.83754863813	1.28410825313e-05
3.85214007782	1.16311259228e-05
3.86673151751	1.05301408117e-05
3.8813229572	9.52881911539e-06
3.89591439689	8.61859851209e-06
3.91050583658	7.79160734377e-06
3.92509727627	7.04061316425e-06
3.93968871595	6.3589747292e-06
3.95428015564	5.74059723288e-06
3.96887159533	5.17989060401e-06
3.98346303502	4.67173068177e-06
3.99805447471	4.21142310004e-06
4.0126459144	3.79466971652e-06
4.02723735409	3.41753743039e-06
4.04182879378	3.07642924012e-06
4.05642023346	2.76805740006e-06
4.07101167315	2.48941854175e-06
4.08560311284	2.23777063269e-06
4.10019455253	2.01061165226e-06
4.11478599222	1.80565987064e-06
4.12937743191	1.62083562321e-06
4.1439688716	1.45424447879e-06
4.15856031129	1.30416170586e-06
4.17315175097	1.1690179466e-06
4.18774319066	1.04738601392e-06
4.20233463035	9.37968731689e-07
4.21692607004	8.39587743303e-07
4.23151750973	7.51173218471e-07
4.24610894942	6.71754392405e-07
4.26070038911	6.00450875885e-07
4.27529182879	5.36464678681e-07
4.28988326848	4.79072892551e-07
4.30447470817	4.27620983696e-07
4.31906614786	3.8151664787e-07
4.33365758755	3.40224184615e-07
4.34824902724	3.03259350048e-07
4.36284046693	2.7018465054e-07
4.37743190662	2.40605042224e-07
4.3920233463	2.14164003858e-07
4.40661478599	1.90539952874e-07
4.42120622568	1.69442976675e-07
4.43579766537	1.50611853321e-07
4.45038910506	1.3381133767e-07
4.46498054475	1.18829690845e-07
4.47957198444	1.05476432604e-07
4.49416342413	9.35802977624e-08
4.50875486381	8.29873792675e-08
4.5233463035	7.35594419072e-08
4.53793774319	6.51723919101e-08
4.55252918288	5.77148888539e-08
4.56712062257	5.10870874158e-08
4.58171206226	4.51994974943e-08
4.59630350195	3.99719521932e-08
4.61089494164	3.53326740086e-08
4.62548638132	3.12174303826e-08
4.64007782101	2.75687705163e-08
4.6546692607	2.43353360336e-08
4.66926070039	2.14712387128e-08
4.68385214008	1.89354990898e-08
4.69844357977	1.66915402731e-08
4.71303501946	1.47067318077e-08
4.72762645915	1.29519788756e-08
4.74221789883	1.14013525418e-08
4.75680933852	1.00317571354e-08
4.77140077821	8.82263120922e-09
4.7859922179	7.75567884043e-09
4.80058365759	6.81462833369e-09
4.81517509728	5.98501565297e-09
4.82976653697	5.25399016077e-09
4.84435797665	4.61014046384e-09
4.85894941634	4.04333837336e-09
4.87354085603	3.54459917352e-09
4.88813229572	3.10595656501e-09
4.90272373541	2.72035080411e-09
4.9173151751	2.38152870197e-09
4.93190661479	2.08395427497e-09
4.94649805448	1.82272895764e-09
4.96108949416	1.5935203931e-09
4.97568093385	1.39249891477e-09
4.99027237354	1.21628091927e-09
5.00486381323	1.06187841131e-09
5.01945525292	9.26654072001e-10
5.03404669261	8.08281268397e-10
5.0486381323	7.04708479686e-10
5.06322957199	6.14127670227e-10
5.07782101167	5.34946186329e-10
5.09241245136	4.65761798026e-10
5.10700389105	4.05340545731e-10
5.12159533074	3.52597087367e-10
5.13618677043	3.06577272974e-10
5.15077821012	2.66442702904e-10
5.16536964981	2.31457050784e-10
5.1799610895	2.0097395651e-10
5.19455252918	1.74426314456e-10
5.20914396887	1.51316801375e-10
5.22373540856	1.31209504839e-10
5.23832684825	1.13722528434e-10
5.25291828794	9.85214631105e-11
5.26750972763	8.53136264116e-11
5.28210116732	7.38429817687e-11
5.29669260701	6.38856601931e-11
5.31128404669	5.52460148412e-11
5.32587548638	4.77531469799e-11
5.34046692607	4.12578485673e-11
5.35505836576	3.5629912969e-11
5.36964980545	3.07557706712e-11
5.38424124514	2.65364118575e-11
5.39883268483	2.28855619124e-11
5.41342412451	1.97280800048e-11
5.4280155642	1.69985541205e-11
5.44260700389	1.46400691364e-11
5.45719844358	1.26031271517e-11
5.47178988327	1.084470178e-11
5.48638132296	9.32741018169e-12
5.50097276265	8.01878859124e-12
5.51556420234	6.89065866841e-12
5.53015564202	5.91857364095e-12
5.54474708171	5.08133439966e-12
5.5593385214	4.3605669444e-12
5.57392996109	3.74035357651e-12
5.58852140078	3.20691118998e-12
5.60311284047	2.74831076799e-12
5.61770428016	2.35423295055e-12
5.63229571985	2.01575512157e-12
5.64688715953	1.72516607243e-12
5.66147859922	1.47580473183e-12
5.67607003891	1.26191992033e-12
5.6906614786	1.0785484399e-12
5.70525291829	9.21409166719e-13
5.71984435798	7.86811083814e-13
5.73443579767	6.71573469386e-13
5.74902723736	5.72956651243e-13
5.76361867704	4.88601981829e-13
5.77821011673	4.16479815624e-13
5.79280155642	3.5484445223e-13
5.80739299611	3.02195127682e-13
5.8219844358	2.57242263953e-13
5.83657587549	2.18878278368e-13
5.85116731518	1.86152353895e-13
5.86575875487	1.58248636462e-13
5.88035019455	1.34467411762e-13
5.89494163424	1.14208857377e-13
5.90953307393	9.69590269097e-14
5.92412451362	8.22777633412e-14
5.93871595331	6.97882841982e-14
5.953307393	5.91682091701e-14
5.96789883269	5.01418367302e-14
5.98249027237	4.24734957448e-14
5.99708171206	3.59618294099e-14
6.01167315175	3.04348798237e-14
6.02626459144	2.5745865507e-14
6.04085603113	2.17695542172e-14
6.05544747082	1.83991497905e-14
6.07003891051	1.55436209092e-14
6.0846303502	1.31254108889e-14
6.09922178988	1.10784737554e-14
6.11381322957	9.346592642e-15
6.12840466926	7.88193945034e-15
6.14299610895	6.64384230983e-15
6.15758754864	5.59773090641e-15
6.17217898833	4.71423515331e-15
6.18677042802	3.96841448482e-15
6.20136186771	3.33909997579e-15
6.21595330739	2.80833214595e-15
6.23054474708	2.36088163374e-15
6.24513618677	1.98384018941e-15
6.25972762646	1.66627212344e-15
6.27431906615	1.39891710985e-15
6.28891050584	1.17393724597e-15
6.30350194553	9.84701635101e-16
6.31809338522	8.25603228561e-16
6.3326848249	6.91902789755e-16
6.34727626459	5.79596555167e-16
6.36186770428	4.85303638659e-16
6.37645914397	4.06170513238e-16
6.39105058366	3.39789816151e-16
6.40564202335	2.84131563565e-16
6.42023346304	2.37484771608e-16
6.43482490272	1.98408060422e-16
6.44941634241	1.65687647466e-16
6.4640077821	1.38301941145e-16
6.47859922179	1.15391483663e-16
6.49319066148	9.62335751661e-17
6.50778210117	8.02207825064e-17
6.52237354086	6.68427975156e-17
6.53696498055	5.5671094918e-17
6.55155642023	4.6346025472e-17
6.56614785992	3.85658426745e-17
6.58073929961	3.20775218029e-17
6.5953307393	2.6668982226e-17
6.60992217899	2.21625535988e-17
6.62451361868	1.84094519479e-17
6.63910505837	1.52851502349e-17
6.65369649806	1.26854625579e-17
6.66828793774	1.05232730425e-17
6.68287937743	8.72575949496e-18
6.69747081712	7.23208668418e-18
6.71206225681	5.99144970766e-18
6.7266536965	4.96144567307e-18
6.74124513619	4.10669531912e-18
6.75583657588	3.39769701191e-18
6.77042801557	2.80985933553e-18
6.78501945525	2.32269883294e-18
6.79961089494	1.91915240209e-18
6.81420233463	1.58501851083e-18
6.82879377432	1.3084814446e-18
6.84338521401	1.07971571435e-18
6.8579766537	8.90552352144e-19
6.87256809339	7.34206006103e-19
6.88715953308	6.05040318173e-19
6.90175097276	4.98378646053e-19
6.91634241245	4.10339335043e-19
6.93093385214	3.37703572384e-19
6.94552529183	2.77802781787e-19
6.96011673152	2.28426390127e-19
6.97470817121	1.87743137232e-19
6.9892996109	1.54237512324e-19
7.00389105058	1.26655265037e-19
7.01848249027	1.03959972245e-19
7.03307392996	8.52939138909e-20
7.04766536965	6.99486174798e-20
7.06225680934	5.73389053905e-20
7.07684824903	4.69817753482e-20
7.09143968872	3.84785257576e-20
7.10603112841	3.15004186023e-20
7.12062256809	2.57763263555e-20
7.13521400778	2.10832702862e-20
7.14980544747	1.72372049652e-20
7.16439688716	1.40866807805e-20
7.17898832685	1.15070627783e-20
7.19357976654	9.39586118104e-21
7.20817120623	7.66871511464e-21
7.22276264592	6.25641014807e-21
7.2373540856	5.1020291951e-21
7.25194552529	4.15893921271e-21
7.26653696498	3.38875976223e-21
7.28112840467	2.76009257017e-21
7.29571984436	2.24713457826e-21
7.31031128405	1.82881139897e-21
7.32490272374	1.48778776946e-21
7.33949416343	1.20990515962e-21
7.35408560311	9.83546656098e-22
7.3686770428	7.99298071671e-22
7.38326848249	6.49381658474e-22
7.39785992218	5.27456342664e-22
7.41245136187	4.28327216475e-22
7.42704280156	3.47776890635e-22
7.44163424125	2.82339358391e-22
7.45622568094	2.29214793823e-22
7.47081712062	1.86092360047e-22
7.48540856031	1.51129825447e-22
7.5	1.22718584837e-22
7.51459143969	9.93994145082e-23
7.52918287938	8.04474174194e-23
7.54377431907	6.51000223883e-23
7.55836575876	5.26608308288e-23
7.57295719844	4.25893089397e-23
7.58754863813	3.44328047279e-23
7.60214007782	2.7837297521e-23
7.61673151751	2.25021762192e-23
7.6313229572	1.81901394207e-23
7.64591439689	1.47047767049e-23
7.66050583658	1.18893733458e-23
7.67509727627	9.6129930142e-24
7.68968871595	7.77369133962e-24
7.70428015564	6.28549463837e-24
7.71887159533	5.08484457919e-24
7.73346303502	4.11529068564e-24
7.74805447471	3.33244762208e-24
7.7626459144	2.70038622021e-24
7.77723735409	2.18946875049e-24
7.79182879378	1.77592200127e-24
7.80642023346	1.44156513756e-24
7.82101167315	1.17032303294e-24
7.83560311284	9.51771758777e-25
7.85019455253	7.75466937673e-25
7.86478599222	6.33329575193e-25
7.87937743191	5.18401967246e-25
7.8939688716	4.25497037055e-25
7.90856031129	3.49912330351e-25
7.92315175097	2.88453287182e-25
7.93774319066	2.38348482592e-25
7.95233463035	1.97700742844e-25
7.96692607004	1.6449484837e-25
7.98151750973	1.37454301208e-25
7.99610894942	1.1530985222e-25
8.01070038911	9.7249845253e-26
8.0252918288	8.22274938319e-26
8.03988326848	6.97297332018e-26
8.05447470817	5.91856768004e-26
8.06906614786	5.06529909465e-26
8.08365758755	4.36072595971e-26
8.09824902724	3.7776203441e-26
8.11284046693	3.29811687432e-26
8.12743190662	2.90184035391e-26
8.1420233463	2.5559524863e-26
8.15661478599	2.25582519979e-26
8.17120622568	1.98918330463e-26
8.18579766537	1.77812569279e-26
8.20038910506	1.60488738393e-26
8.21498054475	1.46742149113e-26
8.22957198444	1.35406656824e-26
8.24416342413	1.26253689797e-26
8.25875486381	1.18119345457e-26
8.2733463035	1.11054384177e-26
8.28793774319	1.04567385443e-26
8.30252918288	9.93128490393e-27
8.31712062257	9.45694667036e-27
8.33171206226	9.07524857714e-27
8.34630350195	8.74575279886e-27
8.36089494164	8.44972553224e-27
8.37548638132	8.1255940934e-27
8.39007782101	7.80695961801e-27
8.4046692607	7.43521072553e-27
8.41926070039	7.18690004491e-27
8.43385214008	6.97769347054e-27
8.44844357977	6.82406098007e-27
8.46303501946	6.71038509862e-27
8.47762645915	6.64441057564e-27
8.49221789883	6.53216934129e-27
8.50680933852	6.41705062908e-27
8.52140077821	6.27296294004e-27
8.5359922179	6.18618040385e-27
8.55058365759	6.11293434824e-27
8.56517509728	6.05080957667e-27
8.57976653697	5.9822480281e-27
8.59435797666	5.91648085734e-27
8.60894941634	5.80211569571e-27
8.62354085603	5.66769570823e-27
8.63813229572	5.48030391811e-27
8.65272373541	5.36534587127e-27
8.6673151751	5.26584182328e-27
8.68190661479	5.21448803542e-27
8.69649805448	5.18218360304e-27
8.71108949416	5.15832111874e-27
8.72568093385	5.11559657657e-27
8.74027237354	5.06591301534e-27
8.75486381323	4.98723345989e-27
8.76945525292	4.94681080458e-27
8.78404669261	4.8974914519e-27
8.7986381323	4.85417133224e-27
8.81322957199	4.80228244264e-27
8.82782101167	4.74374578945e-27
8.84241245136	4.62557636826e-27
8.85700389105	4.48742263899e-27
8.87159533074	4.30321355094e-27
8.88618677043	4.17225282792e-27
8.90077821012	4.06573334857e-27
8.91536964981	3.98944518009e-27
8.9299610895	3.92808387258e-27
8.94455252918	3.88600188623e-27
8.95914396887	3.82206884921e-27
8.97373540856	3.75183847718e-27
8.98832684825	3.65423929738e-27
9.00291828794	3.58952179821e-27
9.01750972763	3.53464439171e-27
9.03210116732	3.48932090852e-27
9.04669260701	3.44033674516e-27
9.06128404669	3.38527080806e-27
9.07587548638	3.29505684191e-27
9.09046692607	3.19499109273e-27
9.10505836576	3.05536520719e-27
9.11964980545	2.95898966092e-27
9.13424124514	2.87848044478e-27
9.14883268483	2.81144511563e-27
9.16342412452	2.74674039613e-27
9.1780155642	2.6895926343e-27
9.19260700389	2.60694223975e-27
9.20719844358	2.5196430286e-27
9.22178988327	2.40479163659e-27
9.23638132296	2.32672235898e-27
9.25097276265	2.25637120427e-27
9.26556420234	2.21686706084e-27
9.28015564202	2.18320756305e-27
9.29474708171	2.16158479871e-27
9.3093385214	2.13223030937e-27
9.32392996109	2.09802125521e-27
9.33852140078	2.05496585945e-27
9.35311284047	2.03561769134e-27
9.36770428016	2.01509130756e-27
9.38229571985	2.00730223313e-27
9.39688715953	1.99423378252e-27
9.41147859922	1.97819290565e-27
9.42607003891	1.94270219394e-27
9.4406614786	1.91247638008e-27
9.45525291829	1.86701889639e-27
9.46984435798	1.83799688518e-27
9.48443579767	1.81941145186e-27
9.49902723736	1.80800935174e-27
9.51361867704	1.79230288259e-27
9.52821011673	1.78413886631e-27
9.54280155642	1.76233231878e-27
9.55739299611	1.74565172228e-27
9.5719844358	1.70955585544e-27
9.58657587549	1.68470415425e-27
9.60116731518	1.65861902451e-27
9.61575875487	1.65110878856e-27
9.63035019455	1.63772094404e-27
9.64494163424	1.62002493474e-27
9.65953307393	1.58859575516e-27
9.67412451362	1.55901865673e-27
9.68871595331	1.5121400033e-27
9.703307393	1.47484692058e-27
9.71789883269	1.43730247393e-27
9.73249027237	1.40788195881e-27
9.74708171206	1.37457131197e-27
9.76167315175	1.33007715724e-27
9.77626459144	1.26544617133e-27
9.79085603113	1.20248610271e-27
9.80544747082	1.12578274085e-27
9.82003891051	1.06966641797e-27
9.8346303502	1.02472344632e-27
9.84922178988	9.92500547127e-28
9.86381322957	9.60605356013e-28
9.87840466926	9.33272308934e-28
9.89299610895	8.98488230941e-28
9.90758754864	8.64045796938e-28
9.92217898833	8.28411442961e-28
9.93677042802	8.0059094269e-28
9.95136186771	7.69451070063e-28
9.96595330739	7.50314684006e-28
9.98054474708	7.31024128593e-28
9.99513618677	7.11340380705e-28
10.0097276265	6.89861415817e-28
10.0243190661	6.76083796857e-28
10.0389105058	6.58244183631e-28
10.0535019455	6.49234783483e-28
10.0680933852	6.45571985529e-28
10.0826848249	6.51609383803e-28
10.0972762646	6.58535967974e-28
10.1118677043	6.61190630637e-28
10.126459144	6.55925191629e-28
10.1410505837	6.65892140575e-28
10.1556420233	6.77304108828e-28
10.170233463	6.88084749024e-28
10.1848249027	6.99212159927e-28
10.1994163424	7.08741771197e-28
10.2140077821	7.15538147107e-28
10.2285992218	7.29301258853e-28
10.2431906615	7.41024490485e-28
10.2577821012	7.5668338483e-28
10.2723735409	7.72034416674e-28
10.2869649805	7.83438925409e-28
10.3015564202	7.92353717568e-28
10.3161478599	8.04307566428e-28
10.3307392996	8.06594993497e-28
10.3453307393	8.04744632841e-28
10.359922179	7.93021069985e-28
10.3745136187	7.84103859285e-28
10.3891050584	7.68904931127e-28
10.4036964981	7.67065162196e-28
10.4182879377	7.68746396338e-28
10.4328793774	7.77759361965e-28
10.4474708171	7.91691866392e-28
10.4620622568	8.07654249341e-28
10.4766536965	8.25387115846e-28
10.4912451362	8.59987028692e-28
10.5058365759	9.02898957794e-28
10.5204280156	9.4199486345e-28
10.5350194553	9.72892235706e-28
10.5496108949	1.00615759324e-27
10.5642023346	1.03795376591e-27
10.5787937743	1.07487207798e-27
10.593385214	1.09979071354e-27
10.6079766537	1.12601445531e-27
10.6225680934	1.15277334532e-27
10.6371595331	1.1675424004e-27
10.6517509728	1.17315462334e-27
10.6663424125	1.18461667215e-27
10.6809338521	1.18279908862e-27
10.6955252918	1.17679419644e-27
10.7101167315	1.16352303254e-27
10.7247081712	1.15007608164e-27
10.7392996109	1.12209820016e-27
10.7538910506	1.10235422981e-27
10.7684824903	1.08735495103e-27
10.78307393	1.0850959015e-27
10.7976653697	1.08425708279e-27
10.8122568093	1.08941291122e-27
10.826848249	1.08578441171e-27
10.8414396887	1.0847539285e-27
10.8560311284	1.0830217936e-27
10.8706225681	1.08006014118e-27
10.8852140078	1.07719158057e-27
10.8998054475	1.0833833536e-27
10.9143968872	1.08766302956e-27
10.9289883268	1.09375295065e-27
10.9435797665	1.09647924206e-27
10.9581712062	1.10092421324e-27
10.9727626459	1.102081045e-27
10.9873540856	1.10848680085e-27
11.0019455253	1.11659569745e-27
11.016536965	1.14819408058e-27
11.0311284047	1.19070814664e-27
11.0457198444	1.25794195346e-27
11.060311284	1.33749892811e-27
11.0749027237	1.43857397228e-27
11.0894941634	1.56239996192e-27
11.1040856031	1.71901562646e-27
11.1186770428	1.90980386847e-27
11.1332684825	2.16124893543e-27
11.1478599222	2.46629840395e-27
11.1624513619	2.85063385645e-27
11.1770428016	3.35008200582e-27
11.1916342412	3.98184032506e-27
11.2062256809	4.80981169787e-27
11.2208171206	5.82130342186e-27
11.2354085603	7.20653999137e-27
11.25	8.44977163457e-27
11.2645914397	7.21486919652e-27
11.2791828794	5.86209152991e-27
11.2937743191	4.88353406366e-27
11.3083657588	4.09598962657e-27
11.3229571984	3.468831882e-27
11.3375486381	3.00113630779e-27
11.3521400778	2.6433909721e-27
11.3667315175	2.37207017519e-27
11.3813229572	2.15453888975e-27
11.3959143969	2.00208636074e-27
11.4105058366	1.87763190049e-27
11.4250972763	1.79412496533e-27
11.439688716	1.70964428568e-27
11.4542801556	1.65630679989e-27
11.4688715953	1.61665399062e-27
11.483463035	1.60185345181e-27
11.4980544747	1.58022607893e-27
11.5126459144	1.59117592065e-27
11.5272373541	1.5806255074e-27
11.5418287938	1.58306031846e-27
11.5564202335	1.57870181756e-27
11.5710116732	1.58930005935e-27
11.5856031128	1.58491224215e-27
11.6001945525	1.59360798705e-27
11.6147859922	1.58738508127e-27
11.6293774319	1.59057078394e-27
11.6439688716	1.57228569066e-27
11.6585603113	1.5519715554e-27
11.673151751	1.49478231619e-27
11.6877431907	1.47655473953e-27
11.7023346304	1.45490209123e-27
11.71692607	1.44793820542e-27
11.7315175097	1.4328164724e-27
11.7461089494	1.4413422983e-27
11.7607003891	1.44156129419e-27
11.7752918288	1.45937511579e-27
11.7898832685	1.46335589699e-27
11.8044747082	1.48457786291e-27
11.8190661479	1.50065145814e-27
11.8336575876	1.5234105629e-27
11.8482490272	1.52945153379e-27
11.8628404669	1.55926983364e-27
11.8774319066	1.57774847639e-27
11.8920233463	1.59282141342e-27
11.906614786	1.58896934656e-27
11.9212062257	1.59434985824e-27
11.9357976654	1.58031220487e-27
11.9503891051	1.58118272381e-27
11.9649805447	1.55745187307e-27
11.9795719844	1.53849574979e-27
11.9941634241	1.50112229407e-27
12.0087548638	1.45952431892e-27
12.0233463035	1.38843921446e-27
12.0379377432	1.34830015321e-27
12.0525291829	1.31225032164e-27
12.0671206226	1.29188662711e-27
12.0817120623	1.26336528454e-27
12.0963035019	1.25527172866e-27
12.1108949416	1.2451233114e-27
12.1254863813	1.25284372015e-27
12.140077821	1.25240337673e-27
12.1546692607	1.26077565806e-27
12.1692607004	1.25992118847e-27
12.1838521401	1.26833648299e-27
12.1984435798	1.2610704821e-27
12.2130350195	1.26608902526e-27
12.2276264591	1.25661103494e-27
12.2422178988	1.25430277465e-27
12.2568093385	1.23694971598e-27
12.2714007782	1.23529894443e-27
12.2859922179	1.23020270566e-27
12.3005836576	1.24274847127e-27
12.3151750973	1.24260962569e-27
12.329766537	1.2500393765e-27
12.3443579767	1.25142288882e-27
12.3589494163	1.2567572292e-27
12.373540856	1.24835063208e-27
12.3881322957	1.26336451053e-27
12.4027237354	1.27504727836e-27
12.4173151751	1.29084972863e-27
12.4319066148	1.29508079155e-27
12.4464980545	1.32086341923e-27
12.4610894942	1.34915047783e-27
12.4756809339	1.38949018542e-27
12.4902723735	1.42752383083e-27
12.5048638132	1.46079226135e-27
12.5194552529	1.47866423592e-27
12.5340466926	1.49442970117e-27
12.5486381323	1.49114273302e-27
12.563229572	1.49150763255e-27
12.5778210117	1.47358028196e-27
12.5924124514	1.44381054385e-27
12.6070038911	1.39346663537e-27
12.6215953307	1.35652127212e-27
12.6361867704	1.32060296003e-27
12.6507782101	1.29618697904e-27
12.6653696498	1.26626978027e-27
12.6799610895	1.25489844738e-27
12.6945525292	1.25169298109e-27
12.7091439689	1.25488023746e-27
12.7237354086	1.26115510626e-27
12.7383268483	1.27023929493e-27
12.7529182879	1.27098775681e-27
12.7675097276	1.27077720967e-27
12.7821011673	1.26915736661e-27
12.796692607	1.27187858998e-27
12.8112840467	1.27455298251e-27
12.8258754864	1.28527336551e-27
12.8404669261	1.29566458569e-27
12.8550583658	1.29979391335e-27
12.8696498054	1.30726324383e-27
12.8842412451	1.31201101889e-27
12.8988326848	1.31230088042e-27
12.9134241245	1.3277720019e-27
12.9280155642	1.34432893605e-27
12.9426070039	1.36034756175e-27
12.9571984436	1.38638311983e-27
12.9717898833	1.40460822435e-27
12.986381323	1.41287428288e-27
13.0009727626	1.4165098294e-27
13.0155642023	1.42007715e-27
13.030155642	1.42746207896e-27
13.0447470817	1.43837647218e-27
13.0593385214	1.45124046842e-27
13.0739299611	1.47057126161e-27
13.0885214008	1.48686778796e-27
13.1031128405	1.49214580696e-27
13.1177042802	1.490883743e-27
13.1322957198	1.49041590734e-27
13.1468871595	1.49010786212e-27
13.1614785992	1.49466404524e-27
13.1760700389	1.50470679839e-27
13.1906614786	1.5257937648e-27
13.2052529183	1.52925667415e-27
13.219844358	1.53830855282e-27
13.2344357977	1.53893808168e-27
13.2490272374	1.52867702553e-27
13.263618677	1.52560275275e-27
13.2782101167	1.52509436355e-27
13.2928015564	1.51775127467e-27
13.3073929961	1.52766094252e-27
13.3219844358	1.53590512552e-27
13.3365758755	1.54135904495e-27
13.3511673152	1.53379230407e-27
13.3657587549	1.53956424463e-27
13.3803501946	1.54955728313e-27
13.3949416342	1.56722747317e-27
13.4095330739	1.59300866421e-27
13.4241245136	1.6505802636e-27
13.4387159533	1.6717229056e-27
13.453307393	1.69348974249e-27
13.4678988327	1.70578260049e-27
13.4824902724	1.71433206044e-27
13.4970817121	1.70463315664e-27
13.5116731518	1.70216172156e-27
13.5262645914	1.69466751236e-27
13.5408560311	1.69676908609e-27
13.5554474708	1.6909736767e-27
13.5700389105	1.68967344232e-27
13.5846303502	1.67957481808e-27
13.5992217899	1.67174281571e-27
13.6138132296	1.66469418448e-27
13.6284046693	1.66823557869e-27
13.642996109	1.66496817493e-27
13.6575875486	1.69774807003e-27
13.6721789883	1.7098088571e-27
13.686770428	1.71174778996e-27
13.7013618677	1.71130721157e-27
13.7159533074	1.72524338541e-27
13.7305447471	1.72703198491e-27
13.7451361868	1.7326396933e-27
13.7597276265	1.74636294097e-27
13.7743190661	1.79779490257e-27
13.7889105058	1.80787512798e-27
13.8035019455	1.81785851315e-27
13.8180933852	1.81039596004e-27
13.8326848249	1.80414395782e-27
13.8472762646	1.7950504082e-27
13.8618677043	1.79038133999e-27
13.876459144	1.77198570891e-27
13.8910505837	1.77707274381e-27
13.9056420233	1.76632753745e-27
13.920233463	1.75692241703e-27
13.9348249027	1.73424486638e-27
13.9494163424	1.72656008636e-27
13.9640077821	1.71315066898e-27
13.9785992218	1.71100000313e-27
13.9931906615	1.70364598595e-27
14.0077821012	1.736280623e-27
14.0223735409	1.73793557139e-27
14.0369649805	1.72441429157e-27
14.0515564202	1.70305467936e-27
14.0661478599	1.69345600364e-27
14.0807392996	1.66483211921e-27
14.0953307393	1.66145561608e-27
14.109922179	1.66053238258e-27
14.1245136187	1.68570771415e-27
14.1391050584	1.67287275828e-27
14.1536964981	1.66735411684e-27
14.1682879377	1.64312078022e-27
14.1828793774	1.62379571178e-27
14.1974708171	1.60001748671e-27
14.2120622568	1.59054048579e-27
14.2266536965	1.5795059006e-27
14.2412451362	1.61910702865e-27
14.2558365759	1.63414182492e-27
14.2704280156	1.64398769139e-27
14.2850194553	1.62285058951e-27
14.2996108949	1.61643619709e-27
14.3142023346	1.5972654377e-27
14.3287937743	1.58674549538e-27
14.343385214	1.58970677455e-27
14.3579766537	1.63730698887e-27
14.3725680934	1.64074853022e-27
14.3871595331	1.62343264281e-27
14.4017509728	1.59559007609e-27
14.4163424125	1.57947355781e-27
14.4309338521	1.54004069088e-27
14.4455252918	1.522506483e-27
14.4601167315	1.51199917483e-27
14.4747081712	1.5325108389e-27
14.4892996109	1.53205690515e-27
14.5038910506	1.5408498515e-27
14.5184824903	1.53129882543e-27
14.53307393	1.52098333115e-27
14.5476653697	1.50674168983e-27
14.5622568093	1.49972911429e-27
14.576848249	1.488470349e-27
14.5914396887	1.53032571345e-27
14.6060311284	1.54159811988e-27
14.6206225681	1.54510552822e-27
14.6352140078	1.51529511084e-27
14.6498054475	1.49820710136e-27
14.6643968872	1.47136646449e-27
14.6789883268	1.44671083355e-27
14.6935797665	1.43010418764e-27
14.7081712062	1.44853712862e-27
14.7227626459	1.43547623554e-27
14.7373540856	1.42940648664e-27
14.7519455253	1.40693733332e-27
14.766536965	1.39283647474e-27
14.7811284047	1.34800733409e-27
14.7957198444	1.31878633981e-27
14.810311284	1.28929950345e-27
14.8249027237	1.27330238658e-27
14.8394941634	1.23105199695e-27
14.8540856031	1.18534536963e-27
14.8686770428	1.1191556587e-27
14.8832684825	1.06780857731e-27
14.8978599222	1.0112095888e-27
14.9124513619	9.57818475188e-28
14.9270428016	9.05174774995e-28
14.9416342412	9.11174773019e-28
14.9562256809	9.44127015993e-28
14.9708171206	1.04370863013e-27
14.9854085603	1.32150042697e-27
15.0	1.63133958424e-27
