-14.9854085603	1.62810336773e-27
-14.9708171206	9.57880760019e-28
-14.9562256809	5.75006941605e-28
-14.9416342412	3.40475897931e-28
-14.9270428016	2.0167678091e-28
-14.9124513619	1.21590332027e-28
-14.8978599222	8.18384112433e-29
-14.8832684825	6.2313444547e-29
-14.8686770428	5.60965119529e-29
-14.8540856031	5.56369855929e-29
-14.8394941634	6.00251476971e-29
-14.8249027237	5.91717919622e-29
-14.810311284	6.56876714508e-29
-14.7957198444	7.02899097098e-29
-14.7811284047	7.92262286687e-29
-14.766536965	8.515169616e-29
-14.7519455253	9.26752085152e-29
-14.7373540856	9.75257947747e-29
-14.7227626459	1.00416732176e-28
-14.7081712062	9.2629411799e-29
-14.6935797665	9.51273654006e-29
-14.6789883268	9.71529367424e-29
-14.6643968872	1.0267119185e-28
-14.6498054475	1.05944488725e-28
-14.6352140078	1.13391969053e-28
-14.6206225681	1.15676737891e-28
-14.6060311284	1.16808803849e-28
-14.5914396887	1.07957816246e-28
-14.576848249	1.07111889644e-28
-14.5622568093	1.08330073483e-28
-14.5476653696	1.14756134679e-28
-14.53307393	1.17110492694e-28
-14.5184824903	1.22554359699e-28
-14.5038910506	1.2460541809e-28
-14.4892996109	1.26890908623e-28
-14.4747081712	1.1832713431e-28
-14.4601167315	1.18215830639e-28
-14.4455252918	1.18681834394e-28
-14.4309338521	1.24782020791e-28
-14.4163424125	1.28847232908e-28
-14.4017509728	1.35147047095e-28
-14.3871595331	1.3948544293e-28
-14.3725680934	1.44276298464e-28
-14.3579766537	1.37593735535e-28
-14.343385214	1.40257552994e-28
-14.3287937743	1.4433264336e-28
-14.3142023346	1.51947604875e-28
-14.2996108949	1.59486362015e-28
-14.2850194553	1.67375473581e-28
-14.2704280156	1.7184212117e-28
-14.2558365759	1.73894286264e-28
-14.2412451362	1.68118001414e-28
-14.2266536965	1.7012965723e-28
-14.2120622568	1.74923180916e-28
-14.1974708171	1.84704768374e-28
-14.1828793774	1.89871423494e-28
-14.1682879377	1.95453455198e-28
-14.1536964981	1.99934302414e-28
-14.1391050584	2.01004467528e-28
-14.1245136187	1.95144539291e-28
-14.109922179	1.96036336931e-28
-14.0953307393	2.00633462156e-28
-14.0807392996	2.07876791314e-28
-14.0661478599	2.14355178941e-28
-14.0515564202	2.2081136012e-28
-14.0369649805	2.270778928e-28
-14.0223735409	2.3204554637e-28
-14.0077821012	2.32380432601e-28
-13.9931906615	2.38492340794e-28
-13.9785992218	2.47403473269e-28
-13.9640077821	2.59581508861e-28
-13.9494163424	2.73058428105e-28
-13.9348249027	2.84129917472e-28
-13.920233463	2.91417982217e-28
-13.9056420233	2.98204228107e-28
-13.8910505837	3.01432891553e-28
-13.876459144	3.06700972939e-28
-13.8618677043	3.21601823889e-28
-13.8472762646	3.35264056098e-28
-13.8326848249	3.5117859706e-28
-13.8180933852	3.63115997276e-28
-13.8035019455	3.83140705871e-28
-13.7889105058	4.04995009016e-28
-13.7743190661	4.30602006017e-28
-13.7597276265	4.46053492159e-28
-13.7451361868	4.70591150523e-28
-13.7305447471	4.92276858342e-28
-13.7159533074	5.07576737793e-28
-13.7013618677	5.09250355649e-28
-13.686770428	5.19326517897e-28
-13.6721789883	5.15193947399e-28
-13.6575875486	5.02661584826e-28
-13.6429961089	4.90841705809e-28
-13.6284046693	4.87003383866e-28
-13.6138132296	4.82828151627e-28
-13.5992217899	4.8281824124e-28
-13.5846303502	4.7651114552e-28
-13.5700389105	4.76924486188e-28
-13.5554474708	4.76239391149e-28
-13.5408560311	4.77733046641e-28
-13.5262645914	4.79391883196e-28
-13.5116731518	4.92440739816e-28
-13.4970817121	5.03776403403e-28
-13.4824902724	5.1282755275e-28
-13.4678988327	5.21220414689e-28
-13.453307393	5.3698238982e-28
-13.4387159533	5.48115570819e-28
-13.4241245136	5.76261360106e-28
-13.4095330739	5.99244455718e-28
-13.3949416342	6.18504970048e-28
-13.3803501946	6.30423307801e-28
-13.3657587549	6.42481426524e-28
-13.3511673152	6.4098146348e-28
-13.3365758755	6.51921488869e-28
-13.3219844358	6.54349228244e-28
-13.3073929961	6.48442931033e-28
-13.2928015564	6.38478168742e-28
-13.2782101167	6.40245755048e-28
-13.263618677	6.38319088546e-28
-13.2490272374	6.47796476924e-28
-13.2344357977	6.50797577685e-28
-13.219844358	6.60900286125e-28
-13.2052529183	6.73171066185e-28
-13.1906614786	7.04353413958e-28
-13.1760700389	7.22783716939e-28
-13.1614785992	7.48224004559e-28
-13.1468871595	7.68687332851e-28
-13.1322957198	7.85118850004e-28
-13.1177042802	7.9214803283e-28
-13.1031128405	8.04654429689e-28
-13.0885214008	8.11292012923e-28
-13.0739299611	8.29693046706e-28
-13.0593385214	8.38357314364e-28
-13.0447470817	8.53556754526e-28
-13.030155642	8.58680065864e-28
-13.0155642023	8.69282283982e-28
-13.0009727626	8.70153424342e-28
-12.986381323	8.77964604895e-28
-12.9717898833	8.82173654816e-28
-12.9571984436	8.95674589265e-28
-12.9426070039	8.97611225064e-28
-12.9280155642	9.08139428759e-28
-12.9134241245	9.05496523582e-28
-12.8988326848	9.03594425102e-28
-12.8842412451	8.95376973504e-28
-12.8696498054	8.93878721369e-28
-12.8550583658	8.89047542012e-28
-12.8404669261	9.00699165951e-28
-12.8258754864	9.01016950828e-28
-12.8112840467	9.08859614678e-28
-12.796692607	9.07897308051e-28
-12.7821011673	9.08583522415e-28
-12.7675097276	8.95733442669e-28
-12.7529182879	8.93371007149e-28
-12.7383268482	8.87754977387e-28
-12.7237354086	8.89928297735e-28
-12.7091439689	8.81581885962e-28
-12.6945525292	8.82351437275e-28
-12.6799610895	8.7822608691e-28
-12.6653696498	8.77374319532e-28
-12.6507782101	8.70851171237e-28
-12.6361867704	8.70905111227e-28
-12.6215953307	8.68094611525e-28
-12.6070038911	8.82541933137e-28
-12.5924124514	8.80778493198e-28
-12.5778210117	8.84404620834e-28
-12.563229572	8.7814976797e-28
-12.5486381323	8.76365638882e-28
-12.5340466926	8.7673797311e-28
-12.5194552529	8.88058651445e-28
-12.5048638132	9.02528242549e-28
-12.4902723735	9.42437101901e-28
-12.4756809339	9.63437365479e-28
-12.4610894942	9.80207293251e-28
-12.4464980545	9.81495688886e-28
-12.4319066148	9.77011333015e-28
-12.4173151751	9.59475173905e-28
-12.4027237354	9.45224944759e-28
-12.3881322957	9.15751423332e-28
-12.373540856	9.00172121769e-28
-12.3589494163	8.79678675334e-28
-12.3443579767	8.65761575894e-28
-12.329766537	8.42397791771e-28
-12.3151750973	8.26086698652e-28
-12.3005836576	8.05642909714e-28
-12.2859922179	7.97451817741e-28
-12.2714007782	7.90172726029e-28
-12.2568093385	8.03321688344e-28
-12.2422178988	8.01731401934e-28
-12.2276264591	8.0760605085e-28
-12.2130350195	7.98890423873e-28
-12.1984435798	7.94190626828e-28
-12.1838521401	7.81900865053e-28
-12.1692607004	7.77010500846e-28
-12.1546692607	7.679294404e-28
-12.140077821	7.8310698947e-28
-12.1254863813	7.77875780907e-28
-12.1108949416	7.75016782583e-28
-12.0963035019	7.59898069723e-28
-12.0817120623	7.48446464979e-28
-12.0671206226	7.38398220286e-28
-12.0525291829	7.40548229829e-28
-12.0379377432	7.37021519766e-28
-12.0233463035	7.53278917556e-28
-12.0087548638	7.55152078376e-28
-11.9941634241	7.60889131887e-28
-11.9795719844	7.60598526762e-28
-11.9649805447	7.6455426943e-28
-11.9503891051	7.68416440915e-28
-11.9357976654	7.86592585281e-28
-11.9212062257	8.1490963356e-28
-11.906614786	8.75210762966e-28
-11.8920233463	9.05126581389e-28
-11.8774319066	9.2840743929e-28
-11.8628404669	9.23238946436e-28
-11.8482490272	9.09821505242e-28
-11.8336575875	8.96314966516e-28
-11.8190661479	8.85225038321e-28
-11.8044747082	8.63214719124e-28
-11.7898832685	8.61540798935e-28
-11.7752918288	8.38431123132e-28
-11.7607003891	8.14301770924e-28
-11.7461089494	7.85810006452e-28
-11.7315175097	7.66218310265e-28
-11.71692607	7.44716447336e-28
-11.7023346304	7.31820811333e-28
-11.6877431907	7.12470476306e-28
-11.673151751	7.14995587332e-28
-11.6585603113	7.0752334953e-28
-11.6439688716	6.99848385146e-28
-11.6293774319	6.85088814584e-28
-11.6147859922	6.72524238818e-28
-11.6001945525	6.63905117642e-28
-11.5856031128	6.75566530499e-28
-11.5710116732	6.9204170641e-28
-11.5564202335	7.35105436303e-28
-11.5418287938	7.50235477205e-28
-11.5272373541	7.73552124514e-28
-11.5126459144	7.8670732739e-28
-11.4980544747	7.94246972723e-28
-11.483463035	8.06629506134e-28
-11.4688715953	8.30718300117e-28
-11.4542801556	8.5767456492e-28
-11.439688716	9.11832055519e-28
-11.4250972763	9.57313672914e-28
-11.4105058366	1.02836794586e-27
-11.3959143969	1.11675476197e-27
-11.3813229572	1.24691358807e-27
-11.3667315175	1.42541409898e-27
-11.3521400778	1.68371791363e-27
-11.3375486381	2.00668304417e-27
-11.3229571984	2.46114200514e-27
-11.3083657588	3.04604170916e-27
-11.2937743191	3.87550232246e-27
-11.2791828794	4.96808323538e-27
-11.2645914397	6.57669137793e-27
-11.25	8.07795411541e-27
-11.2354085603	6.63826712876e-27
-11.2208171206	5.05345139838e-27
-11.2062256809	3.98775842211e-27
-11.1916342412	3.1344798096e-27
-11.1770428016	2.50597097158e-27
-11.1624513619	2.00847228105e-27
-11.1478599222	1.62515895208e-27
-11.1332684825	1.31781028514e-27
-11.1186770428	1.07988739534e-27
-11.1040856031	8.88777272141e-28
-11.0894941634	7.35801990833e-28
-11.0749027237	6.17061232385e-28
-11.060311284	5.29248837893e-28
-11.0457198444	4.62619606177e-28
-11.0311284047	4.13487623763e-28
-11.016536965	3.71989281858e-28
-11.0019455253	3.41560997395e-28
-10.9873540856	3.16350981204e-28
-10.9727626459	2.87811941025e-28
-10.9581712062	2.68037808977e-28
-10.9435797665	2.59547210684e-28
-10.9289883268	2.5465825573e-28
-10.9143968872	2.52778486592e-28
-10.8998054475	2.53187872999e-28
-10.8852140078	2.5619228077e-28
-10.8706225681	2.57705663811e-28
-10.8560311284	2.53071346223e-28
-10.8414396887	2.54220181074e-28
-10.826848249	2.56844990443e-28
-10.8122568093	2.63399800383e-28
-10.7976653696	2.66945850511e-28
-10.78307393	2.6874074922e-28
-10.7684824903	2.69837848242e-28
-10.7538910506	2.70375555113e-28
-10.7392996109	2.63404746552e-28
-10.7247081712	2.64641127312e-28
-10.7101167315	2.6954250157e-28
-10.6955252918	2.77791122154e-28
-10.6809338521	2.87385205605e-28
-10.6663424125	2.94049943221e-28
-10.6517509728	3.00738099181e-28
-10.6371595331	3.0830735458e-28
-10.6225680934	3.0854445087e-28
-10.6079766537	3.10594865466e-28
-10.593385214	3.14698627523e-28
-10.5787937743	3.19882559575e-28
-10.5642023346	3.22312922852e-28
-10.5496108949	3.26185901803e-28
-10.5350194553	3.26228106926e-28
-10.5204280156	3.18910067168e-28
-10.5058365759	3.02176501434e-28
-10.4912451362	2.93517909669e-28
-10.4766536965	2.88662262034e-28
-10.4620622568	2.89780606116e-28
-10.4474708171	2.90148481376e-28
-10.4328793774	2.86135923822e-28
-10.4182879377	2.81009912494e-28
-10.4036964981	2.73316128992e-28
-10.3891050584	2.56257021031e-28
-10.3745136187	2.51617500819e-28
-10.359922179	2.51714989988e-28
-10.3453307393	2.55130510289e-28
-10.3307392996	2.5939253498e-28
-10.3161478599	2.62691978458e-28
-10.3015564202	2.64545055431e-28
-10.2869649805	2.64637738814e-28
-10.2723735409	2.58932447896e-28
-10.2577821012	2.56820577675e-28
-10.2431906615	2.58264070295e-28
-10.2285992218	2.63027918121e-28
-10.2140077821	2.65906768832e-28
-10.1994163424	2.66797352917e-28
-10.1848249027	2.64556497599e-28
-10.170233463	2.57176225139e-28
-10.1556420233	2.42413111756e-28
-10.1410505837	2.33631546473e-28
-10.126459144	2.28942555597e-28
-10.1118677043	2.30155740682e-28
-10.0972762646	2.30597980906e-28
-10.0826848249	2.25782664082e-28
-10.0680933852	2.21797458371e-28
-10.0535019455	2.16190641673e-28
-10.0389105058	2.04530669541e-28
-10.0243190661	2.00317410492e-28
-10.0097276265	1.98011093503e-28
-9.99513618677	2.00867044838e-28
-9.98054474708	2.06105466568e-28
-9.96595330739	2.11097251544e-28
-9.9513618677	2.16890891173e-28
-9.93677042802	2.24101302945e-28
-9.92217898833	2.28358380339e-28
-9.90758754864	2.33211927879e-28
-9.89299610895	2.43174051037e-28
-9.87840466926	2.51393895911e-28
-9.86381322957	2.57781873401e-28
-9.84922178988	2.64699676385e-28
-9.83463035019	2.74460790109e-28
-9.82003891051	2.86813108811e-28
-9.80544747082	3.04627921244e-28
-9.79085603113	3.22568984478e-28
-9.77626459144	3.43863301275e-28
-9.76167315175	3.67035469754e-28
-9.74708171206	3.86484879312e-28
-9.73249027237	4.03840375336e-28
-9.71789883268	4.31823568628e-28
-9.703307393	4.59807033812e-28
-9.68871595331	5.02993934943e-28
-9.67412451362	5.33902084497e-28
-9.65953307393	5.62566471361e-28
-9.64494163424	5.84001445584e-28
-9.63035019455	6.03151924877e-28
-9.61575875486	6.17303456086e-28
-9.60116731517	6.38657623478e-28
-9.58657587549	6.59736779437e-28
-9.5719844358	6.94463434225e-28
-9.55739299611	7.12020244252e-28
-9.54280155642	7.23824449897e-28
-9.52821011673	7.30932122292e-28
-9.51361867704	7.34481781376e-28
-9.49902723735	7.41791986537e-28
-9.48443579767	7.55809778299e-28
-9.46984435798	7.67566693176e-28
-9.45525291829	7.96269121227e-28
-9.4406614786	8.07245211548e-28
-9.42607003891	8.18851628643e-28
-9.41147859922	8.28580560268e-28
-9.39688715953	8.36727346385e-28
-9.38229571984	8.44868139814e-28
-9.36770428016	8.69746700567e-28
-9.35311284047	9.05600474014e-28
-9.33852140078	9.64245627332e-28
-9.32392996109	9.97166258216e-28
-9.3093385214	1.02515677495e-27
-9.29474708171	1.04324419169e-27
-9.28015564202	1.06385650833e-27
-9.26556420233	1.08433416012e-27
-9.25097276265	1.11046770479e-27
-9.23638132296	1.14628507733e-27
-9.22178988327	1.20550439447e-27
-9.20719844358	1.24191680767e-27
-9.19260700389	1.27614990831e-27
-9.1780155642	1.31000973441e-27
-9.16342412451	1.34247996596e-27
-9.14883268482	1.38290303012e-27
-9.13424124514	1.44475168862e-27
-9.11964980545	1.51676952581e-27
-9.10505836576	1.6321389262e-27
-9.09046692607	1.72014196589e-27
-9.07587548638	1.80249595505e-27
-9.06128404669	1.86834717538e-27
-9.046692607	1.94164211295e-27
-9.03210116731	2.01542846028e-27
-9.01750972763	2.11022331269e-27
-9.00291828794	2.21496793325e-27
-8.98832684825	2.35777191011e-27
-8.97373540856	2.45274965155e-27
-8.95914396887	2.53980240708e-27
-8.94455252918	2.60925246067e-27
-8.92996108949	2.67381182188e-27
-8.91536964981	2.73440355565e-27
-8.90077821012	2.82497447888e-27
-8.88618677043	2.93236261643e-27
-8.87159533074	3.08285017952e-27
-8.85700389105	3.18871220893e-27
-8.84241245136	3.30182283608e-27
-8.82782101167	3.42270427029e-27
-8.81322957198	3.54818679128e-27
-8.7986381323	3.68463399504e-27
-8.78404669261	3.8778670664e-27
-8.76945525292	4.10818249783e-27
-8.75486381323	4.41400547537e-27
-8.74027237354	4.66438697948e-27
-8.72568093385	4.91734777283e-27
-8.71108949416	5.17088163684e-27
-8.69649805447	5.4466357344e-27
-8.68190661479	5.74226815694e-27
-8.6673151751	6.112949497e-27
-8.65272373541	6.54215412094e-27
-8.63813229572	7.0948144129e-27
-8.62354085603	7.64369875298e-27
-8.60894941634	8.28884341003e-27
-8.59435797665	9.02411668618e-27
-8.57976653696	9.90958952675e-27
-8.56517509728	1.0995470448e-26
-8.55058365759	1.23450037816e-26
-8.5359922179	1.39622306216e-26
-8.52140077821	1.60237526086e-26
-8.50680933852	1.8299213252e-26
-8.49221789883	2.096381763e-26
-8.47762645914	2.40892943516e-26
-8.46303501945	2.78035475973e-26
-8.44844357977	3.22873236669e-26
-8.43385214008	3.78092840989e-26
-8.41926070039	4.44885134631e-26
-8.4046692607	5.27238672374e-26
-8.39007782101	6.26446757155e-26
-8.37548638132	7.48352270119e-26
-8.36089494163	8.97284644554e-26
-8.34630350195	1.08169244227e-25
-8.33171206226	1.30971994063e-25
-8.31712062257	1.59552469816e-25
-8.30252918288	1.95010378431e-25
-8.28793774319	2.39330367404e-25
-8.2733463035	2.93688257187e-25
-8.25875486381	3.61168632681e-25
-8.24416342412	4.44717292343e-25
-8.22957198444	5.48513233477e-25
-8.21498054475	6.77506251711e-25
-8.20038910506	8.38408891345e-25
-8.18579766537	1.03870018194e-24
-8.17120622568	1.2887926675e-24
-8.15661478599	1.59952464349e-24
-8.1420233463	1.98667314737e-24
-8.12743190661	2.46900322073e-24
-8.11284046693	3.07019573734e-24
-8.09824902724	3.81957822148e-24
-8.08365758755	4.75533968926e-24
-8.06906614786	5.92182260144e-24
-8.05447470817	7.37713296114e-24
-8.03988326848	9.18597942542e-24
-8.02529182879	1.14357575941e-23
-8.0107003891	1.42324398531e-23
-7.99610894942	1.7711571986e-23
-7.98151750973	2.20393433131e-23
-7.96692607004	2.74226849145e-23
-7.95233463035	3.41124439021e-23
-7.93774319066	4.24248567256e-23
-7.92315175097	5.27347328973e-23
-7.90856031128	6.55277890473e-23
-7.89396887159	8.1391937199e-23
-7.87937743191	1.01064450612e-22
-7.86478599222	1.25451697637e-22
-7.85019455253	1.55676683438e-22
-7.83560311284	1.93117132506e-22
-7.82101167315	2.39482332699e-22
-7.80642023346	2.96850370024e-22
-7.79182879377	3.67819124308e-22
-7.77723735409	4.55578791616e-22
-7.7626459144	5.64057669473e-22
-7.74805447471	6.98084853721e-22
-7.73346303502	8.63640701386e-22
-7.71887159533	1.06802813984e-21
-7.70428015564	1.32026692861e-21
-7.68968871595	1.63132395083e-21
-7.67509727626	2.01476940511e-21
-7.66050583658	2.48725259446e-21
-7.64591439689	3.06922073098e-21
-7.6313229572	3.78572980876e-21
-7.61673151751	4.66752252127e-21
-7.60214007782	5.75220164435e-21
-7.58754863813	7.08585459476e-21
-7.57295719844	8.7248141004e-21
-7.55836575875	1.07381011717e-20
-7.54377431907	1.32101046534e-20
-7.52918287938	1.6243873529e-20
-7.51459143969	1.9965709642e-20
-7.5	2.45283713601e-20
-7.48540856031	3.0114412787e-20
-7.47081712062	3.69566595737e-20
-7.45622568093	4.53351852395e-20
-7.44163424124	5.55899910833e-20
-7.42704280156	6.81356319917e-20
-7.41245136187	8.34768096315e-20
-7.39785992218	1.02227908928e-19
-7.38326848249	1.25136496505e-19
-7.3686770428	1.53111333014e-19
-7.35408560311	1.87257366093e-19
-7.33949416342	2.28916240236e-19
-7.32490272373	2.79717809613e-19
-7.31031128405	3.41640034311e-19
-7.29571984436	4.1708301142e-19
-7.28112840467	5.08956411153e-19
-7.26653696498	6.20787378598e-19
-7.25194552529	7.56848232036e-19
-7.2373540856	9.22312861546e-19
-7.22276264591	1.12344061966e-18
-7.20817120623	1.36780652104e-18
-7.19357976654	1.66456851427e-18
-7.17898832685	2.02479597646e-18
-7.16439688716	2.46185980384e-18
-7.14980544747	2.99190538179e-18
-7.13521400778	3.63441563815e-18
-7.12062256809	4.41289584499e-18
-7.1060311284	5.35568143599e-18
-7.09143968872	6.49692413932e-18
-7.07684824903	7.87776096775e-18
-7.06225680934	9.54772111198e-18
-7.04766536965	1.15664067661e-17
-7.03307392996	1.40055135984e-17
-7.01848249027	1.69512333922e-17
-7.00389105058	2.05071475422e-17
-6.98929961089	2.47976574138e-17
-6.97470817121	2.9972122885e-17
-6.96011673152	3.62097665483e-17
-6.94552529183	4.37255537187e-17
-6.93093385214	5.27771829443e-17
-6.91634241245	6.36734467852e-17
-6.90175097276	7.67841694321e-17
-6.88715953307	9.25520777201e-17
-6.87256809338	1.11506874009e-16
-6.8579766537	1.34282082781e-16
-6.84338521401	1.61634998421e-16
-6.82879377432	1.94470442329e-16
-6.81420233463	2.33868963397e-16
-6.79961089494	2.81120380735e-16
-6.78501945525	3.37763523639e-16
-6.77042801556	4.05633469513e-16
-6.75583657588	4.86917449532e-16
-6.74124513619	5.84221273241e-16
-6.7266536965	7.0064785646e-16
-6.71206225681	8.39890321199e-16
-6.69747081712	1.0063420664e-15
-6.68287937743	1.20522710424e-15
-6.66828793774	1.44275399935e-15
-6.65369649805	1.72629795605e-15
-6.63910505837	2.06461560133e-15
-6.62451361868	2.46809897689e-15
-6.60992217899	2.94907476603e-15
-6.5953307393	3.52215749445e-15
-6.58073929961	4.20466560691e-15
-6.56614785992	5.0171118796e-15
-6.55155642023	5.98378064145e-15
-6.53696498054	7.13340741464e-15
-6.52237354086	8.49997790563e-15
-6.50778210117	1.01236680144e-14
-6.49319066148	1.20519479214e-14
-6.47859922179	1.43408791652e-14
-6.4640077821	1.70566369039e-14
-6.44941634241	2.02772966499e-14
-6.43482490272	2.40949287042e-14
-6.42023346303	2.86180540676e-14
-6.40564202335	3.397452015e-14
-6.39105058366	4.03148698057e-14
-6.37645914397	4.78162824591e-14
-6.36186770428	5.66871851507e-14
-6.34727626459	6.71726417592e-14
-6.3326848249	7.95606522168e-14
-6.31809338521	9.41895076312e-14
-6.30350194552	1.11456376782e-13
-6.28891050584	1.31827321926e-13
-6.27431906615	1.55848980994e-13
-6.25972762646	1.84162179688e-13
-6.24513618677	2.17517789695e-13
-6.23054474708	2.56795189127e-13
-6.21595330739	3.0302374668e-13
-6.2013618677	3.5740780518e-13
-6.18677042802	4.2135572646e-13
-6.17217898833	4.96513629957e-13
-6.15758754864	5.84804579055e-13
-6.14299610895	6.88474052302e-13
-6.12840466926	8.10142692894e-13
-6.11381322957	9.5286746216e-13
-6.09922178988	1.12021250546e-12
-6.08463035019	1.31633121918e-12
-6.07003891051	1.54606125311e-12
-6.05544747082	1.81503440884e-12
-6.04085603113	2.12980373107e-12
-6.02626459144	2.49799036978e-12
-6.01167315175	2.92845322938e-12
-5.99708171206	3.43148480728e-12
-5.98249027237	4.01903717399e-12
-5.96789883268	4.7049825673e-12
-5.953307393	5.50541375956e-12
-5.93871595331	6.43899006506e-12
-5.92412451362	7.5273357434e-12
-5.90953307393	8.79549843232e-12
-5.89494163424	1.02724764241e-11
-5.88035019455	1.19918247497e-11
-5.86575875486	1.39923515155e-11
-5.85116731517	1.6318917457e-11
-5.83657587549	1.90233535531e-11
-5.8219844358	2.21655134973e-11
-5.80739299611	2.58144802894e-11
-5.79280155642	3.00499486407e-11
-5.77821011673	3.49638080367e-11
-5.76361867704	4.06619545221e-11
-5.74902723735	4.72663631854e-11
-5.73443579766	5.49174574638e-11
-5.71984435798	6.37768163897e-11
-5.70525291829	7.40302661256e-11
-5.6906614786	8.58914085896e-11
-5.67607003891	9.96056465072e-11
-5.66147859922	1.15454772341e-10
-5.64688715953	1.33762197055e-10
-5.63229571984	1.5489890475e-10
-5.61770428016	1.79290229962e-10
-5.60311284047	2.07423567132e-10
-5.58852140078	2.39857135287e-10
-5.57392996109	2.77229937139e-10
-5.5593385214	3.20273068527e-10
-5.54474708171	3.69822554386e-10
-5.53015564202	4.26833908738e-10
-5.51556420233	4.92398641149e-10
-5.50097276265	5.67762958971e-10
-5.48638132296	6.54348945524e-10
-5.47178988327	7.53778527947e-10
-5.45719844358	8.67900587283e-10
-5.44260700389	9.98821604216e-10
-5.4280155642	1.14894028227e-09
-5.41342412451	1.32098664154e-09
-5.39883268482	1.51806613516e-09
-5.38424124514	1.74370940413e-09
-5.36964980545	2.0019283591e-09
-5.35505836576	2.29727935592e-09
-5.34046692607	2.63493432141e-09
-5.32587548638	3.02076078165e-09
-5.31128404669	3.4614118548e-09
-5.296692607	3.96442738856e-09
-5.28210116731	4.53834755557e-09
-5.26750972763	5.19284036462e-09
-5.25291828794	5.93884470753e-09
-5.23832684825	6.78873073745e-09
-5.22373540856	7.75647957184e-09
-5.20914396887	8.85788452507e-09
-5.19455252918	1.01107763155e-08
-5.17996108949	1.15352749486e-08
-5.1653696498	1.31540712663e-08
-5.15077821012	1.49927414609e-08
-5.13618677043	1.70800982015e-08
-5.12159533074	1.94485823886e-08
-5.10700389105	2.21346999737e-08
-5.09241245136	2.51795087194e-08
-5.07782101167	2.86291602756e-08
-5.06322957198	3.25355034781e-08
-5.0486381323	3.6956755365e-08
-5.03404669261	4.19582470384e-08
-5.01945525292	4.76132521973e-08
-5.00486381323	5.4003906916e-08
-4.99027237354	6.12222300718e-08
-4.97568093385	6.93712547017e-08
-4.96108949416	7.85662815444e-08
-4.94649805447	8.89362670615e-08
-4.93190661479	1.0062535937e-07
-4.9173151751	1.13794596731e-07
-4.90272373541	1.28623784577e-07
-4.88813229572	1.45313568459e-07
-4.87354085603	1.64087721874e-07
-4.85894941634	1.85195669533e-07
-4.84435797665	2.08915268459e-07
-4.82976653696	2.35555871191e-07
-4.81517509728	2.65461697416e-07
-4.80058365759	2.99015542577e-07
-4.7859922179	3.36642854331e-07
-4.77140077821	3.78816210256e-07
-4.75680933852	4.2606023292e-07
-4.74221789883	4.7895698124e-07
-4.72762645914	5.38151860175e-07
-4.71303501945	6.04360093987e-07
-4.69844357977	6.78373811805e-07
-4.68385214008	7.61069797864e-07
-4.66926070039	8.53417962655e-07
-4.6546692607	9.56490595364e-07
-4.64007782101	1.07147246228e-06
-4.62548638132	1.19967182041e-06
-4.61089494163	1.34253242037e-06
-4.59630350194	1.50164657766e-06
-4.58171206226	1.67876939675e-06
-4.56712062257	1.8758342378e-06
-4.55252918288	2.09496952198e-06
-4.53793774319	2.33851697691e-06
-4.5233463035	2.6090514304e-06
-4.50875486381	2.90940226711e-06
-4.49416342412	3.24267666924e-06
-4.47957198444	3.61228476975e-06
-4.46498054475	4.02196685342e-06
-4.45038910506	4.47582274858e-06
-4.43579766537	4.97834355993e-06
-4.42120622568	5.53444590039e-06
-4.40661478599	6.14950878789e-06
-4.3920233463	6.82941338086e-06
-4.37743190661	7.58058573406e-06
-4.36284046693	8.41004276458e-06
-4.34824902724	9.32544162555e-06
-4.33365758755	1.03351326931e-05
-4.31906614786	1.14482163803e-05
-4.30447470817	1.26746039976e-05
-4.28988326848	1.40250828905e-05
-4.27529182879	1.55113860865e-05
-4.2607003891	1.71462666956e-05
-4.24610894942	1.89435773105e-05
-4.23151750973	2.09183546609e-05
-4.21692607004	2.30869097789e-05
-4.20233463035	2.54669239388e-05
-4.18774319066	2.80775506342e-05
-4.17315175097	3.09395238625e-05
-4.15856031128	3.40752729817e-05
-4.14396887159	3.75090444089e-05
-4.12937743191	4.12670304244e-05
-4.11478599222	4.53775053455e-05
-4.10019455253	4.9870969323e-05
-4.08560311284	5.4780300014e-05
-4.07101167315	6.0140912366e-05
-4.05642023346	6.59909267455e-05
-4.04182879377	7.23713456199e-05
-4.02723735408	7.93262389947e-05
-4.0126459144	8.69029387792e-05
-3.99805447471	9.51522422393e-05
-3.98346303502	0.000104128624663
-3.96887159533	0.000113890461342
-3.95428015564	0.000124500258932
-3.93968871595	0.000136024896224
-3.92509727626	0.000148535874323
-3.91050583658	0.000162109576165
-3.89591439689	0.00017682753528
-3.8813229572	0.000192776713649
-3.86673151751	0.000210049788425
-3.85214007782	0.000228745447261
-3.83754863813	0.00024896869189
-3.82295719844	0.00027083114955
-3.80836575875	0.000294451391771
-3.79377431907	0.00031995525994
-3.77918287938	0.000347476197012
-3.76459143969	0.000377155584614
-3.75	0.000409143084702
-3.73540856031	0.000443596984861
-3.72081712062	0.000480684546196
-3.70622568093	0.000520582352696
-3.69163424124	0.000563476660812
-3.67704280156	0.000609563747921
-3.66245136187	0.000659050258197
-3.64785992218	0.000712153544334
-3.63326848249	0.000769102003416
-3.6186770428	0.000830135405152
-3.60408560311	0.000895505210566
-3.58949416342	0.000965474879117
-3.57490272373	0.00104032016212
-3.56031128405	0.00112032938027
-3.54571984436	0.00120580368288
-3.53112840467	0.00129705728649
-3.51653696498	0.00139441769031
-3.50194552529	0.00149822586586
-3.4873540856	0.00160883641829
-3.47276264591	0.00172661771658
-3.45817120623	0.00185195198989
-3.44357976654	0.00198523538728
-3.42898832685	0.00212687799815
-3.41439688716	0.00227730383038
-3.39980544747	0.00243695074362
-3.38521400778	0.00260627033492
-3.37062256809	0.00278572777402
-3.3560311284	0.00297580158588
-3.34143968872	0.00317698337776
-3.32684824903	0.00338977750866
-3.31225680934	0.003614700699
-3.29766536965	0.00385228157834
-3.28307392996	0.00410306016953
-3.26848249027	0.00436758730764
-3.25389105058	0.00464642399243
-3.23929961089	0.00494014067317
-3.22470817121	0.00524931646542
-3.21011673152	0.00557453829897
-3.19552529183	0.00591639999727
-3.18093385214	0.00627550128854
-3.16634241245	0.00665244674924
-3.15175097276	0.00704784468124
-3.13715953307	0.00746230592408
-3.12256809338	0.00789644260454
-3.1079766537	0.00835086682585
-3.09338521401	0.00882618929955
-3.07879377432	0.00932301792343
-3.06420233463	0.00984195630936
-3.04961089494	0.0103836022654
-3.03501945525	0.0109485462368
-3.02042801556	0.0115373697116
-3.00583657587	0.0121506435956
-2.99124513619	0.0127889265637
-2.9766536965	0.013452763393
-2.96206225681	0.0141426832858
-2.94747081712	0.0148591981877
-2.93287937743	0.0156028011101
-2.91828793774	0.016373964463
-2.90369649805	0.0171731384066
-2.88910505837	0.01800074923
-2.87451361868	0.0188571977641
-2.85992217899	0.0197428578365
-2.8453307393	0.0206580747779
-2.83073929961	0.0216031639859
-2.81614785992	0.0225784095553
-2.80155642023	0.0235840629815
-2.78696498054	0.0246203419446
-2.77237354086	0.025687429182
-2.75778210117	0.0267854714535
-2.74319066148	0.0279145786084
-2.72859922179	0.0290748227566
-2.7140077821	0.0302662375523
-2.69941634241	0.031488817592
-2.68482490272	0.0327425179319
-2.67023346303	0.0340272537278
-2.65564202335	0.0353429000004
-2.64105058366	0.036689291527
-2.62645914397	0.0380662228613
-2.61186770428	0.0394734484815
-2.59727626459	0.0409106830667
-2.5826848249	0.0423776018997
-2.56809338521	0.0438738413959
-2.55350194552	0.0453989997536
-2.53891050584	0.0469526377249
-2.52431906615	0.0485342795013
-2.50972762646	0.0501434137111
-2.49513618677	0.0517794945222
-2.48054474708	0.0534419428459
-2.46595330739	0.0551301476341
-2.4513618677	0.0568434672653
-2.43677042801	0.0585812310101
-2.42217898833	0.0603427405708
-2.40758754864	0.0621272716865
-2.39299610895	0.0639340757959
-2.37840466926	0.06576238175
-2.36381322957	0.0676113975666
-2.34922178988	0.0694803122183
-2.33463035019	0.0713682974456
-2.32003891051	0.0732745095875
-2.30544747082	0.0751980914211
-2.29085603113	0.0771381740028
-2.27626459144	0.0790938785029
-2.26167315175	0.081064318027
-2.24708171206	0.0830485994163
-2.23249027237	0.0850458250212
-2.21789883268	0.0870550944401
-2.203307393	0.0890755062192
-2.18871595331	0.0911061595071
-2.17412451362	0.0931461556588
-2.15953307393	0.0951945997843
-2.14494163424	0.0972506022389
-2.13035019455	0.0993132800496
-2.11575875486	0.101381758276
-2.10116731517	0.103455171303
-2.08657587549	0.105532664059
-2.0719844358	0.107613393167
-2.05739299611	0.109696528014
-2.04280155642	0.111781251752
-2.02821011673	0.113866762217
-2.01361867704	0.115952272777
-1.99902723735	0.118037013101
-1.98443579766	0.120120229854
-1.96984435798	0.122201187317
-1.95525291829	0.124279167934
-1.9406614786	0.126353472789
-1.92607003891	0.128423422012
-1.91147859922	0.130488355115
-1.89688715953	0.132547631268
-1.88229571984	0.134600629508
-1.86770428015	0.136646748884
-1.85311284047	0.138685408553
-1.83852140078	0.140716047813
-1.82392996109	0.14273812609
-1.8093385214	0.144751122864
-1.79474708171	0.146754537567
-1.78015564202	0.148747889421
-1.76556420233	0.150730717241
-1.75097276265	0.152702579208
-1.73638132296	0.154663052593
-1.72178988327	0.156611733461
-1.70719844358	0.158548236345
-1.69260700389	0.160472193886
-1.6780155642	0.162383256461
-1.66342412451	0.164281091781
-1.64883268482	0.166165384476
-1.63424124514	0.168035835664
-1.61964980545	0.169892162505
-1.60505836576	0.171734097744
-1.59046692607	0.173561389249
-1.57587548638	0.175373799535
-1.56128404669	0.177171105291
-1.546692607	0.178953096898
-1.53210116731	0.180719577946
-1.51750972763	0.182470364756
-1.50291828794	0.184205285894
-1.48832684825	0.185924181702
-1.47373540856	0.187626903814
-1.45914396887	0.189313314698
-1.44455252918	0.190983287186
-1.42996108949	0.192636704024
-1.4153696498	0.19427345742
-1.40077821012	0.195893448611
-1.38618677043	0.197496587428
-1.37159533074	0.199082791881
-1.35700389105	0.200651987746
-1.34241245136	0.20220410817
-1.32782101167	0.203739093281
-1.31322957198	0.205256889811
-1.29863813229	0.206757450737
-1.28404669261	0.20824073492
-1.26945525292	0.209706706773
-1.25486381323	0.211155335925
-1.24027237354	0.212586596905
-1.22568093385	0.21400046884
-1.21108949416	0.21539693516
-1.19649805447	0.216775983314
-1.18190661479	0.218137604504
-1.1673151751	0.219481793421
-1.15272373541	0.220808548004
-1.13813229572	0.222117869198
-1.12354085603	0.223409760732
-1.10894941634	0.224684228901
-1.09435797665	0.225941282364
-1.07976653696	0.227180931949
-1.06517509728	0.228403190466
-1.05058365759	0.229608072535
-1.0359922179	0.230795594415
-1.02140077821	0.231965773852
-1.00680933852	0.233118629929
-0.992217898832	0.234254182922
-0.977626459143	0.235372454173
-0.963035019454	0.236473465961
-0.948443579766	0.237557241387
-0.933852140077	0.238623804265
-0.919260700388	0.239673179014
-0.9046692607	0.240705390568
-0.890077821011	0.241720464278
-0.875486381322	0.242718425834
-0.860894941633	0.243699301181
-0.846303501945	0.24466311645
-0.831712062256	0.245609897883
-0.817120622567	0.246539671778
-0.802529182879	0.247452464424
-0.78793774319	0.248348302046
-0.773346303501	0.249227210761
-0.758754863812	0.250089216524
-0.744163424124	0.250934345092
-0.729571984435	0.251762621977
-0.714980544746	0.252574072421
-0.700389105058	0.253368721352
-0.685797665369	0.254146593362
-0.67120622568	0.254907712676
-0.656614785991	0.255652103131
-0.642023346303	0.25637978815
-0.627431906614	0.257090790724
-0.612840466925	0.257785133395
-0.598249027237	0.25846283824
-0.583657587548	0.259123926857
-0.569066147859	0.259768420351
-0.55447470817	0.260396339327
-0.539883268482	0.261007703876
-0.525291828793	0.261602533573
-0.510700389104	0.262180847466
-0.496108949416	0.26274266407
-0.481517509727	0.263288001367
-0.466926070038	0.263816876799
-0.452334630349	0.264329307265
-0.437743190661	0.264825309121
-0.423151750972	0.265304898179
-0.408560311283	0.265768089705
-0.393968871594	0.266214898418
-0.379377431906	0.266645338494
-0.364785992217	0.267059423564
-0.350194552528	0.267457166716
-0.33560311284	0.267838580498
-0.321011673151	0.268203676917
-0.306420233462	0.268552467446
-0.291828793773	0.268884963019
-0.277237354085	0.269201174042
-0.262645914396	0.269501110389
-0.248054474707	0.269784781407
-0.233463035019	0.270052195919
-0.21887159533	0.270303362226
-0.204280155641	0.270538288112
-0.189688715952	0.270756980843
-0.175097276264	0.27095944717
-0.160505836575	0.271145693337
-0.145914396886	0.271315725075
-0.131322957198	0.27146954761
-0.116731517509	0.271607165665
-0.10214007782	0.271728583457
-0.0875486381314	0.271833804707
-0.0729571984427	0.271922832632
-0.058365758754	0.271995669955
-0.0437743190653	0.2720523189
-0.0291828793766	0.272092781198
-0.0145914396879	0.272117058083
8.5975671027e-13	0.272125150296
0.0145914396896	0.272117058083
0.0291828793783	0.272092781198
0.043774319067	0.2720523189
0.0583657587557	0.271995669955
0.0729571984444	0.271922832632
0.0875486381332	0.271833804707
0.102140077822	0.271728583457
0.116731517511	0.271607165665
0.131322957199	0.27146954761
0.145914396888	0.271315725075
0.160505836577	0.271145693337
0.175097276265	0.27095944717
0.189688715954	0.270756980843
0.204280155643	0.270538288112
0.218871595332	0.270303362226
0.23346303502	0.270052195919
0.248054474709	0.269784781407
0.262645914398	0.269501110389
0.277237354086	0.269201174042
0.291828793775	0.26888496302
0.306420233464	0.268552467446
0.321011673153	0.268203676917
0.335603112841	0.267838580498
0.35019455253	0.267457166716
0.364785992219	0.267059423564
0.379377431907	0.266645338494
0.393968871596	0.266214898418
0.408560311285	0.265768089705
0.423151750974	0.265304898179
0.437743190662	0.264825309121
0.452334630351	0.264329307265
0.46692607004	0.263816876799
0.481517509729	0.263288001367
0.496108949417	0.26274266407
0.510700389106	0.262180847466
0.525291828795	0.261602533574
0.539883268483	0.261007703877
0.554474708172	0.260396339327
0.569066147861	0.259768420352
0.58365758755	0.259123926857
0.598249027238	0.258462838241
0.612840466927	0.257785133395
0.627431906616	0.257090790724
0.642023346304	0.25637978815
0.656614785993	0.255652103131
0.671206225682	0.254907712676
0.685797665371	0.254146593362
0.700389105059	0.253368721352
0.714980544748	0.252574072421
0.729571984437	0.251762621978
0.744163424125	0.250934345092
0.758754863814	0.250089216525
0.773346303503	0.249227210761
0.787937743192	0.248348302046
0.80252918288	0.247452464424
0.817120622569	0.246539671778
0.831712062258	0.245609897883
0.846303501946	0.24466311645
0.860894941635	0.243699301182
0.875486381324	0.242718425834
0.890077821013	0.241720464279
0.904669260701	0.240705390568
0.91926070039	0.239673179015
0.933852140079	0.238623804265
0.948443579767	0.237557241388
0.963035019456	0.236473465961
0.977626459145	0.235372454173
0.992217898834	0.234254182923
1.00680933852	0.233118629929
1.02140077821	0.231965773853
1.0359922179	0.230795594415
1.05058365759	0.229608072535
1.06517509728	0.228403190467
1.07976653697	0.22718093195
1.09435797665	0.225941282365
1.10894941634	0.224684228901
1.12354085603	0.223409760732
1.13813229572	0.222117869199
1.15272373541	0.220808548004
1.1673151751	0.219481793421
1.18190661479	0.218137604504
1.19649805448	0.216775983315
1.21108949416	0.21539693516
1.22568093385	0.214000468841
1.24027237354	0.212586596905
1.25486381323	0.211155335925
1.26945525292	0.209706706774
1.28404669261	0.208240734921
1.2986381323	0.206757450737
1.31322957199	0.205256889812
1.32782101167	0.203739093281
1.34241245136	0.202204108171
1.35700389105	0.200651987747
1.37159533074	0.199082791881
1.38618677043	0.197496587429
1.40077821012	0.195893448611
1.41536964981	0.19427345742
1.4299610895	0.192636704024
1.44455252918	0.190983287187
1.45914396887	0.189313314698
1.47373540856	0.187626903815
1.48832684825	0.185924181702
1.50291828794	0.184205285895
1.51750972763	0.182470364756
1.53210116732	0.180719577947
1.546692607	0.178953096899
1.56128404669	0.177171105292
1.57587548638	0.175373799536
1.59046692607	0.173561389249
1.60505836576	0.171734097745
1.61964980545	0.169892162506
1.63424124514	0.168035835665
1.64883268483	0.166165384477
1.66342412451	0.164281091782
1.6780155642	0.162383256462
1.69260700389	0.160472193887
1.70719844358	0.158548236345
1.72178988327	0.156611733462
1.73638132296	0.154663052593
1.75097276265	0.152702579209
1.76556420234	0.150730717242
1.78015564202	0.148747889421
1.79474708171	0.146754537568
1.8093385214	0.144751122865
1.82392996109	0.14273812609
1.83852140078	0.140716047814
1.85311284047	0.138685408554
1.86770428016	0.136646748884
1.88229571985	0.134600629508
1.89688715953	0.132547631269
1.91147859922	0.130488355116
1.92607003891	0.128423422012
1.9406614786	0.12635347279
1.95525291829	0.124279167935
1.96984435798	0.122201187318
1.98443579767	0.120120229855
1.99902723736	0.118037013102
2.01361867704	0.115952272778
2.02821011673	0.113866762218
2.04280155642	0.111781251753
2.05739299611	0.109696528015
2.0719844358	0.107613393168
2.08657587549	0.10553266406
2.10116731518	0.103455171304
2.11575875486	0.101381758277
2.13035019455	0.0993132800505
2.14494163424	0.0972506022399
2.15953307393	0.0951945997853
2.17412451362	0.0931461556598
2.18871595331	0.0911061595081
2.203307393	0.0890755062201
2.21789883269	0.087055094441
2.23249027237	0.0850458250222
2.24708171206	0.0830485994173
2.26167315175	0.0810643180279
2.27626459144	0.0790938785038
2.29085603113	0.0771381740038
2.30544747082	0.0751980914221
2.32003891051	0.0732745095885
2.3346303502	0.0713682974466
2.34922178988	0.0694803122193
2.36381322957	0.0676113975676
2.37840466926	0.065762381751
2.39299610895	0.0639340757969
2.40758754864	0.0621272716875
2.42217898833	0.0603427405718
2.43677042802	0.058581231011
2.45136186771	0.0568434672662
2.46595330739	0.055130147635
2.48054474708	0.0534419428468
2.49513618677	0.0517794945231
2.50972762646	0.050143413712
2.52431906615	0.0485342795022
2.53891050584	0.0469526377258
2.55350194553	0.0453989997545
2.56809338522	0.0438738413968
2.5826848249	0.0423776019006
2.59727626459	0.0409106830675
2.61186770428	0.0394734484824
2.62645914397	0.0380662228621
2.64105058366	0.0366892915278
2.65564202335	0.0353429000012
2.67023346304	0.0340272537285
2.68482490272	0.0327425179326
2.69941634241	0.0314888175928
2.7140077821	0.0302662375531
2.72859922179	0.0290748227573
2.74319066148	0.0279145786091
2.75778210117	0.0267854714542
2.77237354086	0.0256874291827
2.78696498055	0.0246203419453
2.80155642023	0.0235840629821
2.81614785992	0.022578409556
2.83073929961	0.0216031639866
2.8453307393	0.0206580747785
2.85992217899	0.0197428578371
2.87451361868	0.0188571977646
2.88910505837	0.0180007492306
2.90369649806	0.0171731384071
2.91828793774	0.0163739644635
2.93287937743	0.0156028011107
2.94747081712	0.0148591981882
2.96206225681	0.0141426832863
2.9766536965	0.0134527633935
2.99124513619	0.0127889265641
3.00583657588	0.0121506435961
3.02042801557	0.011537369712
3.03501945525	0.0109485462372
3.04961089494	0.0103836022658
3.06420233463	0.00984195630975
3.07879377432	0.0093230179238
3.09338521401	0.00882618929991
3.1079766537	0.0083508668262
3.12256809339	0.00789644260487
3.13715953307	0.0074623059244
3.15175097276	0.00704784468154
3.16634241245	0.00665244674954
3.18093385214	0.00627550128883
3.19552529183	0.00591639999755
3.21011673152	0.00557453829923
3.22470817121	0.00524931646567
3.2392996109	0.00494014067341
3.25389105058	0.00464642399266
3.26848249027	0.00436758730786
3.28307392996	0.00410306016974
3.29766536965	0.00385228157854
3.31225680934	0.00361470069919
3.32684824903	0.00338977750885
3.34143968872	0.00317698337793
3.35603112841	0.00297580158605
3.37062256809	0.00278572777418
3.38521400778	0.00260627033507
3.39980544747	0.00243695074377
3.41439688716	0.00227730383052
3.42898832685	0.00212687799828
3.44357976654	0.0019852353874
3.45817120623	0.00185195199
3.47276264592	0.0017266177167
3.4873540856	0.0016088364184
3.50194552529	0.00149822586596
3.51653696498	0.0013944176904
3.53112840467	0.00129705728658
3.54571984436	0.00120580368296
3.56031128405	0.00112032938035
3.57490272374	0.0010403201622
3.58949416343	0.000965474879188
3.60408560311	0.000895505210634
3.6186770428	0.000830135405216
3.63326848249	0.000769102003476
3.64785992218	0.000712153544391
3.66245136187	0.000659050258251
3.67704280156	0.000609563747971
3.69163424125	0.00056347666086
3.70622568093	0.000520582352741
3.72081712062	0.000480684546238
3.73540856031	0.0004435969849
3.75	0.000409143084739
3.76459143969	0.000377155584649
3.77918287938	0.000347476197045
3.79377431907	0.00031995525997
3.80836575876	0.000294451391799
3.82295719844	0.000270831149577
3.83754863813	0.000248968691915
3.85214007782	0.000228745447284
3.86673151751	0.000210049788447
3.8813229572	0.000192776713669
3.89591439689	0.000176827535299
3.91050583658	0.000162109576182
3.92509727627	0.00014853587434
3.93968871595	0.000136024896239
3.95428015564	0.000124500258946
3.96887159533	0.000113890461355
3.98346303502	0.000104128624675
3.99805447471	9.51522422508e-05
4.0126459144	8.69029387899e-05
4.02723735409	7.93262390046e-05
4.04182879378	7.23713456292e-05
4.05642023346	6.5990926754e-05
4.07101167315	6.0140912374e-05
4.08560311284	5.47803000213e-05
4.10019455253	4.98709693299e-05
4.11478599222	4.53775053518e-05
4.12937743191	4.12670304303e-05
4.1439688716	3.75090444143e-05
4.15856031129	3.40752729868e-05
4.17315175097	3.09395238672e-05
4.18774319066	2.80775506385e-05
4.20233463035	2.54669239427e-05
4.21692607004	2.30869097826e-05
4.23151750973	2.09183546643e-05
4.24610894942	1.89435773136e-05
4.26070038911	1.71462666985e-05
4.27529182879	1.55113860892e-05
4.28988326848	1.4025082893e-05
4.30447470817	1.26746039999e-05
4.31906614786	1.14482163823e-05
4.33365758755	1.03351326951e-05
4.34824902724	9.32544162731e-06
4.36284046693	8.4100427662e-06
4.37743190662	7.58058573555e-06
4.3920233463	6.82941338222e-06
4.40661478599	6.14950878915e-06
4.42120622568	5.53444590154e-06
4.43579766537	4.97834356098e-06
4.45038910506	4.47582274954e-06
4.46498054475	4.0219668543e-06
4.47957198444	3.61228477056e-06
4.49416342413	3.24267666998e-06
4.50875486381	2.90940226779e-06
4.5233463035	2.60905143102e-06
4.53793774319	2.33851697747e-06
4.55252918288	2.09496952249e-06
4.56712062257	1.87583423827e-06
4.58171206226	1.67876939717e-06
4.59630350195	1.50164657805e-06
4.61089494164	1.34253242072e-06
4.62548638132	1.19967182073e-06
4.64007782101	1.07147246257e-06
4.6546692607	9.56490595625e-07
4.66926070039	8.53417962889e-07
4.68385214008	7.61069798077e-07
4.69844357977	6.78373811998e-07
4.71303501946	6.04360094161e-07
4.72762645915	5.38151860332e-07
4.74221789883	4.78956981382e-07
4.75680933852	4.26060233046e-07
4.77140077821	3.78816210369e-07
4.7859922179	3.36642854431e-07
4.80058365759	2.99015542668e-07
4.81517509728	2.65461697496e-07
4.82976653697	2.35555871263e-07
4.84435797665	2.08915268523e-07
4.85894941634	1.8519566959e-07
4.87354085603	1.64087721924e-07
4.88813229572	1.45313568503e-07
4.90272373541	1.28623784615e-07
4.9173151751	1.13794596766e-07
4.93190661479	1.006253594e-07
4.94649805448	8.89362670887e-08
4.96108949416	7.85662815683e-08
4.97568093385	6.9371254723e-08
4.99027237354	6.12222300904e-08
5.00486381323	5.40039069323e-08
5.01945525292	4.76132522114e-08
5.03404669261	4.19582470512e-08
5.0486381323	3.69567553762e-08
5.06322957199	3.25355034879e-08
5.07782101167	2.86291602842e-08
5.09241245136	2.5179508727e-08
5.10700389105	2.21346999801e-08
5.12159533074	1.9448582394e-08
5.13618677043	1.70800982058e-08
5.15077821012	1.49927414647e-08
5.16536964981	1.31540712694e-08
5.1799610895	1.15352749513e-08
5.19455252918	1.01107763175e-08
5.20914396887	8.85788452669e-09
5.22373540856	7.75647957299e-09
5.23832684825	6.78873073821e-09
5.25291828794	5.93884470784e-09
5.26750972763	5.19284036475e-09
5.28210116732	4.53834755548e-09
5.29669260701	3.96442738833e-09
5.31128404669	3.46141185442e-09
5.32587548638	3.02076078118e-09
5.34046692607	2.63493432084e-09
5.35505836576	2.29727935528e-09
5.36964980545	2.00192835837e-09
5.38424124514	1.74370940344e-09
5.39883268483	1.51806613446e-09
5.41342412451	1.32098664087e-09
5.4280155642	1.14894028159e-09
5.44260700389	9.98821603555e-10
5.45719844358	8.67900586616e-10
5.47178988327	7.53778527294e-10
5.48638132296	6.54348944858e-10
5.50097276265	5.67762958361e-10
5.51556420234	4.9239864056e-10
5.53015564202	4.26833908175e-10
5.54474708171	3.6982255384e-10
5.5593385214	3.20273068011e-10
5.57392996109	2.77229936629e-10
5.58852140078	2.3985713479e-10
5.60311284047	2.07423566637e-10
5.61770428016	1.7929022951e-10
5.63229571985	1.54898904318e-10
5.64688715953	1.33762196651e-10
5.66147859922	1.15454771957e-10
5.67607003891	9.96056461486e-11
5.6906614786	8.58914082487e-11
5.70525291829	7.4030265803e-11
5.71984435798	6.37768160774e-11
5.73443579767	5.49174571825e-11
5.74902723736	4.72663629235e-11
5.76361867704	4.06619542809e-11
5.77821011673	3.49638078099e-11
5.79280155642	3.00499484308e-11
5.80739299611	2.58144800925e-11
5.8219844358	2.21655133135e-11
5.83657587549	1.90233533776e-11
5.85116731518	1.63189172994e-11
5.86575875487	1.3992351371e-11
5.88035019455	1.19918246194e-11
5.89494163424	1.02724763043e-11
5.90953307393	8.79549832301e-12
5.92412451362	7.52733564207e-12
5.93871595331	6.43898997204e-12
5.953307393	5.50541367165e-12
5.96789883269	4.70498248935e-12
5.98249027237	4.01903710304e-12
5.99708171206	3.43148474374e-12
6.01167315175	2.92845317146e-12
6.02626459144	2.49799031749e-12
6.04085603113	2.12980368249e-12
6.05544747082	1.81503436452e-12
6.07003891051	1.54606121157e-12
6.0846303502	1.31633118279e-12
6.09922178988	1.12021247276e-12
6.11381322957	9.52867433075e-13
6.12840466926	8.10142666671e-13
6.14299610895	6.8847402933e-13
6.15758754864	5.8480455827e-13
6.17217898833	4.96513611375e-13
6.18677042802	4.21355709398e-13
6.20136186771	3.57407790844e-13
6.21595330739	3.03023734193e-13
6.23054474708	2.56795178516e-13
6.24513618677	2.17517780454e-13
6.25972762646	1.84162171831e-13
6.27431906615	1.55848974151e-13
6.28891050584	1.31827316057e-13
6.30350194553	1.11456371464e-13
6.31809338522	9.41895034897e-14
6.3326848249	7.95606488614e-14
6.34727626459	6.71726391501e-14
6.36186770428	5.6687183051e-14
6.37645914397	4.78162809067e-14
6.39105058366	4.03148685788e-14
6.40564202335	3.39745192261e-14
6.42023346304	2.86180532248e-14
6.43482490272	2.40949282773e-14
6.44941634241	2.02772964147e-14
6.4640077821	1.70566368464e-14
6.47859922179	1.43408791629e-14
6.49319066148	1.20519479451e-14
6.50778210117	1.01236679758e-14
6.52237354086	8.499977812e-15
6.53696498055	7.1334071682e-15
6.55155642023	5.98378041431e-15
6.56614785992	5.01711165659e-15
6.58073929961	4.204665456e-15
6.5953307393	3.52215740103e-15
6.60992217899	2.94907476463e-15
6.62451361868	2.46809903824e-15
6.63910505837	2.06461574547e-15
6.65369649806	1.72629816099e-15
6.66828793774	1.4427543275e-15
6.68287937743	1.20522749455e-15
6.69747081712	1.00634251362e-15
6.71206225681	8.39890784104e-16
6.7266536965	7.00648325057e-16
6.74124513619	5.84221720174e-16
6.75583657588	4.86917869931e-16
6.77042801557	4.05633843196e-16
6.78501945525	3.37763892779e-16
6.79961089494	2.81120733163e-16
6.81420233463	2.33869303898e-16
6.82879377432	1.94470768266e-16
6.84338521401	1.61635320061e-16
6.8579766537	1.34282391737e-16
6.87256809339	1.11507172027e-16
6.88715953308	9.25523574283e-17
6.90175097276	7.67844487985e-17
6.91634241245	6.36737159137e-17
6.93093385214	5.27774425113e-17
6.94552529183	4.37257973412e-17
6.96011673152	3.62099948435e-17
6.97470817121	2.99723317973e-17
6.9892996109	2.47978494929e-17
7.00389105058	2.05073189629e-17
7.01848249027	1.69513938191e-17
7.03307392996	1.40056587944e-17
7.04766536965	1.15665377976e-17
7.06225680934	9.54783704767e-18
7.07684824903	7.87786372379e-18
7.09143968872	6.49701361058e-18
7.10603112841	5.35575847811e-18
7.12062256809	4.41295963556e-18
7.13521400778	3.63447154711e-18
7.14980544747	2.9919535867e-18
7.16439688716	2.46190258017e-18
7.17898832685	2.02483386211e-18
7.19357976654	1.66460321788e-18
7.20817120623	1.36783846647e-18
7.22276264592	1.12347070764e-18
7.2373540856	9.22341029616e-19
7.25194552529	7.56876041614e-19
7.26653696498	6.20813667338e-19
7.28112840467	5.08981124472e-19
7.29571984436	4.1710541771e-19
7.31031128405	3.41660265809e-19
7.32490272374	2.79735703918e-19
7.33949416343	2.28931977488e-19
7.35408560311	1.8727073907e-19
7.3686770428	1.53123305544e-19
7.38326848249	1.25147147591e-19
7.39785992218	1.02237602977e-19
7.41245136187	8.34854442764e-20
7.42704280156	6.81434545836e-20
7.44163424125	5.55970284906e-20
7.45622568094	4.53416655483e-20
7.47081712062	3.69625640578e-20
7.48540856031	3.01201316185e-20
7.5	2.45337200799e-20
7.51459143969	1.997059535e-20
7.52918287938	1.62482045217e-20
7.54377431907	1.32139231012e-20
7.55836575876	1.07414261818e-20
7.57295719844	8.72771058542e-21
7.58754863813	7.08830784987e-21
7.60214007782	5.75439138086e-21
7.61673151751	4.66945368936e-21
7.6313229572	3.78746541444e-21
7.64591439689	3.07074771004e-21
7.66050583658	2.48862426037e-21
7.67509727627	2.01599262946e-21
7.68968871595	1.63242868599e-21
7.70428015564	1.32126308268e-21
7.71887159533	1.06899003929e-21
7.73346303502	8.64532311659e-22
7.74805447471	6.98902043182e-22
7.7626459144	5.64782581908e-22
7.77723735409	4.56215988418e-22
7.79182879378	3.68368186332e-22
7.80642023346	2.97321142098e-22
7.82101167315	2.39870263914e-22
7.83560311284	1.93459106999e-22
7.85019455253	1.55977804807e-22
7.86478599222	1.25723721574e-22
7.87937743191	1.01306737491e-22
7.8939688716	8.16103641545e-23
7.90856031129	6.57230263937e-23
7.92315175097	5.29140077581e-23
7.93774319066	4.25881755462e-23
7.95233463035	3.42727752982e-23
7.96692607004	2.75746616225e-23
7.98151750973	2.21828149694e-23
7.99610894942	1.78423200783e-23
8.01070038911	1.43510685196e-23
8.0252918288	1.1540956488e-23
8.03988326848	9.27935599731e-24
8.05447470817	7.45813309304e-24
8.06906614786	5.9964552433e-24
8.08365758755	4.82202613839e-24
8.09824902724	3.87913374218e-24
8.11284046693	3.1217676309e-24
8.12743190662	2.51357979823e-24
8.1420233463	2.02397527699e-24
8.15661478599	1.63008274302e-24
8.17120622568	1.31259051995e-24
8.18579766537	1.05856198343e-24
8.20038910506	8.54921156062e-25
8.21498054475	6.91766540247e-25
8.22957198444	5.60679251567e-25
8.24416342413	4.55455910598e-25
8.25875486381	3.70624114668e-25
8.2733463035	3.02295242239e-25
8.28793774319	2.46961087775e-25
8.30252918288	2.02513179107e-25
8.31712062257	1.66569729499e-25
8.33171206226	1.37564070347e-25
8.34630350195	1.13995676849e-25
8.36089494164	9.48366307149e-26
8.37548638132	7.91324595482e-26
8.39007782101	6.62541181814e-26
8.4046692607	5.54559864402e-26
8.41926070039	4.68452336086e-26
8.43385214008	3.98528600209e-26
8.44844357977	3.41904015946e-26
8.46303501946	2.95183347169e-26
8.47762645915	2.57133792828e-26
8.49221789883	2.24907355705e-26
8.50680933852	1.98009803768e-26
8.52140077821	1.74722824797e-26
8.5359922179	1.55752221264e-26
8.55058365759	1.39908146887e-26
8.56517509728	1.26793474841e-26
8.57976653697	1.15156287538e-26
8.59435797666	1.05300489777e-26
8.60894941634	9.61758988578e-27
8.62354085603	8.78995660268e-27
8.63813229572	7.97287325515e-27
8.65272373541	7.34211184117e-27
8.6673151751	6.81372725674e-27
8.68190661479	6.40907064529e-27
8.69649805448	6.04268802851e-27
8.71108949416	5.73885302032e-27
8.72568093385	5.44478554025e-27
8.74027237354	5.18181786219e-27
8.75486381323	4.90155108934e-27
8.76945525292	4.68830742324e-27
8.78404669261	4.49886750676e-27
8.7986381323	4.35106774918e-27
8.81322957199	4.18896493237e-27
8.82782101167	4.050803202e-27
8.84241245136	3.88261808583e-27
8.85700389105	3.7099092204e-27
8.87159533074	3.48832356036e-27
8.88618677043	3.32934731821e-27
8.90077821012	3.19733811779e-27
8.91536964981	3.11244532272e-27
8.9299610895	3.02552441744e-27
8.94455252918	2.95297888964e-27
8.95914396887	2.86968493163e-27
8.97373540856	2.79223203859e-27
8.98832684825	2.6796472182e-27
9.00291828794	2.60389643246e-27
9.01750972763	2.54139794873e-27
9.03210116732	2.48981636792e-27
9.04669260701	2.42632858196e-27
9.06128404669	2.36148598806e-27
9.07587548638	2.27252650972e-27
9.09046692607	2.1745903955e-27
9.10505836576	2.03695204711e-27
9.11964980545	1.94555590971e-27
9.13424124514	1.86385958948e-27
9.14883268483	1.79691837202e-27
9.16342412452	1.72954495922e-27
9.1780155642	1.66919678753e-27
9.19260700389	1.59196627514e-27
9.20719844358	1.51224359776e-27
9.22178988327	1.4061864524e-27
9.23638132296	1.33429119605e-27
9.25097276265	1.27381105477e-27
9.26556420234	1.23853781971e-27
9.28015564202	1.19302257093e-27
9.29474708171	1.16323585199e-27
9.3093385214	1.13195673674e-27
9.32392996109	1.10355138341e-27
9.33852140078	1.05918614539e-27
9.35311284047	1.03626001962e-27
9.36770428016	1.0187738648e-27
9.38229571985	1.01364742445e-27
9.39688715953	9.96065806713e-28
9.41147859922	9.82552308127e-28
9.42607003891	9.59313422685e-28
9.4406614786	9.3978161805e-28
9.45525291829	9.01115041485e-28
9.46984435798	8.83206037951e-28
9.48443579767	8.75269473404e-28
9.49902723736	8.75021687756e-28
9.51361867704	8.636443619e-28
9.52821011673	8.61599380676e-28
9.54280155642	8.53900394325e-28
9.55739299611	8.49579901728e-28
9.5719844358	8.28613215286e-28
9.58657587549	8.1556917516e-28
9.60116731518	8.04906077611e-28
9.61575875487	8.08680207656e-28
9.63035019455	8.00943924505e-28
9.64494163424	7.92592601984e-28
9.65953307393	7.8071775832e-28
9.67412451362	7.69995572789e-28
9.68871595331	7.43068817766e-28
9.703307393	7.23787607856e-28
9.71789883269	7.08432218465e-28
9.73249027237	6.94127461476e-28
9.74708171206	6.74893724674e-28
9.76167315175	6.50398458681e-28
9.77626459144	6.16415115753e-28
9.79085603113	5.81323623215e-28
9.80544747082	5.38499135053e-28
9.82003891051	5.08835578139e-28
9.8346303502	4.85659552591e-28
9.84922178988	4.75416788995e-28
9.86381322957	4.5783687115e-28
9.87840466926	4.44025789614e-28
9.89299610895	4.29920599909e-28
9.90758754864	4.13811329046e-28
9.92217898833	4.01123731153e-28
9.93677042802	3.90388260476e-28
9.95136186771	3.7686625652e-28
9.96595330739	3.68708391168e-28
9.98054474708	3.54583018887e-28
9.99513618677	3.41685305552e-28
10.0097276265	3.2991564098e-28
10.0243190661	3.25668891671e-28
10.0389105058	3.17880143495e-28
10.0535019455	3.14762202745e-28
10.0680933852	3.12688603364e-28
10.0826848249	3.13047032411e-28
10.0972762646	3.13399954224e-28
10.1118677043	3.09638380142e-28
10.126459144	3.05221282354e-28
10.1410505837	3.09443156383e-28
10.1556420233	3.11909903601e-28
10.170233463	3.14221580212e-28
10.1848249027	3.18718212205e-28
10.1994163424	3.20959254441e-28
10.2140077821	3.1881688028e-28
10.2285992218	3.21177195624e-28
10.2431906615	3.27579624851e-28
10.2577821012	3.35562127373e-28
10.2723735409	3.4611628696e-28
10.2869649805	3.50440345864e-28
10.3015564202	3.5313492126e-28
10.3161478599	3.57266559316e-28
10.3307392996	3.53928434428e-28
10.3453307393	3.45448065156e-28
10.359922179	3.35161062209e-28
10.3745136187	3.24972984858e-28
10.3891050584	3.12239631296e-28
10.4036964981	3.0457681871e-28
10.4182879377	2.97521929504e-28
10.4328793774	2.97474961204e-28
10.4474708171	2.95019176933e-28
10.4620622568	2.91848313153e-28
10.4766536965	2.92766450809e-28
10.4912451362	3.03443070382e-28
10.5058365759	3.16674018447e-28
10.5204280156	3.26356173237e-28
10.5350194553	3.36367357236e-28
10.5496108949	3.47359446583e-28
10.5642023346	3.52933204295e-28
10.5787937743	3.62754217537e-28
10.593385214	3.70935118806e-28
10.6079766537	3.80058809608e-28
10.6225680934	3.87299438704e-28
10.6371595331	3.90934162703e-28
10.6517509728	3.91980271167e-28
10.6663424125	3.97270282937e-28
10.6809338521	3.9507265719e-28
10.6955252918	3.90991305731e-28
10.7101167315	3.86847651091e-28
10.7247081712	3.82804107187e-28
10.7392996109	3.70130834155e-28
10.7538910506	3.62460140863e-28
10.7684824903	3.59547506371e-28
10.78307393	3.63801952941e-28
10.7976653697	3.67135585517e-28
10.8122568093	3.72531677058e-28
10.826848249	3.74732105616e-28
10.8414396887	3.79311198663e-28
10.8560311284	3.79996867414e-28
10.8706225681	3.82659452456e-28
10.8852140078	3.86927211163e-28
10.8998054475	3.98231287489e-28
10.9143968872	4.03961600842e-28
10.9289883268	4.1351763952e-28
10.9435797665	4.22334033399e-28
10.9581712062	4.35381949043e-28
10.9727626459	4.44305767602e-28
10.9873540856	4.62377555531e-28
11.0019455253	4.84991811627e-28
11.016536965	5.22385598557e-28
11.0311284047	5.6911707457e-28
11.0457198444	6.34931549172e-28
11.060311284	7.17829004313e-28
11.0749027237	8.21039544769e-28
11.0894941634	9.45090281734e-28
11.1040856031	1.10759501731e-27
11.1186770428	1.32061078886e-27
11.1332684825	1.60343361247e-27
11.1478599222	1.94943763636e-27
11.1624513619	2.39762403382e-27
11.1770428016	2.99429352621e-27
11.1916342412	3.75685804556e-27
11.2062256809	4.76903617318e-27
11.2208171206	6.05038197879e-27
11.2354085603	7.85147943084e-27
11.25	9.50312273255e-27
11.2645914397	7.89973100636e-27
11.2791828794	6.15929200381e-27
11.2937743191	4.93848440554e-27
11.3083657588	3.96771586032e-27
11.3229571984	3.21005696172e-27
11.3375486381	2.65238917126e-27
11.3521400778	2.23813881547e-27
11.3667315175	1.93875812886e-27
11.3813229572	1.69756814548e-27
11.3959143969	1.53449704241e-27
11.4105058366	1.41349439803e-27
11.4250972763	1.32499360395e-27
11.439688716	1.24394513113e-27
11.4542801556	1.19148501023e-27
11.4688715953	1.15905390091e-27
11.483463035	1.14890004391e-27
11.4980544747	1.13026179004e-27
11.5126459144	1.13664737122e-27
11.5272373541	1.12793522937e-27
11.5418287938	1.11930731896e-27
11.5564202335	1.10195047583e-27
11.5710116732	1.09740559981e-27
11.5856031128	1.09125197369e-27
11.6001945525	1.09996895725e-27
11.6147859922	1.09663088826e-27
11.6293774319	1.09761344818e-27
11.6439688716	1.08083408514e-27
11.6585603113	1.05798276624e-27
11.673151751	1.00052434615e-27
11.6877431907	9.7921710343e-28
11.7023346304	9.63603381735e-28
11.71692607	9.64004314112e-28
11.7315175097	9.52052508138e-28
11.7461089494	9.58588669865e-28
11.7607003891	9.64326029308e-28
11.7752918288	9.78265676863e-28
11.7898832685	9.77155422544e-28
11.8044747082	9.91881706055e-28
11.8190661479	1.0092738412e-27
11.8336575876	1.03857265788e-27
11.8482490272	1.05257021913e-27
11.8628404669	1.08489146554e-27
11.8774319066	1.10971903966e-27
11.8920233463	1.12688835148e-27
11.906614786	1.1326381104e-27
11.9212062257	1.14307578369e-27
11.9357976654	1.14666306508e-27
11.9503891051	1.16054479236e-27
11.9649805447	1.14858978623e-27
11.9795719844	1.13471955182e-27
11.9941634241	1.10761188348e-27
12.0087548638	1.07036558614e-27
12.0233463035	1.00854413591e-27
12.0379377432	9.75163070248e-28
12.0525291829	9.46506855644e-28
12.0671206226	9.28900855048e-28
12.0817120623	9.05869435875e-28
12.0963035019	8.98222208986e-28
12.1108949416	8.94464874189e-28
12.1254863813	8.94273796257e-28
12.140077821	8.90271820071e-28
12.1546692607	8.94053130283e-28
12.1692607004	9.0000721601e-28
12.1838521401	9.11136396561e-28
12.1984435798	9.08562274792e-28
12.2130350195	9.11775605054e-28
12.2276264591	9.1534686586e-28
12.2422178988	9.16015473201e-28
12.2568093385	9.1113760697e-28
12.2714007782	9.15721148966e-28
12.2859922179	9.23463869102e-28
12.3005836576	9.39732301236e-28
12.3151750973	9.47365902901e-28
12.329766537	9.53151982957e-28
12.3443579767	9.63542527015e-28
12.3589494163	9.65968732894e-28
12.373540856	9.66932773888e-28
12.3881322957	9.78978003156e-28
12.4027237354	9.97028803874e-28
12.4173151751	1.01121684541e-27
12.4319066148	1.02188795713e-27
12.4464980545	1.0390399725e-27
12.4610894942	1.07053954585e-27
12.4756809339	1.10685053462e-27
12.4902723735	1.14700069769e-27
12.5048638132	1.18097727704e-27
12.5194552529	1.211918563e-27
12.5340466926	1.23711932435e-27
12.5486381323	1.24477942111e-27
12.563229572	1.25178480642e-27
12.5778210117	1.25503782553e-27
12.5924124514	1.24214625915e-27
12.6070038911	1.22281838008e-27
12.6215953307	1.20057533025e-27
12.6361867704	1.18956233979e-27
12.6507782101	1.17822861417e-27
12.6653696498	1.16877629646e-27
12.6799610895	1.16667610754e-27
12.6945525292	1.1812394026e-27
12.7091439689	1.20147873992e-27
12.7237354086	1.23593838428e-27
12.7383268483	1.25856031968e-27
12.7529182879	1.27524649545e-27
12.7675097276	1.28396117504e-27
12.7821011673	1.29237102444e-27
12.796692607	1.29636178004e-27
12.8112840467	1.31358169768e-27
12.8258754864	1.33242173524e-27
12.8404669261	1.36239538971e-27
12.8550583658	1.37018450173e-27
12.8696498054	1.38502758884e-27
12.8842412451	1.39270592438e-27
12.8988326848	1.4030767668e-27
12.9134241245	1.4154116853e-27
12.9280155642	1.4409267497e-27
12.9426070039	1.45987907978e-27
12.9571984436	1.4856601524e-27
12.9717898833	1.49554785812e-27
12.986381323	1.50551592341e-27
13.0009727626	1.50412779823e-27
13.0155642023	1.5075321158e-27
13.030155642	1.50457785785e-27
13.0447470817	1.51739086099e-27
13.0593385214	1.53068838727e-27
13.0739299611	1.56284096719e-27
13.0885214008	1.57026883833e-27
13.1031128405	1.57669229993e-27
13.1177042802	1.56779113105e-27
13.1322957198	1.56497804171e-27
13.1468871595	1.55129900037e-27
13.1614785992	1.56007870669e-27
13.1760700389	1.57452455979e-27
13.1906614786	1.60776970475e-27
13.2052529183	1.60547887475e-27
13.219844358	1.61136310291e-27
13.2344357977	1.60066574019e-27
13.2490272374	1.58754924736e-27
13.263618677	1.57017346661e-27
13.2782101167	1.5725811724e-27
13.2928015564	1.56218968337e-27
13.3073929961	1.5739965384e-27
13.3219844358	1.5714728059e-27
13.3365758755	1.56617599105e-27
13.3511673152	1.544872591e-27
13.3657587549	1.5375854632e-27
13.3803501946	1.52010724879e-27
13.3949416342	1.52594629995e-27
13.4095330739	1.54239386499e-27
13.4241245136	1.58591144071e-27
13.4387159533	1.59304624426e-27
13.453307393	1.60516425719e-27
13.4678988327	1.60420090749e-27
13.4824902724	1.60858145528e-27
13.4970817121	1.58293372783e-27
13.5116731518	1.57685873558e-27
13.5262645914	1.57065291659e-27
13.5408560311	1.58467489822e-27
13.5554474708	1.57559217037e-27
13.5700389105	1.57765476663e-27
13.5846303502	1.56712704642e-27
13.5992217899	1.5561634551e-27
13.6138132296	1.53813716745e-27
13.6284046693	1.54116145493e-27
13.642996109	1.5367696351e-27
13.6575875486	1.57680779426e-27
13.6721789883	1.58309415543e-27
13.686770428	1.58507681808e-27
13.7013618677	1.57775652784e-27
13.7159533074	1.58597303709e-27
13.7305447471	1.57714478578e-27
13.7451361868	1.58057605754e-27
13.7597276265	1.5888294884e-27
13.7743190661	1.63028786246e-27
13.7889105058	1.62534577058e-27
13.8035019455	1.62844496686e-27
13.8180933852	1.6078565072e-27
13.8326848249	1.59035222697e-27
13.8472762646	1.56921805451e-27
13.8618677043	1.56698870012e-27
13.876459144	1.55155815908e-27
13.8910505837	1.56336506971e-27
13.9056420233	1.5499353638e-27
13.920233463	1.54180737954e-27
13.9348249027	1.51411489834e-27
13.9494163424	1.50812755258e-27
13.9640077821	1.49341604424e-27
13.9785992218	1.492631836e-27
13.9931906615	1.48322063287e-27
14.0077821012	1.51454081743e-27
14.0223735409	1.50919202096e-27
14.0369649805	1.49470936366e-27
14.0515564202	1.47093489823e-27
14.0661478599	1.45941108438e-27
14.0807392996	1.42992532959e-27
14.0953307393	1.42756704139e-27
14.109922179	1.43346504377e-27
14.1245136187	1.46779008893e-27
14.1391050584	1.4535877403e-27
14.1536964981	1.44670311164e-27
14.1682879377	1.42142879009e-27
14.1828793774	1.40189363094e-27
14.1974708171	1.37646619927e-27
14.2120622568	1.36696386938e-27
14.2266536965	1.35654500251e-27
14.2412451362	1.39375863838e-27
14.2558365759	1.4018012542e-27
14.2704280156	1.40348610255e-27
14.2850194553	1.37627846646e-27
14.2996108949	1.3667992825e-27
14.3142023346	1.34386910318e-27
14.3287937743	1.33321747967e-27
14.343385214	1.33184461e-27
14.3579766537	1.37286409456e-27
14.3725680934	1.37115373887e-27
14.3871595331	1.35445466546e-27
14.4017509728	1.32663621005e-27
14.4163424125	1.31390998575e-27
14.4309338521	1.27693155202e-27
14.4455252918	1.2639334931e-27
14.4601167315	1.25655605374e-27
14.4747081712	1.27779017635e-27
14.4892996109	1.27306181925e-27
14.5038910506	1.2761299415e-27
14.5184824903	1.26067630706e-27
14.53307393	1.24706450146e-27
14.5476653697	1.2274997449e-27
14.5622568093	1.2178220547e-27
14.576848249	1.20678722819e-27
14.5914396887	1.24309521407e-27
14.6060311284	1.24735702503e-27
14.6206225681	1.24752898455e-27
14.6352140078	1.21749562014e-27
14.6498054475	1.19779255783e-27
14.6643968872	1.17044863668e-27
14.6789883268	1.14894297254e-27
14.6935797665	1.13257652316e-27
14.7081712062	1.14710132867e-27
14.7227626459	1.13004447719e-27
14.7373540856	1.11917848661e-27
14.7519455253	1.09116511558e-27
14.766536965	1.07384957414e-27
14.7811284047	1.03179488746e-27
14.7957198444	1.00535212526e-27
14.810311284	9.78279631099e-28
14.8249027237	9.65445707948e-28
14.8394941634	9.27418302091e-28
14.8540856031	8.89523913728e-28
14.8686770428	8.35482439882e-28
14.8832684825	8.0145013134e-28
14.8978599222	7.69680961392e-28
14.9124513619	7.55673149217e-28
14.9270428016	7.59971186713e-28
14.9416342412	8.40767719023e-28
14.9562256809	9.87526971167e-28
14.9708171206	1.25606322845e-27
14.9854085603	1.78590801595e-27
15.0	2.37250128865e-27
