-14.9854085603	1.88195495789e-27
-14.9708171206	1.0965248849e-27
-14.9562256809	6.5335597954e-28
-14.9416342412	3.77117513327e-28
-14.9270428016	2.17729552841e-28
-14.9124513619	1.27163496647e-28
-14.8978599222	8.46530853545e-29
-14.8832684825	6.30053006195e-29
-14.8686770428	6.09903012852e-29
-14.8540856031	6.44177109593e-29
-14.8394941634	7.25904694492e-29
-14.8249027237	7.31743767186e-29
-14.810311284	8.21163413277e-29
-14.7957198444	8.94438938825e-29
-14.7811284047	1.00843704278e-28
-14.766536965	1.08406414568e-28
-14.7519455253	1.1688395929e-28
-14.7373540856	1.21372789579e-28
-14.7227626459	1.23173267109e-28
-14.7081712062	1.13131928918e-28
-14.6935797665	1.15950145535e-28
-14.6789883268	1.18501287902e-28
-14.6643968872	1.24353909637e-28
-14.6498054475	1.27173205558e-28
-14.6352140078	1.35497526146e-28
-14.6206225681	1.37461824266e-28
-14.6060311284	1.37971931828e-28
-14.5914396887	1.26923663155e-28
-14.576848249	1.26766871296e-28
-14.5622568093	1.27212385349e-28
-14.5476653696	1.33238014996e-28
-14.53307393	1.35095360794e-28
-14.5184824903	1.40822758392e-28
-14.5038910506	1.42725897431e-28
-14.4892996109	1.4349759867e-28
-14.4747081712	1.31881497404e-28
-14.4601167315	1.31275958869e-28
-14.4455252918	1.30734508216e-28
-14.4309338521	1.36590222512e-28
-14.4163424125	1.38380822698e-28
-14.4017509728	1.4399588569e-28
-14.3871595331	1.45577183033e-28
-14.3725680934	1.46658059977e-28
-14.3579766537	1.34535522622e-28
-14.343385214	1.33803859156e-28
-14.3287937743	1.33403357133e-28
-14.3142023346	1.3870608866e-28
-14.2996108949	1.41384701038e-28
-14.2850194553	1.4871155587e-28
-14.2704280156	1.50577468148e-28
-14.2558365759	1.51387825685e-28
-14.2412451362	1.40865042419e-28
-14.2266536965	1.4173238148e-28
-14.2120622568	1.43236520563e-28
-14.1974708171	1.49962827551e-28
-14.1828793774	1.52393995062e-28
-14.1682879377	1.58765176502e-28
-14.1536964981	1.59753756877e-28
-14.1391050584	1.5989036003e-28
-14.1245136187	1.50067039294e-28
-14.109922179	1.50791152234e-28
-14.0953307393	1.52221828635e-28
-14.0807392996	1.58292568662e-28
-14.0661478599	1.60431026774e-28
-14.0515564202	1.6721186274e-28
-14.0369649805	1.68290911401e-28
-14.0223735409	1.69463126557e-28
-14.0077821012	1.60515977057e-28
-13.9931906615	1.61919537743e-28
-13.9785992218	1.63322979735e-28
-13.9640077821	1.69902055964e-28
-13.9494163424	1.75049999173e-28
-13.9348249027	1.81379154892e-28
-13.920233463	1.83953652132e-28
-13.9056420233	1.86389881887e-28
-13.8910505837	1.81305068688e-28
-13.876459144	1.84786791666e-28
-13.8618677043	1.90311932606e-28
-13.8472762646	2.02190910653e-28
-13.8326848249	2.09690431719e-28
-13.8180933852	2.19578414041e-28
-13.8035019455	2.30812435173e-28
-13.7889105058	2.41278190821e-28
-13.7743190661	2.5063373223e-28
-13.7597276265	2.61476594421e-28
-13.7451361868	2.73002245519e-28
-13.7305447471	2.88157084741e-28
-13.7159533074	2.95187457188e-28
-13.7013618677	2.99970520084e-28
-13.686770428	3.0272517437e-28
-13.6721789883	2.98547718941e-28
-13.6575875486	2.8520343553e-28
-13.6429961089	2.77055311876e-28
-13.6284046693	2.69868741916e-28
-13.6138132296	2.66558719507e-28
-13.5992217899	2.63390406339e-28
-13.5846303502	2.62344113929e-28
-13.5700389105	2.61444617459e-28
-13.5554474708	2.61155612332e-28
-13.5408560311	2.53933431976e-28
-13.5262645914	2.56750102869e-28
-13.5116731518	2.64546231341e-28
-13.4970817121	2.72935063745e-28
-13.4824902724	2.77596474623e-28
-13.4678988327	2.85500318904e-28
-13.453307393	2.95299185537e-28
-13.4387159533	3.0716383224e-28
-13.4241245136	3.22435542303e-28
-13.4095330739	3.33967442383e-28
-13.3949416342	3.46844128922e-28
-13.3803501946	3.60218549522e-28
-13.3657587549	3.70100961357e-28
-13.3511673152	3.77818873352e-28
-13.3365758755	3.88093243727e-28
-13.3219844358	3.91057633383e-28
-13.3073929961	3.90726597589e-28
-13.2928015564	3.90640478778e-28
-13.2782101167	3.92583883602e-28
-13.263618677	3.99251118321e-28
-13.2490272374	4.0619331784e-28
-13.2344357977	4.16706073594e-28
-13.219844358	4.27467938488e-28
-13.2052529183	4.4215178059e-28
-13.1906614786	4.67238586557e-28
-13.1760700389	4.88192012304e-28
-13.1614785992	5.12405155031e-28
-13.1468871595	5.28363220595e-28
-13.1322957198	5.38855830519e-28
-13.1177042802	5.45498321876e-28
-13.1031128405	5.58028453178e-28
-13.0885214008	5.66348534792e-28
-13.0739299611	5.80032527817e-28
-13.0593385214	5.9203241576e-28
-13.0447470817	6.04033977316e-28
-13.030155642	6.14132489714e-28
-13.0155642023	6.2508312328e-28
-13.0009727626	6.3378278475e-28
-12.986381323	6.45101363673e-28
-12.9717898833	6.52720069626e-28
-12.9571984436	6.64688570561e-28
-12.9426070039	6.68756844494e-28
-12.9280155642	6.74700830567e-28
-12.9134241245	6.75556916809e-28
-12.8988326848	6.77897179159e-28
-12.8842412451	6.76007505415e-28
-12.8696498054	6.78292370518e-28
-12.8550583658	6.82707580145e-28
-12.8404669261	6.97149093807e-28
-12.8258754864	7.01370754415e-28
-12.8112840467	7.06179221395e-28
-12.796692607	7.0481012917e-28
-12.7821011673	7.00549118091e-28
-12.7675097276	6.90620070346e-28
-12.7529182879	6.87041033279e-28
-12.7383268482	6.79411972218e-28
-12.7237354086	6.76911852265e-28
-12.7091439689	6.66765077632e-28
-12.6945525292	6.60601359743e-28
-12.6799610895	6.48789608219e-28
-12.6653696498	6.4019622576e-28
-12.6507782101	6.31605276895e-28
-12.6361867704	6.27592104381e-28
-12.6215953307	6.24650842845e-28
-12.6070038911	6.28581886372e-28
-12.5924124514	6.2564582765e-28
-12.5778210117	6.293533658e-28
-12.563229572	6.22378800911e-28
-12.5486381323	6.20827955617e-28
-12.5340466926	6.20550572685e-28
-12.5194552529	6.28545905365e-28
-12.5048638132	6.40758272384e-28
-12.4902723735	6.74004537224e-28
-12.4756809339	6.91929027697e-28
-12.4610894942	7.08860061352e-28
-12.4464980545	7.07504949487e-28
-12.4319066148	7.08015748722e-28
-12.4173151751	7.00509054118e-28
-12.4027237354	6.90723436567e-28
-12.3881322957	6.74435694276e-28
-12.373540856	6.65750703339e-28
-12.3589494163	6.53801041276e-28
-12.3443579767	6.45654832558e-28
-12.329766537	6.27652479764e-28
-12.3151750973	6.18773040732e-28
-12.3005836576	6.04429693632e-28
-12.2859922179	6.02341813556e-28
-12.2714007782	6.04941207106e-28
-12.2568093385	6.19531459042e-28
-12.2422178988	6.19275456311e-28
-12.2276264591	6.25490648501e-28
-12.2130350195	6.18687826259e-28
-12.1984435798	6.1431376351e-28
-12.1838521401	6.06083411558e-28
-12.1692607004	6.02048992661e-28
-12.1546692607	5.9978484587e-28
-12.140077821	6.12778615081e-28
-12.1254863813	6.06963942828e-28
-12.1108949416	6.01832621623e-28
-12.0963035019	5.854354292e-28
-12.0817120623	5.75835469432e-28
-12.0671206226	5.65130471557e-28
-12.0525291829	5.66529692208e-28
-12.0379377432	5.66362376748e-28
-12.0233463035	5.80383001935e-28
-12.0087548638	5.82302716758e-28
-11.9941634241	5.8686755772e-28
-11.9795719844	5.8400301552e-28
-11.9649805447	5.88478737031e-28
-11.9503891051	5.88121219869e-28
-11.9357976654	5.99715259686e-28
-11.9212062257	6.2138323e-28
-11.906614786	6.68137768363e-28
-11.8920233463	6.89712256953e-28
-11.8774319066	7.01230088856e-28
-11.8628404669	6.8629617273e-28
-11.8482490272	6.72553455818e-28
-11.8336575875	6.55383574737e-28
-11.8190661479	6.44975240533e-28
-11.8044747082	6.29387675132e-28
-11.7898832685	6.2703480888e-28
-11.7752918288	6.0582755998e-28
-11.7607003891	5.87367937028e-28
-11.7461089494	5.61236193912e-28
-11.7315175097	5.44935669116e-28
-11.71692607	5.25932706815e-28
-11.7023346304	5.17797350333e-28
-11.6877431907	5.07870461289e-28
-11.673151751	5.13076453133e-28
-11.6585603113	5.08129539665e-28
-11.6439688716	5.02211370196e-28
-11.6293774319	4.86314364784e-28
-11.6147859922	4.77482595904e-28
-11.6001945525	4.6978817508e-28
-11.5856031128	4.81428155908e-28
-11.5710116732	5.0054571746e-28
-11.5564202335	5.41227106535e-28
-11.5418287938	5.54413484515e-28
-11.5272373541	5.73036618742e-28
-11.5126459144	5.79303089869e-28
-11.4980544747	5.88238302253e-28
-11.483463035	6.03370698394e-28
-11.4688715953	6.27106943005e-28
-11.4542801556	6.58772908982e-28
-11.439688716	7.15149530115e-28
-11.4250972763	7.6691194638e-28
-11.4105058366	8.38537042124e-28
-11.3959143969	9.28467104284e-28
-11.3813229572	1.0622295472e-27
-11.3667315175	1.25097767765e-27
-11.3521400778	1.52131657319e-27
-11.3375486381	1.86951717345e-27
-11.3229571984	2.345234558e-27
-11.3083657588	2.98520466557e-27
-11.2937743191	3.8936954351e-27
-11.2791828794	5.09542823812e-27
-11.2645914397	6.88798698771e-27
-11.25	8.56449608241e-27
-11.2354085603	6.91356863952e-27
-11.2208171206	5.14004406887e-27
-11.2062256809	3.93987628837e-27
-11.1916342412	3.00725407389e-27
-11.1770428016	2.32418627965e-27
-11.1624513619	1.79590025817e-27
-11.1478599222	1.39719300083e-27
-11.1332684825	1.08914459871e-27
-11.1186770428	8.57178354999e-28
-11.1040856031	6.78120571365e-28
-11.0894941634	5.3429726399e-28
-11.0749027237	4.38693243414e-28
-11.060311284	3.68851142726e-28
-11.0457198444	3.18644319332e-28
-11.0311284047	2.84074540504e-28
-11.016536965	2.62571594359e-28
-11.0019455253	2.43443235441e-28
-10.9873540856	2.31101201149e-28
-10.9727626459	2.07838954966e-28
-10.9581712062	1.99107377812e-28
-10.9435797665	1.99144935573e-28
-10.9289883268	2.05129253766e-28
-10.9143968872	2.08423641817e-28
-10.8998054475	2.18318208571e-28
-10.8852140078	2.24083433437e-28
-10.8706225681	2.27046511063e-28
-10.8560311284	2.16302730256e-28
-10.8414396887	2.18790569419e-28
-10.826848249	2.21064832775e-28
-10.8122568093	2.31359778115e-28
-10.7976653696	2.3848066109e-28
-10.78307393	2.46105081185e-28
-10.7684824903	2.47610461208e-28
-10.7538910506	2.47505011946e-28
-10.7392996109	2.3532615129e-28
-10.7247081712	2.38849660077e-28
-10.7101167315	2.43712614744e-28
-10.6955252918	2.55368640383e-28
-10.6809338521	2.6599248451e-28
-10.6663424125	2.76936294987e-28
-10.6517509728	2.80613157336e-28
-10.6371595331	2.85701577435e-28
-10.6225680934	2.77553675114e-28
-10.6079766537	2.80353306032e-28
-10.593385214	2.84929281913e-28
-10.5787937743	2.94213452317e-28
-10.5642023346	2.99869901936e-28
-10.5496108949	3.10746349427e-28
-10.5350194553	3.13163727408e-28
-10.5204280156	3.10386517073e-28
-10.5058365759	2.93760926541e-28
-10.4912451362	2.92625483057e-28
-10.4766536965	2.93586597073e-28
-10.4620622568	3.0037795989e-28
-10.4474708171	3.03727182024e-28
-10.4328793774	3.08451023761e-28
-10.4182879377	3.04882477467e-28
-10.4036964981	3.00167463115e-28
-10.3891050584	2.80471144278e-28
-10.3745136187	2.78335953085e-28
-10.359922179	2.79540701176e-28
-10.3453307393	2.85328011462e-28
-10.3307392996	2.87938581427e-28
-10.3161478599	2.92856475562e-28
-10.3015564202	2.92689817416e-28
-10.2869649805	2.90095478171e-28
-10.2723735409	2.76460905836e-28
-10.2577821012	2.73899790679e-28
-10.2431906615	2.73989352308e-28
-10.2285992218	2.77658801264e-28
-10.2140077821	2.78871248138e-28
-10.1994163424	2.82503340185e-28
-10.1848249027	2.79261539413e-28
-10.170233463	2.70559200012e-28
-10.1556420233	2.51648369883e-28
-10.1410505837	2.44808231978e-28
-10.126459144	2.39894700876e-28
-10.1118677043	2.40803778465e-28
-10.0972762646	2.39963592248e-28
-10.0826848249	2.38042557229e-28
-10.0680933852	2.31341900984e-28
-10.0535019455	2.23294289762e-28
-10.0389105058	2.05127673359e-28
-10.0243190661	1.98225320003e-28
-10.0097276265	1.93733177774e-28
-9.99513618677	1.931343454e-28
-9.98054474708	1.93345427299e-28
-9.96595330739	1.95264108385e-28
-9.9513618677	1.94253514757e-28
-9.93677042802	1.94338120078e-28
-9.92217898833	1.88297312706e-28
-9.90758754864	1.88072304598e-28
-9.89299610895	1.89986899434e-28
-9.87840466926	1.90013681444e-28
-9.86381322957	1.89979123011e-28
-9.84922178988	1.92312627898e-28
-9.83463035019	1.93930753094e-28
-9.82003891051	1.96115869198e-28
-9.80544747082	1.98928842722e-28
-9.79085603113	2.05863422113e-28
-9.77626459144	2.15113789767e-28
-9.76167315175	2.25257082881e-28
-9.74708171206	2.35917010696e-28
-9.73249027237	2.44605668238e-28
-9.71789883268	2.58661749019e-28
-9.703307393	2.74915482599e-28
-9.68871595331	2.96462893028e-28
-9.67412451362	3.14910898844e-28
-9.65953307393	3.30261386194e-28
-9.64494163424	3.38503224795e-28
-9.63035019455	3.48950069205e-28
-9.61575875486	3.56841929436e-28
-9.60116731517	3.67521158614e-28
-9.58657587549	3.80494618505e-28
-9.5719844358	4.01305620195e-28
-9.55739299611	4.15345812087e-28
-9.54280155642	4.24377116983e-28
-9.52821011673	4.23574666763e-28
-9.51361867704	4.28269590938e-28
-9.49902723735	4.31815184085e-28
-9.48443579767	4.37304616924e-28
-9.46984435798	4.43628584961e-28
-9.45525291829	4.62031074036e-28
-9.4406614786	4.71317188938e-28
-9.42607003891	4.79823324654e-28
-9.41147859922	4.85390950061e-28
-9.39688715953	4.95244309268e-28
-9.38229571984	5.04087850412e-28
-9.36770428016	5.23652323225e-28
-9.35311284047	5.51258449958e-28
-9.33852140078	5.97901555589e-28
-9.32392996109	6.32050707803e-28
-9.3093385214	6.57536239526e-28
-9.29474708171	6.72938080857e-28
-9.28015564202	7.02763579998e-28
-9.26556420233	7.30384226172e-28
-9.25097276265	7.6628528254e-28
-9.23638132296	8.1168450117e-28
-9.22178988327	8.82104763312e-28
-9.20719844358	9.33313060568e-28
-9.19260700389	9.84107753347e-28
-9.1780155642	1.03329336726e-27
-9.16342412451	1.09859774072e-27
-9.14883268482	1.1716356107e-27
-9.13424124514	1.26645110166e-27
-9.11964980545	1.38669438285e-27
-9.10505836576	1.55667496719e-27
-9.09046692607	1.7106889362e-27
-9.07587548638	1.86917198295e-27
-9.06128404669	2.02743791814e-27
-9.046692607	2.22766763142e-27
-9.03210116731	2.44161155461e-27
-9.01750972763	2.71034703703e-27
-9.00291828794	3.02201798845e-27
-8.98832684825	3.42664834423e-27
-8.97373540856	3.84208420827e-27
-8.95914396887	4.30855616894e-27
-8.94455252918	4.80700464625e-27
-8.92996108949	5.40592220221e-27
-8.91536964981	6.09281634554e-27
-8.90077821012	6.94947187707e-27
-8.88618677043	7.98815723886e-27
-8.87159533074	9.27958712595e-27
-8.85700389105	1.07377432427e-26
-8.84241245136	1.24920810112e-26
-8.82782101167	1.45747912956e-26
-8.81322957198	1.71232919757e-26
-8.7986381323	2.02080422524e-26
-8.78404669261	2.40344080765e-26
-8.76945525292	2.87389551348e-26
-8.75486381323	3.46214695755e-26
-8.74027237354	4.16478603843e-26
-8.72568093385	5.02674831687e-26
-8.71108949416	6.07740393123e-26
-8.69649805447	7.38126214189e-26
-8.68190661479	8.9839413674e-26
-8.6673151751	1.09868777296e-25
-8.65272373541	1.34753700211e-25
-8.63813229572	1.65847730343e-25
-8.62354085603	2.04188366454e-25
-8.60894941634	2.52057602649e-25
-8.59435797665	3.11592833495e-25
-8.57976653696	3.86216258058e-25
-8.56517509728	4.79500454387e-25
-8.55058365759	5.96409029709e-25
-8.5359922179	7.42819286948e-25
-8.52140077821	9.2660335007e-25
-8.50680933852	1.15521364346e-24
-8.49221789883	1.44077052509e-24
-8.47762645914	1.79715017357e-24
-8.46303501945	2.24305652778e-24
-8.44844357977	2.80028572374e-24
-8.43385214008	3.49773616334e-24
-8.41926070039	4.3695859989e-24
-8.4046692607	5.46033471295e-24
-8.39007782101	6.82228600283e-24
-8.37548638132	8.52506201922e-24
-8.36089494163	1.0651668675e-23
-8.34630350195	1.3310934128e-23
-8.33171206226	1.66323917903e-23
-8.31712062257	2.07834740276e-23
-8.30252918288	2.59657226273e-23
-8.28793774319	3.24359678419e-23
-8.2733463035	4.05001600177e-23
-8.25875486381	5.05545764517e-23
-8.24416342412	6.30823044626e-23
-8.22957198444	7.86935471577e-23
-8.21498054475	9.81343875782e-23
-8.20038910506	1.22341388722e-22
-8.18579766537	1.52464390607e-22
-8.17120622568	1.89943982061e-22
-8.15661478599	2.36533669296e-22
-8.1420233463	2.94441317806e-22
-8.12743190661	3.66373518943e-22
-8.11284046693	4.55704417242e-22
-8.09824902724	5.66585700385e-22
-8.08365758755	7.04180242661e-22
-8.06906614786	8.74824872619e-22
-8.05447470817	1.08637582738e-21
-8.03988326848	1.34844940744e-21
-8.02529182879	1.67299389053e-21
-8.0107003891	2.07470363464e-21
-7.99610894942	2.57175512006e-21
-7.98151750973	3.18647005603e-21
-7.96692607004	3.94640840256e-21
-7.95233463035	4.88539301929e-21
-7.93774319066	6.0450637348e-21
-7.92315175097	7.4764820665e-21
-7.90856031128	9.24262770328e-21
-7.89396887159	1.14207006408e-20
-7.87937743191	1.41056581741e-20
-7.86478599222	1.74138584175e-20
-7.85019455253	2.14882040997e-20
-7.83560311284	2.65037465289e-20
-7.82101167315	3.26750384421e-20
-7.80642023346	4.02645449822e-20
-7.79182879377	4.95940271671e-20
-7.77723735409	6.10570674023e-20
-7.7626459144	7.51351052985e-20
-7.74805447471	9.24163603531e-20
-7.73346303502	1.13620204767e-19
-7.71887159533	1.39624488382e-19
-7.70428015564	1.71501225311e-19
-7.68968871595	2.10557291971e-19
-7.67509727626	2.58387171909e-19
-7.66050583658	3.1693436693e-19
-7.64591439689	3.8856732111e-19
-7.6313229572	4.76169119278e-19
-7.61673151751	5.83249548723e-19
-7.60214007782	7.14077689129e-19
-7.58754863813	8.738449619e-19
-7.57295719844	1.06885920682e-18
-7.55836575875	1.30678468563e-18
-7.54377431907	1.59692628529e-18
-7.52918287938	1.9505756987e-18
-7.51459143969	2.38143269633e-18
-7.5	2.90608961741e-18
-7.48540856031	3.54460631576e-18
-7.47081712062	4.32140005201e-18
-7.45622568093	5.26598530344e-18
-7.44163424124	6.41405740966e-18
-7.42704280156	7.80879068756e-18
-7.41245136187	9.50237486024e-18
-7.39785992218	1.15578667911e-17
-7.38326848249	1.40514195524e-17
-7.3686770428	1.70749493446e-17
-7.35408560311	2.07393538672e-17
-7.33949416342	2.51783503363e-17
-7.32490272373	3.05531155756e-17
-7.31031128405	3.70578092131e-17
-7.29571984436	4.49262244382e-17
-7.28112840467	5.44397177188e-17
-7.26653696498	6.5936743659e-17
-7.25194552529	7.98242174971e-17
-7.2373540856	9.65911426004e-17
-7.22276264591	1.16824837783e-16
-7.20817120623	1.41230424196e-16
-7.19357976654	1.70653981659e-16
-7.17898832685	2.06110258348e-16
-7.16439688716	2.48815654198e-16
-7.14980544747	3.00227605272e-16
-7.13521400778	3.62091443762e-16
-7.12062256809	4.36496277507e-16
-7.1060311284	5.25941378162e-16
-7.09143968872	6.33415323532e-16
-7.07684824903	7.62489935452e-16
-7.06225680934	9.17432056434e-16
-7.04766536965	1.10333613328e-15
-7.03307392996	1.32628182399e-15
-7.01848249027	1.59352079702e-15
-7.00389105058	1.91369843674e-15
-6.98929961089	2.29711635372e-15
-6.97470817121	2.75604383364e-15
-6.96011673152	3.30508609469e-15
-6.94552529183	3.96162048776e-15
-6.93093385214	4.74631205815e-15
-6.91634241245	5.6837234185e-15
-6.90175097276	6.80303499183e-15
-6.88715953307	8.13889590795e-15
-6.87256809338	9.73242768422e-15
-6.8579766537	1.16324093389e-14
-6.84338521401	1.38966736496e-14
-6.82879377432	1.65937532085e-14
-6.81420233463	1.98048186252e-14
-6.79961089494	2.36259608002e-14
-6.78501945525	2.81708754025e-14
-6.77042801556	3.35740204231e-14
-6.75583657588	3.99943261629e-14
-6.74124513619	4.76195549498e-14
-6.7266536965	5.66714179811e-14
-6.71206225681	6.74115808362e-14
-6.69747081712	8.01487052492e-14
-6.68287937743	9.52467051681e-14
-6.66828793774	1.13134416949e-13
-6.65369649805	1.34316924166e-13
-6.63910505837	1.59388808003e-13
-6.62451361868	1.89049649858e-13
-6.60992217899	2.24122149309e-13
-6.5953307393	2.65573296526e-13
-6.58073929961	3.14539092624e-13
-6.56614785992	3.72353404784e-13
-6.55155642023	4.40581621598e-13
-6.53696498054	5.21059892903e-13
-6.52237354086	6.15940847442e-13
-6.50778210117	7.2774684126e-13
-6.49319066148	8.59431927799e-13
-6.47859922179	1.01445395294e-12
-6.4640077821	1.19685836949e-12
-6.44941634241	1.41137563971e-12
-6.43482490272	1.66353434603e-12
-6.42023346303	1.9597924909e-12
-6.40564202335	2.30768980498e-12
-6.39105058366	2.7160243563e-12
-6.37645914397	3.19505718855e-12
-6.36186770428	3.75674933797e-12
-6.34727626459	4.41503616661e-12
-6.3326848249	5.18614474911e-12
-6.31809338521	6.08896082321e-12
-6.30350194552	7.14545284138e-12
-6.28891050584	8.3811616954e-12
-6.27431906615	9.82576602514e-12
-6.25972762646	1.1513734337e-11
-6.24513618677	1.3485076906e-11
-6.23054474708	1.57862121707e-11
-6.21595330739	1.84709645667e-11
-6.2013618677	2.16017130094e-11
-6.18677042802	2.52507120853e-11
-6.17217898833	2.95016109674e-11
-6.15758754864	3.44511987993e-11
-6.14299610895	4.02114089699e-11
-6.12840466926	4.69116195164e-11
-6.11381322957	5.47012917875e-11
-6.09922178988	6.37529954425e-11
-6.08463035019	7.42658742512e-11
-6.07003891051	8.6469614725e-11
-6.05544747082	1.00628987761e-10
-6.04085603113	1.17049043216e-10
-6.02626459144	1.36081047538e-10
-6.01167315175	1.58129267026e-10
-5.99708171206	1.83658712362e-10
-5.98249027237	2.13203975718e-10
-5.96789883268	2.47379308333e-10
-5.953307393	2.86890106094e-10
-5.93871595331	3.32545991924e-10
-5.92412451362	3.85275708394e-10
-5.90953307393	4.46144060476e-10
-5.89494163424	5.16371179618e-10
-5.88035019455	5.97354413615e-10
-5.86575875486	6.90693185645e-10
-5.85116731517	7.98217207789e-10
-5.83657587549	9.22018482651e-10
-5.8219844358	1.06448757925e-09
-5.80739299611	1.22835472982e-09
-5.79280155642	1.41673635862e-09
-5.77821011673	1.63318772972e-09
-5.76361867704	1.88176248072e-09
-5.74902723735	2.16707990249e-09
-5.73443579766	2.49440092504e-09
-5.71984435798	2.86971388353e-09
-5.70525291829	3.29983126197e-09
-5.6906614786	3.79249875309e-09
-5.67607003891	4.35651812352e-09
-5.66147859922	5.00188554597e-09
-5.64688715953	5.73994724633e-09
-5.63229571984	6.58357452303e-09
-5.61770428016	7.54736042336e-09
-5.60311284047	8.64784061652e-09
-5.58852140078	9.90374128015e-09
-5.57392996109	1.13362571273e-08
-5.5593385214	1.29693630344e-08
-5.54474708171	1.48301631062e-08
-5.53015564202	1.69492814204e-08
-5.51556420233	1.93612991419e-08
-5.50097276265	2.21052431887e-08
-5.48638132296	2.52251321684e-08
-5.47178988327	2.87705858927e-08
-5.45719844358	3.27975054239e-08
-5.44260700389	3.73688313022e-08
-5.4280155642	4.25553883802e-08
-5.41342412451	4.84368265147e-08
-5.39883268482	5.51026672892e-08
-5.38424124514	6.26534679164e-08
-5.36964980545	7.12021145587e-08
-5.35505836576	8.08752584611e-08
-5.34046692607	9.18149095695e-08
-5.32587548638	1.04180203664e-07
-5.31128404669	1.18149360535e-07
-5.296692607	1.33921852324e-07
-5.28210116731	1.51720802891e-07
-5.26750972763	1.7179564092e-07
-5.25291828794	1.94425031509e-07
-5.23832684825	2.19920113136e-07
-5.22373540856	2.48628069215e-07
-5.20914396887	2.80936065948e-07
-5.19455252918	3.17275590869e-07
-5.17996108949	3.58127229291e-07
-5.1653696498	4.0402591896e-07
-5.15077821012	4.5556672645e-07
-5.13618677043	5.13411192313e-07
-5.12159533074	5.78294295671e-07
-5.10700389105	6.51032092895e-07
-5.09241245136	7.32530089107e-07
-5.07782101167	8.23792405707e-07
-5.06322957198	9.25931811711e-07
-5.0486381323	1.04018069164e-06
-5.03404669261	1.16790302781e-06
-5.01945525292	1.31060748037e-06
-5.00486381323	1.46996165395e-06
-4.99027237354	1.64780764602e-06
-4.97568093385	1.84617897791e-06
-4.96108949416	2.06731901619e-06
-4.94649805447	2.31370099868e-06
-4.93190661479	2.58804978634e-06
-4.9173151751	2.89336546946e-06
-4.90272373541	3.23294896403e-06
-4.88813229572	3.61042974158e-06
-4.87354085603	4.02979584382e-06
-4.85894941634	4.495426341e-06
-4.84435797665	5.01212640111e-06
-4.82976653696	5.58516514506e-06
-4.81517509728	6.22031647117e-06
-4.80058365759	6.92390304023e-06
-4.7859922179	7.70284362059e-06
-4.77140077821	8.56470400053e-06
-4.75680933852	9.51775168296e-06
-4.74221789883	1.05710145847e-05
-4.72762645914	1.17343439699e-05
-4.71303501945	1.30184818536e-05
-4.69844357977	1.44351331181e-05
-4.68385214008	1.59970425881e-05
-4.66926070039	1.77180773191e-05
-4.6546692607	1.9613314353e-05
-4.64007782101	2.16991342005e-05
-4.62548638132	2.39933203107e-05
-4.61089494163	2.65151647868e-05
-4.59630350194	2.92855806097e-05
-4.58171206226	3.23272206223e-05
-4.56712062257	3.56646035295e-05
-4.55252918288	3.9324247155e-05
-4.53793774319	4.33348091944e-05
-4.5233463035	4.7727235685e-05
-4.50875486381	5.25349174059e-05
-4.49416342412	5.77938543998e-05
-4.47957198444	6.35428287914e-05
-4.46498054475	6.9823586052e-05
-4.45038910506	7.66810248355e-05
-4.43579766537	8.41633954786e-05
-4.42120622568	9.23225072263e-05
-4.40661478599	0.000101213944204
-4.3920233463	0.000110897290113
-4.37743190661	0.000121436361593
-4.36284046693	0.000132899450114
-4.34824902724	0.000145359572242
-4.33365758755	0.000158894728038
-4.31906614786	0.00017358816728
-4.30447470817	0.000189528663149
-4.28988326848	0.000206810792933
-4.27529182879	0.000225535225205
-4.2607003891	0.000245809012887
-4.24610894942	0.000267745891477
-4.23151750973	0.000291466581656
-4.21692607004	0.000317099095369
-4.20233463035	0.000344779044394
-4.18774319066	0.000374649950282
-4.17315175097	0.000406863554462
-4.15856031128	0.000441580127181
-4.14396887159	0.000478968773838
-4.12937743191	0.000519207737162
-4.11478599222	0.000562484693554
-4.10019455253	0.000608997041803
-4.08560311284	0.00065895218229
-4.07101167315	0.000712567784642
-4.05642023346	0.000770072041729
-4.04182879377	0.000831703907771
-4.02723735408	0.000897713318222
-4.0126459144	0.000968361389028
-3.99805447471	0.00104392059275
-3.98346303502	0.00112467490897
-3.96887159533	0.00121091994638
-3.95428015564	0.00130296303385
-3.93968871595	0.00140112327774
-3.92509727626	0.00150573158282
-3.91050583658	0.00161713063398
-3.89591439689	0.00173567483605
-3.8813229572	0.00186173020915
-3.86673151751	0.00199567423683
-3.85214007782	0.00213789566471
-3.83754863813	0.00228879424702
-3.82295719844	0.00244878043894
-3.80836575875	0.00261827503263
-3.79377431907	0.00279770873505
-3.77918287938	0.00298752168595
-3.76459143969	0.00318816291465
-3.75	0.00340008973437
-3.73540856031	0.00362376707353
-3.72081712062	0.0038596667433
-3.70622568093	0.00410826664148
-3.69163424124	0.0043700498928
-3.67704280156	0.00464550392657
-3.66245136187	0.00493511949253
-3.64785992218	0.0052393896166
-3.63326848249	0.00555880849855
-3.6186770428	0.00589387035395
-3.60408560311	0.00624506820355
-3.58949416342	0.00661289261329
-3.57490272373	0.00699783038916
-3.56031128405	0.00740036323096
-3.54571984436	0.00782096635008
-3.53112840467	0.00826010705652
-3.51653696498	0.00871824332079
-3.50194552529	0.00919582231694
-3.4873540856	0.00969327895314
-3.47276264591	0.0102110343966
-3.45817120623	0.0107494946002
-3.44357976654	0.0113090488376
-3.42898832685	0.011890068255
-3.41439688716	0.0124929044475
-3.39980544747	0.0131178880662
-3.38521400778	0.0137653274662
-3.37062256809	0.0144355074014
-3.3560311284	0.0151286877747
-3.34143968872	0.0158451024508
-3.32684824903	0.0165849581391
-3.31225680934	0.0173484333531
-3.29766536965	0.0181356774541
-3.28307392996	0.0189468097836
-3.26848249027	0.0197819188925
-3.25389105058	0.0206410618694
-3.23929961089	0.0215242637759
-3.22470817121	0.0224315171899
-3.21011673152	0.0233627818621
-3.19552529183	0.0243179844874
-3.18093385214	0.025297018594
-3.16634241245	0.0262997445504
-3.15175097276	0.027325989691
-3.13715953307	0.0283755485605
-3.12256809338	0.0294481832752
-3.1079766537	0.0305436239997
-3.09338521401	0.0316615695363
-3.07879377432	0.0328016880245
-3.06420233463	0.0339636177446
-3.04961089494	0.0351469680239
-3.03501945525	0.0363513202367
-3.02042801556	0.0375762288958
-3.00583657587	0.0388212228263
-2.99124513619	0.0400858064172
-2.9766536965	0.0413694609421
-2.96206225681	0.0426716459427
-2.94747081712	0.0439918006668
-2.93287937743	0.045329345554
-2.91828793774	0.0466836837587
-2.90369649805	0.0480542027061
-2.88910505837	0.0494402756693
-2.87451361868	0.050841263363
-2.85992217899	0.0522565155432
-2.8453307393	0.0536853726069
-2.83073929961	0.0551271671844
-2.81614785992	0.0565812257163
-2.80155642023	0.0580468700084
-2.78696498054	0.0595234187595
-2.77237354086	0.0610101890542
-2.75778210117	0.0625064978162
-2.74319066148	0.064011663217
-2.72859922179	0.0655250060347
-2.7140077821	0.067045850959
-2.69941634241	0.0685735278392
-2.68482490272	0.0701073728708
-2.67023346303	0.0716467297195
-2.65564202335	0.0731909505785
-2.64105058366	0.0747393971594
-2.62645914397	0.0762914416136
-2.61186770428	0.0778464673845
-2.59727626459	0.0794038699894
-2.5826848249	0.0809630577316
-2.56809338521	0.0825234523425
-2.55350194552	0.0840844895552
-2.53891050584	0.0856456196097
-2.52431906615	0.0872063076915
-2.50972762646	0.088766034306
-2.49513618677	0.0903242955892
-2.48054474708	0.0918806035574
-2.46595330739	0.0934344862992
-2.4513618677	0.0949854881099
-2.43677042801	0.0965331695739
-2.42217898833	0.0980771075948
-2.40758754864	0.0996168953791
-2.39299610895	0.101152142373
-2.37840466926	0.102682474158
-2.36381322957	0.104207532308
-2.34922178988	0.105726974206
-2.33463035019	0.107240472833
-2.32003891051	0.108747716526
-2.30544747082	0.110248408696
-2.29085603113	0.111742267544
-2.27626459144	0.113229025729
-2.26167315175	0.114708430038
-2.24708171206	0.116180241025
-2.23249027237	0.117644232637
-2.21789883268	0.119100191838
-2.203307393	0.120547918208
-2.18871595331	0.121987223541
-2.17412451362	0.123417931443
-2.15953307393	0.124839876911
-2.14494163424	0.126252905919
-2.13035019455	0.127656875008
-2.11575875486	0.12905165086
-2.10116731517	0.13043710989
-2.08657587549	0.131813137833
-2.0719844358	0.133179629336
-2.05739299611	0.134536487557
-2.04280155642	0.13588362377
-2.02821011673	0.137220956975
-2.01361867704	0.138548413516
-1.99902723735	0.139865926715
-1.98443579766	0.141173436499
-1.96984435798	0.142470889057
-1.95525291829	0.143758236486
-1.9406614786	0.145035436465
-1.92607003891	0.14630245193
-1.91147859922	0.147559250758
-1.89688715953	0.148805805472
-1.88229571984	0.150042092945
-1.86770428015	0.151268094124
-1.85311284047	0.152483793761
-1.83852140078	0.153689180153
-1.82392996109	0.154884244902
-1.8093385214	0.156068982672
-1.79474708171	0.157243390966
-1.78015564202	0.158407469917
-1.76556420233	0.159561222074
-1.75097276265	0.160704652216
-1.73638132296	0.161837767164
-1.72178988327	0.162960575606
-1.70719844358	0.164073087931
-1.69260700389	0.165175316073
-1.6780155642	0.166267273365
-1.66342412451	0.167348974397
-1.64883268482	0.168420434884
-1.63424124514	0.169481671547
-1.61964980545	0.170532701991
-1.60505836576	0.171573544601
-1.59046692607	0.17260421844
-1.57587548638	0.173624743151
-1.56128404669	0.174635138871
-1.546692607	0.175635426148
-1.53210116731	0.176625625864
-1.51750972763	0.177605759164
-1.50291828794	0.17857584739
-1.48832684825	0.17953591202
-1.47373540856	0.180485974612
-1.45914396887	0.181426056753
-1.44455252918	0.182356180008
-1.42996108949	0.183276365882
-1.4153696498	0.184186635778
-1.40077821012	0.185087010959
-1.38618677043	0.185977512518
-1.37159533074	0.186858161346
-1.35700389105	0.187728978109
-1.34241245136	0.188589983221
-1.32782101167	0.189441196822
-1.31322957198	0.190282638764
-1.29863813229	0.191114328588
-1.28404669261	0.191936285517
-1.26945525292	0.192748528437
-1.25486381323	0.193551075889
-1.24027237354	0.194343946059
-1.22568093385	0.195127156775
-1.21108949416	0.195900725495
-1.19649805447	0.196664669306
-1.18190661479	0.197419004918
-1.1673151751	0.198163748667
-1.15272373541	0.198898916506
-1.13813229572	0.199624524013
-1.12354085603	0.200340586385
-1.10894941634	0.201047118443
-1.09435797665	0.201744134632
-1.07976653696	0.202431649027
-1.06517509728	0.203109675332
-1.05058365759	0.203778226886
-1.0359922179	0.204437316668
-1.02140077821	0.2050869573
-1.00680933852	0.205727161054
-0.992217898832	0.206357939855
-0.977626459143	0.206979305288
-0.963035019454	0.207591268602
-0.948443579766	0.208193840721
-0.933852140077	0.208787032244
-0.919260700388	0.209370853454
-0.9046692607	0.209945314326
-0.890077821011	0.21051042453
-0.875486381322	0.211066193441
-0.860894941633	0.211612630143
-0.846303501945	0.212149743436
-0.831712062256	0.212677541844
-0.817120622567	0.213196033621
-0.802529182879	0.213705226754
-0.78793774319	0.214205128977
-0.773346303501	0.214695747768
-0.758754863812	0.215177090364
-0.744163424124	0.215649163761
-0.729571984435	0.216111974723
-0.714980544746	0.216565529787
-0.700389105058	0.21700983527
-0.685797665369	0.217444897273
-0.67120622568	0.217870721688
-0.656614785991	0.218287314204
-0.642023346303	0.21869468031
-0.627431906614	0.219092825303
-0.612840466925	0.219481754291
-0.598249027237	0.219861472201
-0.583657587548	0.220231983779
-0.569066147859	0.220593293599
-0.55447470817	0.220945406066
-0.539883268482	0.221288325422
-0.525291828793	0.221622055746
-0.510700389104	0.221946600963
-0.496108949416	0.222261964847
-0.481517509727	0.222568151021
-0.466926070038	0.222865162966
-0.452334630349	0.223153004023
-0.437743190661	0.223431677394
-0.423151750972	0.22370118615
-0.408560311283	0.223961533227
-0.393968871594	0.224212721439
-0.379377431906	0.224454753472
-0.364785992217	0.224687631891
-0.350194552528	0.224911359145
-0.33560311284	0.225125937563
-0.321011673151	0.225331369364
-0.306420233462	0.225527656652
-0.291828793773	0.225714801425
-0.277237354085	0.225892805573
-0.262645914396	0.226061670882
-0.248054474707	0.226221399033
-0.233463035019	0.226371991609
-0.21887159533	0.226513450092
-0.204280155641	0.226645775866
-0.189688715952	0.22676897022
-0.175097276264	0.226883034346
-0.160505836575	0.226987969346
-0.145914396886	0.227083776226
-0.131322957198	0.227170455902
-0.116731517509	0.227248009201
-0.10214007782	0.22731643686
-0.0875486381314	0.227375739527
-0.0729571984427	0.227425917762
-0.058365758754	0.227466972038
-0.0437743190653	0.227498902741
-0.0291828793766	0.227521710173
-0.0145914396879	0.227535394546
8.5975671027e-13	0.22753995599
0.0145914396896	0.227535394546
0.0291828793783	0.227521710173
0.043774319067	0.227498902741
0.0583657587557	0.227466972038
0.0729571984444	0.227425917762
0.0875486381332	0.227375739527
0.102140077822	0.22731643686
0.116731517511	0.227248009201
0.131322957199	0.227170455902
0.145914396888	0.227083776226
0.160505836577	0.226987969346
0.175097276265	0.226883034346
0.189688715954	0.22676897022
0.204280155643	0.226645775866
0.218871595332	0.226513450092
0.23346303502	0.226371991609
0.248054474709	0.226221399033
0.262645914398	0.226061670882
0.277237354086	0.225892805573
0.291828793775	0.225714801425
0.306420233464	0.225527656652
0.321011673153	0.225331369364
0.335603112841	0.225125937563
0.35019455253	0.224911359145
0.364785992219	0.224687631891
0.379377431907	0.224454753472
0.393968871596	0.224212721439
0.408560311285	0.223961533227
0.423151750974	0.22370118615
0.437743190662	0.223431677395
0.452334630351	0.223153004023
0.46692607004	0.222865162966
0.481517509729	0.222568151021
0.496108949417	0.222261964847
0.510700389106	0.221946600963
0.525291828795	0.221622055746
0.539883268483	0.221288325422
0.554474708172	0.220945406066
0.569066147861	0.220593293599
0.58365758755	0.220231983779
0.598249027238	0.219861472201
0.612840466927	0.219481754292
0.627431906616	0.219092825303
0.642023346304	0.21869468031
0.656614785993	0.218287314204
0.671206225682	0.217870721689
0.685797665371	0.217444897273
0.700389105059	0.21700983527
0.714980544748	0.216565529787
0.729571984437	0.216111974723
0.744163424125	0.215649163761
0.758754863814	0.215177090364
0.773346303503	0.214695747768
0.787937743192	0.214205128977
0.80252918288	0.213705226754
0.817120622569	0.213196033621
0.831712062258	0.212677541844
0.846303501946	0.212149743436
0.860894941635	0.211612630143
0.875486381324	0.211066193441
0.890077821013	0.21051042453
0.904669260701	0.209945314326
0.91926070039	0.209370853454
0.933852140079	0.208787032244
0.948443579767	0.208193840721
0.963035019456	0.207591268602
0.977626459145	0.206979305288
0.992217898834	0.206357939855
1.00680933852	0.205727161054
1.02140077821	0.2050869573
1.0359922179	0.204437316668
1.05058365759	0.203778226886
1.06517509728	0.203109675332
1.07976653697	0.202431649027
1.09435797665	0.201744134632
1.10894941634	0.201047118443
1.12354085603	0.200340586385
1.13813229572	0.199624524013
1.15272373541	0.198898916506
1.1673151751	0.198163748667
1.18190661479	0.197419004918
1.19649805448	0.196664669306
1.21108949416	0.195900725495
1.22568093385	0.195127156775
1.24027237354	0.194343946059
1.25486381323	0.193551075889
1.26945525292	0.192748528437
1.28404669261	0.191936285518
1.2986381323	0.191114328589
1.31322957199	0.190282638764
1.32782101167	0.189441196822
1.34241245136	0.188589983221
1.35700389105	0.187728978109
1.37159533074	0.186858161346
1.38618677043	0.185977512518
1.40077821012	0.185087010959
1.41536964981	0.184186635778
1.4299610895	0.183276365882
1.44455252918	0.182356180008
1.45914396887	0.181426056753
1.47373540856	0.180485974613
1.48832684825	0.179535912021
1.50291828794	0.17857584739
1.51750972763	0.177605759164
1.53210116732	0.176625625864
1.546692607	0.175635426148
1.56128404669	0.174635138871
1.57587548638	0.173624743151
1.59046692607	0.17260421844
1.60505836576	0.171573544601
1.61964980545	0.170532701991
1.63424124514	0.169481671547
1.64883268483	0.168420434885
1.66342412451	0.167348974397
1.6780155642	0.166267273365
1.69260700389	0.165175316073
1.70719844358	0.164073087931
1.72178988327	0.162960575606
1.73638132296	0.161837767165
1.75097276265	0.160704652217
1.76556420234	0.159561222074
1.78015564202	0.158407469917
1.79474708171	0.157243390967
1.8093385214	0.156068982672
1.82392996109	0.154884244903
1.83852140078	0.153689180154
1.85311284047	0.152483793761
1.86770428016	0.151268094124
1.88229571985	0.150042092945
1.89688715953	0.148805805472
1.91147859922	0.147559250759
1.92607003891	0.14630245193
1.9406614786	0.145035436466
1.95525291829	0.143758236486
1.96984435798	0.142470889057
1.98443579767	0.1411734365
1.99902723736	0.139865926715
2.01361867704	0.138548413517
2.02821011673	0.137220956975
2.04280155642	0.13588362377
2.05739299611	0.134536487557
2.0719844358	0.133179629336
2.08657587549	0.131813137833
2.10116731518	0.13043710989
2.11575875486	0.12905165086
2.13035019455	0.127656875008
2.14494163424	0.12625290592
2.15953307393	0.124839876911
2.17412451362	0.123417931444
2.18871595331	0.121987223542
2.203307393	0.120547918208
2.21789883269	0.119100191838
2.23249027237	0.117644232638
2.24708171206	0.116180241025
2.26167315175	0.114708430039
2.27626459144	0.11322902573
2.29085603113	0.111742267544
2.30544747082	0.110248408697
2.32003891051	0.108747716526
2.3346303502	0.107240472834
2.34922178988	0.105726974206
2.36381322957	0.104207532308
2.37840466926	0.102682474159
2.39299610895	0.101152142373
2.40758754864	0.0996168953796
2.42217898833	0.0980771075953
2.43677042802	0.0965331695743
2.45136186771	0.0949854881104
2.46595330739	0.0934344862997
2.48054474708	0.091880603558
2.49513618677	0.0903242955897
2.50972762646	0.0887660343065
2.52431906615	0.087206307692
2.53891050584	0.0856456196102
2.55350194553	0.0840844895558
2.56809338522	0.0825234523431
2.5826848249	0.0809630577321
2.59727626459	0.07940386999
2.61186770428	0.0778464673851
2.62645914397	0.0762914416142
2.64105058366	0.07473939716
2.65564202335	0.0731909505791
2.67023346304	0.0716467297201
2.68482490272	0.0701073728714
2.69941634241	0.0685735278397
2.7140077821	0.0670458509596
2.72859922179	0.0655250060353
2.74319066148	0.0640116632176
2.75778210117	0.0625064978168
2.77237354086	0.0610101890548
2.78696498055	0.0595234187601
2.80155642023	0.058046870009
2.81614785992	0.0565812257169
2.83073929961	0.055127167185
2.8453307393	0.0536853726075
2.85992217899	0.0522565155438
2.87451361868	0.0508412633636
2.88910505837	0.0494402756699
2.90369649806	0.0480542027067
2.91828793774	0.0466836837593
2.93287937743	0.0453293455546
2.94747081712	0.0439918006674
2.96206225681	0.0426716459432
2.9766536965	0.0413694609427
2.99124513619	0.0400858064178
3.00583657588	0.0388212228269
3.02042801557	0.0375762288964
3.03501945525	0.0363513202373
3.04961089494	0.0351469680244
3.06420233463	0.0339636177452
3.07879377432	0.032801688025
3.09338521401	0.0316615695369
3.1079766537	0.0305436240002
3.12256809339	0.0294481832758
3.13715953307	0.0283755485611
3.15175097276	0.0273259896915
3.16634241245	0.0262997445509
3.18093385214	0.0252970185945
3.19552529183	0.0243179844879
3.21011673152	0.0233627818626
3.22470817121	0.0224315171904
3.2392996109	0.0215242637764
3.25389105058	0.0206410618699
3.26848249027	0.0197819188929
3.28307392996	0.0189468097841
3.29766536965	0.0181356774545
3.31225680934	0.0173484333536
3.32684824903	0.0165849581395
3.34143968872	0.0158451024512
3.35603112841	0.0151286877751
3.37062256809	0.0144355074018
3.38521400778	0.0137653274666
3.39980544747	0.0131178880666
3.41439688716	0.0124929044479
3.42898832685	0.0118900682554
3.44357976654	0.0113090488379
3.45817120623	0.0107494946005
3.47276264592	0.010211034397
3.4873540856	0.00969327895346
3.50194552529	0.00919582231725
3.51653696498	0.00871824332108
3.53112840467	0.0082601070568
3.54571984436	0.00782096635035
3.56031128405	0.00740036323122
3.57490272374	0.00699783038942
3.58949416343	0.00661289261354
3.60408560311	0.00624506820379
3.6186770428	0.00589387035419
3.63326848249	0.00555880849877
3.64785992218	0.00523938961682
3.66245136187	0.00493511949273
3.67704280156	0.00464550392677
3.69163424125	0.00437004989299
3.70622568093	0.00410826664166
3.72081712062	0.00385966674348
3.73540856031	0.0036237670737
3.75	0.00340008973453
3.76459143969	0.0031881629148
3.77918287938	0.0029875216861
3.79377431907	0.00279770873519
3.80836575876	0.00261827503276
3.82295719844	0.00244878043907
3.83754863813	0.00228879424714
3.85214007782	0.00213789566482
3.86673151751	0.00199567423694
3.8813229572	0.00186173020925
3.89591439689	0.00173567483615
3.91050583658	0.00161713063407
3.92509727627	0.00150573158291
3.93968871595	0.00140112327782
3.95428015564	0.00130296303393
3.96887159533	0.00121091994646
3.98346303502	0.00112467490904
3.99805447471	0.00104392059282
4.0126459144	0.000968361389091
4.02723735409	0.000897713318281
4.04182879378	0.000831703907827
4.05642023346	0.000770072041782
4.07101167315	0.000712567784692
4.08560311284	0.000658952182337
4.10019455253	0.000608997041847
4.11478599222	0.000562484693595
4.12937743191	0.000519207737201
4.1439688716	0.000478968773875
4.15856031129	0.000441580127215
4.17315175097	0.000406863554495
4.18774319066	0.000374649950313
4.20233463035	0.000344779044422
4.21692607004	0.000317099095395
4.23151750973	0.000291466581681
4.24610894942	0.000267745891501
4.26070038911	0.000245809012909
4.27529182879	0.000225535225226
4.28988326848	0.000206810792952
4.30447470817	0.000189528663167
4.31906614786	0.000173588167296
4.33365758755	0.000158894728054
4.34824902724	0.000145359572257
4.36284046693	0.000132899450127
4.37743190662	0.000121436361606
4.3920233463	0.000110897290125
4.40661478599	0.000101213944214
4.42120622568	9.23225072363e-05
4.43579766537	8.41633954879e-05
4.45038910506	7.66810248441e-05
4.46498054475	6.982358606e-05
4.47957198444	6.35428287988e-05
4.49416342413	5.77938544067e-05
4.50875486381	5.25349174122e-05
4.5233463035	4.77272356909e-05
4.53793774319	4.33348091999e-05
4.55252918288	3.93242471601e-05
4.56712062257	3.56646035341e-05
4.58171206226	3.23272206266e-05
4.59630350195	2.92855806136e-05
4.61089494164	2.65151647905e-05
4.62548638132	2.3993320314e-05
4.64007782101	2.16991342036e-05
4.6546692607	1.96133143558e-05
4.66926070039	1.77180773217e-05
4.68385214008	1.59970425905e-05
4.69844357977	1.44351331203e-05
4.71303501946	1.30184818557e-05
4.72762645915	1.17343439717e-05
4.74221789883	1.05710145864e-05
4.75680933852	9.51775168452e-06
4.77140077821	8.56470400196e-06
4.7859922179	7.70284362188e-06
4.80058365759	6.92390304141e-06
4.81517509728	6.22031647225e-06
4.82976653697	5.58516514605e-06
4.84435797665	5.01212640201e-06
4.85894941634	4.49542634182e-06
4.87354085603	4.02979584457e-06
4.88813229572	3.61042974226e-06
4.90272373541	3.23294896465e-06
4.9173151751	2.89336547003e-06
4.93190661479	2.58804978685e-06
4.94649805448	2.31370099915e-06
4.96108949416	2.06731901662e-06
4.97568093385	1.84617897829e-06
4.99027237354	1.64780764637e-06
5.00486381323	1.46996165427e-06
5.01945525292	1.31060748065e-06
5.03404669261	1.16790302807e-06
5.0486381323	1.04018069188e-06
5.06322957199	9.25931811929e-07
5.07782101167	8.23792405905e-07
5.09241245136	7.32530089286e-07
5.10700389105	6.51032093055e-07
5.12159533074	5.78294295816e-07
5.13618677043	5.13411192441e-07
5.15077821012	4.55566726566e-07
5.16536964981	4.04025919064e-07
5.1799610895	3.58127229384e-07
5.19455252918	3.17275590952e-07
5.20914396887	2.80936066022e-07
5.22373540856	2.4862806928e-07
5.23832684825	2.19920113194e-07
5.25291828794	1.9442503156e-07
5.26750972763	1.71795640965e-07
5.28210116732	1.51720802931e-07
5.29669260701	1.3392185236e-07
5.31128404669	1.18149360566e-07
5.32587548638	1.04180203692e-07
5.34046692607	9.18149095939e-08
5.35505836576	8.08752584826e-08
5.36964980545	7.12021145773e-08
5.38424124514	6.26534679332e-08
5.39883268483	5.51026673041e-08
5.41342412451	4.84368265279e-08
5.4280155642	4.25553883918e-08
5.44260700389	3.73688313125e-08
5.45719844358	3.27975054328e-08
5.47178988327	2.87705859005e-08
5.48638132296	2.5225132175e-08
5.50097276265	2.21052431947e-08
5.51556420234	1.93612991471e-08
5.53015564202	1.69492814249e-08
5.54474708171	1.483016311e-08
5.5593385214	1.29693630376e-08
5.57392996109	1.133625713e-08
5.58852140078	9.90374128227e-09
5.60311284047	8.64784061806e-09
5.61770428016	7.54736042466e-09
5.63229571985	6.58357452402e-09
5.64688715953	5.73994724705e-09
5.66147859922	5.00188554643e-09
5.67607003891	4.35651812382e-09
5.6906614786	3.7924987532e-09
5.70525291829	3.29983126193e-09
5.71984435798	2.8697138833e-09
5.73443579767	2.4944009248e-09
5.74902723736	2.16707990219e-09
5.76361867704	1.88176248038e-09
5.77821011673	1.63318772933e-09
5.79280155642	1.4167363582e-09
5.80739299611	1.22835472936e-09
5.8219844358	1.06448757879e-09
5.83657587549	9.22018482143e-10
5.85116731518	7.98217207323e-10
5.86575875487	6.90693185198e-10
5.88035019455	5.97354413196e-10
5.89494163424	5.16371179204e-10
5.90953307393	4.46144060078e-10
5.92412451362	3.85275707994e-10
5.93871595331	3.32545991531e-10
5.953307393	2.86890105683e-10
5.96789883269	2.47379307951e-10
5.98249027237	2.1320397535e-10
5.99708171206	1.83658712017e-10
6.01167315175	1.58129266695e-10
6.02626459144	1.36081047229e-10
6.04085603113	1.17049042915e-10
6.05544747082	1.00628987476e-10
6.07003891051	8.64696144452e-11
6.0846303502	7.42658739992e-11
6.09922178988	6.37529952096e-11
6.11381322957	5.47012915718e-11
6.12840466926	4.69116193151e-11
6.14299610895	4.02114087873e-11
6.15758754864	3.44511986287e-11
6.17217898833	2.95016108106e-11
6.18677042802	2.5250711936e-11
6.20136186771	2.16017128799e-11
6.21595330739	1.847096445e-11
6.23054474708	1.57862120672e-11
6.24513618677	1.34850768125e-11
6.25972762646	1.1513734255e-11
6.27431906615	9.82576595056e-12
6.28891050584	8.38116162948e-12
6.30350194553	7.14545277964e-12
6.31809338522	6.08896077188e-12
6.3326848249	5.18614470518e-12
6.34727626459	4.41503612917e-12
6.36186770428	3.7567493047e-12
6.37645914397	3.19505716002e-12
6.39105058366	2.7160243302e-12
6.40564202335	2.30768978135e-12
6.42023346304	1.95979246747e-12
6.43482490272	1.66353432609e-12
6.44941634241	1.41137562185e-12
6.4640077821	1.19685835377e-12
6.47859922179	1.01445393835e-12
6.49319066148	8.59431914324e-13
6.50778210117	7.27746828003e-13
6.52237354086	6.15940834653e-13
6.53696498055	5.21059879583e-13
6.55155642023	4.40581609433e-13
6.56614785992	3.72353393491e-13
6.58073929961	3.14539082586e-13
6.5953307393	2.65573287681e-13
6.60992217899	2.24122141945e-13
6.62451361868	1.8904964354e-13
6.63910505837	1.59388802989e-13
6.65369649806	1.34316920154e-13
6.66828793774	1.13134414544e-13
6.68287937743	9.52467037965e-14
6.69747081712	8.01487047814e-14
6.71206225681	6.74115809106e-14
6.7266536965	5.6671418596e-14
6.74124513619	4.76195557457e-14
6.75583657588	3.99943271222e-14
6.77042801557	3.35740213162e-14
6.78501945525	2.81708766317e-14
6.79961089494	2.36259621664e-14
6.81420233463	1.98048201249e-14
6.82879377432	1.65937547864e-14
6.84338521401	1.38966753352e-14
6.8579766537	1.16324110159e-14
6.87256809339	9.73242936321e-15
6.88715953308	8.13889748269e-15
6.90175097276	6.80303665561e-15
6.91634241245	5.68372507377e-15
6.93093385214	4.74631370046e-15
6.94552529183	3.96162206448e-15
6.96011673152	3.30508761542e-15
6.97470817121	2.75604523758e-15
6.9892996109	2.29711766279e-15
7.00389105058	1.9136996027e-15
7.01848249027	1.59352191569e-15
7.03307392996	1.32628285193e-15
7.04766536965	1.10333706998e-15
7.06225680934	9.17432896215e-16
7.07684824903	7.62490692987e-16
7.09143968872	6.33415978163e-16
7.10603112841	5.25941949697e-16
7.12062256809	4.36496750584e-16
7.13521400778	3.62091864769e-16
7.14980544747	3.00227976494e-16
7.16439688716	2.48815988187e-16
7.17898832685	2.06110562127e-16
7.19357976654	1.70654269917e-16
7.20817120623	1.41230692104e-16
7.22276264592	1.16825096879e-16
7.2373540856	9.65913895356e-17
7.25194552529	7.98244698728e-17
7.26653696498	6.59369873293e-17
7.28112840467	5.44399503838e-17
7.29571984436	4.49264379745e-17
7.31031128405	3.70580068602e-17
7.32490272374	3.05532926569e-17
7.33949416343	2.51785095636e-17
7.35408560311	2.07394909093e-17
7.3686770428	1.70750749918e-17
7.38326848249	1.40515335993e-17
7.39785992218	1.15579719208e-17
7.41245136187	9.50247028275e-18
7.42704280156	7.80887861629e-18
7.44163424125	6.41413743719e-18
7.45622568094	5.26606010248e-18
7.47081712062	4.32146928282e-18
7.48540856031	3.5446741397e-18
7.5	2.90615382998e-18
7.51459143969	2.38149178989e-18
7.52918287938	1.95062881529e-18
7.54377431907	1.59697416424e-18
7.55836575876	1.30682673414e-18
7.57295719844	1.068896408e-18
7.58754863813	8.73876857533e-19
7.60214007782	7.14106369769e-19
7.61673151751	5.83275010645e-19
7.6313229572	4.76192019267e-19
7.64591439689	3.88587786536e-19
7.66050583658	3.16952922658e-19
7.67509727627	2.58403664028e-19
7.68968871595	2.10572298564e-19
7.70428015564	1.71514751298e-19
7.71887159533	1.39637370373e-19
7.73346303502	1.1363211776e-19
7.74805447471	9.24272857531e-20
7.7626459144	7.51449157456e-20
7.77723735409	6.10658511219e-20
7.79182879378	4.96016530053e-20
7.80642023346	4.02711865162e-20
7.82101167315	3.26806405697e-20
7.83560311284	2.65087689237e-20
7.85019455253	2.14927079426e-20
7.86478599222	1.74179457753e-20
7.87937743191	1.41093312137e-20
7.8939688716	1.14240577214e-20
7.90856031129	9.24563678335e-21
7.92315175097	7.47922980525e-21
7.93774319066	6.04754279307e-21
7.95233463035	4.88777135448e-21
7.96692607004	3.948645214e-21
7.98151750973	3.18856216293e-21
7.99610894942	2.57366115031e-21
8.01070038911	2.07643636643e-21
8.0252918288	1.67452600722e-21
8.03988326848	1.34981695724e-21
8.05447470817	1.08756794319e-21
8.06906614786	8.75922162412e-22
8.08365758755	7.05162937537e-22
8.09824902724	5.67462374555e-22
8.11284046693	4.5647503712e-22
8.12743190662	3.67049025641e-22
8.1420233463	2.95013333921e-22
8.15661478599	2.37018973367e-22
8.17120622568	1.90336412479e-22
8.18579766537	1.52801512024e-22
8.20038910506	1.22631150508e-22
8.21498054475	9.83874286976e-23
8.22957198444	7.89134301869e-23
8.24416342413	6.32772764489e-23
8.25875486381	5.07239681296e-23
8.2733463035	4.06514699017e-23
8.28793774319	3.25684613091e-23
8.30252918288	2.60895521851e-23
8.31712062257	2.08958438653e-23
8.33171206226	1.67340925053e-23
8.34630350195	1.34007127587e-23
8.36089494164	1.07305664446e-23
8.37548638132	8.59126132586e-24
8.39007782101	6.87799864907e-24
8.4046692607	5.504606664e-24
8.41926070039	4.40751641907e-24
8.43385214008	3.53038364756e-24
8.44844357977	2.82919813415e-24
8.46303501946	2.2686494866e-24
8.47762645915	1.82050386388e-24
8.49221789883	1.46129791063e-24
8.50680933852	1.17405714432e-24
8.52140077821	9.436449469e-25
8.5359922179	7.59631812336e-25
8.55058365759	6.12257632036e-25
8.56517509728	4.94293608104e-25
8.57976653697	3.99613012257e-25
8.59435797666	3.23552818722e-25
8.60894941634	2.6215995232e-25
8.62354085603	2.12740583819e-25
8.63813229572	1.7262233606e-25
8.65272373541	1.40666300704e-25
8.6673151751	1.1493999896e-25
8.68190661479	9.4294200192e-26
8.69649805448	7.7658755802e-26
8.71108949416	6.42352622599e-26
8.72568093385	5.32469480394e-26
8.74027237354	4.43205181513e-26
8.75486381323	3.69044110577e-26
8.76945525292	3.100562993e-26
8.78404669261	2.61616958871e-26
8.7986381323	2.22276821589e-26
8.81322957199	1.89967134671e-26
8.82782101167	1.63092529402e-26
8.84241245136	1.39950237175e-26
8.85700389105	1.20806707908e-26
8.87159533074	1.03826944593e-26
8.88618677043	9.02713785065e-27
8.90077821012	7.91811266737e-27
8.91536964981	7.03095994598e-27
8.9299610895	6.28351253781e-27
8.94455252918	5.65153281034e-27
8.95914396887	5.06286713807e-27
8.97373540856	4.57149548405e-27
8.98832684825	4.09893827432e-27
9.00291828794	3.73567166782e-27
9.01750972763	3.43091209563e-27
9.03210116732	3.17332397086e-27
9.04669260701	2.94140601331e-27
9.06128404669	2.73035333204e-27
9.07587548638	2.50739992316e-27
9.09046692607	2.31032993605e-27
9.10505836576	2.08186272139e-27
9.11964980545	1.92087356224e-27
9.13424124514	1.78375472936e-27
9.14883268483	1.67186993796e-27
9.16342412452	1.57108407642e-27
9.1780155642	1.4784467189e-27
9.19260700389	1.37955345442e-27
9.20719844358	1.2896770057e-27
9.22178988327	1.17269476529e-27
9.23638132296	1.09306250011e-27
9.25097276265	1.02386538459e-27
9.26556420234	9.77409014048e-28
9.28015564202	9.28493126172e-28
9.29474708171	8.90954031264e-28
9.3093385214	8.53518299726e-28
9.32392996109	8.22438655377e-28
9.33852140078	7.69986479173e-28
9.35311284047	7.45507525289e-28
9.36770428016	7.21835199446e-28
9.38229571985	7.0710453934e-28
9.39688715953	6.90918514223e-28
9.41147859922	6.76538464882e-28
9.42607003891	6.5149271879e-28
9.4406614786	6.32438850303e-28
9.45525291829	5.93998765322e-28
9.46984435798	5.76336637615e-28
9.48443579767	5.68299382812e-28
9.49902723736	5.64866931131e-28
9.51361867704	5.57657116607e-28
9.52821011673	5.54962418084e-28
9.54280155642	5.46968473049e-28
9.55739299611	5.39975023053e-28
9.5719844358	5.20807864932e-28
9.58657587549	5.15426745074e-28
9.60116731518	5.08498112894e-28
9.61575875487	5.07472973302e-28
9.63035019455	5.05053664598e-28
9.64494163424	5.03064801171e-28
9.65953307393	4.94095196035e-28
9.67412451362	4.86586061037e-28
9.68871595331	4.68562275208e-28
9.703307393	4.58769002185e-28
9.71789883269	4.48179445586e-28
9.73249027237	4.37485295695e-28
9.74708171206	4.26268285844e-28
9.76167315175	4.12218891479e-28
9.77626459144	3.90963028511e-28
9.79085603113	3.72484886988e-28
9.80544747082	3.48559302783e-28
9.82003891051	3.3446730901e-28
9.8346303502	3.23876285141e-28
9.84922178988	3.17626968498e-28
9.86381322957	3.09792121815e-28
9.87840466926	3.05086945161e-28
9.89299610895	2.98675379983e-28
9.90758754864	2.95829589149e-28
9.92217898833	2.9454759818e-28
9.93677042802	2.93030631826e-28
9.95136186771	2.87939702666e-28
9.96595330739	2.82576038165e-28
9.98054474708	2.75527408209e-28
9.99513618677	2.68780300513e-28
10.0097276265	2.62461997733e-28
10.0243190661	2.61932715376e-28
10.0389105058	2.6307524991e-28
10.0535019455	2.65031595134e-28
10.0680933852	2.64737573653e-28
10.0826848249	2.63358967876e-28
10.0972762646	2.62474470845e-28
10.1118677043	2.59470315119e-28
10.126459144	2.56899503731e-28
10.1410505837	2.60362353257e-28
10.1556420233	2.66907702368e-28
10.170233463	2.71906563755e-28
10.1848249027	2.75808509818e-28
10.1994163424	2.73853001631e-28
10.2140077821	2.70435501864e-28
10.2285992218	2.71968274227e-28
10.2431906615	2.75130138652e-28
10.2577821012	2.82983067909e-28
10.2723735409	2.9492436226e-28
10.2869649805	3.00163089153e-28
10.3015564202	3.01531202771e-28
10.3161478599	2.99264500479e-28
10.3307392996	2.94425072323e-28
10.3453307393	2.87005681699e-28
10.359922179	2.77939783703e-28
10.3745136187	2.70201024165e-28
10.3891050584	2.66412993464e-28
10.4036964981	2.62673293625e-28
10.4182879377	2.56868619257e-28
10.4328793774	2.51188934378e-28
10.4474708171	2.44819865941e-28
10.4620622568	2.37162629757e-28
10.4766536965	2.33178132892e-28
10.4912451362	2.33585590017e-28
10.5058365759	2.40637771531e-28
10.5204280156	2.41734785829e-28
10.5350194553	2.40381100475e-28
10.5496108949	2.36647817409e-28
10.5642023346	2.32627587671e-28
10.5787937743	2.31623929486e-28
10.593385214	2.30066754356e-28
10.6079766537	2.30279281877e-28
10.6225680934	2.36364164912e-28
10.6371595331	2.33758714568e-28
10.6517509728	2.29452028974e-28
10.6663424125	2.25248645566e-28
10.6809338521	2.18256012524e-28
10.6955252918	2.11555036581e-28
10.7101167315	2.05997327005e-28
10.7247081712	2.02837763342e-28
10.7392996109	1.99596262351e-28
10.7538910506	1.94373790102e-28
10.7684824903	1.91538961302e-28
10.78307393	1.91036744227e-28
10.7976653697	1.92466082431e-28
10.8122568093	1.92444167399e-28
10.826848249	1.91753075667e-28
10.8414396887	1.95361900829e-28
10.8560311284	1.99707131278e-28
10.8706225681	2.00181007293e-28
10.8852140078	2.01015929134e-28
10.8998054475	2.03602474585e-28
10.9143968872	2.07428638264e-28
10.9289883268	2.14234436238e-28
10.9435797665	2.22321438299e-28
10.9581712062	2.32217011171e-28
10.9727626459	2.46050298693e-28
10.9873540856	2.62966803423e-28
11.0019455253	2.80438092466e-28
11.016536965	3.08589298698e-28
11.0311284047	3.47251173096e-28
11.0457198444	4.04948120421e-28
11.060311284	4.80395589496e-28
11.0749027237	5.76401930151e-28
11.0894941634	6.93063463138e-28
11.1040856031	8.53921292709e-28
11.1186770428	1.06316650681e-27
11.1332684825	1.34294255145e-27
11.1478599222	1.70477348015e-27
11.1624513619	2.17959498945e-27
11.1770428016	2.81595807834e-27
11.1916342412	3.65053924303e-27
11.2062256809	4.76601869976e-27
11.2208171206	6.20110207055e-27
11.2354085603	8.23250988797e-27
11.25	1.01025436774e-26
11.2645914397	8.30150136976e-27
11.2791828794	6.34271364523e-27
11.2937743191	4.97308393068e-27
11.3083657588	3.90053486907e-27
11.3229571984	3.07003617432e-27
11.3375486381	2.46793164499e-27
11.3521400778	2.01699038249e-27
11.3667315175	1.68213151411e-27
11.3813229572	1.43034466316e-27
11.3959143969	1.25446808115e-27
11.4105058366	1.12486876355e-27
11.4250972763	1.03675665591e-27
11.439688716	9.54137366277e-28
11.4542801556	9.02518821807e-28
11.4688715953	8.6509788596e-28
11.483463035	8.4431866267e-28
11.4980544747	8.20060532528e-28
11.5126459144	8.18199202774e-28
11.5272373541	8.0617856384e-28
11.5418287938	7.98502266154e-28
11.5564202335	7.79366163908e-28
11.5710116732	7.73759049439e-28
11.5856031128	7.648301265e-28
11.6001945525	7.63893773445e-28
11.6147859922	7.562703039e-28
11.6293774319	7.55411536421e-28
11.6439688716	7.40130619164e-28
11.6585603113	7.21838407789e-28
11.673151751	6.71280064555e-28
11.6877431907	6.50311743795e-28
11.7023346304	6.34450350408e-28
11.71692607	6.27828137333e-28
11.7315175097	6.18801937957e-28
11.7461089494	6.22762902561e-28
11.7607003891	6.2968231118e-28
11.7752918288	6.44627251389e-28
11.7898832685	6.45136030563e-28
11.8044747082	6.61476867737e-28
11.8190661479	6.81764176867e-28
11.8336575876	7.06712025647e-28
11.8482490272	7.2385426247e-28
11.8628404669	7.59224021e-28
11.8774319066	7.93119270091e-28
11.8920233463	8.2216683188e-28
11.906614786	8.38008915451e-28
11.9212062257	8.61486604043e-28
11.9357976654	8.71536250428e-28
11.9503891051	8.86294765727e-28
11.9649805447	8.82646703863e-28
11.9795719844	8.77801274976e-28
11.9941634241	8.63183167199e-28
12.0087548638	8.44588296295e-28
12.0233463035	8.01383172829e-28
12.0379377432	7.82612560399e-28
12.0525291829	7.64289164719e-28
12.0671206226	7.50486789944e-28
12.0817120623	7.36916516893e-28
12.0963035019	7.36259397817e-28
12.1108949416	7.3738237681e-28
12.1254863813	7.48469708684e-28
12.140077821	7.5515272334e-28
12.1546692607	7.69547846482e-28
12.1692607004	7.79716974607e-28
12.1838521401	7.90300891682e-28
12.1984435798	7.91067491545e-28
12.2130350195	7.98053779995e-28
12.2276264591	8.06240958666e-28
12.2422178988	8.16781514456e-28
12.2568093385	8.23265078658e-28
12.2714007782	8.35538850043e-28
12.2859922179	8.43837176738e-28
12.3005836576	8.63186952154e-28
12.3151750973	8.70146137843e-28
12.329766537	8.79032587525e-28
12.3443579767	8.89989619076e-28
12.3589494163	9.00773172861e-28
12.373540856	9.08939841913e-28
12.3881322957	9.28781956478e-28
12.4027237354	9.48279933493e-28
12.4173151751	9.61433535279e-28
12.4319066148	9.6855348384e-28
12.4464980545	9.80227203951e-28
12.4610894942	1.00069933451e-27
12.4756809339	1.03245147577e-27
12.4902723735	1.06858543057e-27
12.5048638132	1.1003151829e-27
12.5194552529	1.12883345264e-27
12.5340466926	1.14600877381e-27
12.5486381323	1.1482664396e-27
12.563229572	1.15435542824e-27
12.5778210117	1.15799697259e-27
12.5924124514	1.15471777945e-27
12.6070038911	1.1444468162e-27
12.6215953307	1.13521757213e-27
12.6361867704	1.12924356557e-27
12.6507782101	1.12178631629e-27
12.6653696498	1.11330784767e-27
12.6799610895	1.11751855994e-27
12.6945525292	1.13795992686e-27
12.7091439689	1.16572286004e-27
12.7237354086	1.20930311794e-27
12.7383268483	1.24369959033e-27
12.7529182879	1.25917717289e-27
12.7675097276	1.26459375167e-27
12.7821011673	1.27361189134e-27
12.796692607	1.28204446107e-27
12.8112840467	1.2997418986e-27
12.8258754864	1.32856091532e-27
12.8404669261	1.36302367829e-27
12.8550583658	1.37536038472e-27
12.8696498054	1.38849868413e-27
12.8842412451	1.39150904934e-27
12.8988326848	1.3846895299e-27
12.9134241245	1.3929448072e-27
12.9280155642	1.40406349105e-27
12.9426070039	1.41451955914e-27
12.9571984436	1.43178750015e-27
12.9717898833	1.43155477035e-27
12.986381323	1.42949278699e-27
13.0009727626	1.41573236471e-27
13.0155642023	1.40201255162e-27
13.030155642	1.39070017423e-27
13.0447470817	1.38728157017e-27
13.0593385214	1.39518250301e-27
13.0739299611	1.42439550015e-27
13.0885214008	1.43401999467e-27
13.1031128405	1.43065393817e-27
13.1177042802	1.41392418866e-27
13.1322957198	1.40050150141e-27
13.1468871595	1.38456458399e-27
13.1614785992	1.38600615428e-27
13.1760700389	1.39985423733e-27
13.1906614786	1.42550090009e-27
13.2052529183	1.42220783793e-27
13.219844358	1.42292484776e-27
13.2344357977	1.40580621091e-27
13.2490272374	1.38037238358e-27
13.263618677	1.36475795206e-27
13.2782101167	1.35862678253e-27
13.2928015564	1.34931105831e-27
13.3073929961	1.36219452083e-27
13.3219844358	1.36156097881e-27
13.3365758755	1.35829903446e-27
13.3511673152	1.33201208203e-27
13.3657587549	1.3118582725e-27
13.3803501946	1.29649074009e-27
13.3949416342	1.28928597998e-27
13.4095330739	1.29729060658e-27
13.4241245136	1.33268541521e-27
13.4387159533	1.33405567819e-27
13.453307393	1.33598534156e-27
13.4678988327	1.33049836026e-27
13.4824902724	1.32205305919e-27
13.4970817121	1.30087813478e-27
13.5116731518	1.29574445273e-27
13.5262645914	1.29633585307e-27
13.5408560311	1.31742153217e-27
13.5554474708	1.3221488946e-27
13.5700389105	1.32585973593e-27
13.5846303502	1.31320297042e-27
13.5992217899	1.29601804465e-27
13.6138132296	1.28156569598e-27
13.6284046693	1.28483053351e-27
13.642996109	1.28374175185e-27
13.6575875486	1.32725562118e-27
13.6721789883	1.34242982281e-27
13.686770428	1.34338043813e-27
13.7013618677	1.34020072524e-27
13.7159533074	1.34415651928e-27
13.7305447471	1.3399758978e-27
13.7451361868	1.34141393919e-27
13.7597276265	1.35046528927e-27
13.7743190661	1.39033529159e-27
13.7889105058	1.38973780089e-27
13.8035019455	1.39205806782e-27
13.8180933852	1.37407045518e-27
13.8326848249	1.35615198896e-27
13.8472762646	1.34347919839e-27
13.8618677043	1.34431824892e-27
13.876459144	1.3390651249e-27
13.8910505837	1.35787239221e-27
13.9056420233	1.35461246717e-27
13.920233463	1.35069700932e-27
13.9348249027	1.32864097218e-27
13.9494163424	1.31951585304e-27
13.9640077821	1.31003389933e-27
13.9785992218	1.31328052415e-27
13.9931906615	1.31090405624e-27
14.0077821012	1.3450711555e-27
14.0223735409	1.34562791703e-27
14.0369649805	1.33328426934e-27
14.0515564202	1.31081075797e-27
14.0661478599	1.29738333869e-27
14.0807392996	1.27239790653e-27
14.0953307393	1.27127448589e-27
14.109922179	1.27711461339e-27
14.1245136187	1.3124633198e-27
14.1391050584	1.30571950859e-27
14.1536964981	1.30159971345e-27
14.1682879377	1.27796981484e-27
14.1828793774	1.25681963856e-27
14.1974708171	1.23565316202e-27
14.2120622568	1.2286798081e-27
14.2266536965	1.21956334106e-27
14.2412451362	1.25661502013e-27
14.2558365759	1.2651605927e-27
14.2704280156	1.26432551943e-27
14.2850194553	1.23815036891e-27
14.2996108949	1.22804693031e-27
14.3142023346	1.21107168875e-27
14.3287937743	1.20351852567e-27
14.343385214	1.20377288881e-27
14.3579766537	1.244303455e-27
14.3725680934	1.2446278287e-27
14.3871595331	1.22919463117e-27
14.4017509728	1.20207217331e-27
14.4163424125	1.18699779902e-27
14.4309338521	1.15628452592e-27
14.4455252918	1.14567577508e-27
14.4601167315	1.1395670531e-27
14.4747081712	1.1634166235e-27
14.4892996109	1.16195773217e-27
14.5038910506	1.16596419768e-27
14.5184824903	1.15078381377e-27
14.53307393	1.14039003199e-27
14.5476653697	1.12537925121e-27
14.5622568093	1.1199279377e-27
14.576848249	1.10871036697e-27
14.5914396887	1.14274070362e-27
14.6060311284	1.14699240884e-27
14.6206225681	1.14560020678e-27
14.6352140078	1.1144396642e-27
14.6498054475	1.09513644708e-27
14.6643968872	1.06882093691e-27
14.6789883268	1.04863113798e-27
14.6935797665	1.03059328579e-27
14.7081712062	1.04341561177e-27
14.7227626459	1.02685714918e-27
14.7373540856	1.01604361509e-27
14.7519455253	9.88919036547e-28
14.766536965	9.72430479484e-28
14.7811284047	9.323662792e-28
14.7957198444	9.076003579e-28
14.810311284	8.80819637429e-28
14.8249027237	8.68537379324e-28
14.8394941634	8.30121933425e-28
14.8540856031	7.91108714545e-28
14.8686770428	7.3774748372e-28
14.8832684825	7.02821420965e-28
14.8978599222	6.75211880409e-28
14.9124513619	6.7062869306e-28
14.9270428016	6.95872233714e-28
14.9416342412	8.12093038508e-28
14.9562256809	1.00828201668e-27
14.9708171206	1.34820999005e-27
14.9854085603	2.01584527031e-27
15.0	2.72982189498e-27
