-14.9854085603	2.08932209476e-27
-14.9708171206	1.22066778308e-27
-14.9562256809	7.30040434904e-28
-14.9416342412	4.1968655121e-28
-14.9270428016	2.43217785199e-28
-14.9124513619	1.49029492498e-28
-14.8978599222	1.0663941394e-28
-14.8832684825	9.01110462084e-29
-14.8686770428	9.51317579183e-29
-14.8540856031	1.05025179849e-28
-14.8394941634	1.20392494869e-28
-14.8249027237	1.24606090864e-28
-14.810311284	1.41733821028e-28
-14.7957198444	1.54915061709e-28
-14.7811284047	1.73678403574e-28
-14.766536965	1.86622804664e-28
-14.7519455253	2.00638392359e-28
-14.7373540856	2.07409894036e-28
-14.7227626459	2.11061701672e-28
-14.7081712062	1.9756357933e-28
-14.6935797665	2.02207841399e-28
-14.6789883268	2.06991346509e-28
-14.6643968872	2.1667259754e-28
-14.6498054475	2.2203166915e-28
-14.6352140078	2.33255103138e-28
-14.6206225681	2.3351579204e-28
-14.6060311284	2.31995489099e-28
-14.5914396887	2.1522914023e-28
-14.576848249	2.13982471192e-28
-14.5622568093	2.12975640944e-28
-14.5476653696	2.2229385828e-28
-14.53307393	2.24611758902e-28
-14.5184824903	2.31884532144e-28
-14.5038910506	2.33014327333e-28
-14.4892996109	2.34167471874e-28
-14.4747081712	2.18670534571e-28
-14.4601167315	2.18099184315e-28
-14.4455252918	2.1845895415e-28
-14.4309338521	2.27228723499e-28
-14.4163424125	2.28942939409e-28
-14.4017509728	2.35641339503e-28
-14.3871595331	2.333873529e-28
-14.3725680934	2.31088843323e-28
-14.3579766537	2.1024102622e-28
-14.343385214	2.05725307471e-28
-14.3287937743	2.02147419958e-28
-14.3142023346	2.06968064176e-28
-14.2996108949	2.07928192591e-28
-14.2850194553	2.15293939786e-28
-14.2704280156	2.1446267555e-28
-14.2558365759	2.11405160056e-28
-14.2412451362	1.91985115749e-28
-14.2266536965	1.89257896359e-28
-14.2120622568	1.86157348088e-28
-14.1974708171	1.90955171771e-28
-14.1828793774	1.91173094342e-28
-14.1682879377	1.95941408584e-28
-14.1536964981	1.94015330064e-28
-14.1391050584	1.90405218205e-28
-14.1245136187	1.70928505583e-28
-14.109922179	1.67834175297e-28
-14.0953307393	1.65133864327e-28
-14.0807392996	1.69877436831e-28
-14.0661478599	1.71117871769e-28
-14.0515564202	1.76513053158e-28
-14.0369649805	1.74605758237e-28
-14.0223735409	1.71807540792e-28
-14.0077821012	1.5157867218e-28
-13.9931906615	1.46309159439e-28
-13.9785992218	1.42167570559e-28
-13.9640077821	1.45421214879e-28
-13.9494163424	1.44233343771e-28
-13.9348249027	1.4784752953e-28
-13.920233463	1.45714044068e-28
-13.9056420233	1.42184895412e-28
-13.8910505837	1.25281526935e-28
-13.876459144	1.21736331728e-28
-13.8618677043	1.20132070549e-28
-13.8472762646	1.24549546789e-28
-13.8326848249	1.25172988239e-28
-13.8180933852	1.29710209984e-28
-13.8035019455	1.30616558434e-28
-13.7889105058	1.28202036241e-28
-13.7743190661	1.13906770562e-28
-13.7597276265	1.12262620864e-28
-13.7451361868	1.12774458092e-28
-13.7305447471	1.17472646806e-28
-13.7159533074	1.1934292973e-28
-13.7013618677	1.23859753066e-28
-13.686770428	1.23823432882e-28
-13.6721789883	1.21275116306e-28
-13.6575875486	1.06900702231e-28
-13.6429961089	1.03283356532e-28
-13.6284046693	1.00286749363e-28
-13.6138132296	9.90235872467e-29
-13.5992217899	9.82916343182e-29
-13.5846303502	1.00351584309e-28
-13.5700389105	9.78282545245e-29
-13.5554474708	9.36903804988e-29
-13.5408560311	8.05694712693e-29
-13.5262645914	7.69071350433e-29
-13.5116731518	7.51855821027e-29
-13.4970817121	7.66011987514e-29
-13.4824902724	7.68609493819e-29
-13.4678988327	7.97309062011e-29
-13.453307393	7.91323976407e-29
-13.4387159533	7.70794414568e-29
-13.4241245136	6.76504625441e-29
-13.4095330739	6.62258526527e-29
-13.3949416342	6.51472094532e-29
-13.3803501946	6.67774403302e-29
-13.3657587549	6.7363512293e-29
-13.3511673152	7.03092712734e-29
-13.3365758755	7.2403962262e-29
-13.3219844358	7.31510014155e-29
-13.3073929961	6.84486727486e-29
-13.2928015564	6.89439735409e-29
-13.2782101167	7.09092025481e-29
-13.263618677	7.28879940675e-29
-13.2490272374	7.4005371826e-29
-13.2344357977	7.71301864765e-29
-13.219844358	7.84160657918e-29
-13.2052529183	7.88233928691e-29
-13.1906614786	7.71246741096e-29
-13.1760700389	7.72282495889e-29
-13.1614785992	7.91335738178e-29
-13.1468871595	8.06415664718e-29
-13.1322957198	8.07842286371e-29
-13.1177042802	8.18946264204e-29
-13.1031128405	8.21580395303e-29
-13.0885214008	7.95795979987e-29
-13.0739299611	7.47122356122e-29
-13.0593385214	7.4045879677e-29
-13.0447470817	7.47015972392e-29
-13.030155642	7.40005574193e-29
-13.0155642023	7.51065832003e-29
-13.0009727626	7.59538487871e-29
-12.986381323	7.74067127326e-29
-12.9717898833	7.77717666497e-29
-12.9571984436	7.81458307454e-29
-12.9426070039	8.02561928828e-29
-12.9280155642	8.29795737261e-29
-12.9134241245	8.25863084911e-29
-12.8988326848	8.48667152413e-29
-12.8842412451	8.7262278272e-29
-12.8696498054	9.2703076036e-29
-12.8550583658	9.89253716084e-29
-12.8404669261	1.09207571673e-28
-12.8258754864	1.18268955309e-28
-12.8112840467	1.26219460245e-28
-12.796692607	1.29726904717e-28
-12.7821011673	1.33785727732e-28
-12.7675097276	1.3461503989e-28
-12.7529182879	1.39173531855e-28
-12.7383268482	1.41312420794e-28
-12.7237354086	1.45545608408e-28
-12.7091439689	1.4644173465e-28
-12.6945525292	1.49763962081e-28
-12.6799610895	1.49011005937e-28
-12.6653696498	1.51755599985e-28
-12.6507782101	1.54897654527e-28
-12.6361867704	1.6082287321e-28
-12.6215953307	1.67827768544e-28
-12.6070038911	1.79674499695e-28
-12.5924124514	1.85550897199e-28
-12.5778210117	1.92725373407e-28
-12.563229572	1.93672720058e-28
-12.5486381323	1.97119922573e-28
-12.5340466926	2.00226139344e-28
-12.5194552529	2.1032221777e-28
-12.5048638132	2.21984021957e-28
-12.4902723735	2.48046655296e-28
-12.4756809339	2.63311007093e-28
-12.4610894942	2.76533275748e-28
-12.4464980545	2.82458682107e-28
-12.4319066148	2.89575153631e-28
-12.4173151751	2.94830325298e-28
-12.4027237354	3.03605517395e-28
-12.3881322957	3.11452066564e-28
-12.373540856	3.34143025215e-28
-12.3589494163	3.46053200313e-28
-12.3443579767	3.55637688474e-28
-12.329766537	3.54966079032e-28
-12.3151750973	3.62152395923e-28
-12.3005836576	3.62389515425e-28
-12.2859922179	3.7204760225e-28
-12.2714007782	3.872804049e-28
-12.2568093385	4.19571488739e-28
-12.2422178988	4.36789928165e-28
-12.2276264591	4.52119789019e-28
-12.2130350195	4.54336891054e-28
-12.1984435798	4.62749453213e-28
-12.1838521401	4.67321632426e-28
-12.1692607004	4.75065279259e-28
-12.1546692607	4.83972492185e-28
-12.140077821	5.16029371162e-28
-12.1254863813	5.26693484636e-28
-12.1108949416	5.31504443206e-28
-12.0963035019	5.20994669731e-28
-12.0817120623	5.21508346531e-28
-12.0671206226	5.20784948059e-28
-12.0525291829	5.3255470063e-28
-12.0379377432	5.41933088288e-28
-12.0233463035	5.78316143502e-28
-12.0087548638	5.94830409146e-28
-11.9941634241	6.08894169212e-28
-11.9795719844	6.08594051436e-28
-11.9649805447	6.16229851941e-28
-11.9503891051	6.18145920292e-28
-11.9357976654	6.31070992831e-28
-11.9212062257	6.53432113334e-28
-11.906614786	7.04741697922e-28
-11.8920233463	7.25309869793e-28
-11.8774319066	7.37640382952e-28
-11.8628404669	7.24820527024e-28
-11.8482490272	7.18478644271e-28
-11.8336575875	7.13251630692e-28
-11.8190661479	7.19710907883e-28
-11.8044747082	7.2676309786e-28
-11.7898832685	7.64737124655e-28
-11.7752918288	7.69274458884e-28
-11.7607003891	7.67397526651e-28
-11.7461089494	7.50746447404e-28
-11.7315175097	7.46144801537e-28
-11.71692607	7.42899462176e-28
-11.7023346304	7.5216662564e-28
-11.6877431907	7.55338830442e-28
-11.673151751	7.84881295502e-28
-11.6585603113	7.87949645381e-28
-11.6439688716	7.7996258332e-28
-11.6293774319	7.5906610189e-28
-11.6147859922	7.47119069293e-28
-11.6001945525	7.2947687632e-28
-11.5856031128	7.33369387018e-28
-11.5710116732	7.4143120208e-28
-11.5564202335	7.78201203981e-28
-11.5418287938	7.70203565703e-28
-11.5272373541	7.59877216404e-28
-11.5126459144	7.32134998616e-28
-11.4980544747	7.06914497306e-28
-11.483463035	6.89318891928e-28
-11.4688715953	6.8274348845e-28
-11.4542801556	6.82455104627e-28
-11.439688716	7.17559443175e-28
-11.4250972763	7.21336165837e-28
-11.4105058366	7.29031341567e-28
-11.3959143969	7.43053421499e-28
-11.3813229572	8.00395180382e-28
-11.3667315175	9.03030994548e-28
-11.3521400778	1.07539851912e-27
-11.3375486381	1.33221522428e-27
-11.3229571984	1.72759790707e-27
-11.3083657588	2.27379856761e-27
-11.2937743191	3.06646935927e-27
-11.2791828794	4.13044248018e-27
-11.2645914397	5.77803224401e-27
-11.25	7.31469918329e-27
-11.2354085603	5.62464908377e-27
-11.2208171206	3.86816273141e-27
-11.2062256809	2.70423149941e-27
-11.1916342412	1.84643006236e-27
-11.1770428016	1.25337029337e-27
-11.1624513619	8.30406509557e-28
-11.1478599222	5.44907630187e-28
-11.1332684825	3.52385896788e-28
-11.1186770428	2.27895136854e-28
-11.1040856031	1.52818776252e-28
-11.0894941634	1.0510641239e-28
-11.0749027237	9.3540229926e-29
-11.060311284	1.01761319468e-28
-11.0457198444	1.24459488931e-28
-11.0311284047	1.50689350393e-28
-11.016536965	1.82869953777e-28
-11.0019455253	2.09624276869e-28
-10.9873540856	2.37297813089e-28
-10.9727626459	2.48038991867e-28
-10.9581712062	2.71673372444e-28
-10.9435797665	3.00150285207e-28
-10.9289883268	3.35555360586e-28
-10.9143968872	3.62484442121e-28
-10.8998054475	3.89456928258e-28
-10.8852140078	4.07341374626e-28
-10.8706225681	4.14889053314e-28
-10.8560311284	3.95006104826e-28
-10.8414396887	3.99833262352e-28
-10.826848249	4.05807855124e-28
-10.8122568093	4.24191397049e-28
-10.7976653696	4.39242836252e-28
-10.78307393	4.52502295627e-28
-10.7684824903	4.59261335676e-28
-10.7538910506	4.62870637899e-28
-10.7392996109	4.42060801957e-28
-10.7247081712	4.4261420443e-28
-10.7101167315	4.47071343674e-28
-10.6955252918	4.60962511053e-28
-10.6809338521	4.68258841782e-28
-10.6663424125	4.77567575972e-28
-10.6517509728	4.74549122804e-28
-10.6371595331	4.63145593368e-28
-10.6225680934	4.26360238231e-28
-10.6079766537	4.14980699116e-28
-10.593385214	4.09808636072e-28
-10.5787937743	4.18592167586e-28
-10.5642023346	4.21977436979e-28
-10.5496108949	4.30422801631e-28
-10.5350194553	4.33271176825e-28
-10.5204280156	4.30663399087e-28
-10.5058365759	4.04239479192e-28
-10.4912451362	4.00750960166e-28
-10.4766536965	4.00172079121e-28
-10.4620622568	4.0717365626e-28
-10.4474708171	4.07047904478e-28
-10.4328793774	4.05803715043e-28
-10.4182879377	3.93208564015e-28
-10.4036964981	3.73119122103e-28
-10.3891050584	3.26953833689e-28
-10.3745136187	3.0632993462e-28
-10.359922179	2.92054619385e-28
-10.3453307393	2.88042108867e-28
-10.3307392996	2.81537329227e-28
-10.3161478599	2.80602768123e-28
-10.3015564202	2.72413011453e-28
-10.2869649805	2.59409857277e-28
-10.2723735409	2.29687938647e-28
-10.2577821012	2.17668101904e-28
-10.2431906615	2.13049928945e-28
-10.2285992218	2.17484002463e-28
-10.2140077821	2.22814195596e-28
-10.1994163424	2.36045274533e-28
-10.1848249027	2.4778870639e-28
-10.170233463	2.63632416749e-28
-10.1556420233	2.81200620439e-28
-10.1410505837	3.24233355123e-28
-10.126459144	3.82030383133e-28
-10.1118677043	4.71824470458e-28
-10.0972762646	5.88125702979e-28
-10.0826848249	7.29900354172e-28
-10.0680933852	9.14048191132e-28
-10.0535019455	1.16467398487e-27
-10.0389105058	1.50309216429e-27
-10.0243190661	1.95333550216e-27
-10.0097276265	2.54025916537e-27
-9.99513618677	3.31295194643e-27
-9.98054474708	4.33564215722e-27
-9.96595330739	5.66582256828e-27
-9.9513618677	7.38613195877e-27
-9.93677042802	9.67963644135e-27
-9.92217898833	1.26895607506e-26
-9.90758754864	1.64766767245e-26
-9.89299610895	2.13389190044e-26
-9.87840466926	2.75026550801e-26
-9.86381322957	3.54245767072e-26
-9.84922178988	4.55830562708e-26
-9.83463035019	5.86461919901e-26
-9.82003891051	7.55120425758e-26
-9.80544747082	9.73670451711e-26
-9.79085603113	1.25242958225e-25
-9.77626459144	1.60901229359e-25
-9.76167315175	2.06474779101e-25
-9.74708171206	2.6471162174e-25
-9.73249027237	3.38979909233e-25
-9.71789883268	4.34123046747e-25
-9.703307393	5.55643650494e-25
-9.68871595331	7.11329740586e-25
-9.67412451362	9.09460592752e-25
-9.65953307393	1.16166497032e-24
-9.64494163424	1.48245022647e-24
-9.63035019455	1.89125397322e-24
-9.61575875486	2.41101535348e-24
-9.60116731517	3.07238202095e-24
-9.58657587549	3.91380376743e-24
-9.5719844358	4.98451021335e-24
-9.55739299611	6.3420957669e-24
-9.54280155642	8.06385598401e-24
-9.52821011673	1.02465476677e-23
-9.51361867704	1.30145900665e-23
-9.49902723735	1.65224404948e-23
-9.48443579767	2.09655870715e-23
-9.46984435798	2.65912524502e-23
-9.45525291829	3.37138409677e-23
-9.4406614786	4.27161016747e-23
-9.42607003891	5.40944047301e-23
-9.41147859922	6.84684012688e-23
-9.39688715953	8.66219466396e-23
-9.38229571984	1.095317101e-22
-9.36770428016	1.3843638596e-22
-9.35311284047	1.74885459916e-22
-9.33852140078	2.20828172357e-22
-9.32392996109	2.78688226959e-22
-9.3093385214	3.51523469424e-22
-9.29474708171	4.43163506796e-22
-9.28015564202	5.5842558607e-22
-9.26556420233	7.03307181723e-22
-9.25097276265	8.8534437201e-22
-9.23638132296	1.11395442128e-21
-9.22178988327	1.40092037056e-21
-9.20719844358	1.76088323286e-21
-9.19260700389	2.21221907766e-21
-9.1780155642	2.77783285283e-21
-9.16342412451	3.48633992947e-21
-9.14883268482	4.37335995064e-21
-9.13424124514	5.48334244654e-21
-9.11964980545	6.87162028502e-21
-9.10505836576	8.60714392389e-21
-9.09046692607	1.07755117379e-20
-9.07587548638	1.34833481823e-20
-9.06128404669	1.6863122427e-20
-9.046692607	2.10795370294e-20
-9.03210116731	2.63369366385e-20
-9.01750972763	3.28890976552e-20
-9.00291828794	4.10506708242e-20
-8.98832684825	5.12119485251e-20
-8.97373540856	6.38559612391e-20
-8.95914396887	7.95814877429e-20
-8.94455252918	9.91294607664e-20
-8.92996108949	1.2341689216e-19
-8.91536964981	1.53577306758e-19
-8.90077821012	1.91011843523e-19
-8.88618677043	2.37450952699e-19
-8.87159533074	2.95031432728e-19
-8.85700389105	3.66388443448e-19
-8.84241245136	4.54773242511e-19
-8.82782101167	5.6419258776e-19
-8.81322957198	6.99583321057e-19
-8.7986381323	8.6702318064e-19
-8.78404669261	1.07399286018e-18
-8.76945525292	1.32969228155e-18
-8.75486381323	1.64543207034e-18
-8.74027237354	2.03510629515e-18
-8.72568093385	2.51578033395e-18
-8.71108949416	3.108397671e-18
-8.69649805447	3.83865182401e-18
-8.68190661479	4.7380410048e-18
-8.6673151751	5.84516642613e-18
-8.65272373541	7.20730101444e-18
-8.63813229572	8.8823122278e-18
-8.62354085603	1.09409896867e-17
-8.60894941634	1.34699011373e-17
-8.59435797665	1.65748326489e-17
-8.57976653696	2.03850033877e-17
-8.56517509728	2.50581553894e-17
-8.55058365759	3.07867565346e-17
-8.5359922179	3.78055096374e-17
-8.52140077821	4.64004799898e-17
-8.50680933852	5.69201097446e-17
-8.49221789883	6.9788643616e-17
-8.47762645914	8.55222984638e-17
-8.46303501945	1.04748885691e-16
-8.44844357977	1.28231495187e-16
-8.43385214008	1.56897160413e-16
-8.41926070039	1.91871442703e-16
-8.4046692607	2.34520236796e-16
-8.39007782101	2.86500111302e-16
-8.37548638132	3.49819165677e-16
-8.36089494163	4.26910205395e-16
-8.34630350195	5.20719015501e-16
-8.33171206226	6.34810503078e-16
-8.31712062257	7.73496505076e-16
-8.30252918288	9.41989335182e-16
-8.28793774319	1.14658646484e-15
-8.2733463035	1.39489207814e-15
-8.25875486381	1.69608336297e-15
-8.24416342412	2.06122958223e-15
-8.22957198444	2.5036748947e-15
-8.21498054475	3.03949679737e-15
-8.20038910506	3.68805540907e-15
-8.18579766537	4.47265052352e-15
-8.17120622568	5.42130791089e-15
-8.15661478599	6.56771868178e-15
-8.1420233463	7.95236246503e-15
-8.12743190661	9.62384755181e-15
-8.11284046693	1.16405107536e-14
-8.09824902724	1.40723249599e-14
-8.08365758755	1.70031732361e-14
-8.06906614786	2.05335569595e-14
-8.05447470817	2.47838208203e-14
-8.03988326848	2.98979885808e-14
-8.02529182879	3.6048325863e-14
-8.0107003891	4.34407605159e-14
-7.99610894942	5.23213217549e-14
-7.98151750973	6.2983781391e-14
-7.96692607004	7.57787197347e-14
-7.95233463035	9.11242717886e-14
-7.93774319066	1.09518860823e-13
-7.92315175097	1.31556274356e-13
-7.90856031128	1.57943507716e-13
-7.89396887159	1.89521862576e-13
-7.87937743191	2.27291887809e-13
-7.86478599222	2.72442836772e-13
-7.85019455253	3.26387444662e-13
-7.83560311284	3.9080295463e-13
-7.82101167315	4.67679492145e-13
-7.80642023346	5.59377062115e-13
-7.79182879377	6.686926758e-13
-7.77723735409	7.98939342185e-13
-7.7626459144	9.5403897833e-13
-7.74805447471	1.13863161365e-12
-7.73346303502	1.35820367642e-12
-7.71887159533	1.61923858574e-12
-7.70428015564	1.92939344041e-12
-7.68968871595	2.29770616911e-12
-7.67509727626	2.73483827561e-12
-7.66050583658	3.25335907986e-12
-7.64591439689	3.86807836554e-12
-7.6313229572	4.5964354106e-12
-7.61673151751	5.45895369215e-12
-7.60214007782	6.47977198919e-12
-7.58754863813	7.68726434828e-12
-7.57295719844	9.11476328617e-12
-7.55836575875	1.08014029283e-11
-7.54377431907	1.27931012762e-11
-7.52918287938	1.51437038821e-11
-7.51459143969	1.79163145616e-11
-7.5	2.1184842677e-11
-7.48540856031	2.50358011023e-11
-7.47081712062	2.9570394674e-11
-7.45622568093	3.49069429775e-11
-7.44163424124	4.11836907049e-11
-7.42704280156	4.85620647752e-11
-7.41245136187	5.72304467472e-11
-7.39785992218	6.7408539205e-11
-7.38326848249	7.93524162745e-11
-7.3686770428	9.3360361534e-11
-7.35408560311	1.09779611621e-10
-7.33949416342	1.29014140672e-10
-7.32490272373	1.51533640426e-10
-7.31031128405	1.7788387229e-10
-7.29571984436	2.08698593183e-10
-7.28112840467	2.44713284775e-10
-7.26653696498	2.86780948262e-10
-7.25194552529	3.35890262696e-10
-7.2373540856	3.93186446384e-10
-7.22276264591	4.59995206871e-10
-7.20817120623	5.37850218126e-10
-7.19357976654	6.28524621782e-10
-7.17898832685	7.34067117018e-10
-7.16439688716	8.56843277916e-10
-7.14980544747	9.99582822531e-10
-7.13521400778	1.16543365217e-09
-7.12062256809	1.35802358702e-09
-7.1060311284	1.58153084312e-09
-7.09143968872	1.84076443148e-09
-7.07684824903	2.14125580907e-09
-7.06225680934	2.48936328121e-09
-7.04766536965	2.89239084237e-09
-7.03307392996	3.35872335361e-09
-7.01848249027	3.89798018858e-09
-7.00389105058	4.52118974297e-09
-6.98929961089	5.24098749216e-09
-6.97470817121	6.0718406082e-09
-6.96011673152	7.03030250466e-09
-6.94552529183	8.13530108082e-09
-6.93093385214	9.40846487755e-09
-6.91634241245	1.08744918511e-08
-6.90175097276	1.25615660123e-08
-6.88715953307	1.45018277819e-08
-6.87256809338	1.67319045737e-08
-6.8579766537	1.92935088533e-08
-6.84338521401	2.22341117204e-08
-6.82879377432	2.56077009544e-08
-6.81420233463	2.94756334358e-08
-6.79961089494	3.39075929269e-08
-6.78501945525	3.89826653642e-08
-6.77042801556	4.47905451062e-08
-6.75583657588	5.14328869746e-08
-6.74124513619	5.90248204717e-08
-6.7266536965	6.76966442151e-08
-6.71206225681	7.75957204634e-08
-6.69747081712	8.88885915778e-08
-6.68287937743	1.01763342421e-07
-6.66828793774	1.16432235019e-07
-6.65369649805	1.3313464434e-07
-6.63910505837	1.52140326765e-07
-6.62451361868	1.73753055788e-07
-6.60992217899	1.98314662613e-07
-6.5953307393	2.26209522785e-07
-6.58073929961	2.57869533582e-07
-6.56614785992	2.93779630895e-07
-6.55155642023	3.34483898453e-07
-6.53696498054	3.80592326763e-07
-6.52237354086	4.32788283905e-07
-6.50778210117	4.91836765384e-07
-6.49319066148	5.58593495619e-07
-6.47859922179	6.34014959345e-07
-6.4640077821	7.19169447202e-07
-6.44941634241	8.15249206111e-07
-6.43482490272	9.23583791667e-07
-6.42023346303	1.04565472672e-06
-6.40564202335	1.18311157754e-06
-6.39105058366	1.3377895666e-06
-6.37645914397	1.51172884851e-06
-6.36186770428	1.70719558419e-06
-6.34727626459	1.92670495606e-06
-6.3326848249	2.1730462759e-06
-6.31809338521	2.44931034548e-06
-6.30350194552	2.75891923865e-06
-6.28891050584	3.10565868258e-06
-6.27431906615	3.49371322423e-06
-6.25972762646	3.92770437691e-06
-6.24513618677	4.41273195025e-06
-6.23054474708	4.95441877486e-06
-6.21595330739	5.55895904082e-06
-6.2013618677	6.23317047632e-06
-6.18677042802	6.98455059945e-06
-6.17217898833	7.82133728167e-06
-6.15758754864	8.75257386667e-06
-6.14299610895	9.78817909177e-06
-6.12840466926	1.09390220616e-05
-6.11381322957	1.22170025244e-05
-6.09922178988	1.36351367011e-05
-6.08463035019	1.52076489133e-05
-6.07003891051	1.69500692528e-05
-6.05544747082	1.88793375271e-05
-6.04085603113	2.10139137036e-05
-6.02626459144	2.33738950663e-05
-6.01167315175	2.59811402766e-05
-5.99708171206	2.88594005144e-05
-5.98249027237	3.20344578498e-05
-5.96789883268	3.55342709673e-05
-5.953307393	3.93891283324e-05
-5.93871595331	4.36318088533e-05
-5.92412451362	4.8297750048e-05
-5.90953307393	5.3425223678e-05
-5.89494163424	5.90555187598e-05
-5.88035019455	6.52331318023e-05
-5.86575875486	7.20059640569e-05
-5.85116731517	7.94255254954e-05
-5.83657587549	8.75471451508e-05
-5.8219844358	9.64301873784e-05
-5.80739299611	0.000106138273499
-5.79280155642	0.000116739508198
-5.77821011673	0.00012830670994
-5.76361867704	0.000140917644579
-5.74902723735	0.000154655261185
-5.73443579766	0.000169607929051
-5.71984435798	0.00018586967467
-5.70525291829	0.000203540417383
-5.6906614786	0.000222726202255
-5.67607003891	0.000243539428611
-5.66147859922	0.000266099072547
-5.64688715953	0.000290530901582
-5.63229571984	0.000316967679514
-5.61770428016	0.00034554935941
-5.60311284047	0.000376423262547
-5.58852140078	0.000409744241016
-5.57392996109	0.0004456748216
-5.5593385214	0.000484385328453
-5.54474708171	0.000526053982036
-5.53015564202	0.000570866971697
-5.51556420233	0.000619018499274
-5.50097276265	0.000670710791042
-5.48638132296	0.000726154075365
-5.47178988327	0.000785566523432
-5.45719844358	0.000849174150508
-5.44260700389	0.000917210675229
-5.4280155642	0.000989917334586
-5.41342412451	0.00106754265239
-5.39883268482	0.00115034215923
-5.38424124514	0.00123857806204
-5.36964980545	0.00133251886189
-5.35505836576	0.00143243891858
-5.34046692607	0.00153861796123
-5.32587548638	0.0016513405443
-5.31128404669	0.00177089544886
-5.296692607	0.00189757502933
-5.28210116731	0.00203167450649
-5.26750972763	0.00217349120796
-5.25291828794	0.00232332375775
-5.23832684825	0.00248147121725
-5.22373540856	0.00264823218023
-5.20914396887	0.00282390382536
-5.19455252918	0.00300878092981
-5.17996108949	0.00320315484847
-5.1653696498	0.00340731246354
-5.15077821012	0.00362153510993
-5.13618677043	0.00384609748209
-5.12159533074	0.00408126652876
-5.10700389105	0.004327300342
-5.09241245136	0.00458444704761
-5.07782101167	0.00485294370408
-5.06322957198	0.0051330152175
-5.0486381323	0.00542487327997
-5.03404669261	0.00572871533921
-5.01945525292	0.00604472360688
-5.00486381323	0.00637306411316
-4.99027237354	0.00671388581501
-4.97568093385	0.00706731976506
-4.96108949416	0.00743347834797
-4.94649805447	0.00781245459054
-4.93190661479	0.00820432155142
-4.9173151751	0.00860913179569
-4.90272373541	0.00902691695883
-4.88813229572	0.00945768740421
-4.87354085603	0.00990143197707
-4.85894941634	0.0103581178576
-4.84435797665	0.0108276905146
-4.82976653696	0.0113100737604
-4.81517509728	0.0118051699071
-4.80058365759	0.0123128600234
-4.7859922179	0.0128330042893
-4.77140077821	0.0133654424474
-4.75680933852	0.0139099943466
-4.74221789883	0.014466460574
-4.72762645914	0.0150346231704
-4.71303501945	0.0156142464247
-4.69844357977	0.0162050777392
-4.68385214008	0.0168068485619
-4.66926070039	0.0174192753764
-4.6546692607	0.0180420607439
-4.64007782101	0.0186748943886
-4.62548638132	0.01931745432
-4.61089494163	0.0199694079828
-4.59630350194	0.0206304134277
-4.58171206226	0.0213001204957
-4.56712062257	0.021978172006
-4.55252918288	0.0226642049438
-4.53793774319	0.0233578516371
-4.5233463035	0.0240587409188
-4.50875486381	0.0247664992653
-4.49416342412	0.0254807519077
-4.47957198444	0.0262011239085
-4.46498054475	0.0269272411999
-4.45038910506	0.0276587315786
-4.43579766537	0.0283952256539
-4.42120622568	0.0291363577441
-4.40661478599	0.0298817667213
-4.3920233463	0.0306310967989
-4.37743190661	0.0313839982632
-4.36284046693	0.0321401281446
-4.34824902724	0.0328991508317
-4.33365758755	0.0336607386237
-4.31906614786	0.0344245722251
-4.30447470817	0.0351903411802
-4.28988326848	0.0359577442506
-4.27529182879	0.0367264897365
-4.2607003891	0.0374962957415
-4.24610894942	0.0382668903868
-4.23151750973	0.039038011972
-4.21692607004	0.0398094090896
-4.20233463035	0.0405808406919
-4.18774319066	0.0413520761154
-4.17315175097	0.0421228950642
-4.15856031128	0.0428930875556
-4.14396887159	0.0436624538304
-4.12937743191	0.0444308042319
-4.11478599222	0.0451979590545
-4.10019455253	0.0459637483665
-4.08560311284	0.0467280118091
-4.07101167315	0.0474905983739
-4.05642023346	0.0482513661629
-4.04182879377	0.0490101821314
-4.02723735408	0.0497669218184
-4.0126459144	0.0505214690655
-3.99805447471	0.0512737157264
-3.98346303502	0.05202356137
-3.96887159533	0.052770912978
-3.95428015564	0.0535156846396
-3.93968871595	0.0542577972442
-3.92509727626	0.0549971781744
-3.91050583658	0.0557337609997
-3.89591439689	0.0564674851734
-3.8813229572	0.0571982957327
-3.86673151751	0.0579261430039
-3.85214007782	0.0586509823126
-3.83754863813	0.0593727737007
-3.82295719844	0.0600914816505
-3.80836575875	0.0608070748164
-3.79377431907	0.0615195257643
-3.77918287938	0.06222881072
-3.76459143969	0.0629349093265
-3.75	0.06363780441
-3.73540856031	0.0643374817553
-3.72081712062	0.0650339298907
-3.70622568093	0.0657271398826
-3.69163424124	0.0664171051385
-3.67704280156	0.0671038212208
-3.66245136187	0.0677872856687
-3.64785992218	0.0684674978296
-3.63326848249	0.0691444587004
-3.6186770428	0.0698181707761
-3.60408560311	0.0704886379078
-3.58949416342	0.0711558651697
-3.57490272373	0.0718198587329
-3.56031128405	0.0724806257478
-3.54571984436	0.0731381742343
-3.53112840467	0.0737925129788
-3.51653696498	0.0744436514384
-3.50194552529	0.0750915996519
-3.4873540856	0.075736368157
-3.47276264591	0.0763779679139
-3.45817120623	0.0770164102346
-3.44357976654	0.0776517067176
-3.42898832685	0.0782838691881
-3.41439688716	0.0789129096428
-3.39980544747	0.0795388402001
-3.38521400778	0.0801616730538
-3.37062256809	0.0807814204317
-3.3560311284	0.0813980945579
-3.34143968872	0.0820117076184
-3.32684824903	0.0826222717307
-3.31225680934	0.0832297989163
-3.29766536965	0.0838343010763
-3.28307392996	0.0844357899696
-3.26848249027	0.0850342771937
-3.25389105058	0.0856297741685
-3.23929961089	0.0862222921212
-3.22470817121	0.0868118420744
-3.21011673152	0.0873984348353
-3.19552529183	0.0879820809868
-3.18093385214	0.0885627908804
-3.16634241245	0.0891405746308
-3.15175097276	0.0897154421107
-3.13715953307	0.0902874029482
-3.12256809338	0.0908564665245
-3.1079766537	0.0914226419727
-3.09338521401	0.0919859381775
-3.07879377432	0.092546363776
-3.06420233463	0.0931039271588
-3.04961089494	0.093658636472
-3.03501945525	0.0942104996196
-3.02042801556	0.0947595242665
-3.00583657587	0.0953057178421
-2.99124513619	0.0958490875438
-2.9766536965	0.0963896403416
-2.96206225681	0.0969273829818
-2.94747081712	0.0974623219924
-2.93287937743	0.0979944636874
-2.91828793774	0.0985238141721
-2.90369649805	0.0990503793482
-2.88910505837	0.0995741649186
-2.87451361868	0.100095176393
-2.85992217899	0.100613419094
-2.8453307393	0.10112889816
-2.83073929961	0.101641618555
-2.81614785992	0.102151585067
-2.80155642023	0.10265880232
-2.78696498054	0.103163274777
-2.77237354086	0.103665006743
-2.75778210117	0.104164002372
-2.74319066148	0.104660265674
-2.72859922179	0.105153800514
-2.7140077821	0.105644610624
-2.69941634241	0.106132699601
-2.68482490272	0.106618070917
-2.67023346303	0.107100727921
-2.65564202335	0.107580673842
-2.64105058366	0.108057911798
-2.62645914397	0.108532444793
-2.61186770428	0.109004275729
-2.59727626459	0.109473407402
-2.5826848249	0.109939842513
-2.56809338521	0.110403583667
-2.55350194552	0.110864633378
-2.53891050584	0.111322994072
-2.52431906615	0.11177866809
-2.50972762646	0.112231657694
-2.49513618677	0.112681965065
-2.48054474708	0.113129592312
-2.46595330739	0.113574541468
-2.4513618677	0.114016814501
-2.43677042801	0.114456413308
-2.42217898833	0.114893339723
-2.40758754864	0.11532759552
-2.39299610895	0.115759182411
-2.37840466926	0.116188102052
-2.36381322957	0.116614356043
-2.34922178988	0.117037945934
-2.33463035019	0.11745887322
-2.32003891051	0.117877139349
-2.30544747082	0.118292745724
-2.29085603113	0.118705693698
-2.27626459144	0.119115984585
-2.26167315175	0.119523619654
-2.24708171206	0.119928600136
-2.23249027237	0.120330927221
-2.21789883268	0.120730602062
-2.203307393	0.121127625778
-2.18871595331	0.121521999451
-2.17412451362	0.121913724132
-2.15953307393	0.122302800836
-2.14494163424	0.122689230552
-2.13035019455	0.123073014235
-2.11575875486	0.123454152813
-2.10116731517	0.123832647188
-2.08657587549	0.124208498232
-2.0719844358	0.124581706793
-2.05739299611	0.124952273695
-2.04280155642	0.125320199737
-2.02821011673	0.125685485694
-2.01361867704	0.126048132321
-1.99902723735	0.126408140349
-1.98443579766	0.126765510491
-1.96984435798	0.127120243438
-1.95525291829	0.127472339861
-1.9406614786	0.127821800416
-1.92607003891	0.128168625736
-1.91147859922	0.12851281644
-1.89688715953	0.12885437313
-1.88229571984	0.129193296389
-1.86770428015	0.129529586788
-1.85311284047	0.129863244879
-1.83852140078	0.130194271202
-1.82392996109	0.130522666282
-1.8093385214	0.13084843063
-1.79474708171	0.131171564743
-1.78015564202	0.131492069106
-1.76556420233	0.13180994419
-1.75097276265	0.132125190457
-1.73638132296	0.132437808354
-1.72178988327	0.132747798318
-1.70719844358	0.133055160774
-1.69260700389	0.133359896138
-1.6780155642	0.133662004814
-1.66342412451	0.133961487197
-1.64883268482	0.134258343671
-1.63424124514	0.134552574611
-1.61964980545	0.134844180383
-1.60505836576	0.135133161345
-1.59046692607	0.135419517843
-1.57587548638	0.135703250219
-1.56128404669	0.135984358804
-1.546692607	0.136262843921
-1.53210116731	0.136538705886
-1.51750972763	0.136811945007
-1.50291828794	0.137082561586
-1.48832684825	0.137350555916
-1.47373540856	0.137615928283
-1.45914396887	0.137878678969
-1.44455252918	0.138138808246
-1.42996108949	0.138396316381
-1.4153696498	0.138651203636
-1.40077821012	0.138903470265
-1.38618677043	0.139153116517
-1.37159533074	0.139400142635
-1.35700389105	0.139644548857
-1.34241245136	0.139886335414
-1.32782101167	0.140125502533
-1.31322957198	0.140362050436
-1.29863813229	0.14059597934
-1.28404669261	0.140827289454
-1.26945525292	0.141055980987
-1.25486381323	0.141282054139
-1.24027237354	0.141505509109
-1.22568093385	0.141726346088
-1.21108949416	0.141944565266
-1.19649805447	0.142160166826
-1.18190661479	0.142373150949
-1.1673151751	0.14258351781
-1.15272373541	0.142791267581
-1.13813229572	0.142996400429
-1.12354085603	0.14319891652
-1.10894941634	0.143398816012
-1.09435797665	0.143596099064
-1.07976653696	0.143790765828
-1.06517509728	0.143982816454
-1.05058365759	0.144172251088
-1.0359922179	0.144359069872
-1.02140077821	0.144543272947
-1.00680933852	0.144724860448
-0.992217898832	0.14490383251
-0.977626459143	0.145080189261
-0.963035019454	0.14525393083
-0.948443579766	0.14542505734
-0.933852140077	0.145593568913
-0.919260700388	0.145759465666
-0.9046692607	0.145922747716
-0.890077821011	0.146083415176
-0.875486381322	0.146241468155
-0.860894941633	0.146396906762
-0.846303501945	0.1465497311
-0.831712062256	0.146699941274
-0.817120622567	0.146847537381
-0.802529182879	0.146992519521
-0.78793774319	0.147134887788
-0.773346303501	0.147274642275
-0.758754863812	0.147411783072
-0.744163424124	0.147546310267
-0.729571984435	0.147678223947
-0.714980544746	0.147807524194
-0.700389105058	0.14793421109
-0.685797665369	0.148058284716
-0.67120622568	0.148179745147
-0.656614785991	0.148298592459
-0.642023346303	0.148414826725
-0.627431906614	0.148528448017
-0.612840466925	0.148639456403
-0.598249027237	0.14874785195
-0.583657587548	0.148853634724
-0.569066147859	0.148956804789
-0.55447470817	0.149057362205
-0.539883268482	0.149155307032
-0.525291828793	0.149250639328
-0.510700389104	0.149343359149
-0.496108949416	0.149433466549
-0.481517509727	0.149520961581
-0.466926070038	0.149605844296
-0.452334630349	0.149688114741
-0.437743190661	0.149767772966
-0.423151750972	0.149844819014
-0.408560311283	0.149919252931
-0.393968871594	0.149991074758
-0.379377431906	0.150060284537
-0.364785992217	0.150126882306
-0.350194552528	0.150190868103
-0.33560311284	0.150252241963
-0.321011673151	0.150311003922
-0.306420233462	0.150367154011
-0.291828793773	0.150420692262
-0.277237354085	0.150471618705
-0.262645914396	0.150519933368
-0.248054474707	0.150565636278
-0.233463035019	0.150608727459
-0.21887159533	0.150649206936
-0.204280155641	0.15068707473
-0.189688715952	0.150722330863
-0.175097276264	0.150754975354
-0.160505836575	0.15078500822
-0.145914396886	0.150812429478
-0.131322957198	0.150837239142
-0.116731517509	0.150859437227
-0.10214007782	0.150879023744
-0.0875486381314	0.150895998704
-0.0729571984427	0.150910362117
-0.058365758754	0.150922113989
-0.0437743190653	0.150931254327
-0.0291828793766	0.150937783137
-0.0145914396879	0.150941700421
8.5975671027e-13	0.150943006183
0.0145914396896	0.150941700421
0.0291828793783	0.150937783137
0.043774319067	0.150931254327
0.0583657587557	0.150922113989
0.0729571984444	0.150910362117
0.0875486381332	0.150895998704
0.102140077822	0.150879023744
0.116731517511	0.150859437227
0.131322957199	0.150837239142
0.145914396888	0.150812429478
0.160505836577	0.15078500822
0.175097276265	0.150754975354
0.189688715954	0.150722330863
0.204280155643	0.15068707473
0.218871595332	0.150649206936
0.23346303502	0.150608727459
0.248054474709	0.150565636278
0.262645914398	0.150519933368
0.277237354086	0.150471618705
0.291828793775	0.150420692262
0.306420233464	0.150367154011
0.321011673153	0.150311003922
0.335603112841	0.150252241963
0.35019455253	0.150190868103
0.364785992219	0.150126882306
0.379377431907	0.150060284537
0.393968871596	0.149991074758
0.408560311285	0.149919252931
0.423151750974	0.149844819014
0.437743190662	0.149767772966
0.452334630351	0.149688114741
0.46692607004	0.149605844296
0.481517509729	0.149520961581
0.496108949417	0.149433466549
0.510700389106	0.149343359149
0.525291828795	0.149250639328
0.539883268483	0.149155307032
0.554474708172	0.149057362205
0.569066147861	0.148956804789
0.58365758755	0.148853634724
0.598249027238	0.14874785195
0.612840466927	0.148639456403
0.627431906616	0.148528448017
0.642023346304	0.148414826725
0.656614785993	0.148298592459
0.671206225682	0.148179745147
0.685797665371	0.148058284716
0.700389105059	0.14793421109
0.714980544748	0.147807524194
0.729571984437	0.147678223947
0.744163424125	0.147546310267
0.758754863814	0.147411783072
0.773346303503	0.147274642275
0.787937743192	0.147134887788
0.80252918288	0.146992519521
0.817120622569	0.146847537381
0.831712062258	0.146699941274
0.846303501946	0.1465497311
0.860894941635	0.146396906762
0.875486381324	0.146241468155
0.890077821013	0.146083415176
0.904669260701	0.145922747716
0.91926070039	0.145759465666
0.933852140079	0.145593568913
0.948443579767	0.14542505734
0.963035019456	0.14525393083
0.977626459145	0.145080189261
0.992217898834	0.14490383251
1.00680933852	0.144724860448
1.02140077821	0.144543272947
1.0359922179	0.144359069872
1.05058365759	0.144172251088
1.06517509728	0.143982816454
1.07976653697	0.143790765828
1.09435797665	0.143596099064
1.10894941634	0.143398816012
1.12354085603	0.14319891652
1.13813229572	0.142996400429
1.15272373541	0.142791267581
1.1673151751	0.14258351781
1.18190661479	0.142373150949
1.19649805448	0.142160166826
1.21108949416	0.141944565266
1.22568093385	0.141726346088
1.24027237354	0.141505509109
1.25486381323	0.141282054139
1.26945525292	0.141055980987
1.28404669261	0.140827289454
1.2986381323	0.14059597934
1.31322957199	0.140362050436
1.32782101167	0.140125502533
1.34241245136	0.139886335414
1.35700389105	0.139644548857
1.37159533074	0.139400142635
1.38618677043	0.139153116517
1.40077821012	0.138903470265
1.41536964981	0.138651203636
1.4299610895	0.138396316381
1.44455252918	0.138138808246
1.45914396887	0.137878678969
1.47373540856	0.137615928283
1.48832684825	0.137350555916
1.50291828794	0.137082561586
1.51750972763	0.136811945007
1.53210116732	0.136538705886
1.546692607	0.136262843921
1.56128404669	0.135984358804
1.57587548638	0.135703250219
1.59046692607	0.135419517843
1.60505836576	0.135133161345
1.61964980545	0.134844180383
1.63424124514	0.134552574611
1.64883268483	0.134258343671
1.66342412451	0.133961487197
1.6780155642	0.133662004814
1.69260700389	0.133359896138
1.70719844358	0.133055160774
1.72178988327	0.132747798318
1.73638132296	0.132437808354
1.75097276265	0.132125190457
1.76556420234	0.13180994419
1.78015564202	0.131492069106
1.79474708171	0.131171564743
1.8093385214	0.13084843063
1.82392996109	0.130522666282
1.83852140078	0.130194271202
1.85311284047	0.129863244879
1.86770428016	0.129529586788
1.88229571985	0.129193296389
1.89688715953	0.12885437313
1.91147859922	0.12851281644
1.92607003891	0.128168625736
1.9406614786	0.127821800416
1.95525291829	0.127472339861
1.96984435798	0.127120243438
1.98443579767	0.126765510491
1.99902723736	0.126408140349
2.01361867704	0.126048132321
2.02821011673	0.125685485694
2.04280155642	0.125320199737
2.05739299611	0.124952273695
2.0719844358	0.124581706793
2.08657587549	0.124208498232
2.10116731518	0.123832647188
2.11575875486	0.123454152813
2.13035019455	0.123073014235
2.14494163424	0.122689230552
2.15953307393	0.122302800836
2.17412451362	0.121913724132
2.18871595331	0.121521999451
2.203307393	0.121127625778
2.21789883269	0.120730602062
2.23249027237	0.120330927221
2.24708171206	0.119928600136
2.26167315175	0.119523619654
2.27626459144	0.119115984585
2.29085603113	0.118705693698
2.30544747082	0.118292745724
2.32003891051	0.117877139349
2.3346303502	0.11745887322
2.34922178988	0.117037945934
2.36381322957	0.116614356043
2.37840466926	0.116188102052
2.39299610895	0.115759182411
2.40758754864	0.11532759552
2.42217898833	0.114893339723
2.43677042802	0.114456413308
2.45136186771	0.114016814501
2.46595330739	0.113574541468
2.48054474708	0.113129592312
2.49513618677	0.112681965065
2.50972762646	0.112231657694
2.52431906615	0.11177866809
2.53891050584	0.111322994072
2.55350194553	0.110864633378
2.56809338522	0.110403583667
2.5826848249	0.109939842513
2.59727626459	0.109473407402
2.61186770428	0.109004275729
2.62645914397	0.108532444793
2.64105058366	0.108057911798
2.65564202335	0.107580673842
2.67023346304	0.107100727921
2.68482490272	0.106618070917
2.69941634241	0.106132699601
2.7140077821	0.105644610624
2.72859922179	0.105153800514
2.74319066148	0.104660265674
2.75778210117	0.104164002373
2.77237354086	0.103665006743
2.78696498055	0.103163274777
2.80155642023	0.10265880232
2.81614785992	0.102151585067
2.83073929961	0.101641618555
2.8453307393	0.10112889816
2.85992217899	0.100613419094
2.87451361868	0.100095176393
2.88910505837	0.0995741649186
2.90369649806	0.0990503793482
2.91828793774	0.0985238141722
2.93287937743	0.0979944636874
2.94747081712	0.0974623219924
2.96206225681	0.0969273829818
2.9766536965	0.0963896403416
2.99124513619	0.0958490875439
3.00583657588	0.0953057178421
3.02042801557	0.0947595242665
3.03501945525	0.0942104996196
3.04961089494	0.0936586364721
3.06420233463	0.0931039271589
3.07879377432	0.092546363776
3.09338521401	0.0919859381775
3.1079766537	0.0914226419727
3.12256809339	0.0908564665245
3.13715953307	0.0902874029482
3.15175097276	0.0897154421107
3.16634241245	0.0891405746308
3.18093385214	0.0885627908805
3.19552529183	0.0879820809868
3.21011673152	0.0873984348353
3.22470817121	0.0868118420745
3.2392996109	0.0862222921212
3.25389105058	0.0856297741685
3.26848249027	0.0850342771937
3.28307392996	0.0844357899696
3.29766536965	0.0838343010764
3.31225680934	0.0832297989164
3.32684824903	0.0826222717307
3.34143968872	0.0820117076184
3.35603112841	0.0813980945579
3.37062256809	0.0807814204318
3.38521400778	0.0801616730538
3.39980544747	0.0795388402001
3.41439688716	0.0789129096428
3.42898832685	0.0782838691881
3.44357976654	0.0776517067177
3.45817120623	0.0770164102347
3.47276264592	0.076377967914
3.4873540856	0.075736368157
3.50194552529	0.0750915996519
3.51653696498	0.0744436514384
3.53112840467	0.0737925129788
3.54571984436	0.0731381742343
3.56031128405	0.0724806257478
3.57490272374	0.0718198587329
3.58949416343	0.0711558651698
3.60408560311	0.0704886379079
3.6186770428	0.0698181707761
3.63326848249	0.0691444587005
3.64785992218	0.0684674978297
3.66245136187	0.0677872856687
3.67704280156	0.0671038212209
3.69163424125	0.0664171051386
3.70622568093	0.0657271398827
3.72081712062	0.0650339298908
3.73540856031	0.0643374817553
3.75	0.0636378044101
3.76459143969	0.0629349093266
3.77918287938	0.0622288107201
3.79377431907	0.0615195257643
3.80836575876	0.0608070748165
3.82295719844	0.0600914816506
3.83754863813	0.0593727737007
3.85214007782	0.0586509823127
3.86673151751	0.057926143004
3.8813229572	0.0571982957328
3.89591439689	0.0564674851735
3.91050583658	0.0557337609997
3.92509727627	0.0549971781745
3.93968871595	0.0542577972443
3.95428015564	0.0535156846397
3.96887159533	0.0527709129781
3.98346303502	0.0520235613701
3.99805447471	0.0512737157265
4.0126459144	0.0505214690656
4.02723735409	0.0497669218186
4.04182879378	0.0490101821315
4.05642023346	0.048251366163
4.07101167315	0.047490598374
4.08560311284	0.0467280118092
4.10019455253	0.0459637483666
4.11478599222	0.0451979590546
4.12937743191	0.044430804232
4.1439688716	0.0436624538306
4.15856031129	0.0428930875557
4.17315175097	0.0421228950644
4.18774319066	0.0413520761155
4.20233463035	0.040580840692
4.21692607004	0.0398094090897
4.23151750973	0.0390380119721
4.24610894942	0.0382668903869
4.26070038911	0.0374962957417
4.27529182879	0.0367264897366
4.28988326848	0.0359577442508
4.30447470817	0.0351903411803
4.31906614786	0.0344245722253
4.33365758755	0.0336607386239
4.34824902724	0.0328991508318
4.36284046693	0.0321401281448
4.37743190662	0.0313839982633
4.3920233463	0.0306310967991
4.40661478599	0.0298817667214
4.42120622568	0.0291363577442
4.43579766537	0.028395225654
4.45038910506	0.0276587315788
4.46498054475	0.0269272412
4.47957198444	0.0262011239086
4.49416342413	0.0254807519078
4.50875486381	0.0247664992655
4.5233463035	0.024058740919
4.53793774319	0.0233578516373
4.55252918288	0.022664204944
4.56712062257	0.0219781720062
4.58171206226	0.0213001204958
4.59630350195	0.0206304134279
4.61089494164	0.0199694079829
4.62548638132	0.0193174543202
4.64007782101	0.0186748943888
4.6546692607	0.0180420607441
4.66926070039	0.0174192753766
4.68385214008	0.0168068485621
4.69844357977	0.0162050777394
4.71303501946	0.0156142464248
4.72762645915	0.0150346231706
4.74221789883	0.0144664605742
4.75680933852	0.0139099943468
4.77140077821	0.0133654424476
4.7859922179	0.0128330042895
4.80058365759	0.0123128600236
4.81517509728	0.0118051699073
4.82976653697	0.0113100737606
4.84435797665	0.0108276905148
4.85894941634	0.0103581178578
4.87354085603	0.00990143197723
4.88813229572	0.00945768740436
4.90272373541	0.00902691695898
4.9173151751	0.00860913179584
4.93190661479	0.00820432155157
4.94649805448	0.00781245459068
4.96108949416	0.00743347834811
4.97568093385	0.0070673197652
4.99027237354	0.00671388581515
5.00486381323	0.00637306411329
5.01945525292	0.00604472360701
5.03404669261	0.00572871533934
5.0486381323	0.00542487328009
5.06322957199	0.00513301521761
5.07782101167	0.0048529437042
5.09241245136	0.00458444704772
5.10700389105	0.00432730034211
5.12159533074	0.00408126652887
5.13618677043	0.00384609748219
5.15077821012	0.00362153511003
5.16536964981	0.00340731246364
5.1799610895	0.00320315484856
5.19455252918	0.0030087809299
5.20914396887	0.00282390382545
5.22373540856	0.00264823218031
5.23832684825	0.00248147121732
5.25291828794	0.00232332375783
5.26750972763	0.00217349120803
5.28210116732	0.00203167450656
5.29669260701	0.0018975750294
5.31128404669	0.00177089544893
5.32587548638	0.00165134054436
5.34046692607	0.00153861796128
5.35505836576	0.00143243891863
5.36964980545	0.00133251886194
5.38424124514	0.00123857806209
5.39883268483	0.00115034215928
5.41342412451	0.00106754265244
5.4280155642	0.000989917334628
5.44260700389	0.000917210675269
5.45719844358	0.000849174150546
5.47178988327	0.000785566523468
5.48638132296	0.000726154075399
5.50097276265	0.000670710791074
5.51556420234	0.000619018499305
5.53015564202	0.000570866971726
5.54474708171	0.000526053982063
5.5593385214	0.000484385328479
5.57392996109	0.000445674821624
5.58852140078	0.000409744241038
5.60311284047	0.000376423262568
5.61770428016	0.00034554935943
5.63229571985	0.000316967679533
5.64688715953	0.0002905309016
5.66147859922	0.000266099072564
5.67607003891	0.000243539428627
5.6906614786	0.000222726202269
5.70525291829	0.000203540417397
5.71984435798	0.000185869674683
5.73443579767	0.000169607929063
5.74902723736	0.000154655261197
5.76361867704	0.00014091764459
5.77821011673	0.00012830670995
5.79280155642	0.000116739508207
5.80739299611	0.000106138273508
5.8219844358	9.64301873862e-05
5.83657587549	8.75471451581e-05
5.85116731518	7.94255255022e-05
5.86575875487	7.20059640632e-05
5.88035019455	6.52331318081e-05
5.89494163424	5.90555187653e-05
5.90953307393	5.34252236831e-05
5.92412451362	4.82977500526e-05
5.93871595331	4.36318088576e-05
5.953307393	3.93891283363e-05
5.96789883269	3.5534270971e-05
5.98249027237	3.20344578532e-05
5.99708171206	2.88594005175e-05
6.01167315175	2.59811402795e-05
6.02626459144	2.3373895069e-05
6.04085603113	2.10139137061e-05
6.05544747082	1.88793375293e-05
6.07003891051	1.69500692549e-05
6.0846303502	1.52076489152e-05
6.09922178988	1.36351367028e-05
6.11381322957	1.2217002526e-05
6.12840466926	1.09390220631e-05
6.14299610895	9.78817909313e-06
6.15758754864	8.75257386792e-06
6.17217898833	7.82133728281e-06
6.18677042802	6.9845506005e-06
6.20136186771	6.23317047728e-06
6.21595330739	5.5589590417e-06
6.23054474708	4.95441877567e-06
6.24513618677	4.412731951e-06
6.25972762646	3.92770437759e-06
6.27431906615	3.49371322486e-06
6.28891050584	3.10565868316e-06
6.30350194553	2.75891923917e-06
6.31809338522	2.44931034596e-06
6.3326848249	2.17304627635e-06
6.34727626459	1.92670495647e-06
6.36186770428	1.70719558456e-06
6.37645914397	1.51172884885e-06
6.39105058366	1.3377895669e-06
6.40564202335	1.18311157782e-06
6.42023346304	1.04565472697e-06
6.43482490272	9.23583791894e-07
6.44941634241	8.15249206317e-07
6.4640077821	7.19169447388e-07
6.47859922179	6.34014959513e-07
6.49319066148	5.5859349577e-07
6.50778210117	4.9183676552e-07
6.52237354086	4.32788284027e-07
6.53696498055	3.80592326872e-07
6.55155642023	3.34483898552e-07
6.56614785992	2.93779630984e-07
6.58073929961	2.57869533662e-07
6.5953307393	2.26209522857e-07
6.60992217899	1.98314662679e-07
6.62451361868	1.73753055847e-07
6.63910505837	1.52140326818e-07
6.65369649806	1.33134644388e-07
6.66828793774	1.16432235063e-07
6.68287937743	1.01763342461e-07
6.69747081712	8.88885916143e-08
6.71206225681	7.75957204966e-08
6.7266536965	6.76966442455e-08
6.74124513619	5.90248204993e-08
6.75583657588	5.14328869996e-08
6.77042801557	4.47905451287e-08
6.78501945525	3.89826653851e-08
6.79961089494	3.3907592946e-08
6.81420233463	2.94756334534e-08
6.82879377432	2.56077009703e-08
6.84338521401	2.22341117349e-08
6.8579766537	1.92935088664e-08
6.87256809339	1.67319045855e-08
6.88715953308	1.45018277923e-08
6.90175097276	1.25615660218e-08
6.91634241245	1.08744918597e-08
6.93093385214	9.40846488529e-09
6.94552529183	8.13530108773e-09
6.96011673152	7.03030251086e-09
6.97470817121	6.07184061367e-09
6.9892996109	5.24098749701e-09
7.00389105058	4.52118974717e-09
7.01848249027	3.89798019237e-09
7.03307392996	3.35872335693e-09
7.04766536965	2.89239084531e-09
7.06225680934	2.48936328378e-09
7.07684824903	2.14125581135e-09
7.09143968872	1.84076443346e-09
7.10603112841	1.58153084485e-09
7.12062256809	1.3580235885e-09
7.13521400778	1.1654336535e-09
7.14980544747	9.99582823695e-10
7.16439688716	8.56843278954e-10
7.17898832685	7.34067117934e-10
7.19357976654	6.2852462262e-10
7.20817120623	5.37850218876e-10
7.22276264592	4.59995207559e-10
7.2373540856	3.93186447e-10
7.25194552529	3.35890263298e-10
7.26653696498	2.86780948818e-10
7.28112840467	2.44713285289e-10
7.29571984436	2.0869859364e-10
7.31031128405	1.77883872703e-10
7.32490272374	1.51533640785e-10
7.33949416343	1.29014140986e-10
7.35408560311	1.09779611879e-10
7.3686770428	9.33603617713e-11
7.38326848249	7.93524164844e-11
7.39785992218	6.74085393947e-11
7.41245136187	5.7230446913e-11
7.42704280156	4.85620649238e-11
7.44163424125	4.11836908352e-11
7.45622568094	3.49069430964e-11
7.47081712062	2.95703947784e-11
7.48540856031	2.50358012077e-11
7.5	2.11848427768e-11
7.51459143969	1.79163146519e-11
7.52918287938	1.51437039595e-11
7.54377431907	1.27931013446e-11
7.55836575876	1.08014029858e-11
7.57295719844	9.11476333691e-12
7.58754863813	7.68726439003e-12
7.60214007782	6.47977202911e-12
7.61673151751	5.45895372754e-12
7.6313229572	4.59643544252e-12
7.64591439689	3.86807839242e-12
7.66050583658	3.25335910307e-12
7.67509727627	2.73483829402e-12
7.68968871595	2.29770618417e-12
7.70428015564	1.92939345119e-12
7.71887159533	1.61923859632e-12
7.73346303502	1.35820368543e-12
7.74805447471	1.13863162156e-12
7.7626459144	9.54038984467e-13
7.77723735409	7.98939347142e-13
7.79182879378	6.68692678941e-13
7.80642023346	5.59377064133e-13
7.82101167315	4.6767949264e-13
7.83560311284	3.90802955537e-13
7.85019455253	3.26387445574e-13
7.86478599222	2.72442837841e-13
7.87937743191	2.27291888774e-13
7.8939688716	1.8952186372e-13
7.90856031129	1.57943508652e-13
7.92315175097	1.31556275317e-13
7.93774319066	1.09518861591e-13
7.95233463035	9.11242731644e-14
7.96692607004	7.57787214074e-14
7.98151750973	6.29837833178e-14
7.99610894942	5.23213236667e-14
8.01070038911	4.34407624682e-14
8.0252918288	3.60483276371e-14
8.03988326848	2.98979902832e-14
8.05447470817	2.47838222944e-14
8.06906614786	2.05335585819e-14
8.08365758755	1.70031748032e-14
8.09824902724	1.40723264969e-14
8.11284046693	1.16405121561e-14
8.12743190662	9.62384886594e-15
8.1420233463	7.95236357703e-15
8.15661478599	6.56771963229e-15
8.17120622568	5.42130861973e-15
8.18579766537	4.47265118999e-15
8.20038910506	3.68805600959e-15
8.21498054475	3.03949736739e-15
8.22957198444	2.50367540638e-15
8.24416342413	2.06123007054e-15
8.25875486381	1.69608379398e-15
8.2733463035	1.39489247387e-15
8.28793774319	1.1465868025e-15
8.30252918288	9.41989686406e-16
8.31712062257	7.73496835403e-16
8.33171206226	6.3481082483e-16
8.34630350195	5.20719309776e-16
8.36089494164	4.26910478071e-16
8.37548638132	3.49819404028e-16
8.39007782101	2.86500326354e-16
8.4046692607	2.34520414158e-16
8.41926070039	1.91871614914e-16
8.43385214008	1.56897317702e-16
8.44844357977	1.28231646321e-16
8.46303501946	1.04749027662e-16
8.47762645915	8.55224357871e-17
8.49221789883	6.97887674685e-17
8.50680933852	5.69202257888e-17
8.52140077821	4.64005841979e-17
8.5359922179	3.78056154959e-17
8.55058365759	3.07868570284e-17
8.56517509728	2.5058251507e-17
8.57976653697	2.03850920038e-17
8.59435797666	1.65749149094e-17
8.60894941634	1.34699731344e-17
8.62354085603	1.09410536081e-17
8.63813229572	8.88236554879e-18
8.65272373541	7.20735042886e-18
8.6673151751	5.84521091708e-18
8.68190661479	4.73808164963e-18
8.69649805448	3.83868816272e-18
8.71108949416	3.10843127034e-18
8.72568093385	2.51581006411e-18
8.74027237354	2.03513316861e-18
8.75486381323	1.64545547488e-18
8.76945525292	1.32971493464e-18
8.78404669261	1.07401380181e-18
8.7986381323	8.67042759443e-19
8.81322957199	6.99601087047e-19
8.82782101167	5.64209059245e-19
8.84241245136	4.54787812433e-19
8.85700389105	3.6640165758e-19
8.87159533074	2.9504292424e-19
8.88618677043	2.37461834149e-19
8.90077821012	1.9102179698e-19
8.91536964981	1.53586571347e-19
8.9299610895	1.23425339796e-19
8.94455252918	9.91372652434e-20
8.95914396887	7.9588466301e-20
8.97373540856	6.3862359199e-20
8.98832684825	5.12176425801e-20
9.00291828794	4.10560969778e-20
9.01750972763	3.28940961109e-20
9.03210116732	2.6341563009e-20
9.04669260701	2.10837090576e-20
9.06128404669	1.68669172016e-20
9.07587548638	1.34866816985e-20
9.09046692607	1.07784825273e-20
9.10505836576	8.60970251878e-21
9.11964980545	6.87396624017e-21
9.13424124514	5.48542801936e-21
9.14883268483	4.37523674302e-21
9.16342412452	3.48800063793e-21
9.1780155642	2.77932283288e-21
9.19260700389	2.21351349403e-21
9.20719844358	1.76202587534e-21
9.22178988327	1.40190437177e-21
9.23638132296	1.11485678746e-21
9.25097276265	8.86143145754e-22
9.26556420234	7.04023638041e-22
9.28015564202	5.59058426378e-22
9.29474708171	4.43732265158e-22
9.3093385214	3.52020377013e-22
9.32392996109	2.79127970771e-22
9.33852140078	2.21207166379e-22
9.35311284047	1.75236081886e-22
9.36770428016	1.38750926872e-22
9.38229571985	1.09815896305e-22
9.39688715953	8.68726818528e-23
9.41147859922	6.86915740977e-23
9.42607003891	5.42870223989e-23
9.4406614786	4.28848129127e-23
9.45525291829	3.38563590638e-23
9.46984435798	2.67200190427e-23
9.48443579767	2.10794572492e-23
9.49902723736	1.66242198049e-23
9.51361867704	1.31038664619e-23
9.52821011673	1.03258029761e-23
9.54280155642	8.13230970777e-24
9.55739299611	6.40254732839e-24
9.5719844358	5.03641493239e-24
9.58657587549	3.96142758318e-24
9.60116731518	3.11453263543e-24
9.61575875487	2.44873720915e-24
9.63035019455	1.92450712312e-24
9.64494163424	1.51209460762e-24
9.65953307393	1.18710988888e-24
9.67412451362	9.31767011648e-25
9.68871595331	7.3016101241e-25
9.703307393	5.72616468573e-25
9.71789883269	4.49010344319e-25
9.73249027237	3.52177623198e-25
9.74708171206	2.76231139881e-25
9.76167315175	2.16610063928e-25
9.77626459144	1.69512940963e-25
9.79085603113	1.32683748264e-25
9.80544747082	1.03556478396e-25
9.82003891051	8.10605637471e-26
9.8346303502	6.34934896994e-26
9.84922178988	4.99024002551e-26
9.86381322957	3.91978263766e-26
9.87840466926	3.08730759599e-26
9.89299610895	2.42692356731e-26
9.90758754864	1.90871943451e-26
9.92217898833	1.4966462285e-26
9.93677042802	1.18106396583e-26
9.95136186771	9.31098597402e-27
9.96595330739	7.40357653376e-27
9.98054474708	5.88834794789e-27
9.99513618677	4.70362240897e-27
10.0097276265	3.75564391372e-27
10.0243190661	3.03505930673e-27
10.0389105058	2.44318203197e-27
10.0535019455	2.01287200909e-27
10.0680933852	1.68598914191e-27
10.0826848249	1.44214712218e-27
10.0972762646	1.25641619672e-27
10.1118677043	1.10530495672e-27
10.126459144	9.87136976388e-28
10.1410505837	9.1340489924e-28
10.1556420233	8.71440117588e-28
10.170233463	8.36605913424e-28
10.1848249027	8.15304464504e-28
10.1994163424	7.89511502524e-28
10.2140077821	7.72613369756e-28
10.2285992218	7.61731290792e-28
10.2431906615	7.66706578031e-28
10.2577821012	7.81668057383e-28
10.2723735409	8.23080122634e-28
10.2869649805	8.4065361286e-28
10.3015564202	8.63124801123e-28
10.3161478599	8.67668729196e-28
10.3307392996	8.77244685531e-28
10.3453307393	8.74108947716e-28
10.359922179	8.89324805083e-28
10.3745136187	9.1140869285e-28
10.3891050584	9.62637458614e-28
10.4036964981	9.88058953214e-28
10.4182879377	1.01277410778e-27
10.4328793774	1.02123764266e-27
10.4474708171	1.03626296017e-27
10.4620622568	1.03653014705e-27
10.4766536965	1.05454332061e-27
10.4912451362	1.0805149253e-27
10.5058365759	1.14808162024e-27
10.5204280156	1.1756035734e-27
10.5350194553	1.19323055346e-27
10.5496108949	1.19124054076e-27
10.5642023346	1.19713647826e-27
10.5787937743	1.18816381759e-27
10.593385214	1.19823316072e-27
10.6079766537	1.21236328615e-27
10.6225680934	1.26590000029e-27
10.6371595331	1.26999273163e-27
10.6517509728	1.2731633522e-27
10.6663424125	1.256694394e-27
10.6809338521	1.24748702839e-27
10.6955252918	1.22916298881e-27
10.7101167315	1.23472980861e-27
10.7247081712	1.24178875184e-27
10.7392996109	1.28025289368e-27
10.7538910506	1.28370413826e-27
10.7684824903	1.28975582128e-27
10.78307393	1.28135492658e-27
10.7976653697	1.2926199051e-27
10.8122568093	1.27600822786e-27
10.826848249	1.2742163034e-27
10.8414396887	1.28133786877e-27
10.8560311284	1.32701892523e-27
10.8706225681	1.32999351007e-27
10.8852140078	1.32445236934e-27
10.8998054475	1.297719307e-27
10.9143968872	1.29060521728e-27
10.9289883268	1.26485116916e-27
10.9435797665	1.25122668311e-27
10.9581712062	1.23946506017e-27
10.9727626459	1.27562954056e-27
10.9873540856	1.27099835593e-27
11.0019455253	1.25940539463e-27
11.016536965	1.2404406597e-27
11.0311284047	1.23116606528e-27
11.0457198444	1.23088129203e-27
11.060311284	1.25663556124e-27
11.0749027237	1.286179339e-27
11.0894941634	1.37795360085e-27
11.1040856031	1.46836181494e-27
11.1186770428	1.60816673492e-27
11.1332684825	1.78587355695e-27
11.1478599222	2.06127436171e-27
11.1624513619	2.44547676537e-27
11.1770428016	3.00734339184e-27
11.1916342412	3.79439613698e-27
11.2062256809	4.90607419286e-27
11.2208171206	6.32944023522e-27
11.2354085603	8.42882885493e-27
11.25	1.03619261651e-26
11.2645914397	8.41552431363e-27
11.2791828794	6.27971658565e-27
11.2937743191	4.79062471438e-27
11.3083657588	3.63801934857e-27
11.3229571984	2.7846784052e-27
11.3375486381	2.14263144487e-27
11.3521400778	1.66628440707e-27
11.3667315175	1.2989889667e-27
11.3813229572	1.02545838176e-27
11.3959143969	8.27899753544e-28
11.4105058366	6.84412553201e-28
11.4250972763	5.78099489637e-28
11.439688716	4.96120810866e-28
11.4542801556	4.37933057721e-28
11.4688715953	3.96980359555e-28
11.483463035	3.65371800451e-28
11.4980544747	3.40611482983e-28
11.5126459144	3.31051604756e-28
11.5272373541	3.19015988027e-28
11.5418287938	3.11412185933e-28
11.5564202335	3.05186493003e-28
11.5710116732	3.04319389264e-28
11.5856031128	3.03607640417e-28
11.6001945525	3.03710335333e-28
11.6147859922	3.05357598934e-28
11.6293774319	3.12547827647e-28
11.6439688716	3.14569210275e-28
11.6585603113	3.15990345973e-28
11.673151751	3.05274241795e-28
11.6877431907	3.08158248368e-28
11.7023346304	3.1093519021e-28
11.71692607	3.15756688198e-28
11.7315175097	3.20767722893e-28
11.7461089494	3.3440763222e-28
11.7607003891	3.51745997912e-28
11.7752918288	3.72133022328e-28
11.7898832685	3.88254057928e-28
11.8044747082	4.1024801483e-28
11.8190661479	4.29499227842e-28
11.8336575876	4.47972501353e-28
11.8482490272	4.65515999348e-28
11.8628404669	4.93660171473e-28
11.8774319066	5.19612639307e-28
11.8920233463	5.37727601848e-28
11.906614786	5.47536252709e-28
11.9212062257	5.59659575357e-28
11.9357976654	5.63373274911e-28
11.9503891051	5.70830299537e-28
11.9649805447	5.70359706741e-28
11.9795719844	5.69456628585e-28
11.9941634241	5.66173260755e-28
12.0087548638	5.59113368487e-28
12.0233463035	5.44833571362e-28
12.0379377432	5.43788619021e-28
12.0525291829	5.4005084645e-28
12.0671206226	5.30775723493e-28
12.0817120623	5.25365470807e-28
12.0963035019	5.24380884027e-28
12.1108949416	5.24473931739e-28
12.1254863813	5.36465222194e-28
12.140077821	5.50392685615e-28
12.1546692607	5.63605419832e-28
12.1692607004	5.70103477484e-28
12.1838521401	5.70723255006e-28
12.1984435798	5.69117352258e-28
12.2130350195	5.66782500047e-28
12.2276264591	5.69752015888e-28
12.2422178988	5.73260197857e-28
12.2568093385	5.81180879692e-28
12.2714007782	5.93054550764e-28
12.2859922179	6.00187670443e-28
12.3005836576	6.0733729594e-28
12.3151750973	6.08180770408e-28
12.329766537	6.07396500233e-28
12.3443579767	6.1012604151e-28
12.3589494163	6.10540704759e-28
12.373540856	6.15976758442e-28
12.3881322957	6.28961332741e-28
12.4027237354	6.35631239228e-28
12.4173151751	6.29659354714e-28
12.4319066148	6.22701631064e-28
12.4464980545	6.17624910813e-28
12.4610894942	6.19080790908e-28
12.4756809339	6.2631881115e-28
12.4902723735	6.41010731082e-28
12.5048638132	6.49568064426e-28
12.5194552529	6.57687363974e-28
12.5340466926	6.56952194444e-28
12.5486381323	6.51136932284e-28
12.563229572	6.47442815621e-28
12.5778210117	6.4611474952e-28
12.5924124514	6.42790818053e-28
12.6070038911	6.4882550252e-28
12.6215953307	6.45195190097e-28
12.6361867704	6.38418835464e-28
12.6507782101	6.21547762133e-28
12.6653696498	6.08234804308e-28
12.6799610895	6.04077324895e-28
12.6945525292	6.11764773644e-28
12.7091439689	6.23923854665e-28
12.7237354086	6.55191468915e-28
12.7383268483	6.7183691806e-28
12.7529182879	6.75820515199e-28
12.7675097276	6.65107693419e-28
12.7821011673	6.6013308156e-28
12.796692607	6.51138791142e-28
12.8112840467	6.56902898681e-28
12.8258754864	6.74854815855e-28
12.8404669261	7.03630970075e-28
12.8550583658	7.11851181866e-28
12.8696498054	7.17820398823e-28
12.8842412451	7.0586270274e-28
12.8988326848	6.92851876506e-28
12.9134241245	6.84849410236e-28
12.9280155642	6.87878844125e-28
12.9426070039	6.92167291466e-28
12.9571984436	7.07127024476e-28
12.9717898833	7.08857521726e-28
12.986381323	7.05817653467e-28
13.0009727626	6.91568937084e-28
13.0155642023	6.80144778537e-28
13.030155642	6.6765987968e-28
13.0447470817	6.67561883418e-28
13.0593385214	6.75481763941e-28
13.0739299611	7.07271113952e-28
13.0885214008	7.21963869752e-28
13.1031128405	7.24983129077e-28
13.1177042802	7.14219790408e-28
13.1322957198	7.07376864063e-28
13.1468871595	6.99228269588e-28
13.1614785992	7.07023028678e-28
13.1760700389	7.26796646944e-28
13.1906614786	7.64933585193e-28
13.2052529183	7.73349020342e-28
13.219844358	7.85004682911e-28
13.2344357977	7.74920764346e-28
13.2490272374	7.63778858295e-28
13.263618677	7.57868888312e-28
13.2782101167	7.63785405439e-28
13.2928015564	7.66437558945e-28
13.3073929961	7.95193521364e-28
13.3219844358	8.08564471032e-28
13.3365758755	8.1466609065e-28
13.3511673152	7.9791358111e-28
13.3657587549	7.86537049115e-28
13.3803501946	7.7276464901e-28
13.3949416342	7.72131737826e-28
13.4095330739	7.83606070669e-28
13.4241245136	8.1799703762e-28
13.4387159533	8.24311976091e-28
13.453307393	8.34016105169e-28
13.4678988327	8.28710499713e-28
13.4824902724	8.25996985935e-28
13.4970817121	8.11096765238e-28
13.5116731518	8.18988264397e-28
13.5262645914	8.3824165346e-28
13.5408560311	8.787020711e-28
13.5554474708	8.95409913989e-28
13.5700389105	9.08922358538e-28
13.5846303502	9.01757353367e-28
13.5992217899	8.93781014278e-28
13.6138132296	8.8740117893e-28
13.6284046693	8.97134697914e-28
13.642996109	9.03820242344e-28
13.6575875486	9.48755771373e-28
13.6721789883	9.66121031202e-28
13.686770428	9.72910705112e-28
13.7013618677	9.67727883812e-28
13.7159533074	9.70570424331e-28
13.7305447471	9.65528084904e-28
13.7451361868	9.71611207638e-28
13.7597276265	9.82608080379e-28
13.7743190661	1.02226783724e-27
13.7889105058	1.02732013581e-27
13.8035019455	1.03491060252e-27
13.8180933852	1.01840191529e-27
13.8326848249	1.00682355826e-27
13.8472762646	9.99643478959e-28
13.8618677043	1.01406027951e-27
13.876459144	1.02748643264e-27
13.8910505837	1.06792864644e-27
13.9056420233	1.07973303908e-27
13.920233463	1.09000139709e-27
13.9348249027	1.07757962267e-27
13.9494163424	1.07943901491e-27
13.9640077821	1.07774036287e-27
13.9785992218	1.09045319504e-27
13.9931906615	1.10122552397e-27
14.0077821012	1.15138444088e-27
14.0223735409	1.16303591947e-27
14.0369649805	1.16115048054e-27
14.0515564202	1.14685951952e-27
14.0661478599	1.14039715924e-27
14.0807392996	1.122455335e-27
14.0953307393	1.13180206334e-27
14.109922179	1.14842690682e-27
14.1245136187	1.19803789325e-27
14.1391050584	1.20234591648e-27
14.1536964981	1.20589013673e-27
14.1682879377	1.1879163831e-27
14.1828793774	1.17672726596e-27
14.1974708171	1.16322510344e-27
14.2120622568	1.16585512756e-27
14.2266536965	1.16828169845e-27
14.2412451362	1.21788397357e-27
14.2558365759	1.23453538401e-27
14.2704280156	1.24411238646e-27
14.2850194553	1.22325744992e-27
14.2996108949	1.21810578896e-27
14.3142023346	1.20746775545e-27
14.3287937743	1.21148673429e-27
14.343385214	1.22088547747e-27
14.3579766537	1.27347064683e-27
14.3725680934	1.2805799175e-27
14.3871595331	1.27103315045e-27
14.4017509728	1.24791713098e-27
14.4163424125	1.23766733381e-27
14.4309338521	1.21146199599e-27
14.4455252918	1.21023673752e-27
14.4601167315	1.2123614975e-27
14.4747081712	1.24826406069e-27
14.4892996109	1.24864447599e-27
14.5038910506	1.25273348518e-27
14.5184824903	1.23741823717e-27
14.53307393	1.23244292008e-27
14.5476653697	1.22777082464e-27
14.5622568093	1.23148842761e-27
14.576848249	1.22786672984e-27
14.5914396887	1.27079503853e-27
14.6060311284	1.27514453008e-27
14.6206225681	1.27362889749e-27
14.6352140078	1.24207349289e-27
14.6498054475	1.22379158969e-27
14.6643968872	1.20153299726e-27
14.6789883268	1.19009934177e-27
14.6935797665	1.17548578489e-27
14.7081712062	1.19492774774e-27
14.7227626459	1.17738180388e-27
14.7373540856	1.16009828032e-27
14.7519455253	1.12253508766e-27
14.766536965	1.10163115763e-27
14.7811284047	1.05880032162e-27
14.7957198444	1.03584043912e-27
14.810311284	1.00663087609e-27
14.8249027237	9.929235804e-28
14.8394941634	9.42451757455e-28
14.8540856031	8.87203487714e-28
14.8686770428	8.16971659721e-28
14.8832684825	7.68287826786e-28
14.8978599222	7.27191147091e-28
14.9124513619	7.20112623982e-28
14.9270428016	7.49025311427e-28
14.9416342412	8.79174545442e-28
14.9562256809	1.10279926499e-27
14.9708171206	1.48419626896e-27
14.9854085603	2.22799424422e-27
15.0	3.03441401117e-27
