-14.9854085603	2.14394781339e-27
-14.9708171206	1.27264341296e-27
-14.9562256809	7.70166228139e-28
-14.9416342412	4.47756812042e-28
-14.9270428016	2.66454487791e-28
-14.9124513619	1.63224624651e-28
-14.8978599222	1.15875563113e-28
-14.8832684825	9.55258573031e-29
-14.8686770428	9.56663956964e-29
-14.8540856031	1.01431700943e-28
-14.8394941634	1.1369462264e-28
-14.8249027237	1.16339688326e-28
-14.810311284	1.31335895113e-28
-14.7957198444	1.4353878928e-28
-14.7811284047	1.61506817845e-28
-14.766536965	1.73007481705e-28
-14.7519455253	1.85016788541e-28
-14.7373540856	1.9215122696e-28
-14.7227626459	1.94823964969e-28
-14.7081712062	1.82246917324e-28
-14.6935797665	1.85036734943e-28
-14.6789883268	1.889762848e-28
-14.6643968872	1.98290241445e-28
-14.6498054475	2.03106373453e-28
-14.6352140078	2.14375214984e-28
-14.6206225681	2.15302802712e-28
-14.6060311284	2.14630075819e-28
-14.5914396887	1.99323883272e-28
-14.576848249	1.98283775398e-28
-14.5622568093	1.98790376569e-28
-14.5476653696	2.08350759068e-28
-14.53307393	2.11870803083e-28
-14.5184824903	2.18814137405e-28
-14.5038910506	2.18744441045e-28
-14.4892996109	2.1899478989e-28
-14.4747081712	2.03451375062e-28
-14.4601167315	2.04284651068e-28
-14.4455252918	2.05458114616e-28
-14.4309338521	2.13764181603e-28
-14.4163424125	2.15801020669e-28
-14.4017509728	2.22324933327e-28
-14.3871595331	2.21863639874e-28
-14.3725680934	2.20850906106e-28
-14.3579766537	2.01156843474e-28
-14.343385214	1.97005633725e-28
-14.3287937743	1.94904411467e-28
-14.3142023346	2.010160991e-28
-14.2996108949	2.02883235934e-28
-14.2850194553	2.09648460568e-28
-14.2704280156	2.08662457805e-28
-14.2558365759	2.06957528685e-28
-14.2412451362	1.88873038134e-28
-14.2266536965	1.86751765434e-28
-14.2120622568	1.84751244952e-28
-14.1974708171	1.91073226122e-28
-14.1828793774	1.91886207811e-28
-14.1682879377	1.9730107983e-28
-14.1536964981	1.96317669876e-28
-14.1391050584	1.93928134293e-28
-14.1245136187	1.74769672587e-28
-14.109922179	1.71984565976e-28
-14.0953307393	1.70297642426e-28
-14.0807392996	1.76748383122e-28
-14.0661478599	1.78733800886e-28
-14.0515564202	1.83849832341e-28
-14.0369649805	1.81914251778e-28
-14.0223735409	1.78767267699e-28
-14.0077821012	1.58584456895e-28
-13.9931906615	1.54036822852e-28
-13.9785992218	1.50133064329e-28
-13.9640077821	1.53906868711e-28
-13.9494163424	1.53389415899e-28
-13.9348249027	1.5748906762e-28
-13.920233463	1.55426025179e-28
-13.9056420233	1.52594282503e-28
-13.8910505837	1.36725069055e-28
-13.876459144	1.3421906284e-28
-13.8618677043	1.33428392566e-28
-13.8472762646	1.39305176435e-28
-13.8326848249	1.40531869474e-28
-13.8180933852	1.45989691948e-28
-13.8035019455	1.46597894223e-28
-13.7889105058	1.44683653381e-28
-13.7743190661	1.31330011558e-28
-13.7597276265	1.29848287196e-28
-13.7451361868	1.29868932546e-28
-13.7305447471	1.35236370782e-28
-13.7159533074	1.37005885101e-28
-13.7013618677	1.41499746785e-28
-13.686770428	1.41428615618e-28
-13.6721789883	1.38393850267e-28
-13.6575875486	1.23931167201e-28
-13.6429961089	1.20532662319e-28
-13.6284046693	1.17269750498e-28
-13.6138132296	1.16136759947e-28
-13.5992217899	1.14882564774e-28
-13.5846303502	1.16829572869e-28
-13.5700389105	1.1343616801e-28
-13.5554474708	1.0867713451e-28
-13.5408560311	9.45132714012e-29
-13.5262645914	9.04191311266e-29
-13.5116731518	8.76548156518e-29
-13.4970817121	8.9831826254e-29
-13.4824902724	9.07974839099e-29
-13.4678988327	9.34027957044e-29
-13.453307393	9.30415935888e-29
-13.4387159533	9.09032752783e-29
-13.4241245136	8.05161511967e-29
-13.4095330739	7.80610842453e-29
-13.3949416342	7.75149363266e-29
-13.3803501946	8.11741603591e-29
-13.3657587549	8.27445695836e-29
-13.3511673152	8.72182998479e-29
-13.3365758755	8.96609919544e-29
-13.3219844358	9.04547756201e-29
-13.3073929961	8.49569679902e-29
-13.2928015564	8.51657715662e-29
-13.2782101167	8.57971931609e-29
-13.263618677	8.76067307463e-29
-13.2490272374	8.93843061147e-29
-13.2344357977	9.36945260811e-29
-13.219844358	9.5058994143e-29
-13.2052529183	9.65459810194e-29
-13.1906614786	9.46153003945e-29
-13.1760700389	9.63385876722e-29
-13.1614785992	9.84668393242e-29
-13.1468871595	1.02014070366e-28
-13.1322957198	1.02831827775e-28
-13.1177042802	1.03954983967e-28
-13.1031128405	1.04220063561e-28
-13.0885214008	1.01895070255e-28
-13.0739299611	9.46696957208e-29
-13.0593385214	9.28241547946e-29
-13.0447470817	9.19806895746e-29
-13.030155642	9.2142930258e-29
-13.0155642023	9.37340744012e-29
-13.0009727626	9.4342829616e-29
-12.986381323	9.4801024798e-29
-12.9717898833	9.59945307516e-29
-12.9571984436	9.62672669777e-29
-12.9426070039	9.79242130122e-29
-12.9280155642	1.00743398224e-28
-12.9134241245	1.02059429654e-28
-12.8988326848	1.04509568181e-28
-12.8842412451	1.09123986256e-28
-12.8696498054	1.14927371275e-28
-12.8550583658	1.21467806211e-28
-12.8404669261	1.31878804537e-28
-12.8258754864	1.41895766488e-28
-12.8112840467	1.49327919862e-28
-12.796692607	1.53879890156e-28
-12.7821011673	1.59166372496e-28
-12.7675097276	1.61904101563e-28
-12.7529182879	1.67332545707e-28
-12.7383268482	1.70392867693e-28
-12.7237354086	1.72301370196e-28
-12.7091439689	1.73431275682e-28
-12.6945525292	1.75477766896e-28
-12.6799610895	1.74538816355e-28
-12.6653696498	1.77624364066e-28
-12.6507782101	1.80667958409e-28
-12.6361867704	1.85192320239e-28
-12.6215953307	1.90424161954e-28
-12.6070038911	2.00481003366e-28
-12.5924124514	2.05535362619e-28
-12.5778210117	2.1152543576e-28
-12.563229572	2.10088082962e-28
-12.5486381323	2.12979777619e-28
-12.5340466926	2.16773488499e-28
-12.5194552529	2.26907770407e-28
-12.5048638132	2.40179820164e-28
-12.4902723735	2.64498341507e-28
-12.4756809339	2.82541533793e-28
-12.4610894942	2.97413749645e-28
-12.4464980545	3.03510743414e-28
-12.4319066148	3.10151983632e-28
-12.4173151751	3.12843066259e-28
-12.4027237354	3.23327546281e-28
-12.3881322957	3.32526390543e-28
-12.373540856	3.51881691977e-28
-12.3589494163	3.64830592261e-28
-12.3443579767	3.75768892472e-28
-12.329766537	3.76593592287e-28
-12.3151750973	3.85421140644e-28
-12.3005836576	3.88268823443e-28
-12.2859922179	3.98603832463e-28
-12.2714007782	4.13543437743e-28
-12.2568093385	4.42726464538e-28
-12.2422178988	4.61065110044e-28
-12.2276264591	4.76396867165e-28
-12.2130350195	4.79546466127e-28
-12.1984435798	4.87712010489e-28
-12.1838521401	4.90623124017e-28
-12.1692607004	4.99163015595e-28
-12.1546692607	5.07806209915e-28
-12.140077821	5.37365812535e-28
-12.1254863813	5.49002301119e-28
-12.1108949416	5.54779450134e-28
-12.0963035019	5.4554336327e-28
-12.0817120623	5.41999647653e-28
-12.0671206226	5.39031075466e-28
-12.0525291829	5.51000466521e-28
-12.0379377432	5.6306260503e-28
-12.0233463035	5.96951690291e-28
-12.0087548638	6.13402032297e-28
-11.9941634241	6.26004036273e-28
-11.9795719844	6.24219920952e-28
-11.9649805447	6.31685868565e-28
-11.9503891051	6.33340501743e-28
-11.9357976654	6.46705323179e-28
-11.9212062257	6.70841354878e-28
-11.906614786	7.20760635565e-28
-11.8920233463	7.41992687627e-28
-11.8774319066	7.54646642952e-28
-11.8628404669	7.39794139634e-28
-11.8482490272	7.30853603051e-28
-11.8336575875	7.22269311493e-28
-11.8190661479	7.25725750965e-28
-11.8044747082	7.29475841095e-28
-11.7898832685	7.61074445216e-28
-11.7752918288	7.6201803138e-28
-11.7607003891	7.55485520101e-28
-11.7461089494	7.37266578088e-28
-11.7315175097	7.32848741785e-28
-11.71692607	7.28056321779e-28
-11.7023346304	7.38941813747e-28
-11.6877431907	7.43686841477e-28
-11.673151751	7.74105938178e-28
-11.6585603113	7.80359277272e-28
-11.6439688716	7.77462247119e-28
-11.6293774319	7.57023202249e-28
-11.6147859922	7.45832868014e-28
-11.6001945525	7.2926726963e-28
-11.5856031128	7.34029371717e-28
-11.5710116732	7.43688586838e-28
-11.5564202335	7.76958269954e-28
-11.5418287938	7.72290725755e-28
-11.5272373541	7.66248574795e-28
-11.5126459144	7.3862087688e-28
-11.4980544747	7.15848133468e-28
-11.483463035	6.9764475453e-28
-11.4688715953	6.95616963501e-28
-11.4542801556	7.00091468492e-28
-11.439688716	7.33282405918e-28
-11.4250972763	7.37827978486e-28
-11.4105058366	7.48331202075e-28
-11.3959143969	7.69847566899e-28
-11.3813229572	8.36410834999e-28
-11.3667315175	9.46895322948e-28
-11.3521400778	1.1331610271e-27
-11.3375486381	1.40540611295e-27
-11.3229571984	1.81473225719e-27
-11.3083657588	2.37305346102e-27
-11.2937743191	3.17729040762e-27
-11.2791828794	4.26360318955e-27
-11.2645914397	5.92900653875e-27
-11.25	7.48337964418e-27
-11.2354085603	5.78868276849e-27
-11.2208171206	4.02300157055e-27
-11.2062256809	2.84177831958e-27
-11.1916342412	1.96616722614e-27
-11.1770428016	1.35590828008e-27
-11.1624513619	9.16798781061e-28
-11.1478599222	6.13933130543e-28
-11.1332684825	4.05285931546e-28
-11.1186770428	2.68113802046e-28
-11.1040856031	1.80602342698e-28
-11.0894941634	1.225224589e-28
-11.0749027237	1.00993515757e-28
-11.060311284	9.90282224051e-29
-11.0457198444	1.1432839418e-28
-11.0311284047	1.34459366421e-28
-11.016536965	1.61014971561e-28
-11.0019455253	1.82402077931e-28
-10.9873540856	2.04672552538e-28
-10.9727626459	2.10617185161e-28
-10.9581712062	2.32075201725e-28
-10.9435797665	2.55502379811e-28
-10.9289883268	2.88224851363e-28
-10.9143968872	3.11928534709e-28
-10.8998054475	3.37779684505e-28
-10.8852140078	3.53601847563e-28
-10.8706225681	3.59271055636e-28
-10.8560311284	3.44252827341e-28
-10.8414396887	3.51003718693e-28
-10.826848249	3.5925922764e-28
-10.8122568093	3.79716566104e-28
-10.7976653696	3.96047734801e-28
-10.78307393	4.12685930546e-28
-10.7684824903	4.19625373723e-28
-10.7538910506	4.19621919366e-28
-10.7392996109	4.00431919391e-28
-10.7247081712	4.00427945262e-28
-10.7101167315	4.04889805339e-28
-10.6955252918	4.20334408902e-28
-10.6809338521	4.26180383065e-28
-10.6663424125	4.35539660959e-28
-10.6517509728	4.32381055751e-28
-10.6371595331	4.23856491123e-28
-10.6225680934	3.92148272206e-28
-10.6079766537	3.8231314897e-28
-10.593385214	3.78767296059e-28
-10.5787937743	3.91230584025e-28
-10.5642023346	3.97217653231e-28
-10.5496108949	4.0838199217e-28
-10.5350194553	4.10942721876e-28
-10.5204280156	4.11928113336e-28
-10.5058365759	3.9073265618e-28
-10.4912451362	3.91341461254e-28
-10.4766536965	3.9459056931e-28
-10.4620622568	4.06895895829e-28
-10.4474708171	4.10618751591e-28
-10.4328793774	4.14059789499e-28
-10.4182879377	4.04702137951e-28
-10.4036964981	3.89176541254e-28
-10.3891050584	3.47680008747e-28
-10.3745136187	3.30092781576e-28
-10.359922179	3.18534095507e-28
-10.3453307393	3.19524968262e-28
-10.3307392996	3.16064738195e-28
-10.3161478599	3.18751120688e-28
-10.3015564202	3.1192469101e-28
-10.2869649805	3.00569682656e-28
-10.2723735409	2.71714915502e-28
-10.2577821012	2.58952953513e-28
-10.2431906615	2.52796322334e-28
-10.2285992218	2.5741033582e-28
-10.2140077821	2.57413219447e-28
-10.1994163424	2.61240428831e-28
-10.1848249027	2.61715990244e-28
-10.170233463	2.61030599001e-28
-10.1556420233	2.50935169036e-28
-10.1410505837	2.59561442931e-28
-10.126459144	2.75239295385e-28
-10.1118677043	3.09152470239e-28
-10.0972762646	3.47988414181e-28
-10.0826848249	3.92095462969e-28
-10.0680933852	4.46418016948e-28
-10.0535019455	5.22221976869e-28
-10.0389105058	6.19352936709e-28
-10.0243190661	7.61069648758e-28
-10.0097276265	9.48456634842e-28
-9.99513618677	1.20953402832e-27
-9.98054474708	1.55689632838e-27
-9.96595330739	2.00967797105e-27
-9.9513618677	2.60550134719e-27
-9.93677042802	3.4124059698e-27
-9.92217898833	4.48258792159e-27
-9.90758754864	5.81777907206e-27
-9.89299610895	7.52939983805e-27
-9.87840466926	9.68265033244e-27
-9.86381322957	1.2463063592e-26
-9.84922178988	1.60436956091e-26
-9.83463035019	2.06489998403e-26
-9.82003891051	2.66252542064e-26
-9.80544747082	3.44579935949e-26
-9.79085603113	4.43835650766e-26
-9.77626459144	5.71336042091e-26
-9.76167315175	7.34837972277e-26
-9.74708171206	9.43889906562e-26
-9.73249027237	1.20986016756e-25
-9.71789883268	1.55214765322e-25
-9.703307393	1.99028479835e-25
-9.68871595331	2.55396538217e-25
-9.67412451362	3.27042300858e-25
-9.65953307393	4.18277987407e-25
-9.64494163424	5.34448257833e-25
-9.63035019455	6.82713811309e-25
-9.61575875486	8.71408801748e-25
-9.60116731517	1.11209865548e-24
-9.58657587549	1.4190243453e-24
-9.5719844358	1.81038616266e-24
-9.55739299611	2.30660793143e-24
-9.54280155642	2.93672819442e-24
-9.52821011673	3.73623871998e-24
-9.51361867704	4.75189161318e-24
-9.49902723735	6.04082205527e-24
-9.48443579767	7.67636335273e-24
-9.46984435798	9.75002122885e-24
-9.45525291829	1.2380311563e-23
-9.4406614786	1.57076283812e-23
-9.42607003891	1.9919460459e-23
-9.41147859922	2.52479391553e-23
-9.39688715953	3.19870869061e-23
-9.38229571984	4.05040655678e-23
-9.36770428016	5.12677285776e-23
-9.35311284047	6.4861396155e-23
-9.33852140078	8.20245437735e-23
-9.32392996109	1.0366550414e-22
-9.3093385214	1.30948386587e-22
-9.29474708171	1.65325391863e-22
-9.28015564202	2.08630174048e-22
-9.26556420233	2.63143370776e-22
-9.25097276265	3.31741748608e-22
-9.23638132296	4.18025661043e-22
-9.22178988327	5.26501336385e-22
-9.20719844358	6.62762297439e-22
-9.19260700389	8.33869629854e-22
-9.1780155642	1.04862044955e-21
-9.16342412451	1.31803741224e-21
-9.14883268482	1.65584460719e-21
-9.13424124514	2.07922595069e-21
-9.11964980545	2.60957270625e-21
-9.10505836576	3.27360428298e-21
-9.09046692607	4.10450011475e-21
-9.07587548638	5.14372937583e-21
-9.06128404669	6.44283983862e-21
-9.046692607	8.06606307429e-21
-9.03210116731	1.00931761878e-20
-9.01750972763	1.26234977571e-20
-9.00291828794	1.57802768719e-20
-8.98832684825	1.97167092134e-20
-8.97373540856	2.46225422081e-20
-8.95914396887	3.07336141438e-20
-8.94455252918	3.83421211447e-20
-8.92996108949	4.78102935658e-20
-8.91536964981	5.95866095011e-20
-8.90077821012	7.42265158348e-20
-8.88618677043	9.24169012915e-20
-8.87159533074	1.15007598791e-19
-8.85700389105	1.43047919085e-19
-8.84241245136	1.77835287543e-19
-8.82782101167	2.20971020195e-19
-8.81322957198	2.744315757e-19
-8.7986381323	3.40654124971e-19
-8.78404669261	4.22643866261e-19
-8.76945525292	5.24102377461e-19
-8.75486381323	6.49588774445e-19
-8.74027237354	8.04712250219e-19
-8.72568093385	9.96375308318e-19
-8.71108949416	1.23306264486e-18
-8.69649805447	1.52520180188e-18
-8.68190661479	1.88559801545e-18
-8.6673151751	2.32997208302e-18
-8.65272373541	2.87760846053e-18
-8.63813229572	3.55215618848e-18
-8.62354085603	4.38259357645e-18
-8.60894941634	5.40442302318e-18
-8.59435797665	6.66110311907e-18
-8.57976653696	8.20581310259e-18
-8.56517509728	1.01035853261e-17
-8.55058365759	1.24339099542e-17
-8.5359922179	1.52938909639e-17
-8.52140077821	1.88020960675e-17
-8.50680933852	2.3103200054e-17
-8.49221789883	2.83736739192e-17
-8.47762645914	3.48286283276e-17
-8.46303501945	4.27301490207e-17
-8.44844357977	5.23973710079e-17
-8.43385214008	6.4218700069e-17
-8.41926070039	7.86665708944e-17
-8.4046692607	9.63153485172e-17
-8.39007782101	1.17862892576e-16
-8.37548638132	1.44156717914e-16
-8.36089494163	1.76225469758e-16
-8.34630350195	2.15316998558e-16
-8.33171206226	2.62944207971e-16
-8.31712062257	3.20940406512e-16
-8.30252918288	3.91525878673e-16
-8.28793774319	4.77388186786e-16
-8.2733463035	5.81778614732e-16
-8.25875486381	7.08628432376e-16
-8.24416342412	8.62688350007e-16
-8.22957198444	1.0496962657e-15
-8.21498054475	1.27657853592e-15
-8.20038910506	1.55169158835e-15
-8.18579766537	1.8851115506e-15
-8.17120622568	2.28898158098e-15
-8.15661478599	2.77792758054e-15
-8.1420233463	3.3695564385e-15
-8.12743190661	4.0850515468e-15
-8.11284046693	4.94988536318e-15
-8.09824902724	5.99467071778e-15
-8.08365758755	7.2561778463e-15
-8.06906614786	8.77854797686e-15
-8.05447470817	1.06147417822e-14
-8.03988326848	1.28282655274e-14
-8.02529182879	1.54952291355e-14
-8.0107003891	1.87067958628e-14
-7.99610894942	2.25720988746e-14
-7.98151750973	2.72217096388e-14
-7.96692607004	3.28117619755e-14
-7.95233463035	3.95288507713e-14
-7.93774319066	4.75958497508e-14
-7.92315175097	5.7278813889e-14
-7.90856031128	6.88951677101e-14
-7.89396887159	8.28234075571e-14
-7.87937743191	9.95145970971e-14
-7.86478599222	1.19505973818e-13
-7.85019455253	1.43437049406e-13
-7.83560311284	1.7206864492e-13
-7.82101167315	2.06305386495e-13
-7.80642023346	2.47222269898e-13
-7.79182879377	2.96096018776e-13
-7.77723735409	3.54442067905e-13
-7.7626459144	4.24058162971e-13
-7.74805447471	5.07075725062e-13
-7.73346303502	6.06020330234e-13
-7.71887159533	7.23882867005e-13
-7.70428015564	8.64203222541e-13
-7.68968871595	1.03116862347e-12
-7.67509727626	1.22972914939e-12
-7.66050583658	1.46573330786e-12
-7.64591439689	1.74608707766e-12
-7.6313229572	2.07894035081e-12
-7.61673151751	2.47390537277e-12
-7.60214007782	2.94231249688e-12
-7.58754863813	3.49750945427e-12
-7.57295719844	4.15521130374e-12
-7.55836575875	4.93390942172e-12
-7.54377431907	5.85534914099e-12
-7.52918287938	6.94508725173e-12
-7.51459143969	8.23314228813e-12
-7.5	9.75475251814e-12
-7.48540856031	1.15512589393e-11
-7.47081712062	1.36711336167e-11
-7.45622568093	1.61711754931e-11
-7.44163424124	1.91179011302e-11
-7.42704280156	2.25891606372e-11
-7.41245136187	2.66760140577e-11
-7.39785992218	3.14849088114e-11
-7.38326848249	3.71402048465e-11
-7.3686770428	4.37871010938e-11
-7.35408560311	5.15950248285e-11
-7.33949416342	6.07615544798e-11
-7.32490272373	7.15169570205e-11
-7.31031128405	8.41294325267e-11
-7.29571984436	9.89111723034e-11
-7.28112840467	1.16225351945e-10
-7.26653696498	1.36494198384e-10
-7.25194552529	1.60208289461e-10
-7.2373540856	1.87937267266e-10
-7.22276264591	2.20342171644e-10
-7.20817120623	2.58189629575e-10
-7.19357976654	3.02368168143e-10
-7.17898832685	3.53906956487e-10
-7.16439688716	4.13997323373e-10
-7.14980544747	4.84017444638e-10
-7.13521400778	5.65560647716e-10
-7.12062256809	6.60467840922e-10
-7.1060311284	7.70864642311e-10
-7.09143968872	8.99203860091e-10
-7.07684824903	1.048314061e-09
-7.06225680934	1.22145506063e-09
-7.04766536965	1.42238127676e-09
-7.03307392996	1.65541400913e-09
-7.01848249027	1.9255238435e-09
-7.00389105058	2.23842453183e-09
-6.98929961089	2.60067986844e-09
-6.97470817121	3.01982527462e-09
-6.96011673152	3.50450601346e-09
-6.94552529183	4.06463419633e-09
-6.93093385214	4.7115670034e-09
-6.91634241245	5.45830883658e-09
-6.90175097276	6.31974044716e-09
-6.88715953307	7.312878445e-09
-6.87256809338	8.45716899595e-09
-6.8579766537	9.77481996328e-09
-6.84338521401	1.12911762375e-08
-6.82879377432	1.30351435499e-08
-6.81420233463	1.50396666635e-08
-6.79961089494	1.73422685051e-08
-6.78501945525	1.99856575305e-08
-6.77042801556	2.30184114278e-08
-6.75583657588	2.6495746146e-08
-6.74124513619	3.04803802192e-08
-6.7266536965	3.50435054174e-08
-6.71206225681	4.02658759368e-08
-6.69747081712	4.6239029619e-08
-6.68287937743	5.30666560956e-08
-6.66828793774	6.0866128282e-08
-6.65369649805	6.97702153169e-08
-6.63910505837	7.99289968545e-08
-6.62451361868	9.15120006017e-08
-6.60992217899	1.0471058712e-07
-6.5953307393	1.19740608253e-07
-6.58073929961	1.36845368034e-07
-6.56614785992	1.56298917672e-07
-6.55155642023	1.78409719109e-07
-6.53696498054	2.03524714836e-07
-6.52237354086	2.32033845012e-07
-6.50778210117	2.64375056604e-07
-6.49319066148	3.01039853147e-07
-6.47859922179	3.42579437901e-07
-6.4640077821	3.89611507623e-07
-6.44941634241	4.4282775896e-07
-6.43482490272	5.03002174417e-07
-6.42023346303	5.71000160307e-07
-6.40564202335	6.47788614644e-07
-6.39105058366	7.34447008977e-07
-6.37645914397	8.32179574383e-07
-6.36186770428	9.42328688472e-07
-6.34727626459	1.06638956711e-06
-6.3326848249	1.20602637182e-06
-6.31809338521	1.36308985116e-06
-6.30350194552	1.53963664242e-06
-6.28891050584	1.7379503675e-06
-6.27431906615	1.96056466559e-06
-6.25972762646	2.21028831328e-06
-6.24513618677	2.49023259145e-06
-6.23054474708	2.80384106685e-06
-6.21595330739	3.15492196515e-06
-6.2013618677	3.54768332075e-06
-6.18677042802	3.98677109721e-06
-6.17217898833	4.47731048079e-06
-6.15758754864	5.02495055754e-06
-6.14299610895	5.63591259214e-06
-6.12840466926	6.31704213419e-06
-6.11381322957	7.07586518405e-06
-6.09922178988	7.92064865643e-06
-6.08463035019	8.86046538478e-06
-6.07003891051	9.90526391366e-06
-6.05544747082	1.10659433285e-05
-6.04085603113	1.23544333736e-05
-6.02626459144	1.37837801096e-05
-6.01167315175	1.5368237356e-05
-5.99708171206	1.71233641653e-05
-5.98249027237	1.90661285626e-05
-5.96789883268	2.12150177786e-05
-5.953307393	2.35901551906e-05
-5.93871595331	2.62134241693e-05
-5.92412451362	2.91085990117e-05
-5.90953307393	3.23014831166e-05
-5.89494163424	3.58200545308e-05
-5.88035019455	3.96946189669e-05
-5.86575875486	4.39579703513e-05
-5.85116731517	4.86455589259e-05
-5.83657587549	5.37956668785e-05
-5.8219844358	5.94495914233e-05
-5.80739299611	6.56518351997e-05
-5.79280155642	7.24503037918e-05
-5.77821011673	7.98965101031e-05
-5.76361867704	8.80457852445e-05
-5.74902723735	9.69574955158e-05
-5.73443579766	0.000106695264969
-5.71984435798	0.000117327202954
-5.70525291829	0.000128926135939
-5.6906614786	0.000141569842809
-5.67607003891	0.000155341292721
-5.66147859922	0.000170328884474
-5.64688715953	0.000186626686272
-5.63229571984	0.000204334674579
-5.61770428016	0.000223558970677
-5.60311284047	0.00024441207342
-5.58852140078	0.0002670130865
-5.57392996109	0.000291487938475
-5.5593385214	0.000317969593633
-5.54474708171	0.000346598251684
-5.53015564202	0.000377521534114
-5.51556420233	0.000410894654971
-5.50097276265	0.000446880573715
-5.48638132296	0.000485650127683
-5.47178988327	0.000527382141663
-5.45719844358	0.000572263511973
-5.44260700389	0.00062048926243
-5.4280155642	0.000672262569541
-5.41342412451	0.000727794754265
-5.39883268482	0.000787305237705
-5.38424124514	0.000851021458137
-5.36964980545	0.000919178746855
-5.35505836576	0.000992020160431
-5.34046692607	0.0010697962671
-5.32587548638	0.0011527648852
-5.31128404669	0.0012411907717
-5.296692607	0.00133534525923
-5.28210116731	0.00143550584021
-5.26750972763	0.00154195569696
-5.25291828794	0.00165498317715
-5.23832684825	0.00177488121411
-5.22373540856	0.00190194669222
-5.20914396887	0.00203647975779
-5.19455252918	0.00217878307633
-5.17996108949	0.0023291610379
-5.1653696498	0.0024879189122
-5.15077821012	0.00265536195615
-5.13618677043	0.0028317944768
-5.12159533074	0.00301751885321
-5.10700389105	0.00321283452138
-5.09241245136	0.00341803692674
-5.07782101167	0.00363341644937
-5.06322957198	0.00385925730755
-5.0486381323	0.00409583644551
-5.03404669261	0.00434342241197
-5.01945525292	0.00460227423612
-5.00486381323	0.00487264030816
-4.99027237354	0.00515475727172
-4.97568093385	0.00544884893564
-4.96108949416	0.00575512521273
-4.94649805447	0.00607378109315
-4.93190661479	0.00640499565994
-4.9173151751	0.00674893115425
-4.90272373541	0.00710573209741
-4.88813229572	0.00747552447696
-4.87354085603	0.00785841500304
-4.85894941634	0.00825449044141
-4.84435797665	0.00866381702865
-4.82976653696	0.00908643997469
-4.81517509728	0.00952238305679
-4.80058365759	0.00997164830897
-4.7859922179	0.0104342158095
-4.77140077821	0.0109100435686
-4.75680933852	0.0113990675183
-4.74221789883	0.0119012016033
-4.72762645914	0.0124163379746
-4.71303501945	0.0129443472829
-4.69844357977	0.0134850790707
-4.68385214008	0.0140383622593
-4.66926070039	0.014604005729
-4.6546692607	0.015181798985
-4.64007782101	0.0157715129077
-4.62548638132	0.0163729005783
-4.61089494163	0.016985698176
-4.59630350194	0.0176096259391
-4.58171206226	0.0182443891825
-4.56712062257	0.0188896793659
-4.55252918288	0.0195451752029
-4.53793774319	0.0202105438051
-4.5233463035	0.0208854418524
-4.50875486381	0.0215695167819
-4.49416342412	0.0222624079879
-4.47957198444	0.0229637480254
-4.46498054475	0.0236731638091
-4.45038910506	0.0243902778019
-4.43579766537	0.0251147091859
-4.42120622568	0.0258460750088
-4.40661478599	0.0265839913008
-4.3920233463	0.027328074157
-4.37743190661	0.0280779407782
-4.36284046693	0.028833210469
-4.34824902724	0.0295935055863
-4.33365758755	0.0303584524375
-4.31906614786	0.0311276821237
-4.30447470817	0.0319008313268
-4.28988326848	0.0326775430387
-4.27529182879	0.0334574672314
-4.2607003891	0.034240261467
-4.24610894942	0.0350255914481
-4.23151750973	0.0358131315082
-4.21692607004	0.0366025650434
-4.20233463035	0.0373935848853
-4.18774319066	0.0381858936185
-4.17315175097	0.0389792038416
-4.15856031128	0.0397732383765
-4.14396887159	0.040567730426
-4.12937743191	0.0413624236828
-4.11478599222	0.0421570723931
-4.10019455253	0.0429514413765
-4.08560311284	0.0437453060048
-4.07101167315	0.0445384521437
-4.05642023346	0.0453306760594
-4.04182879377	0.0461217842926
-4.02723735408	0.0469115935037
-4.0126459144	0.0476999302914
-3.99805447471	0.0484866309877
-3.98346303502	0.0492715414314
-3.96887159533	0.0500545167243
-3.95428015564	0.05083542097
-3.93968871595	0.051614127001
-3.92509727626	0.0523905160928
-3.91050583658	0.0531644776708
-3.89591439689	0.0539359090084
-3.8813229572	0.0547047149218
-3.86673151751	0.0554708074603
-3.85214007782	0.0562341055954
-3.83754863813	0.0569945349102
-3.82295719844	0.0577520272892
-3.80836575875	0.0585065206115
-3.79377431907	0.0592579584474
-3.77918287938	0.0600062897592
-3.76459143969	0.0607514686087
-3.75	0.0614934538699
-3.73540856031	0.0622322089497
-3.72081712062	0.0629677015157
-3.70622568093	0.0636999032324
-3.69163424124	0.0644287895059
-3.67704280156	0.0651543392375
-3.66245136187	0.0658765345867
-3.64785992218	0.0665953607426
-3.63326848249	0.0673108057062
-3.6186770428	0.0680228600807
-3.60408560311	0.0687315168723
-3.58949416342	0.0694367713
-3.57490272373	0.0701386206148
-3.56031128405	0.0708370639284
-3.54571984436	0.0715321020504
-3.53112840467	0.0722237373354
-3.51653696498	0.0729119735374
-3.50194552529	0.0735968156739
-3.4873540856	0.0742782698978
-3.47276264591	0.0749563433765
-3.45817120623	0.0756310441804
-3.44357976654	0.0763023811767
-3.42898832685	0.0769703639317
-3.41439688716	0.07763500262
-3.39980544747	0.0782963079388
-3.38521400778	0.0789542910301
-3.37062256809	0.0796089634076
-3.3560311284	0.08026033689
-3.34143968872	0.0809084235391
-3.32684824903	0.0815532356033
-3.31225680934	0.0821947854656
-3.29766536965	0.0828330855966
-3.28307392996	0.0834681485107
-3.26848249027	0.084099986728
-3.25389105058	0.084728612738
-3.23929961089	0.0853540389684
-3.22470817121	0.085976277756
-3.21011673152	0.0865953413218
-3.19552529183	0.0872112417478
-3.18093385214	0.0878239909572
-3.16634241245	0.0884336006971
-3.15175097276	0.0890400825227
-3.13715953307	0.0896434477845
-3.12256809338	0.0902437076173
-3.1079766537	0.0908408729301
-3.09338521401	0.091434954399
-3.07879377432	0.0920259624604
-3.06420233463	0.0926139073064
-3.04961089494	0.0931987988811
-3.03501945525	0.0937806468781
-3.02042801556	0.0943594607387
-3.00583657587	0.0949352496519
-2.99124513619	0.0955080225541
-2.9766536965	0.0960777881308
-2.96206225681	0.0966445548175
-2.94747081712	0.0972083308028
-2.93287937743	0.0977691240307
-2.91828793774	0.098326942204
-2.90369649805	0.0988817927883
-2.88910505837	0.0994336830155
-2.87451361868	0.0999826198888
-2.85992217899	0.100528610187
-2.8453307393	0.101071660468
-2.83073929961	0.101611777078
-2.81614785992	0.10214896615
-2.80155642023	0.102683233615
-2.78696498054	0.103214585205
-2.77237354086	0.103743026458
-2.75778210117	0.104268562722
-2.74319066148	0.104791199165
-2.72859922179	0.105310940776
-2.7140077821	0.105827792372
-2.69941634241	0.106341758603
-2.68482490272	0.106852843956
-2.67023346303	0.107361052765
-2.65564202335	0.10786638921
-2.64105058366	0.108368857325
-2.62645914397	0.108868461003
-2.61186770428	0.109365203999
-2.59727626459	0.109859089939
-2.5826848249	0.110350122318
-2.56809338521	0.110838304511
-2.55350194552	0.111323639773
-2.53891050584	0.111806131246
-2.52431906615	0.112285781959
-2.50972762646	0.112762594838
-2.49513618677	0.113236572706
-2.48054474708	0.113707718286
-2.46595330739	0.114176034208
-2.4513618677	0.114641523009
-2.43677042801	0.11510418714
-2.42217898833	0.115564028965
-2.40758754864	0.116021050769
-2.39299610895	0.116475254757
-2.37840466926	0.116926643059
-2.36381322957	0.117375217733
-2.34922178988	0.117820980766
-2.33463035019	0.118263934079
-2.32003891051	0.118704079528
-2.30544747082	0.119141418906
-2.29085603113	0.119575953949
-2.27626459144	0.120007686332
-2.26167315175	0.120436617677
-2.24708171206	0.120862749552
-2.23249027237	0.121286083474
-2.21789883268	0.121706620909
-2.203307393	0.122124363279
-2.18871595331	0.122539311958
-2.17412451362	0.122951468277
-2.15953307393	0.123360833523
-2.14494163424	0.123767408946
-2.13035019455	0.124171195752
-2.11575875486	0.124572195114
-2.10116731517	0.124970408166
-2.08657587549	0.125365836007
-2.0719844358	0.125758479704
-2.05739299611	0.12614834029
-2.04280155642	0.126535418767
-2.02821011673	0.126919716108
-2.01361867704	0.127301233255
-1.99902723735	0.127679971124
-1.98443579766	0.128055930602
-1.96984435798	0.128429112553
-1.95525291829	0.128799517813
-1.9406614786	0.129167147195
-1.92607003891	0.129532001487
-1.91147859922	0.129894081458
-1.89688715953	0.130253387852
-1.88229571984	0.130609921394
-1.86770428015	0.130963682786
-1.85311284047	0.131314672714
-1.83852140078	0.131662891842
-1.82392996109	0.132008340817
-1.8093385214	0.132351020269
-1.79474708171	0.132690930809
-1.78015564202	0.133028073034
-1.76556420233	0.133362447521
-1.75097276265	0.133694054836
-1.73638132296	0.134022895528
-1.72178988327	0.13434897013
-1.70719844358	0.134672279164
-1.69260700389	0.134992823136
-1.6780155642	0.135310602539
-1.66342412451	0.135625617856
-1.64883268482	0.135937869553
-1.63424124514	0.136247358088
-1.61964980545	0.136554083905
-1.60505836576	0.136858047438
-1.59046692607	0.13715924911
-1.57587548638	0.137457689332
-1.56128404669	0.137753368507
-1.546692607	0.138046287026
-1.53210116731	0.138336445271
-1.51750972763	0.138623843614
-1.50291828794	0.138908482419
-1.48832684825	0.139190362041
-1.47373540856	0.139469482826
-1.45914396887	0.13974584511
-1.44455252918	0.140019449223
-1.42996108949	0.140290295487
-1.4153696498	0.140558384215
-1.40077821012	0.140823715714
-1.38618677043	0.141086290281
-1.37159533074	0.141346108209
-1.35700389105	0.141603169783
-1.34241245136	0.14185747528
-1.32782101167	0.142109024972
-1.31322957198	0.142357819124
-1.29863813229	0.142603857995
-1.28404669261	0.142847141838
-1.26945525292	0.143087670898
-1.25486381323	0.143325445419
-1.24027237354	0.143560465633
-1.22568093385	0.143792731773
-1.21108949416	0.144022244062
-1.19649805447	0.144249002719
-1.18190661479	0.144473007959
-1.1673151751	0.144694259991
-1.15272373541	0.144912759019
-1.13813229572	0.145128505243
-1.12354085603	0.145341498859
-1.10894941634	0.145551740055
-1.09435797665	0.145759229019
-1.07976653696	0.145963965932
-1.06517509728	0.146165950972
-1.05058365759	0.146365184312
-1.0359922179	0.146561666121
-1.02140077821	0.146755396564
-1.00680933852	0.146946375804
-0.992217898832	0.147134603997
-0.977626459143	0.147320081297
-0.963035019454	0.147502807856
-0.948443579766	0.147682783819
-0.933852140077	0.14786000933
-0.919260700388	0.148034484529
-0.9046692607	0.148206209552
-0.890077821011	0.148375184532
-0.875486381322	0.148541409601
-0.860894941633	0.148704884883
-0.846303501945	0.148865610504
-0.831712062256	0.149023586584
-0.817120622567	0.14917881324
-0.802529182879	0.149331290588
-0.78793774319	0.149481018739
-0.773346303501	0.149627997803
-0.758754863812	0.149772227886
-0.744163424124	0.149913709092
-0.729571984435	0.150052441521
-0.714980544746	0.150188425273
-0.700389105058	0.150321660442
-0.685797665369	0.150452147122
-0.67120622568	0.150579885404
-0.656614785991	0.150704875377
-0.642023346303	0.150827117125
-0.627431906614	0.150946610732
-0.612840466925	0.15106335628
-0.598249027237	0.151177353848
-0.583657587548	0.151288603511
-0.569066147859	0.151397105345
-0.55447470817	0.151502859421
-0.539883268482	0.151605865809
-0.525291828793	0.151706124577
-0.510700389104	0.151803635791
-0.496108949416	0.151898399514
-0.481517509727	0.151990415807
-0.466926070038	0.15207968473
-0.452334630349	0.152166206341
-0.437743190661	0.152249980695
-0.423151750972	0.152331007844
-0.408560311283	0.152409287841
-0.393968871594	0.152484820736
-0.379377431906	0.152557606575
-0.364785992217	0.152627645405
-0.350194552528	0.152694937269
-0.33560311284	0.152759482209
-0.321011673151	0.152821280266
-0.306420233462	0.152880331477
-0.291828793773	0.15293663588
-0.277237354085	0.15299019351
-0.262645914396	0.153041004398
-0.248054474707	0.153089068576
-0.233463035019	0.153134386074
-0.21887159533	0.153176956919
-0.204280155641	0.153216781138
-0.189688715952	0.153253858754
-0.175097276264	0.15328818979
-0.160505836575	0.153319774267
-0.145914396886	0.153348612204
-0.131322957198	0.153374703618
-0.116731517509	0.153398048526
-0.10214007782	0.153418646941
-0.0875486381314	0.153436498875
-0.0729571984427	0.15345160434
-0.058365758754	0.153463963344
-0.0437743190653	0.153473575896
-0.0291828793766	0.153480441999
-0.0145914396879	0.15348456166
8.5975671027e-13	0.15348593488
0.0145914396896	0.15348456166
0.0291828793783	0.153480441999
0.043774319067	0.153473575896
0.0583657587557	0.153463963344
0.0729571984444	0.15345160434
0.0875486381332	0.153436498875
0.102140077822	0.153418646941
0.116731517511	0.153398048526
0.131322957199	0.153374703618
0.145914396888	0.153348612204
0.160505836577	0.153319774267
0.175097276265	0.15328818979
0.189688715954	0.153253858754
0.204280155643	0.153216781138
0.218871595332	0.153176956919
0.23346303502	0.153134386074
0.248054474709	0.153089068576
0.262645914398	0.153041004398
0.277237354086	0.15299019351
0.291828793775	0.15293663588
0.306420233464	0.152880331477
0.321011673153	0.152821280266
0.335603112841	0.152759482209
0.35019455253	0.152694937269
0.364785992219	0.152627645405
0.379377431907	0.152557606575
0.393968871596	0.152484820736
0.408560311285	0.152409287841
0.423151750974	0.152331007844
0.437743190662	0.152249980695
0.452334630351	0.152166206341
0.46692607004	0.15207968473
0.481517509729	0.151990415807
0.496108949417	0.151898399514
0.510700389106	0.151803635791
0.525291828795	0.151706124577
0.539883268483	0.151605865809
0.554474708172	0.151502859421
0.569066147861	0.151397105345
0.58365758755	0.151288603511
0.598249027238	0.151177353848
0.612840466927	0.15106335628
0.627431906616	0.150946610732
0.642023346304	0.150827117125
0.656614785993	0.150704875377
0.671206225682	0.150579885404
0.685797665371	0.150452147122
0.700389105059	0.150321660442
0.714980544748	0.150188425273
0.729571984437	0.150052441521
0.744163424125	0.149913709092
0.758754863814	0.149772227886
0.773346303503	0.149627997803
0.787937743192	0.149481018739
0.80252918288	0.149331290588
0.817120622569	0.14917881324
0.831712062258	0.149023586584
0.846303501946	0.148865610504
0.860894941635	0.148704884883
0.875486381324	0.148541409601
0.890077821013	0.148375184532
0.904669260701	0.148206209552
0.91926070039	0.148034484529
0.933852140079	0.14786000933
0.948443579767	0.147682783819
0.963035019456	0.147502807856
0.977626459145	0.147320081297
0.992217898834	0.147134603996
1.00680933852	0.146946375803
1.02140077821	0.146755396564
1.0359922179	0.146561666121
1.05058365759	0.146365184312
1.06517509728	0.146165950972
1.07976653697	0.145963965932
1.09435797665	0.145759229019
1.10894941634	0.145551740055
1.12354085603	0.145341498859
1.13813229572	0.145128505243
1.15272373541	0.144912759019
1.1673151751	0.144694259991
1.18190661479	0.144473007959
1.19649805448	0.144249002719
1.21108949416	0.144022244062
1.22568093385	0.143792731773
1.24027237354	0.143560465633
1.25486381323	0.143325445419
1.26945525292	0.143087670898
1.28404669261	0.142847141838
1.2986381323	0.142603857995
1.31322957199	0.142357819124
1.32782101167	0.142109024972
1.34241245136	0.14185747528
1.35700389105	0.141603169783
1.37159533074	0.141346108209
1.38618677043	0.141086290281
1.40077821012	0.140823715713
1.41536964981	0.140558384215
1.4299610895	0.140290295487
1.44455252918	0.140019449223
1.45914396887	0.13974584511
1.47373540856	0.139469482826
1.48832684825	0.139190362041
1.50291828794	0.138908482419
1.51750972763	0.138623843614
1.53210116732	0.138336445271
1.546692607	0.138046287026
1.56128404669	0.137753368507
1.57587548638	0.137457689332
1.59046692607	0.13715924911
1.60505836576	0.136858047438
1.61964980545	0.136554083905
1.63424124514	0.136247358088
1.64883268483	0.135937869553
1.66342412451	0.135625617856
1.6780155642	0.135310602539
1.69260700389	0.134992823136
1.70719844358	0.134672279164
1.72178988327	0.13434897013
1.73638132296	0.134022895528
1.75097276265	0.133694054836
1.76556420234	0.133362447521
1.78015564202	0.133028073034
1.79474708171	0.132690930809
1.8093385214	0.132351020269
1.82392996109	0.132008340817
1.83852140078	0.131662891842
1.85311284047	0.131314672714
1.86770428016	0.130963682786
1.88229571985	0.130609921394
1.89688715953	0.130253387852
1.91147859922	0.129894081458
1.92607003891	0.129532001487
1.9406614786	0.129167147195
1.95525291829	0.128799517813
1.96984435798	0.128429112553
1.98443579767	0.128055930602
1.99902723736	0.127679971124
2.01361867704	0.127301233255
2.02821011673	0.126919716108
2.04280155642	0.126535418767
2.05739299611	0.12614834029
2.0719844358	0.125758479704
2.08657587549	0.125365836007
2.10116731518	0.124970408166
2.11575875486	0.124572195114
2.13035019455	0.124171195752
2.14494163424	0.123767408946
2.15953307393	0.123360833523
2.17412451362	0.122951468277
2.18871595331	0.122539311958
2.203307393	0.122124363279
2.21789883269	0.121706620909
2.23249027237	0.121286083474
2.24708171206	0.120862749552
2.26167315175	0.120436617677
2.27626459144	0.120007686332
2.29085603113	0.119575953949
2.30544747082	0.119141418906
2.32003891051	0.118704079528
2.3346303502	0.118263934079
2.34922178988	0.117820980766
2.36381322957	0.117375217733
2.37840466926	0.116926643059
2.39299610895	0.116475254757
2.40758754864	0.116021050769
2.42217898833	0.115564028965
2.43677042802	0.11510418714
2.45136186771	0.114641523009
2.46595330739	0.114176034208
2.48054474708	0.113707718286
2.49513618677	0.113236572706
2.50972762646	0.112762594838
2.52431906615	0.112285781959
2.53891050584	0.111806131246
2.55350194553	0.111323639773
2.56809338522	0.110838304511
2.5826848249	0.110350122318
2.59727626459	0.109859089939
2.61186770428	0.109365203999
2.62645914397	0.108868461003
2.64105058366	0.108368857325
2.65564202335	0.10786638921
2.67023346304	0.107361052765
2.68482490272	0.106852843956
2.69941634241	0.106341758603
2.7140077821	0.105827792372
2.72859922179	0.105310940776
2.74319066148	0.104791199165
2.75778210117	0.104268562722
2.77237354086	0.103743026458
2.78696498055	0.103214585205
2.80155642023	0.102683233615
2.81614785992	0.10214896615
2.83073929961	0.101611777078
2.8453307393	0.101071660468
2.85992217899	0.100528610187
2.87451361868	0.0999826198889
2.88910505837	0.0994336830156
2.90369649806	0.0988817927883
2.91828793774	0.098326942204
2.93287937743	0.0977691240307
2.94747081712	0.0972083308028
2.96206225681	0.0966445548175
2.9766536965	0.0960777881308
2.99124513619	0.0955080225542
3.00583657588	0.0949352496519
3.02042801557	0.0943594607387
3.03501945525	0.0937806468781
3.04961089494	0.0931987988811
3.06420233463	0.0926139073064
3.07879377432	0.0920259624604
3.09338521401	0.091434954399
3.1079766537	0.0908408729301
3.12256809339	0.0902437076173
3.13715953307	0.0896434477846
3.15175097276	0.0890400825227
3.16634241245	0.0884336006971
3.18093385214	0.0878239909572
3.19552529183	0.0872112417478
3.21011673152	0.0865953413218
3.22470817121	0.085976277756
3.2392996109	0.0853540389684
3.25389105058	0.0847286127381
3.26848249027	0.0840999867281
3.28307392996	0.0834681485108
3.29766536965	0.0828330855966
3.31225680934	0.0821947854657
3.32684824903	0.0815532356033
3.34143968872	0.0809084235391
3.35603112841	0.08026033689
3.37062256809	0.0796089634076
3.38521400778	0.0789542910301
3.39980544747	0.0782963079388
3.41439688716	0.07763500262
3.42898832685	0.0769703639318
3.44357976654	0.0763023811767
3.45817120623	0.0756310441805
3.47276264592	0.0749563433766
3.4873540856	0.0742782698978
3.50194552529	0.073596815674
3.51653696498	0.0729119735375
3.53112840467	0.0722237373355
3.54571984436	0.0715321020505
3.56031128405	0.0708370639284
3.57490272374	0.0701386206149
3.58949416343	0.0694367713001
3.60408560311	0.0687315168724
3.6186770428	0.0680228600808
3.63326848249	0.0673108057063
3.64785992218	0.0665953607427
3.66245136187	0.0658765345868
3.67704280156	0.0651543392376
3.69163424125	0.064428789506
3.70622568093	0.0636999032325
3.72081712062	0.0629677015158
3.73540856031	0.0622322089498
3.75	0.06149345387
3.76459143969	0.0607514686088
3.77918287938	0.0600062897593
3.79377431907	0.0592579584475
3.80836575876	0.0585065206116
3.82295719844	0.0577520272893
3.83754863813	0.0569945349103
3.85214007782	0.0562341055955
3.86673151751	0.0554708074604
3.8813229572	0.0547047149219
3.89591439689	0.0539359090085
3.91050583658	0.0531644776709
3.92509727627	0.052390516093
3.93968871595	0.0516141270011
3.95428015564	0.0508354209701
3.96887159533	0.0500545167244
3.98346303502	0.0492715414316
3.99805447471	0.0484866309878
4.0126459144	0.0476999302916
4.02723735409	0.0469115935038
4.04182879378	0.0461217842927
4.05642023346	0.0453306760595
4.07101167315	0.0445384521438
4.08560311284	0.0437453060049
4.10019455253	0.0429514413767
4.11478599222	0.0421570723933
4.12937743191	0.0413624236829
4.1439688716	0.0405677304261
4.15856031129	0.0397732383767
4.17315175097	0.0389792038417
4.18774319066	0.0381858936186
4.20233463035	0.0373935848855
4.21692607004	0.0366025650435
4.23151750973	0.0358131315084
4.24610894942	0.0350255914483
4.26070038911	0.0342402614672
4.27529182879	0.0334574672316
4.28988326848	0.0326775430389
4.30447470817	0.0319008313269
4.31906614786	0.0311276821239
4.33365758755	0.0303584524377
4.34824902724	0.0295935055865
4.36284046693	0.0288332104691
4.37743190662	0.0280779407784
4.3920233463	0.0273280741572
4.40661478599	0.026583991301
4.42120622568	0.0258460750089
4.43579766537	0.0251147091861
4.45038910506	0.0243902778021
4.46498054475	0.0236731638093
4.47957198444	0.0229637480256
4.49416342413	0.0222624079881
4.50875486381	0.0215695167821
4.5233463035	0.0208854418526
4.53793774319	0.0202105438053
4.55252918288	0.0195451752031
4.56712062257	0.0188896793661
4.58171206226	0.0182443891827
4.59630350195	0.0176096259392
4.61089494164	0.0169856981762
4.62548638132	0.0163729005785
4.64007782101	0.0157715129079
4.6546692607	0.0151817989852
4.66926070039	0.0146040057292
4.68385214008	0.0140383622595
4.69844357977	0.0134850790708
4.71303501946	0.0129443472831
4.72762645915	0.0124163379748
4.74221789883	0.0119012016035
4.75680933852	0.0113990675184
4.77140077821	0.0109100435688
4.7859922179	0.0104342158096
4.80058365759	0.00997164830913
4.81517509728	0.00952238305695
4.82976653697	0.00908643997484
4.84435797665	0.0086638170288
4.85894941634	0.00825449044155
4.87354085603	0.00785841500319
4.88813229572	0.0074755244771
4.90272373541	0.00710573209755
4.9173151751	0.00674893115438
4.93190661479	0.00640499566008
4.94649805448	0.00607378109328
4.96108949416	0.00575512521286
4.97568093385	0.00544884893576
4.99027237354	0.00515475727184
5.00486381323	0.00487264030828
5.01945525292	0.00460227423623
5.03404669261	0.00434342241208
5.0486381323	0.00409583644561
5.06322957199	0.00385925730765
5.07782101167	0.00363341644947
5.09241245136	0.00341803692683
5.10700389105	0.00321283452147
5.12159533074	0.0030175188533
5.13618677043	0.00283179447688
5.15077821012	0.00265536195623
5.16536964981	0.00248791891228
5.1799610895	0.00232916103797
5.19455252918	0.0021787830764
5.20914396887	0.00203647975785
5.22373540856	0.00190194669229
5.23832684825	0.00177488121417
5.25291828794	0.00165498317721
5.26750972763	0.00154195569702
5.28210116732	0.00143550584026
5.29669260701	0.00133534525928
5.31128404669	0.00124119077175
5.32587548638	0.00115276488525
5.34046692607	0.00106979626715
5.35505836576	0.000992020160474
5.36964980545	0.000919178746896
5.38424124514	0.000851021458176
5.39883268483	0.000787305237742
5.41342412451	0.000727794754299
5.4280155642	0.000672262569573
5.44260700389	0.000620489262461
5.45719844358	0.000572263512002
5.47178988327	0.00052738214169
5.48638132296	0.000485650127709
5.50097276265	0.000446880573739
5.51556420234	0.000410894654994
5.53015564202	0.000377521534135
5.54474708171	0.000346598251704
5.5593385214	0.000317969593653
5.57392996109	0.000291487938493
5.58852140078	0.000267013086517
5.60311284047	0.000244412073436
5.61770428016	0.000223558970692
5.63229571985	0.000204334674593
5.64688715953	0.000186626686285
5.66147859922	0.000170328884486
5.67607003891	0.000155341292732
5.6906614786	0.00014156984282
5.70525291829	0.000128926135948
5.71984435798	0.000117327202963
5.73443579767	0.000106695264978
5.74902723736	9.69574955237e-05
5.76361867704	8.80457852518e-05
5.77821011673	7.98965101099e-05
5.79280155642	7.24503037982e-05
5.80739299611	6.56518352056e-05
5.8219844358	5.94495914288e-05
5.83657587549	5.37956668836e-05
5.85116731518	4.86455589306e-05
5.86575875487	4.39579703556e-05
5.88035019455	3.9694618971e-05
5.89494163424	3.58200545346e-05
5.90953307393	3.230148312e-05
5.92412451362	2.91085990149e-05
5.93871595331	2.62134241723e-05
5.953307393	2.35901551933e-05
5.96789883269	2.12150177811e-05
5.98249027237	1.90661285649e-05
5.99708171206	1.71233641674e-05
6.01167315175	1.53682373579e-05
6.02626459144	1.37837801114e-05
6.04085603113	1.23544333753e-05
6.05544747082	1.106594333e-05
6.07003891051	9.90526391504e-06
6.0846303502	8.86046538605e-06
6.09922178988	7.92064865759e-06
6.11381322957	7.07586518512e-06
6.12840466926	6.31704213517e-06
6.14299610895	5.63591259303e-06
6.15758754864	5.02495055836e-06
6.17217898833	4.47731048154e-06
6.18677042802	3.98677109789e-06
6.20136186771	3.54768332138e-06
6.21595330739	3.15492196573e-06
6.23054474708	2.80384106737e-06
6.24513618677	2.49023259193e-06
6.25972762646	2.21028831372e-06
6.27431906615	1.96056466599e-06
6.28891050584	1.73795036787e-06
6.30350194553	1.53963664276e-06
6.31809338522	1.36308985148e-06
6.3326848249	1.2060263721e-06
6.34727626459	1.06638956737e-06
6.36186770428	9.42328688711e-07
6.37645914397	8.32179574601e-07
6.39105058366	7.34447009174e-07
6.40564202335	6.47788614822e-07
6.42023346304	5.71000160465e-07
6.43482490272	5.03002174561e-07
6.44941634241	4.4282775909e-07
6.4640077821	3.89611507741e-07
6.47859922179	3.42579438006e-07
6.49319066148	3.01039853242e-07
6.50778210117	2.64375056688e-07
6.52237354086	2.32033845087e-07
6.53696498055	2.03524714903e-07
6.55155642023	1.7840971917e-07
6.56614785992	1.56298917726e-07
6.58073929961	1.36845368083e-07
6.5953307393	1.19740608297e-07
6.60992217899	1.0471058716e-07
6.62451361868	9.15120006377e-08
6.63910505837	7.99289968869e-08
6.65369649806	6.97702153459e-08
6.66828793774	6.08661283087e-08
6.68287937743	5.30666561198e-08
6.69747081712	4.62390296412e-08
6.71206225681	4.02658759569e-08
6.7266536965	3.50435054358e-08
6.74124513619	3.04803802359e-08
6.75583657588	2.64957461612e-08
6.77042801557	2.30184114414e-08
6.78501945525	1.99856575431e-08
6.79961089494	1.73422685166e-08
6.81420233463	1.50396666741e-08
6.82879377432	1.30351435595e-08
6.84338521401	1.12911762463e-08
6.8579766537	9.77481997115e-09
6.87256809339	8.45716900302e-09
6.88715953308	7.3128784512e-09
6.90175097276	6.31974045284e-09
6.91634241245	5.4583088417e-09
6.93093385214	4.71156700803e-09
6.94552529183	4.06463420044e-09
6.96011673152	3.50450601715e-09
6.97470817121	3.01982527785e-09
6.9892996109	2.6006798713e-09
7.00389105058	2.23842453429e-09
7.01848249027	1.92552384572e-09
7.03307392996	1.65541401107e-09
7.04766536965	1.42238127847e-09
7.06225680934	1.22145506211e-09
7.07684824903	1.04831406231e-09
7.09143968872	8.99203861216e-10
7.10603112841	7.7086464329e-10
7.12062256809	6.60467841739e-10
7.13521400778	5.65560648452e-10
7.14980544747	4.84017445278e-10
7.16439688716	4.13997323934e-10
7.17898832685	3.53906956976e-10
7.19357976654	3.02368168588e-10
7.20817120623	2.58189629973e-10
7.22276264592	2.20342172014e-10
7.2373540856	1.87937267596e-10
7.25194552529	1.60208289789e-10
7.26653696498	1.3649419869e-10
7.28112840467	1.16225352232e-10
7.29571984436	9.89111725576e-11
7.31031128405	8.4129432755e-11
7.32490272374	7.1516957217e-11
7.33949416343	6.0761554651e-11
7.35408560311	5.15950249662e-11
7.3686770428	4.378710122e-11
7.38326848249	3.71402049577e-11
7.39785992218	3.14849089125e-11
7.41245136187	2.66760141451e-11
7.42704280156	2.25891607155e-11
7.44163424125	1.91179011989e-11
7.45622568094	1.61711755567e-11
7.47081712062	1.36711336724e-11
7.48540856031	1.15512589977e-11
7.5	9.75475257401e-12
7.51459143969	8.23314233849e-12
7.52918287938	6.94508729478e-12
7.54377431907	5.85534917893e-12
7.55836575876	4.93390945381e-12
7.57295719844	4.15521133217e-12
7.58754863813	3.4975094772e-12
7.60214007782	2.94231251902e-12
7.61673151751	2.47390539236e-12
7.6313229572	2.07894036842e-12
7.64591439689	1.7460870923e-12
7.66050583658	1.46573332049e-12
7.67509727627	1.22972915927e-12
7.68968871595	1.03116863148e-12
7.70428015564	8.64203227996e-13
7.71887159533	7.2388287263e-13
7.73346303502	6.06020335168e-13
7.74805447471	5.07075729468e-13
7.7626459144	4.2405816629e-13
7.77723735409	3.54442070555e-13
7.79182879378	2.96096020419e-13
7.80642023346	2.47222270887e-13
7.82101167315	2.06305386486e-13
7.83560311284	1.7206864514e-13
7.85019455253	1.43437049661e-13
7.86478599222	1.19505974301e-13
7.87937743191	9.95145975509e-14
7.8939688716	8.28234081611e-14
7.90856031129	6.8895168247e-14
7.92315175097	5.7278814521e-14
7.93774319066	4.75958502819e-14
7.95233463035	3.95288516982e-14
7.96692607004	3.2811763117e-14
7.98151750973	2.72217109691e-14
7.99610894942	2.25721002011e-14
8.01070038911	1.87067972177e-14
8.0252918288	1.54952303784e-14
8.03988326848	1.2828266723e-14
8.05447470817	1.06147428285e-14
8.06906614786	8.77854910354e-15
8.08365758755	7.25617894073e-15
8.09824902724	5.99467179557e-15
8.11284046693	4.94988634437e-15
8.12743190662	4.08505245491e-15
8.1420233463	3.36955722083e-15
8.15661478599	2.77792825377e-15
8.17120622568	2.28898209622e-15
8.18579766537	1.88511203221e-15
8.20038910506	1.55169202254e-15
8.21498054475	1.27657894886e-15
8.22957198444	1.04969663539e-15
8.24416342413	8.62688697952e-16
8.25875486381	7.08628745857e-16
8.2733463035	5.81778905863e-16
8.28793774319	4.77388437385e-16
8.30252918288	3.9152613357e-16
8.31712062257	3.20940646179e-16
8.33171206226	2.6294444133e-16
8.34630350195	2.15317209928e-16
8.36089494164	1.76225665983e-16
8.37548638132	1.44156889837e-16
8.39007782101	1.17863046518e-16
8.4046692607	9.63154757196e-17
8.41926070039	7.8666693097e-17
8.43385214008	6.42188124639e-17
8.44844357977	5.23974798496e-17
8.46303501946	4.27302502131e-17
8.47762645915	3.48287247675e-17
8.49221789883	2.83737619488e-17
8.50680933852	2.31032823914e-17
8.52140077821	1.88021698677e-17
8.5359922179	1.52939643604e-17
8.55058365759	1.24339792743e-17
8.56517509728	1.01036518996e-17
8.57976653697	8.20587415277e-18
8.59435797666	6.66115936803e-18
8.60894941634	5.40447242548e-18
8.62354085603	4.38263722393e-18
8.63813229572	3.5521926657e-18
8.65272373541	2.87764197418e-18
8.6673151751	2.33000193143e-18
8.68190661479	1.88562563223e-18
8.69649805448	1.52522638969e-18
8.71108949416	1.23308506901e-18
8.72568093385	9.96395256838e-19
8.74027237354	8.04730330499e-19
8.75486381323	6.49604483774e-19
8.76945525292	5.24117348267e-19
8.78404669261	4.22657669794e-19
8.7986381323	3.40667038831e-19
8.81322957199	2.74443305857e-19
8.82782101167	2.20981835803e-19
8.84241245136	1.77844907457e-19
8.85700389105	1.43056565121e-19
8.87159533074	1.15015066229e-19
8.88618677043	9.24239176111e-20
8.90077821012	7.42329512201e-20
8.91536964981	5.95926098286e-20
8.9299610895	4.78157194206e-20
8.94455252918	3.83471139773e-20
8.95914396887	3.07380964454e-20
8.97373540856	2.46266350745e-20
8.98832684825	1.97203281711e-20
9.00291828794	1.57837096626e-20
9.01750972763	1.26266660932e-20
9.03210116732	1.0096123606e-20
9.04669260701	8.06871753658e-21
9.06128404669	6.44525525911e-21
9.07587548638	5.14585980002e-21
9.09046692607	4.10638621636e-21
9.10505836576	3.2752146183e-21
9.11964980545	2.61103425104e-21
9.13424124514	2.0805255708e-21
9.14883268483	1.65701249214e-21
9.16342412452	1.31906649975e-21
9.1780155642	1.04953836291e-21
9.19260700389	8.346666892e-22
9.20719844358	6.63465212576e-22
9.22178988327	5.27101756048e-22
9.23638132296	4.18571279225e-22
9.25097276265	3.32227884316e-22
9.26556420234	2.63580330589e-22
9.28015564202	2.09014503337e-22
9.29474708171	1.65669823823e-22
9.3093385214	1.31249942396e-22
9.32392996109	1.03932373539e-22
9.33852140078	8.22530948942e-23
9.35311284047	6.50714704215e-23
9.36770428016	5.14556402244e-23
9.38229571985	4.06736855103e-23
9.39688715953	3.21360186117e-23
9.41147859922	2.53799882857e-23
9.42607003891	2.00336247731e-23
9.4406614786	1.58078170894e-23
9.45525291829	1.24646779763e-23
9.46984435798	9.8257395477e-24
9.48443579767	7.74319004692e-24
9.49902723736	6.10088950567e-24
9.51361867704	4.80463189076e-24
9.52821011673	3.7828370304e-24
9.54280155642	2.97698906515e-24
9.55739299611	2.34212445787e-24
9.5719844358	1.84069481685e-24
9.58657587549	1.44668900187e-24
9.60116731518	1.13664881019e-24
9.61575875487	8.93508131582e-25
9.63035019455	7.02134966426e-25
9.64494163424	5.51658982771e-25
9.65953307393	4.33122517894e-25
9.67412451362	3.40051871941e-25
9.68871595331	2.66421292795e-25
9.703307393	2.08964817022e-25
9.71789883269	1.63910709743e-25
9.73249027237	1.28737250519e-25
9.74708171206	1.01112786677e-25
9.76167315175	7.94091190968e-26
9.77626459144	6.21883397611e-26
9.79085603113	4.87362142309e-26
9.80544747082	3.80576744895e-26
9.82003891051	2.98321331309e-26
9.8346303502	2.34405359632e-26
9.84922178988	1.85329083005e-26
9.86381322957	1.46360973885e-26
9.87840466926	1.16156776154e-26
9.89299610895	9.21802694448e-27
9.90758754864	7.33130441003e-27
9.92217898833	5.81528996603e-27
9.93677042802	4.6502044243e-27
9.95136186771	3.72600856943e-27
9.96595330739	3.03388587678e-27
9.98054474708	2.47478976196e-27
9.99513618677	2.03565349348e-27
10.0097276265	1.68321602642e-27
10.0243190661	1.42220373592e-27
10.0389105058	1.21243927845e-27
10.0535019455	1.06035004869e-27
10.0680933852	9.47002789791e-28
10.0826848249	8.67423263015e-28
10.0972762646	8.07204351231e-28
10.1118677043	7.49969727331e-28
10.126459144	7.08662982782e-28
10.1410505837	6.91507494931e-28
10.1556420233	6.9854131287e-28
10.170233463	6.95979816704e-28
10.1848249027	6.99871753681e-28
10.1994163424	6.96407102381e-28
10.2140077821	6.96268344263e-28
10.2285992218	6.977568794e-28
10.2431906615	7.138905173e-28
10.2577821012	7.33645201708e-28
10.2723735409	7.79973975369e-28
10.2869649805	7.96491695747e-28
10.3015564202	8.16038544748e-28
10.3161478599	8.24036909763e-28
10.3307392996	8.31280603578e-28
10.3453307393	8.25420880272e-28
10.359922179	8.37250010889e-28
10.3745136187	8.5468484865e-28
10.3891050584	9.03408095354e-28
10.4036964981	9.22039547667e-28
10.4182879377	9.40532841384e-28
10.4328793774	9.48855480685e-28
10.4474708171	9.61758383314e-28
10.4620622568	9.61038948313e-28
10.4766536965	9.75726834806e-28
10.4912451362	9.95775241592e-28
10.5058365759	1.05943898457e-27
10.5204280156	1.08240406782e-27
10.5350194553	1.09782936602e-27
10.5496108949	1.09983663345e-27
10.5642023346	1.10458115047e-27
10.5787937743	1.09409602502e-27
10.593385214	1.10049331033e-27
10.6079766537	1.11403118965e-27
10.6225680934	1.16544562168e-27
10.6371595331	1.16807088928e-27
10.6517509728	1.16845534835e-27
10.6663424125	1.15787358809e-27
10.6809338521	1.14965227472e-27
10.6955252918	1.1351646642e-27
10.7101167315	1.14013755426e-27
10.7247081712	1.14666062431e-27
10.7392996109	1.18975089511e-27
10.7538910506	1.19166991311e-27
10.7684824903	1.19755220739e-27
10.78307393	1.19421075873e-27
10.7976653697	1.20202678207e-27
10.8122568093	1.18629513211e-27
10.826848249	1.17877355292e-27
10.8414396887	1.18184236285e-27
10.8560311284	1.22454308667e-27
10.8706225681	1.22429005782e-27
10.8852140078	1.21703466527e-27
10.8998054475	1.19782997706e-27
10.9143968872	1.19557132808e-27
10.9289883268	1.17747912185e-27
10.9435797665	1.16991991431e-27
10.9581712062	1.16059868483e-27
10.9727626459	1.19910885591e-27
10.9873540856	1.19771990804e-27
11.0019455253	1.18739263891e-27
11.016536965	1.1815765228e-27
11.0311284047	1.18233562859e-27
11.0457198444	1.19044032386e-27
11.060311284	1.22527571544e-27
11.0749027237	1.26605428784e-27
11.0894941634	1.36357037174e-27
11.1040856031	1.46247929069e-27
11.1186770428	1.61186167147e-27
11.1332684825	1.80893949001e-27
11.1478599222	2.10097220104e-27
11.1624513619	2.49772278465e-27
11.1770428016	3.0765850813e-27
11.1916342412	3.87931822471e-27
11.2062256809	4.99835468729e-27
11.2208171206	6.43365408192e-27
11.2354085603	8.53454863764e-27
11.25	1.0478491097e-26
11.2645914397	8.52533518237e-27
11.2791828794	6.38054925918e-27
11.2937743191	4.88422878175e-27
11.3083657588	3.72907240831e-27
11.3229571984	2.86847195153e-27
11.3375486381	2.21648710373e-27
11.3521400778	1.7264000289e-27
11.3667315175	1.35280418091e-27
11.3813229572	1.07405397057e-27
11.3959143969	8.72999758748e-28
11.4105058366	7.24866267997e-28
11.4250972763	6.15600330946e-28
11.439688716	5.32450909847e-28
11.4542801556	4.73235663451e-28
11.4688715953	4.27119717873e-28
11.483463035	3.97304775591e-28
11.4980544747	3.71113616194e-28
11.5126459144	3.60181764964e-28
11.5272373541	3.48455176942e-28
11.5418287938	3.39465988607e-28
11.5564202335	3.33577627645e-28
11.5710116732	3.33335544029e-28
11.5856031128	3.31590737954e-28
11.6001945525	3.33776754052e-28
11.6147859922	3.33715402587e-28
11.6293774319	3.38968443923e-28
11.6439688716	3.41625194391e-28
11.6585603113	3.4096863748e-28
11.673151751	3.28064279168e-28
11.6877431907	3.28746933357e-28
11.7023346304	3.27623193988e-28
11.71692607	3.3207886397e-28
11.7315175097	3.34049779211e-28
11.7461089494	3.48586130881e-28
11.7607003891	3.64464093988e-28
11.7752918288	3.87542682287e-28
11.7898832685	4.0423823234e-28
11.8044747082	4.26395555873e-28
11.8190661479	4.49052416552e-28
11.8336575876	4.71018795414e-28
11.8482490272	4.89548450035e-28
11.8628404669	5.18208021502e-28
11.8774319066	5.4780955115e-28
11.8920233463	5.72195888767e-28
11.906614786	5.8242051532e-28
11.9212062257	5.94044627356e-28
11.9357976654	5.98641274983e-28
11.9503891051	6.09687815982e-28
11.9649805447	6.07296033012e-28
11.9795719844	6.05134537386e-28
11.9941634241	6.03402462347e-28
12.0087548638	5.97761269562e-28
12.0233463035	5.82696282671e-28
12.0379377432	5.84525581202e-28
12.0525291829	5.80507443254e-28
12.0671206226	5.72568988876e-28
12.0817120623	5.64175016748e-28
12.0963035019	5.64624068022e-28
12.1108949416	5.66746740985e-28
12.1254863813	5.78861193599e-28
12.140077821	5.92396055684e-28
12.1546692607	6.07710764487e-28
12.1692607004	6.17210744856e-28
12.1838521401	6.23001174679e-28
12.1984435798	6.19858336743e-28
12.2130350195	6.20180255412e-28
12.2276264591	6.23905969105e-28
12.2422178988	6.28519584559e-28
12.2568093385	6.35241548818e-28
12.2714007782	6.48315055934e-28
12.2859922179	6.56595569918e-28
12.3005836576	6.66299586973e-28
12.3151750973	6.67401573125e-28
12.329766537	6.66701897892e-28
12.3443579767	6.6862099966e-28
12.3589494163	6.69242479117e-28
12.373540856	6.75253569099e-28
12.3881322957	6.86227507219e-28
12.4027237354	6.91225662706e-28
12.4173151751	6.88783303689e-28
12.4319066148	6.80629155207e-28
12.4464980545	6.75291620475e-28
12.4610894942	6.7730804618e-28
12.4756809339	6.857732328e-28
12.4902723735	6.98555824938e-28
12.5048638132	7.0796458851e-28
12.5194552529	7.16145923403e-28
12.5340466926	7.19778670168e-28
12.5486381323	7.1173161734e-28
12.563229572	7.0567443576e-28
12.5778210117	7.03425316287e-28
12.5924124514	7.01426221717e-28
12.6070038911	7.0430070286e-28
12.6215953307	6.97786872193e-28
12.6361867704	6.90189138512e-28
12.6507782101	6.77662408061e-28
12.6653696498	6.62571533982e-28
12.6799610895	6.55520527883e-28
12.6945525292	6.62119557577e-28
12.7091439689	6.75497967804e-28
12.7237354086	7.06977520036e-28
12.7383268483	7.28151069e-28
12.7529182879	7.32713454515e-28
12.7675097276	7.25654579237e-28
12.7821011673	7.217843471e-28
12.796692607	7.12587605589e-28
12.8112840467	7.16807477849e-28
12.8258754864	7.3264919329e-28
12.8404669261	7.60682903811e-28
12.8550583658	7.68292620145e-28
12.8696498054	7.72928397403e-28
12.8842412451	7.62975930769e-28
12.8988326848	7.4788580533e-28
12.9134241245	7.40477635996e-28
12.9280155642	7.43472825231e-28
12.9426070039	7.48902746756e-28
12.9571984436	7.63072824036e-28
12.9717898833	7.60756999548e-28
12.986381323	7.585925847e-28
13.0009727626	7.48293279264e-28
13.0155642023	7.37899706341e-28
13.030155642	7.25776728866e-28
13.0447470817	7.24177353206e-28
13.0593385214	7.32606993812e-28
13.0739299611	7.64393862999e-28
13.0885214008	7.77468163108e-28
13.1031128405	7.79102157111e-28
13.1177042802	7.71932420227e-28
13.1322957198	7.65492565215e-28
13.1468871595	7.56225106425e-28
13.1614785992	7.62529168751e-28
13.1760700389	7.80962047582e-28
13.1906614786	8.18135403114e-28
13.2052529183	8.25395001608e-28
13.219844358	8.35656927295e-28
13.2344357977	8.28462143954e-28
13.2490272374	8.16913288239e-28
13.263618677	8.10807980651e-28
13.2782101167	8.16081347165e-28
13.2928015564	8.17698253522e-28
13.3073929961	8.45950423947e-28
13.3219844358	8.57493089751e-28
13.3365758755	8.63131930206e-28
13.3511673152	8.47491236418e-28
13.3657587549	8.32611760415e-28
13.3803501946	8.14100680576e-28
13.3949416342	8.07997005946e-28
13.4095330739	8.15680619173e-28
13.4241245136	8.49924408187e-28
13.4387159533	8.56531717638e-28
13.453307393	8.63364065182e-28
13.4678988327	8.61368410016e-28
13.4824902724	8.59468692727e-28
13.4970817121	8.45066478769e-28
13.5116731518	8.53284900071e-28
13.5262645914	8.69826139454e-28
13.5408560311	9.09897309173e-28
13.5554474708	9.28728902544e-28
13.5700389105	9.43299999055e-28
13.5846303502	9.38298027721e-28
13.5992217899	9.30901159188e-28
13.6138132296	9.23051174594e-28
13.6284046693	9.31273174506e-28
13.642996109	9.3791586029e-28
13.6575875486	9.82916453051e-28
13.6721789883	9.98942315226e-28
13.686770428	1.00435176427e-27
13.7013618677	1.00270776878e-27
13.7159533074	1.00780707862e-27
13.7305447471	1.00415055109e-27
13.7451361868	1.00617429012e-27
13.7597276265	1.01645402651e-27
13.7743190661	1.05697699896e-27
13.7889105058	1.06155497458e-27
13.8035019455	1.0661844784e-27
13.8180933852	1.05095457639e-27
13.8326848249	1.03963445848e-27
13.8472762646	1.03232663352e-27
13.8618677043	1.04595870862e-27
13.876459144	1.05613977529e-27
13.8910505837	1.09334330659e-27
13.9056420233	1.10249308407e-27
13.920233463	1.11159494669e-27
13.9348249027	1.10078461185e-27
13.9494163424	1.10248400908e-27
13.9640077821	1.10084480563e-27
13.9785992218	1.11249652659e-27
13.9931906615	1.12250362827e-27
14.0077821012	1.17058643963e-27
14.0223735409	1.18089342069e-27
14.0369649805	1.17832089609e-27
14.0515564202	1.16503006465e-27
14.0661478599	1.16053856429e-27
14.0807392996	1.14211346404e-27
14.0953307393	1.14901594537e-27
14.109922179	1.16364787583e-27
14.1245136187	1.21275376972e-27
14.1391050584	1.2169552658e-27
14.1536964981	1.21888322099e-27
14.1682879377	1.20053170196e-27
14.1828793774	1.18881129244e-27
14.1974708171	1.17283621524e-27
14.2120622568	1.17329291638e-27
14.2266536965	1.17334739836e-27
14.2412451362	1.22036403654e-27
14.2558365759	1.23526002222e-27
14.2704280156	1.24299983059e-27
14.2850194553	1.22423741298e-27
14.2996108949	1.21961872726e-27
14.3142023346	1.20652422721e-27
14.3287937743	1.20875330533e-27
14.343385214	1.21569061001e-27
14.3579766537	1.26686600027e-27
14.3725680934	1.27254708965e-27
14.3871595331	1.26279271391e-27
14.4017509728	1.2376105708e-27
14.4163424125	1.22664613084e-27
14.4309338521	1.19962314772e-27
14.4455252918	1.19715649663e-27
14.4601167315	1.19658792292e-27
14.4747081712	1.23083113734e-27
14.4892996109	1.23302702359e-27
14.5038910506	1.23820097809e-27
14.5184824903	1.2241932156e-27
14.53307393	1.21914549508e-27
14.5476653697	1.21159794229e-27
14.5622568093	1.21343560784e-27
14.576848249	1.20914672131e-27
14.5914396887	1.25200667995e-27
14.6060311284	1.25411228288e-27
14.6206225681	1.25198325765e-27
14.6352140078	1.22244968259e-27
14.6498054475	1.20496503366e-27
14.6643968872	1.18337316336e-27
14.6789883268	1.17042032961e-27
14.6935797665	1.15658157943e-27
14.7081712062	1.17822980351e-27
14.7227626459	1.16115053404e-27
14.7373540856	1.14641845737e-27
14.7519455253	1.10980288985e-27
14.766536965	1.08926789279e-27
14.7811284047	1.04834191742e-27
14.7957198444	1.02652086928e-27
14.810311284	9.98567861972e-28
14.8249027237	9.86014561647e-28
14.8394941634	9.36961721721e-28
14.8540856031	8.84621128976e-28
14.8686770428	8.18864817379e-28
14.8832684825	7.74055796103e-28
14.8978599222	7.39427682587e-28
14.9124513619	7.36518207268e-28
14.9270428016	7.7418476581e-28
14.9416342412	9.07555352439e-28
14.9562256809	1.14045662638e-27
14.9708171206	1.53646034019e-27
14.9854085603	2.28902023838e-27
15.0	3.09689519642e-27
