-14.9854085603	2.16607144013e-27
-14.9708171206	1.27542300479e-27
-14.9562256809	7.7173330953e-28
-14.9416342412	4.47165965872e-28
-14.9270428016	2.59541387828e-28
-14.9124513619	1.5368861373e-28
-14.8978599222	1.10004438686e-28
-14.8832684825	9.24605599084e-29
-14.8686770428	9.63199950932e-29
-14.8540856031	1.05866157931e-28
-14.8394941634	1.21451428448e-28
-14.8249027237	1.25642873924e-28
-14.810311284	1.42607984243e-28
-14.7957198444	1.57518889691e-28
-14.7811284047	1.7691184615e-28
-14.766536965	1.9159947101e-28
-14.7519455253	2.06776363083e-28
-14.7373540856	2.16054078798e-28
-14.7227626459	2.21284462737e-28
-14.7081712062	2.07854054508e-28
-14.6935797665	2.12935044118e-28
-14.6789883268	2.18283530284e-28
-14.6643968872	2.29112752015e-28
-14.6498054475	2.36341118283e-28
-14.6352140078	2.48585715509e-28
-14.6206225681	2.50149236679e-28
-14.6060311284	2.49898625063e-28
-14.5914396887	2.31906429943e-28
-14.576848249	2.31121040222e-28
-14.5622568093	2.31583185691e-28
-14.5476653696	2.41158389345e-28
-14.53307393	2.44762559514e-28
-14.5184824903	2.52519352405e-28
-14.5038910506	2.53560201172e-28
-14.4892996109	2.53904631344e-28
-14.4747081712	2.36103054249e-28
-14.4601167315	2.36562699265e-28
-14.4455252918	2.36661913446e-28
-14.4309338521	2.43957041053e-28
-14.4163424125	2.45323211273e-28
-14.4017509728	2.51261620312e-28
-14.3871595331	2.49367960885e-28
-14.3725680934	2.47371544235e-28
-14.3579766537	2.24517916641e-28
-14.343385214	2.19442875113e-28
-14.3287937743	2.16622593191e-28
-14.3142023346	2.22309814219e-28
-14.2996108949	2.24287070511e-28
-14.2850194553	2.31267620458e-28
-14.2704280156	2.30405003976e-28
-14.2558365759	2.28293144724e-28
-14.2412451362	2.07899846568e-28
-14.2266536965	2.05085854819e-28
-14.2120622568	2.0231068623e-28
-14.1974708171	2.0772419739e-28
-14.1828793774	2.08781700603e-28
-14.1682879377	2.13834294431e-28
-14.1536964981	2.11927409134e-28
-14.1391050584	2.07828977616e-28
-14.1245136187	1.85641700867e-28
-14.109922179	1.81975430723e-28
-14.0953307393	1.79649355286e-28
-14.0807392996	1.85123495878e-28
-14.0661478599	1.87141126827e-28
-14.0515564202	1.92624239863e-28
-14.0369649805	1.90424748197e-28
-14.0223735409	1.87739017055e-28
-14.0077821012	1.66654571073e-28
-13.9931906615	1.61650429056e-28
-13.9785992218	1.57879416941e-28
-13.9640077821	1.61436575117e-28
-13.9494163424	1.61248210503e-28
-13.9348249027	1.65488869794e-28
-13.920233463	1.62512414889e-28
-13.9056420233	1.59611003871e-28
-13.8910505837	1.41093198778e-28
-13.876459144	1.37400900414e-28
-13.8618677043	1.36310465204e-28
-13.8472762646	1.40914925167e-28
-13.8326848249	1.41279854491e-28
-13.8180933852	1.46480151075e-28
-13.8035019455	1.45711619735e-28
-13.7889105058	1.43103559029e-28
-13.7743190661	1.27628614226e-28
-13.7597276265	1.24507951618e-28
-13.7451361868	1.23677987374e-28
-13.7305447471	1.28603374332e-28
-13.7159533074	1.29763188775e-28
-13.7013618677	1.34678039969e-28
-13.686770428	1.33240097283e-28
-13.6721789883	1.30521652193e-28
-13.6575875486	1.15091483466e-28
-13.6429961089	1.10076073521e-28
-13.6284046693	1.0787630959e-28
-13.6138132296	1.09294642799e-28
-13.5992217899	1.08552200535e-28
-13.5846303502	1.12486692962e-28
-13.5700389105	1.11135207678e-28
-13.5554474708	1.07642067244e-28
-13.5408560311	9.33605191248e-29
-13.5262645914	8.95155446017e-29
-13.5116731518	8.73574019032e-29
-13.4970817121	8.93171034177e-29
-13.4824902724	8.95620801227e-29
-13.4678988327	9.28177013777e-29
-13.453307393	9.15469348175e-29
-13.4387159533	8.82454058887e-29
-13.4241245136	7.73432424918e-29
-13.4095330739	7.46757035274e-29
-13.3949416342	7.29363366807e-29
-13.3803501946	7.52019739956e-29
-13.3657587549	7.63168434771e-29
-13.3511673152	8.12080267756e-29
-13.3365758755	8.22884474454e-29
-13.3219844358	8.28063967973e-29
-13.3073929961	7.7432627791e-29
-13.2928015564	7.71247293315e-29
-13.2782101167	7.74893663646e-29
-13.263618677	8.03222503391e-29
-13.2490272374	8.07891994944e-29
-13.2344357977	8.47386983511e-29
-13.219844358	8.4743766647e-29
-13.2052529183	8.53863469017e-29
-13.1906614786	8.28694513751e-29
-13.1760700389	8.29442973827e-29
-13.1614785992	8.24765800846e-29
-13.1468871595	8.44612125632e-29
-13.1322957198	8.24314086619e-29
-13.1177042802	8.39808145408e-29
-13.1031128405	8.36254893086e-29
-13.0885214008	8.10042515071e-29
-13.0739299611	7.56548513776e-29
-13.0593385214	7.30872382269e-29
-13.0447470817	7.25404943989e-29
-13.030155642	7.22957210306e-29
-13.0155642023	7.1909607522e-29
-13.0009727626	7.32026563926e-29
-12.986381323	7.32204989653e-29
-12.9717898833	7.44249102525e-29
-12.9571984436	7.55667640483e-29
-12.9426070039	7.65964457674e-29
-12.9280155642	7.73286514875e-29
-12.9134241245	7.87065966727e-29
-12.8988326848	7.96861858659e-29
-12.8842412451	8.25024838525e-29
-12.8696498054	8.70764616386e-29
-12.8550583658	9.31308871652e-29
-12.8404669261	1.03712931729e-28
-12.8258754864	1.12309511622e-28
-12.8112840467	1.20030876999e-28
-12.796692607	1.26483002848e-28
-12.7821011673	1.30588515376e-28
-12.7675097276	1.3532795111e-28
-12.7529182879	1.39214521375e-28
-12.7383268482	1.42150777047e-28
-12.7237354086	1.47426767255e-28
-12.7091439689	1.47611418279e-28
-12.6945525292	1.49167228348e-28
-12.6799610895	1.4849375938e-28
-12.6653696498	1.49860877108e-28
-12.6507782101	1.51548181827e-28
-12.6361867704	1.55717475264e-28
-12.6215953307	1.62230755873e-28
-12.6070038911	1.75525179356e-28
-12.5924124514	1.81498185682e-28
-12.5778210117	1.88010388325e-28
-12.563229572	1.88222212003e-28
-12.5486381323	1.88647033554e-28
-12.5340466926	1.916199724e-28
-12.5194552529	2.00959321603e-28
-12.5048638132	2.12250289654e-28
-12.4902723735	2.38260972822e-28
-12.4756809339	2.54547744806e-28
-12.4610894942	2.66988361578e-28
-12.4464980545	2.73730171844e-28
-12.4319066148	2.81633987391e-28
-12.4173151751	2.88600310145e-28
-12.4027237354	2.98605344967e-28
-12.3881322957	3.08983604729e-28
-12.373540856	3.35976763315e-28
-12.3589494163	3.49042829379e-28
-12.3443579767	3.57350389135e-28
-12.329766537	3.61834473063e-28
-12.3151750973	3.70730747631e-28
-12.3005836576	3.74240993687e-28
-12.2859922179	3.83199084515e-28
-12.2714007782	4.00709733271e-28
-12.2568093385	4.3897096093e-28
-12.2422178988	4.5626264863e-28
-12.2276264591	4.74679343749e-28
-12.2130350195	4.81209499167e-28
-12.1984435798	4.8832375089e-28
-12.1838521401	4.91297658376e-28
-12.1692607004	4.98816366104e-28
-12.1546692607	5.09072095419e-28
-12.140077821	5.44110943577e-28
-12.1254863813	5.53255089807e-28
-12.1108949416	5.57508689841e-28
-12.0963035019	5.50385246054e-28
-12.0817120623	5.50496595771e-28
-12.0671206226	5.49693754724e-28
-12.0525291829	5.60540838821e-28
-12.0379377432	5.73162041512e-28
-12.0233463035	6.0941903182e-28
-12.0087548638	6.23337678211e-28
-11.9941634241	6.34293658383e-28
-11.9795719844	6.3706858644e-28
-11.9649805447	6.41655938355e-28
-11.9503891051	6.38771487163e-28
-11.9357976654	6.48075767887e-28
-11.9212062257	6.70430210691e-28
-11.906614786	7.22126437074e-28
-11.8920233463	7.41745691362e-28
-11.8774319066	7.54140015325e-28
-11.8628404669	7.43456035038e-28
-11.8482490272	7.35397604079e-28
-11.8336575875	7.22655966208e-28
-11.8190661479	7.2163627321e-28
-11.8044747082	7.239212398e-28
-11.7898832685	7.62542986943e-28
-11.7752918288	7.64636013147e-28
-11.7607003891	7.56132003746e-28
-11.7461089494	7.37957940171e-28
-11.7315175097	7.3088373773e-28
-11.71692607	7.22136064464e-28
-11.7023346304	7.30613084569e-28
-11.6877431907	7.3414718414e-28
-11.673151751	7.66869337525e-28
-11.6585603113	7.71806583442e-28
-11.6439688716	7.64289655373e-28
-11.6293774319	7.43820289318e-28
-11.6147859922	7.30307405461e-28
-11.6001945525	7.09945816346e-28
-11.5856031128	7.10317125318e-28
-11.5710116732	7.16081251472e-28
-11.5564202335	7.48934769805e-28
-11.5418287938	7.37825223736e-28
-11.5272373541	7.24070501127e-28
-11.5126459144	6.93978498166e-28
-11.4980544747	6.64457855935e-28
-11.483463035	6.41068693101e-28
-11.4688715953	6.30677610404e-28
-11.4542801556	6.27624215734e-28
-11.439688716	6.56692147196e-28
-11.4250972763	6.51719616119e-28
-11.4105058366	6.53753392116e-28
-11.3959143969	6.68158454411e-28
-11.3813229572	7.23955363299e-28
-11.3667315175	8.28476898062e-28
-11.3521400778	1.00549214206e-27
-11.3375486381	1.2688920295e-27
-11.3229571984	1.67875581314e-27
-11.3083657588	2.24529927902e-27
-11.2937743191	3.0632400358e-27
-11.2791828794	4.1721258992e-27
-11.2645914397	5.85381998559e-27
-11.25	7.43172208448e-27
-11.2354085603	5.7041736039e-27
-11.2208171206	3.92399335819e-27
-11.2062256809	2.74645273989e-27
-11.1916342412	1.87366953834e-27
-11.1770428016	1.26291384404e-27
-11.1624513619	8.37748957083e-28
-11.1478599222	5.50382635771e-28
-11.1332684825	3.57920130908e-28
-11.1186770428	2.34231428975e-28
-11.1040856031	1.63259289535e-28
-11.0894941634	1.18111902857e-28
-11.0749027237	1.11211306516e-28
-11.060311284	1.2453772397e-28
-11.0457198444	1.50407451512e-28
-11.0311284047	1.81566091996e-28
-11.016536965	2.20681537375e-28
-11.0019455253	2.51483686391e-28
-10.9873540856	2.84019356335e-28
-10.9727626459	2.96303581497e-28
-10.9581712062	3.23209132e-28
-10.9435797665	3.56574420136e-28
-10.9289883268	3.96041945473e-28
-10.9143968872	4.28484606212e-28
-10.8998054475	4.60148332397e-28
-10.8852140078	4.82727150831e-28
-10.8706225681	4.91156698807e-28
-10.8560311284	4.71116969737e-28
-10.8414396887	4.77110480028e-28
-10.826848249	4.87513018894e-28
-10.8122568093	5.06884477113e-28
-10.7976653696	5.2281478526e-28
-10.78307393	5.39357479922e-28
-10.7684824903	5.47625369657e-28
-10.7538910506	5.48658655418e-28
-10.7392996109	5.22894998746e-28
-10.7247081712	5.19584780137e-28
-10.7101167315	5.22761122567e-28
-10.6955252918	5.32253838945e-28
-10.6809338521	5.38057558921e-28
-10.6663424125	5.4467720964e-28
-10.6517509728	5.37805358713e-28
-10.6371595331	5.24585696791e-28
-10.6225680934	4.8285400949e-28
-10.6079766537	4.64458515986e-28
-10.593385214	4.55082555947e-28
-10.5787937743	4.59695079228e-28
-10.5642023346	4.61571661012e-28
-10.5496108949	4.66538900743e-28
-10.5350194553	4.64026489863e-28
-10.5204280156	4.58642427552e-28
-10.5058365759	4.26979181072e-28
-10.4912451362	4.17560156535e-28
-10.4766536965	4.12780841598e-28
-10.4620622568	4.11601644233e-28
-10.4474708171	4.05195129563e-28
-10.4328793774	3.9856576836e-28
-10.4182879377	3.81490093819e-28
-10.4036964981	3.58172126182e-28
-10.3891050584	3.06498886743e-28
-10.3745136187	2.81110852602e-28
-10.359922179	2.65284111544e-28
-10.3453307393	2.63313007805e-28
-10.3307392996	2.6100833591e-28
-10.3161478599	2.6707781043e-28
-10.3015564202	2.68847286471e-28
-10.2869649805	2.7417767984e-28
-10.2723735409	2.74521759753e-28
-10.2577821012	3.02187766492e-28
-10.2431906615	3.50281062261e-28
-10.2285992218	4.28876907916e-28
-10.2140077821	5.2868857644e-28
-10.1994163424	6.72059678584e-28
-10.1848249027	8.54797980726e-28
-10.170233463	1.09921098994e-27
-10.1556420233	1.43701127949e-27
-10.1410505837	1.88007385565e-27
-10.126459144	2.45093753349e-27
-10.1118677043	3.22260525048e-27
-10.0972762646	4.2072068651e-27
-10.0826848249	5.46321839606e-27
-10.0680933852	7.08844359984e-27
-10.0535019455	9.2317974449e-27
-10.0389105058	1.2072156585e-26
-10.0243190661	1.57306236059e-26
-10.0097276265	2.04311686844e-26
-9.99513618677	2.65426187222e-26
-9.98054474708	3.44066088042e-26
-9.96595330739	4.45544074346e-26
-9.9513618677	5.7639728351e-26
-9.93677042802	7.47014591094e-26
-9.92217898833	9.67581268742e-26
-9.90758754864	1.24774688896e-25
-9.89299610895	1.60605783566e-25
-9.87840466926	2.06310617232e-25
-9.86381322957	2.64734085649e-25
-9.84922178988	3.39412784688e-25
-9.83463035019	4.34999648501e-25
-9.82003891051	5.57510500019e-25
-9.80544747082	7.14731404518e-25
-9.79085603113	9.15158505949e-25
-9.77626459144	1.17071382355e-24
-9.76167315175	1.49670626785e-24
-9.74708171206	1.9119371809e-24
-9.73249027237	2.44047420618e-24
-9.71789883268	3.11414957949e-24
-9.703307393	3.97212158657e-24
-9.68871595331	5.06521643198e-24
-9.67412451362	6.45391177972e-24
-9.65953307393	8.21744102908e-24
-9.64494163424	1.04567101732e-23
-9.63035019455	1.32986976047e-23
-9.61575875486	1.69038714181e-23
-9.60116731517	2.14766668844e-23
-9.58657587549	2.72746849584e-23
-9.5719844358	3.4624472355e-23
-9.55739299611	4.39252764824e-23
-9.54280155642	5.5691876593e-23
-9.52821011673	7.05725716011e-23
-9.51361867704	8.93839952902e-23
-9.49902723735	1.13154986727e-22
-9.48443579767	1.43176676561e-22
-9.46984435798	1.81074593239e-22
-9.45525291829	2.28902701012e-22
-9.4406614786	2.89200817842e-22
-9.42607003891	3.65197375614e-22
-9.41147859922	4.60930702896e-22
-9.39688715953	5.81464748324e-22
-9.38229571984	7.33147062996e-22
-9.36770428016	9.23945870024e-22
-9.35311284047	1.16383004013e-21
-9.33852140078	1.46528167753e-21
-9.32392996109	1.84384678281e-21
-9.3093385214	2.31902223873e-21
-9.29474708171	2.91516071367e-21
-9.28015564202	3.66271098602e-21
-9.26556420233	4.59962547113e-21
-9.25097276265	5.7732991945e-21
-9.23638132296	7.24283568153e-21
-9.22178988327	9.08188878415e-21
-9.20719844358	1.1382026567e-20
-9.19260700389	1.42574497807e-20
-9.1780155642	1.78501927909e-20
-9.16342412451	2.23369663538e-20
-9.14883268482	2.79373665906e-20
-9.13424124514	3.49242618066e-20
-9.11964980545	4.3636425871e-20
-9.10505836576	5.44944143677e-20
-9.09046692607	6.80193853012e-20
-9.07587548638	8.4857844146e-20
-9.06128404669	1.05810716358e-19
-9.046692607	1.31870066012e-19
-9.03210116731	1.64263609005e-19
-9.01750972763	2.04510442013e-19
-9.00291828794	2.54488407098e-19
-8.98832684825	3.16518674146e-19
-8.97373540856	3.93466563869e-19
-8.95914396887	4.88870700625e-19
-8.94455252918	6.07096406309e-19
-8.92996108949	7.53527065434e-19
-8.91536964981	9.34797277743e-19
-8.90077821012	1.15908018879e-18
-8.88618677043	1.43643737984e-18
-8.87159533074	1.77925023698e-18
-8.85700389105	2.20274258402e-18
-8.84241245136	2.72563061255e-18
-8.82782101167	3.37090559388e-18
-8.81322957198	4.16679739753e-18
-8.7986381323	5.14794856219e-18
-8.78404669261	6.35685078652e-18
-8.76945525292	7.84558941695e-18
-8.75486381323	9.67798105779e-18
-8.74027237354	1.19321631217e-17
-8.72568093385	1.47037726579e-17
-8.71108949416	1.8109786866e-17
-8.69649805447	2.229321712e-17
-8.68190661479	2.74287979411e-17
-8.6673151751	3.37299210716e-17
-8.65272373541	4.14570283412e-17
-8.63813229572	5.0927827261e-17
-8.62354085603	6.25296490682e-17
-8.60894941634	7.67344838722e-17
-8.59435797665	9.41171332527e-17
-8.57976653696	1.15377247095e-16
-8.56517509728	1.41365954831e-16
-8.55058365759	1.73118101527e-16
-8.5359922179	2.11891198839e-16
-8.52140077821	2.59212519903e-16
-8.50680933852	3.16935867844e-16
-8.49221789883	3.87310257076e-16
-8.47762645914	4.73062582455e-16
-8.46303501945	5.7749734969e-16
-8.44844357977	7.04616798733e-16
-8.43385214008	8.59265545276e-16
-8.41926070039	1.0473045595e-15
-8.4046692607	1.27582054685e-15
-8.39007782101	1.55337733319e-15
-8.37548638132	1.89031818651e-15
-8.36089494163	2.29912839746e-15
-8.34630350195	2.79487055158e-15
-8.33171206226	3.39570625711e-15
-8.31712062257	4.123521547e-15
-8.30252918288	5.00467563721e-15
-8.28793774319	6.07089752214e-15
-8.2733463035	7.36035799373e-15
-8.25875486381	8.91895208095e-15
-8.24416342412	1.08018304097e-14
-8.22957198444	1.30752285268e-14
-8.21498054475	1.58186495247e-14
-8.20038910506	1.91274676781e-14
-8.18579766537	2.31160313236e-14
-8.17120622568	2.79213599849e-14
-8.15661478599	3.37075446232e-14
-8.1420233463	4.06709851671e-14
-8.12743190661	4.90466165378e-14
-8.11284046693	5.91153086292e-14
-8.09824902724	7.12126547796e-14
-8.08365758755	8.57394032526e-14
-8.06906614786	1.03173830617e-13
-8.05447470817	1.2408641182e-13
-8.03988326848	1.49157198395e-13
-8.02529182879	1.79196399264e-13
-8.0107003891	2.15168729983e-13
-7.99610894942	2.58222211463e-13
-7.98151750973	3.09722203331e-13
-7.96692607004	3.71291604249e-13
-7.95233463035	4.44858302141e-13
-7.93774319066	5.32711152693e-13
-7.92315175097	6.37565970338e-13
-7.90856031128	7.626432857e-13
-7.89396887159	9.11759893447e-13
-7.87937743191	1.08943658675e-12
-7.86478599222	1.30102484504e-12
-7.85019455253	1.55285572879e-12
-7.83560311284	1.85241475115e-12
-7.82101167315	2.2085471406e-12
-7.80642023346	2.63169860847e-12
-7.79182879377	3.13419760802e-12
-7.77723735409	3.73058599001e-12
-7.7626459144	4.43800613193e-12
-7.74805447471	5.27665388305e-12
-7.73346303502	6.2703081838e-12
-7.71887159533	7.44694991492e-12
-7.70428015564	8.83948458355e-12
-7.68968871595	1.04865856655e-11
-7.67509727626	1.24336781795e-11
-7.66050583658	1.47340849881e-11
-7.64591439689	1.74503619189e-11
-7.6313229572	2.06558517682e-11
-7.61673151751	2.44364918974e-11
-7.60214007782	2.88929153889e-11
-7.58754863813	3.41428918541e-11
-7.57295719844	4.03241608552e-11
-7.55836575875	4.7597718998e-11
-7.54377431907	5.61516306602e-11
-7.52918287938	6.62054428869e-11
-7.51459143969	7.80152968033e-11
-7.5	9.18798412416e-11
-7.48540856031	1.08147069981e-10
-7.47081712062	1.27222222592e-10
-7.45622568093	1.49576905016e-10
-7.44163424124	1.75759614193e-10
-7.42704280156	2.06407873161e-10
-7.41245136187	2.42262213385e-10
-7.39785992218	2.8418227449e-10
-7.38326848249	3.33165329093e-10
-7.3686770428	3.90367583106e-10
-7.35408560311	4.57128650311e-10
-7.33949416342	5.34999654122e-10
-7.32490272373	6.25775471814e-10
-7.31031128405	7.31531704889e-10
-7.29571984436	8.54667038706e-10
-7.28112840467	9.97951741709e-10
-7.26653696498	1.16458315467e-09
-7.25194552529	1.35824913101e-09
-7.2373540856	1.58320051537e-09
-7.22276264591	1.84433388715e-09
-7.20817120623	2.14728595455e-09
-7.19357976654	2.49854115908e-09
-7.17898832685	2.90555424969e-09
-7.16439688716	3.37688980458e-09
-7.14980544747	3.92238092598e-09
-7.13521400778	4.55330960651e-09
-7.12062256809	5.2826115728e-09
-7.1060311284	6.12510875045e-09
-7.09143968872	7.0977728757e-09
-7.07684824903	8.22002419562e-09
-7.06225680934	9.51406966815e-09
-7.04766536965	1.10052855876e-08
-7.03307392996	1.2722650135e-08
-7.01848249027	1.46992319823e-08
-7.00389105058	1.69727417813e-08
-6.98929961089	1.95861541343e-08
-6.97470817121	2.25884084978e-08
-6.96011673152	2.60351983968e-08
-6.94552529183	2.99898593634e-08
-6.93093385214	3.45243671307e-08
-6.91634241245	3.97204588582e-08
-6.90175097276	4.56708915094e-08
-6.88715953307	5.2480852988e-08
-6.87256809338	6.026954325e-08
-6.8579766537	6.91719443775e-08
-6.84338521401	7.93408005081e-08
-6.82879377432	9.09488306101e-08
-6.81420233463	1.04191199352e-07
-6.79961089494	1.19288273773e-07
-6.78501945525	1.36488696118e-07
-6.77042801556	1.56072806074e-07
-6.75583657588	1.78356448725e-07
-6.74124513619	2.0369520793e-07
-6.7266536965	2.3248910833e-07
-6.71206225681	2.65187833128e-07
-6.69747081712	3.02296508842e-07
-6.68287937743	3.44382112666e-07
-6.66828793774	3.92080562767e-07
-6.65369649805	4.46104556836e-07
-6.63910505837	5.07252229536e-07
-6.62451361868	5.76416705103e-07
-6.60992217899	6.54596627298e-07
-6.5953307393	7.42907755184e-07
-6.58073929961	8.42595719767e-07
-6.56614785992	9.55050043462e-07
-6.55155642023	1.08181953152e-06
-6.53696498054	1.22462915211e-06
-6.52237354086	1.38539852938e-06
-6.50778210117	1.56626218217e-06
-6.49319066148	1.76959164892e-06
-6.47859922179	1.99801964808e-06
-6.4640077821	2.25446643187e-06
-6.44941634241	2.54216849985e-06
-6.43482490272	2.86470984787e-06
-6.42023346303	3.22605593619e-06
-6.40564202335	3.63059056992e-06
-6.39105058366	4.08315589288e-06
-6.37645914397	4.58909570448e-06
-6.36186770428	5.1543023171e-06
-6.34727626459	5.78526717866e-06
-6.3326848249	6.48913549193e-06
-6.31809338521	7.27376506806e-06
-6.30350194552	8.14778965669e-06
-6.28891050584	9.12068699903e-06
-6.27431906615	1.02028518528e-05
-6.25972762646	1.14056742389e-05
-6.24513618677	1.27416231593e-05
-6.23054474708	1.42243360321e-05
-6.21595330739	1.58687140867e-05
-6.2013618677	1.76910239517e-05
-6.18677042802	1.97090056613e-05
-6.17217898833	2.1941987291e-05
-6.15758754864	2.44110064152e-05
-6.14299610895	2.7138938565e-05
-6.12840466926	3.0150632832e-05
-6.11381322957	3.34730547439e-05
-6.09922178988	3.71354364988e-05
-6.08463035019	4.11694346108e-05
-6.07003891051	4.56092949746e-05
-6.05544747082	5.0492025311e-05
-6.04085603113	5.5857574898e-05
-6.02626459144	6.17490214363e-05
-6.01167315175	6.82127648294e-05
-5.99708171206	7.5298727587e-05
-5.98249027237	8.3060561485e-05
-5.96789883268	9.15558600265e-05
-5.953307393	0.000100846376161
-5.93871595331	0.000110998244622
-5.92412451362	0.000122082208138
-5.90953307393	0.000134173846665
-5.89494163424	0.000147353808679
-5.88035019455	0.000161708043439
-5.86575875486	0.000177328033022
-5.85116731517	0.000194311022794
-5.83657587549	0.000212760248857
-5.8219844358	0.000232785160891
-5.80739299611	0.000254501638667
-5.79280155642	0.000278032200386
-5.77821011673	0.000303506200883
-5.76361867704	0.00033106001759
-5.74902723735	0.000360837222068
-5.73443579766	0.000392988734783
-5.71984435798	0.000427672960733
-5.70525291829	0.000465055903415
-5.6906614786	0.000505311254601
-5.67607003891	0.000548620457278
-5.66147859922	0.000595172739135
-5.64688715953	0.00064516511393
-5.63229571984	0.000698802348095
-5.61770428016	0.000756296889989
-5.60311284047	0.00081786875925
-5.58852140078	0.000883745393828
-5.57392996109	0.000954161452394
-5.5593385214	0.00102935856998
-5.54474708171	0.00110958506493
-5.53015564202	0.00119509559544
-5.51556420233	0.00128615076432
-5.50097276265	0.00138301667077
-5.48638132296	0.00148596440846
-5.47178988327	0.00159526950958
-5.45719844358	0.00171121133469
-5.44260700389	0.00183407240913
-5.4280155642	0.0019641377066
-5.41342412451	0.00210169388162
-5.39883268482	0.00224702845264
-5.38424124514	0.00240042893835
-5.36964980545	0.00256218195016
-5.35505836576	0.00273257224447
-5.34046692607	0.00291188173874
-5.32587548638	0.00310038849593
-5.31128404669	0.00329836568262
-5.296692607	0.00350608050615
-5.28210116731	0.00372379313701
-5.26750972763	0.00395175562282
-5.25291828794	0.00419021080076
-5.23832684825	0.00443939121549
-5.22373540856	0.00469951804995
-5.20914396887	0.00497080007647
-5.19455252918	0.00525343263591
-5.17996108949	0.00554759665231
-5.1653696498	0.00585345769066
-5.15077821012	0.0061711650652
-5.13618677043	0.00650085100544
-5.12159533074	0.00684262988664
-5.10700389105	0.00719659753138
-5.09241245136	0.00756283058806
-5.07782101167	0.00794138599177
-5.06322957198	0.00833230051248
-5.0486381323	0.00873559039443
-5.03404669261	0.00915125109038
-5.01945525292	0.0095792570931
-5.00486381323	0.0100195618661
-4.99027237354	0.0104720978742
-4.97568093385	0.0109367767149
-4.96108949416	0.0114134893482
-4.94649805447	0.011902106425
-4.93190661479	0.0124024787111
-4.9173151751	0.0129144376023
-4.90272373541	0.0134377957288
-4.88813229572	0.0139723476423
-4.87354085603	0.0145178705815
-4.85894941634	0.0150741253103
-4.84435797665	0.0156408570205
-4.82976653696	0.0162177962948
-4.81517509728	0.0168046601203
-4.80058365759	0.0174011529471
-4.7859922179	0.0180069677824
-4.77140077821	0.018621787314
-4.75680933852	0.0192452850548
-4.74221789883	0.0198771264995
-4.72762645914	0.020516970288
-4.71303501945	0.0211644693661
-4.69844357977	0.0218192721378
-4.68385214008	0.0224810236018
-4.66926070039	0.0231493664654
-4.6546692607	0.0238239422313
-4.64007782101	0.0245043922501
-4.62548638132	0.0251903587349
-4.61089494163	0.0258814857325
-4.59630350194	0.0265774200485
-4.58171206226	0.0272778121215
-4.56712062257	0.0279823168454
-4.55252918288	0.0286905943354
-4.53793774319	0.0294023106383
-4.5233463035	0.0301171383842
-4.50875486381	0.0308347573796
-4.49416342412	0.0315548551414
-4.47957198444	0.0322771273732
-4.46498054475	0.0330012783821
-4.45038910506	0.0337270214401
-4.43579766537	0.0344540790883
-4.42120622568	0.0351821833886
-4.40661478599	0.0359110761224
-4.3920233463	0.0366405089402
-4.37743190661	0.0373702434628
-4.36284046693	0.0381000513384
-4.34824902724	0.0388297142572
-4.33365758755	0.0395590239262
-4.31906614786	0.0402877820074
-4.30447470817	0.0410158000222
-4.28988326848	0.0417428992248
-4.27529182879	0.0424689104469
-4.2607003891	0.0431936739177
-4.24610894942	0.0439170390609
-4.23151750973	0.0446388642713
-4.21692607004	0.0453590166749
-4.20233463035	0.0460773718733
-4.18774319066	0.0467938136757
-4.17315175097	0.047508233821
-4.15856031128	0.0482205316911
-4.14396887159	0.0489306140184
-4.12937743191	0.0496383945889
-4.11478599222	0.0503437939428
-4.10019455253	0.0510467390739
-4.08560311284	0.0517471631297
-4.07101167315	0.0524450051129
-4.05642023346	0.0531402095864
-4.04182879377	0.0538327263825
-4.02723735408	0.0545225103161
-4.0126459144	0.0552095209052
-3.99805447471	0.0558937220968
-3.98346303502	0.056575082001
-3.96887159533	0.0572535726325
-3.95428015564	0.05792916966
-3.93968871595	0.0586018521651
-3.92509727626	0.0592716024089
-3.91050583658	0.059938405609
-3.89591439689	0.0606022497243
-3.8813229572	0.0612631252507
-3.86673151751	0.0619210250246
-3.85214007782	0.0625759440365
-3.83754863813	0.0632278792541
-3.82295719844	0.0638768294536
-3.80836575875	0.0645227950609
-3.79377431907	0.0651657780008
-3.77918287938	0.0658057815555
-3.76459143969	0.066442810231
-3.75	0.0670768696317
-3.73540856031	0.0677079663428
-3.72081712062	0.0683361078207
-3.70622568093	0.0689613022901
-3.69163424124	0.0695835586485
-3.67704280156	0.0702028863774
-3.66245136187	0.0708192954598
-3.64785992218	0.0714327963036
-3.63326848249	0.0720433996717
-3.6186770428	0.0726511166166
-3.60408560311	0.0732559584207
-3.58949416342	0.0738579365422
-3.57490272373	0.0744570625642
-3.56031128405	0.0750533481498
-3.54571984436	0.0756468050004
-3.53112840467	0.0762374448182
-3.51653696498	0.0768252792727
-3.50194552529	0.0774103199696
-3.4873540856	0.0779925784243
-3.47276264591	0.0785720660373
-3.45817120623	0.0791487940728
-3.44357976654	0.0797227736399
-3.42898832685	0.0802940156762
-3.41439688716	0.0808625309331
-3.39980544747	0.0814283299643
-3.38521400778	0.0819914231147
-3.37062256809	0.0825518205121
-3.3560311284	0.0831095320602
-3.34143968872	0.0836645674329
-3.32684824903	0.0842169360699
-3.31225680934	0.0847666471736
-3.29766536965	0.0853137097071
-3.28307392996	0.0858581323934
-3.26848249027	0.0863999237148
-3.25389105058	0.0869390919137
-3.23929961089	0.087475644994
-3.22470817121	0.088009590723
-3.21011673152	0.0885409366338
-3.19552529183	0.0890696900286
-3.18093385214	0.0895958579817
-3.16634241245	0.0901194473434
-3.15175097276	0.0906404647445
-3.13715953307	0.0911589166
-3.12256809338	0.0916748091144
-3.1079766537	0.0921881482859
-3.09338521401	0.0926989399116
-3.07879377432	0.0932071895926
-3.06420233463	0.0937129027388
-3.04961089494	0.0942160845745
-3.03501945525	0.0947167401433
-3.02042801556	0.0952148743136
-3.00583657587	0.0957104917834
-2.99124513619	0.0962035970861
-2.9766536965	0.096694194595
-2.96206225681	0.0971822885288
-2.94747081712	0.0976678829566
-2.93287937743	0.0981509818027
-2.91828793774	0.0986315888515
-2.90369649805	0.0991097077525
-2.88910505837	0.0995853420246
-2.87451361868	0.100058495061
-2.85992217899	0.100529170133
-2.8453307393	0.100997370397
-2.83073929961	0.101463098893
-2.81614785992	0.101926358555
-2.80155642023	0.102387152212
-2.78696498054	0.102845482592
-2.77237354086	0.103301352325
-2.75778210117	0.103754763949
-2.74319066148	0.104205719912
-2.72859922179	0.104654222574
-2.7140077821	0.105100274213
-2.69941634241	0.105543877028
-2.68482490272	0.10598503314
-2.67023346303	0.106423744595
-2.65564202335	0.10686001337
-2.64105058366	0.107293841372
-2.62645914397	0.107725230443
-2.61186770428	0.108154182362
-2.59727626459	0.108580698848
-2.5826848249	0.109004781559
-2.56809338521	0.109426432099
-2.55350194552	0.109845652018
-2.53891050584	0.110262442814
-2.52431906615	0.110676805935
-2.50972762646	0.111088742781
-2.49513618677	0.111498254706
-2.48054474708	0.111905343019
-2.46595330739	0.112310008989
-2.4513618677	0.11271225384
-2.43677042801	0.11311207876
-2.42217898833	0.113509484898
-2.40758754864	0.113904473367
-2.39299610895	0.114297045243
-2.37840466926	0.11468720157
-2.36381322957	0.11507494336
-2.34922178988	0.115460271593
-2.33463035019	0.115843187218
-2.32003891051	0.116223691157
-2.30544747082	0.116601784302
-2.29085603113	0.116977467519
-2.27626459144	0.117350741649
-2.26167315175	0.117721607507
-2.24708171206	0.118090065883
-2.23249027237	0.118456117547
-2.21789883268	0.118819763244
-2.203307393	0.119181003697
-2.18871595331	0.11953983961
-2.17412451362	0.119896271666
-2.15953307393	0.12025030053
-2.14494163424	0.120601926846
-2.13035019455	0.120951151241
-2.11575875486	0.121297974325
-2.10116731517	0.121642396691
-2.08657587549	0.121984418916
-2.0719844358	0.12232404156
-2.05739299611	0.122661265169
-2.04280155642	0.122996090274
-2.02821011673	0.123328517392
-2.01361867704	0.123658547026
-1.99902723735	0.123986179666
-1.98443579766	0.124311415789
-1.96984435798	0.124634255859
-1.95525291829	0.124954700328
-1.9406614786	0.125272749638
-1.92607003891	0.125588404218
-1.91147859922	0.125901664486
-1.89688715953	0.126212530851
-1.88229571984	0.126521003709
-1.86770428015	0.126827083449
-1.85311284047	0.127130770449
-1.83852140078	0.127432065077
-1.82392996109	0.127730967693
-1.8093385214	0.128027478647
-1.79474708171	0.128321598282
-1.78015564202	0.128613326931
-1.76556420233	0.12890266492
-1.75097276265	0.129189612568
-1.73638132296	0.129474170184
-1.72178988327	0.129756338071
-1.70719844358	0.130036116526
-1.69260700389	0.130313505835
-1.6780155642	0.130588506283
-1.66342412451	0.130861118144
-1.64883268482	0.131131341686
-1.63424124514	0.131399177173
-1.61964980545	0.13166462486
-1.60505836576	0.131927685
-1.59046692607	0.132188357835
-1.57587548638	0.132446643607
-1.56128404669	0.132702542548
-1.546692607	0.132956054887
-1.53210116731	0.133207180847
-1.51750972763	0.133455920647
-1.50291828794	0.1337022745
-1.48832684825	0.133946242614
-1.47373540856	0.134187825193
-1.45914396887	0.134427022437
-1.44455252918	0.13466383454
-1.42996108949	0.134898261693
-1.4153696498	0.135130304082
-1.40077821012	0.135359961889
-1.38618677043	0.135587235292
-1.37159533074	0.135812124466
-1.35700389105	0.136034629581
-1.34241245136	0.136254750804
-1.32782101167	0.136472488296
-1.31322957198	0.136687842219
-1.29863813229	0.136900812727
-1.28404669261	0.137111399973
-1.26945525292	0.137319604106
-1.25486381323	0.137525425272
-1.24027237354	0.137728863613
-1.22568093385	0.13792991927
-1.21108949416	0.138128592378
-1.19649805447	0.138324883071
-1.18190661479	0.13851879148
-1.1673151751	0.138710317732
-1.15272373541	0.138899461952
-1.13813229572	0.139086224263
-1.12354085603	0.139270604783
-1.10894941634	0.13945260363
-1.09435797665	0.139632220918
-1.07976653696	0.139809456759
-1.06517509728	0.139984311262
-1.05058365759	0.140156784533
-1.0359922179	0.140326876678
-1.02140077821	0.140494587799
-1.00680933852	0.140659917995
-0.992217898832	0.140822867364
-0.977626459143	0.140983436001
-0.963035019454	0.141141624001
-0.948443579766	0.141297431454
-0.933852140077	0.141450858448
-0.919260700388	0.141601905072
-0.9046692607	0.141750571411
-0.890077821011	0.141896857547
-0.875486381322	0.142040763561
-0.860894941633	0.142182289534
-0.846303501945	0.142321435542
-0.831712062256	0.14245820166
-0.817120622567	0.142592587964
-0.802529182879	0.142724594525
-0.78793774319	0.142854221412
-0.773346303501	0.142981468696
-0.758754863812	0.143106336442
-0.744163424124	0.143228824715
-0.729571984435	0.143348933581
-0.714980544746	0.143466663099
-0.700389105058	0.143582013332
-0.685797665369	0.143694984337
-0.67120622568	0.143805576173
-0.656614785991	0.143913788894
-0.642023346303	0.144019622555
-0.627431906614	0.144123077209
-0.612840466925	0.144224152908
-0.598249027237	0.144322849701
-0.583657587548	0.144419167637
-0.569066147859	0.144513106763
-0.55447470817	0.144604667124
-0.539883268482	0.144693848766
-0.525291828793	0.144780651731
-0.510700389104	0.144865076061
-0.496108949416	0.144947121796
-0.481517509727	0.145026788976
-0.466926070038	0.145104077638
-0.452334630349	0.145178987818
-0.437743190661	0.145251519553
-0.423151750972	0.145321672877
-0.408560311283	0.145389447821
-0.393968871594	0.145454844418
-0.379377431906	0.145517862698
-0.364785992217	0.14557850269
-0.350194552528	0.145636764423
-0.33560311284	0.145692647923
-0.321011673151	0.145746153215
-0.306420233462	0.145797280325
-0.291828793773	0.145846029276
-0.277237354085	0.145892400089
-0.262645914396	0.145936392787
-0.248054474707	0.145978007389
-0.233463035019	0.146017243913
-0.21887159533	0.146054102378
-0.204280155641	0.1460885828
-0.189688715952	0.146120685195
-0.175097276264	0.146150409577
-0.160505836575	0.14617775596
-0.145914396886	0.146202724355
-0.131322957198	0.146225314774
-0.116731517509	0.146245527228
-0.10214007782	0.146263361724
-0.0875486381314	0.146278818272
-0.0729571984427	0.146291896877
-0.058365758754	0.146302597547
-0.0437743190653	0.146310920284
-0.0291828793766	0.146316865094
-0.0145914396879	0.14632043198
8.5975671027e-13	0.146321620941
0.0145914396896	0.14632043198
0.0291828793783	0.146316865094
0.043774319067	0.146310920284
0.0583657587557	0.146302597547
0.0729571984444	0.146291896877
0.0875486381332	0.146278818272
0.102140077822	0.146263361724
0.116731517511	0.146245527228
0.131322957199	0.146225314774
0.145914396888	0.146202724355
0.160505836577	0.14617775596
0.175097276265	0.146150409577
0.189688715954	0.146120685195
0.204280155643	0.1460885828
0.218871595332	0.146054102378
0.23346303502	0.146017243913
0.248054474709	0.145978007388
0.262645914398	0.145936392787
0.277237354086	0.145892400089
0.291828793775	0.145846029276
0.306420233464	0.145797280325
0.321011673153	0.145746153215
0.335603112841	0.145692647923
0.35019455253	0.145636764423
0.364785992219	0.14557850269
0.379377431907	0.145517862698
0.393968871596	0.145454844418
0.408560311285	0.145389447821
0.423151750974	0.145321672877
0.437743190662	0.145251519553
0.452334630351	0.145178987818
0.46692607004	0.145104077638
0.481517509729	0.145026788976
0.496108949417	0.144947121796
0.510700389106	0.144865076061
0.525291828795	0.144780651731
0.539883268483	0.144693848766
0.554474708172	0.144604667124
0.569066147861	0.144513106763
0.58365758755	0.144419167637
0.598249027238	0.144322849701
0.612840466927	0.144224152908
0.627431906616	0.144123077209
0.642023346304	0.144019622555
0.656614785993	0.143913788894
0.671206225682	0.143805576173
0.685797665371	0.143694984337
0.700389105059	0.143582013332
0.714980544748	0.143466663099
0.729571984437	0.143348933581
0.744163424125	0.143228824715
0.758754863814	0.143106336442
0.773346303503	0.142981468696
0.787937743192	0.142854221412
0.80252918288	0.142724594525
0.817120622569	0.142592587964
0.831712062258	0.14245820166
0.846303501946	0.142321435542
0.860894941635	0.142182289534
0.875486381324	0.142040763561
0.890077821013	0.141896857547
0.904669260701	0.141750571411
0.91926070039	0.141601905072
0.933852140079	0.141450858448
0.948443579767	0.141297431454
0.963035019456	0.141141624001
0.977626459145	0.140983436001
0.992217898834	0.140822867364
1.00680933852	0.140659917995
1.02140077821	0.140494587799
1.0359922179	0.140326876678
1.05058365759	0.140156784533
1.06517509728	0.139984311262
1.07976653697	0.139809456759
1.09435797665	0.139632220918
1.10894941634	0.13945260363
1.12354085603	0.139270604783
1.13813229572	0.139086224263
1.15272373541	0.138899461952
1.1673151751	0.138710317732
1.18190661479	0.13851879148
1.19649805448	0.138324883071
1.21108949416	0.138128592378
1.22568093385	0.13792991927
1.24027237354	0.137728863613
1.25486381323	0.137525425272
1.26945525292	0.137319604106
1.28404669261	0.137111399973
1.2986381323	0.136900812727
1.31322957199	0.136687842219
1.32782101167	0.136472488296
1.34241245136	0.136254750804
1.35700389105	0.136034629581
1.37159533074	0.135812124466
1.38618677043	0.135587235292
1.40077821012	0.135359961889
1.41536964981	0.135130304082
1.4299610895	0.134898261693
1.44455252918	0.13466383454
1.45914396887	0.134427022437
1.47373540856	0.134187825193
1.48832684825	0.133946242614
1.50291828794	0.1337022745
1.51750972763	0.133455920647
1.53210116732	0.133207180847
1.546692607	0.132956054887
1.56128404669	0.132702542548
1.57587548638	0.132446643607
1.59046692607	0.132188357835
1.60505836576	0.131927685
1.61964980545	0.13166462486
1.63424124514	0.131399177173
1.64883268483	0.131131341686
1.66342412451	0.130861118144
1.6780155642	0.130588506283
1.69260700389	0.130313505835
1.70719844358	0.130036116526
1.72178988327	0.129756338071
1.73638132296	0.129474170184
1.75097276265	0.129189612568
1.76556420234	0.12890266492
1.78015564202	0.128613326931
1.79474708171	0.128321598282
1.8093385214	0.128027478647
1.82392996109	0.127730967693
1.83852140078	0.127432065077
1.85311284047	0.127130770449
1.86770428016	0.126827083449
1.88229571985	0.126521003709
1.89688715953	0.126212530851
1.91147859922	0.125901664486
1.92607003891	0.125588404218
1.9406614786	0.125272749638
1.95525291829	0.124954700328
1.96984435798	0.124634255859
1.98443579767	0.124311415789
1.99902723736	0.123986179666
2.01361867704	0.123658547026
2.02821011673	0.123328517392
2.04280155642	0.122996090274
2.05739299611	0.122661265169
2.0719844358	0.12232404156
2.08657587549	0.121984418916
2.10116731518	0.121642396691
2.11575875486	0.121297974325
2.13035019455	0.120951151241
2.14494163424	0.120601926846
2.15953307393	0.12025030053
2.17412451362	0.119896271666
2.18871595331	0.11953983961
2.203307393	0.119181003697
2.21789883269	0.118819763244
2.23249027237	0.118456117547
2.24708171206	0.118090065883
2.26167315175	0.117721607507
2.27626459144	0.117350741649
2.29085603113	0.116977467519
2.30544747082	0.116601784302
2.32003891051	0.116223691157
2.3346303502	0.115843187218
2.34922178988	0.115460271593
2.36381322957	0.11507494336
2.37840466926	0.11468720157
2.39299610895	0.114297045243
2.40758754864	0.113904473367
2.42217898833	0.113509484898
2.43677042802	0.11311207876
2.45136186771	0.11271225384
2.46595330739	0.112310008989
2.48054474708	0.111905343019
2.49513618677	0.111498254706
2.50972762646	0.111088742781
2.52431906615	0.110676805935
2.53891050584	0.110262442814
2.55350194553	0.109845652018
2.56809338522	0.109426432099
2.5826848249	0.109004781559
2.59727626459	0.108580698848
2.61186770428	0.108154182362
2.62645914397	0.107725230443
2.64105058366	0.107293841372
2.65564202335	0.10686001337
2.67023346304	0.106423744595
2.68482490272	0.10598503314
2.69941634241	0.105543877028
2.7140077821	0.105100274213
2.72859922179	0.104654222574
2.74319066148	0.104205719912
2.75778210117	0.103754763949
2.77237354086	0.103301352325
2.78696498055	0.102845482592
2.80155642023	0.102387152212
2.81614785992	0.101926358555
2.83073929961	0.101463098893
2.8453307393	0.100997370397
2.85992217899	0.100529170133
2.87451361868	0.100058495061
2.88910505837	0.0995853420246
2.90369649806	0.0991097077525
2.91828793774	0.0986315888515
2.93287937743	0.0981509818027
2.94747081712	0.0976678829566
2.96206225681	0.0971822885288
2.9766536965	0.096694194595
2.99124513619	0.0962035970861
3.00583657588	0.0957104917835
3.02042801557	0.0952148743136
3.03501945525	0.0947167401433
3.04961089494	0.0942160845745
3.06420233463	0.0937129027388
3.07879377432	0.0932071895926
3.09338521401	0.0926989399117
3.1079766537	0.0921881482859
3.12256809339	0.0916748091145
3.13715953307	0.0911589166001
3.15175097276	0.0906404647445
3.16634241245	0.0901194473434
3.18093385214	0.0895958579817
3.19552529183	0.0890696900286
3.21011673152	0.0885409366339
3.22470817121	0.088009590723
3.2392996109	0.087475644994
3.25389105058	0.0869390919137
3.26848249027	0.0863999237148
3.28307392996	0.0858581323934
3.29766536965	0.0853137097071
3.31225680934	0.0847666471736
3.32684824903	0.0842169360699
3.34143968872	0.083664567433
3.35603112841	0.0831095320603
3.37062256809	0.0825518205121
3.38521400778	0.0819914231147
3.39980544747	0.0814283299643
3.41439688716	0.0808625309331
3.42898832685	0.0802940156762
3.44357976654	0.0797227736399
3.45817120623	0.0791487940728
3.47276264592	0.0785720660373
3.4873540856	0.0779925784243
3.50194552529	0.0774103199696
3.51653696498	0.0768252792727
3.53112840467	0.0762374448183
3.54571984436	0.0756468050004
3.56031128405	0.0750533481498
3.57490272374	0.0744570625642
3.58949416343	0.0738579365422
3.60408560311	0.0732559584208
3.6186770428	0.0726511166166
3.63326848249	0.0720433996718
3.64785992218	0.0714327963037
3.66245136187	0.0708192954598
3.67704280156	0.0702028863775
3.69163424125	0.0695835586486
3.70622568093	0.0689613022901
3.72081712062	0.0683361078207
3.73540856031	0.0677079663428
3.75	0.0670768696317
3.76459143969	0.0664428102311
3.77918287938	0.0658057815556
3.79377431907	0.0651657780008
3.80836575876	0.0645227950609
3.82295719844	0.0638768294537
3.83754863813	0.0632278792542
3.85214007782	0.0625759440366
3.86673151751	0.0619210250246
3.8813229572	0.0612631252508
3.89591439689	0.0606022497244
3.91050583658	0.059938405609
3.92509727627	0.059271602409
3.93968871595	0.0586018521652
3.95428015564	0.0579291696601
3.96887159533	0.0572535726326
3.98346303502	0.0565750820011
3.99805447471	0.0558937220968
4.0126459144	0.0552095209053
4.02723735409	0.0545225103162
4.04182879378	0.0538327263826
4.05642023346	0.0531402095865
4.07101167315	0.0524450051129
4.08560311284	0.0517471631298
4.10019455253	0.051046739074
4.11478599222	0.0503437939429
4.12937743191	0.049638394589
4.1439688716	0.0489306140185
4.15856031129	0.0482205316912
4.17315175097	0.0475082338211
4.18774319066	0.0467938136758
4.20233463035	0.0460773718734
4.21692607004	0.045359016675
4.23151750973	0.0446388642714
4.24610894942	0.043917039061
4.26070038911	0.0431936739179
4.27529182879	0.042468910447
4.28988326848	0.0417428992249
4.30447470817	0.0410158000223
4.31906614786	0.0402877820075
4.33365758755	0.0395590239263
4.34824902724	0.0388297142573
4.36284046693	0.0381000513385
4.37743190662	0.0373702434629
4.3920233463	0.0366405089404
4.40661478599	0.0359110761226
4.42120622568	0.0351821833887
4.43579766537	0.0344540790884
4.45038910506	0.0337270214402
4.46498054475	0.0330012783823
4.47957198444	0.0322771273733
4.49416342413	0.0315548551415
4.50875486381	0.0308347573797
4.5233463035	0.0301171383844
4.53793774319	0.0294023106385
4.55252918288	0.0286905943356
4.56712062257	0.0279823168455
4.58171206226	0.0272778121217
4.59630350195	0.0265774200486
4.61089494164	0.0258814857327
4.62548638132	0.025190358735
4.64007782101	0.0245043922502
4.6546692607	0.0238239422314
4.66926070039	0.0231493664655
4.68385214008	0.0224810236019
4.69844357977	0.021819272138
4.71303501946	0.0211644693663
4.72762645915	0.0205169702882
4.74221789883	0.0198771264997
4.75680933852	0.019245285055
4.77140077821	0.0186217873142
4.7859922179	0.0180069677825
4.80058365759	0.0174011529473
4.81517509728	0.0168046601205
4.82976653697	0.0162177962949
4.84435797665	0.0156408570207
4.85894941634	0.0150741253104
4.87354085603	0.0145178705817
4.88813229572	0.0139723476424
4.90272373541	0.013437795729
4.9173151751	0.0129144376025
4.93190661479	0.0124024787113
4.94649805448	0.0119021064252
4.96108949416	0.0114134893483
4.97568093385	0.0109367767151
4.99027237354	0.0104720978744
5.00486381323	0.0100195618662
5.01945525292	0.00957925709325
5.03404669261	0.00915125109052
5.0486381323	0.00873559039457
5.06322957199	0.00833230051262
5.07782101167	0.00794138599191
5.09241245136	0.00756283058819
5.10700389105	0.00719659753151
5.12159533074	0.00684262988677
5.13618677043	0.00650085100556
5.15077821012	0.00617116506532
5.16536964981	0.00585345769078
5.1799610895	0.00554759665243
5.19455252918	0.00525343263602
5.20914396887	0.00497080007658
5.22373540856	0.00469951805005
5.23832684825	0.0044393912156
5.25291828794	0.00419021080086
5.26750972763	0.00395175562292
5.28210116732	0.0037237931371
5.29669260701	0.00350608050624
5.31128404669	0.00329836568271
5.32587548638	0.00310038849601
5.34046692607	0.00291188173882
5.35505836576	0.00273257224455
5.36964980545	0.00256218195023
5.38424124514	0.00240042893842
5.39883268483	0.00224702845271
5.41342412451	0.00210169388169
5.4280155642	0.00196413770667
5.44260700389	0.00183407240919
5.45719844358	0.00171121133475
5.47178988327	0.00159526950963
5.48638132296	0.00148596440852
5.50097276265	0.00138301667082
5.51556420234	0.00128615076437
5.53015564202	0.00119509559549
5.54474708171	0.00110958506497
5.5593385214	0.00102935857002
5.57392996109	0.000954161452434
5.58852140078	0.000883745393867
5.60311284047	0.000817868759286
5.61770428016	0.000756296890024
5.63229571985	0.000698802348128
5.64688715953	0.00064516511396
5.66147859922	0.000595172739164
5.67607003891	0.000548620457305
5.6906614786	0.000505311254627
5.70525291829	0.000465055903439
5.71984435798	0.000427672960755
5.73443579767	0.000392988734805
5.74902723736	0.000360837222088
5.76361867704	0.000331060017609
5.77821011673	0.000303506200901
5.79280155642	0.000278032200403
5.80739299611	0.000254501638682
5.8219844358	0.000232785160906
5.83657587549	0.000212760248871
5.85116731518	0.000194311022807
5.86575875487	0.000177328033034
5.88035019455	0.00016170804345
5.89494163424	0.00014735380869
5.90953307393	0.000134173846675
5.92412451362	0.000122082208148
5.93871595331	0.000110998244631
5.953307393	0.000100846376169
5.96789883269	9.15558600339e-05
5.98249027237	8.30605614918e-05
5.99708171206	7.52987275933e-05
6.01167315175	6.82127648352e-05
6.02626459144	6.17490214418e-05
6.04085603113	5.5857574903e-05
6.05544747082	5.04920253157e-05
6.07003891051	4.56092949789e-05
6.0846303502	4.11694346148e-05
6.09922178988	3.71354365025e-05
6.11381322957	3.34730547473e-05
6.12840466926	3.01506328351e-05
6.14299610895	2.71389385679e-05
6.15758754864	2.44110064179e-05
6.17217898833	2.19419872934e-05
6.18677042802	1.97090056636e-05
6.20136186771	1.76910239538e-05
6.21595330739	1.58687140886e-05
6.23054474708	1.42243360339e-05
6.24513618677	1.27416231609e-05
6.25972762646	1.14056742404e-05
6.27431906615	1.02028518542e-05
6.28891050584	9.12068700032e-06
6.30350194553	8.14778965787e-06
6.31809338522	7.27376506914e-06
6.3326848249	6.48913549293e-06
6.34727626459	5.78526717958e-06
6.36186770428	5.15430231794e-06
6.37645914397	4.58909570525e-06
6.39105058366	4.08315589358e-06
6.40564202335	3.63059057056e-06
6.42023346304	3.22605593677e-06
6.43482490272	2.8647098484e-06
6.44941634241	2.54216850034e-06
6.4640077821	2.2544664323e-06
6.47859922179	1.99801964848e-06
6.49319066148	1.76959164928e-06
6.50778210117	1.56626218249e-06
6.52237354086	1.38539852967e-06
6.53696498055	1.22462915237e-06
6.55155642023	1.08181953177e-06
6.56614785992	9.55050043681e-07
6.58073929961	8.42595719965e-07
6.5953307393	7.42907755363e-07
6.60992217899	6.54596627461e-07
6.62451361868	5.76416705251e-07
6.63910505837	5.07252229671e-07
6.65369649806	4.46104556958e-07
6.66828793774	3.92080562878e-07
6.68287937743	3.44382112768e-07
6.69747081712	3.02296508935e-07
6.71206225681	2.65187833213e-07
6.7266536965	2.32489108407e-07
6.74124513619	2.03695208e-07
6.75583657588	1.78356448789e-07
6.77042801557	1.56072806131e-07
6.78501945525	1.36488696172e-07
6.79961089494	1.19288273822e-07
6.81420233463	1.04191199397e-07
6.82879377432	9.09488306509e-08
6.84338521401	7.93408005453e-08
6.8579766537	6.91719444112e-08
6.87256809339	6.02695432803e-08
6.88715953308	5.24808530149e-08
6.90175097276	4.5670891534e-08
6.91634241245	3.97204588804e-08
6.93093385214	3.45243671508e-08
6.94552529183	2.99898593814e-08
6.96011673152	2.60351984131e-08
6.97470817121	2.25884085122e-08
6.9892996109	1.95861541472e-08
7.00389105058	1.69727417926e-08
7.01848249027	1.46992319925e-08
7.03307392996	1.27226501441e-08
7.04766536965	1.10052855957e-08
7.06225680934	9.51406967527e-09
7.07684824903	8.22002420199e-09
7.09143968872	7.09777288134e-09
7.10603112841	6.12510875545e-09
7.12062256809	5.28261157713e-09
7.13521400778	4.55330961043e-09
7.14980544747	3.92238092946e-09
7.16439688716	3.3768898077e-09
7.17898832685	2.90555425247e-09
7.19357976654	2.49854116162e-09
7.20817120623	2.14728595684e-09
7.22276264592	1.84433388924e-09
7.2373540856	1.58320051724e-09
7.25194552529	1.3582491328e-09
7.26653696498	1.16458315631e-09
7.28112840467	9.97951743223e-10
7.29571984436	8.54667040055e-10
7.31031128405	7.31531706108e-10
7.32490272374	6.25775472889e-10
7.33949416343	5.34999655076e-10
7.35408560311	4.57128651122e-10
7.3686770428	3.90367583846e-10
7.38326848249	3.33165329751e-10
7.39785992218	2.84182275085e-10
7.41245136187	2.42262213908e-10
7.42704280156	2.06407873628e-10
7.44163424125	1.75759614606e-10
7.45622568094	1.4957690539e-10
7.47081712062	1.27222222921e-10
7.48540856031	1.08147070301e-10
7.5	9.18798415393e-11
7.51459143969	7.80152970727e-11
7.52918287938	6.62054431206e-11
7.54377431907	5.61516308665e-11
7.55836575876	4.75977191774e-11
7.57295719844	4.03241610129e-11
7.58754863813	3.41428919873e-11
7.60214007782	2.88929155144e-11
7.61673151751	2.44364920083e-11
7.6313229572	2.06558518683e-11
7.64591439689	1.74503620043e-11
7.66050583658	1.47340850622e-11
7.67509727627	1.2433678241e-11
7.68968871595	1.04865857168e-11
7.70428015564	8.83948462335e-12
7.71887159533	7.44694995219e-12
7.73346303502	6.27030821565e-12
7.74805447471	5.27665391112e-12
7.7626459144	4.43800615458e-12
7.77723735409	3.73058600855e-12
7.79182879378	3.13419762171e-12
7.80642023346	2.63169861881e-12
7.82101167315	2.20854714671e-12
7.83560311284	1.85241475733e-12
7.85019455253	1.55285573415e-12
7.86478599222	1.30102485044e-12
7.87937743191	1.08943659121e-12
7.8939688716	9.11759897707e-13
7.90856031129	7.62643289198e-13
7.92315175097	6.37565973639e-13
7.93774319066	5.32711155247e-13
7.95233463035	4.44858305792e-13
7.96692607004	3.71291608343e-13
7.98151750973	3.09722207913e-13
7.99610894942	2.58222215876e-13
8.01070038911	2.15168734352e-13
8.0252918288	1.79196403203e-13
8.03988326848	1.49157202121e-13
8.05447470817	1.24086415039e-13
8.06906614786	1.03173834183e-13
8.08365758755	8.57394066728e-14
8.09824902724	7.1212658089e-14
8.11284046693	5.91153115915e-14
8.12743190662	4.90466192367e-14
8.1420233463	4.0670987455e-14
8.15661478599	3.37075465491e-14
8.17120622568	2.79213613768e-14
8.18579766537	2.31160326368e-14
8.20038910506	1.91274688405e-14
8.21498054475	1.5818650635e-14
8.22957198444	1.30752294728e-14
8.24416342413	1.08018312953e-14
8.25875486381	8.91895284763e-15
8.2733463035	7.36035869739e-15
8.28793774319	6.07089808684e-15
8.30252918288	5.00467624302e-15
8.31712062257	4.12352212178e-15
8.33171206226	3.39570683064e-15
8.34630350195	2.79487106784e-15
8.36089494164	2.29912887354e-15
8.37548638132	1.89031859989e-15
8.39007782101	1.55337770359e-15
8.4046692607	1.27582084068e-15
8.41926070039	1.04730485581e-15
8.43385214008	8.59265819321e-16
8.44844357977	7.0461707393e-16
8.46303501946	5.77497604137e-16
8.47762645915	4.73062827891e-16
8.49221789883	3.87310483768e-16
8.50680933852	3.16936083522e-16
8.52140077821	2.59212713643e-16
8.5359922179	2.11891402457e-16
8.55058365759	1.73118296133e-16
8.56517509728	1.41366144977e-16
8.57976653697	1.15377420867e-16
8.59435797666	9.41172944518e-17
8.60894941634	7.67346249576e-17
8.62354085603	6.25297737412e-17
8.63813229572	5.09279302142e-17
8.65272373541	4.14571254126e-17
8.6673151751	3.37300079054e-17
8.68190661479	2.74288792646e-17
8.69649805448	2.22932896275e-17
8.71108949416	1.81098540016e-17
8.72568093385	1.47038323086e-17
8.74027237354	1.19322174283e-17
8.75486381323	9.67802826876e-18
8.76945525292	7.84563579396e-18
8.78404669261	6.35689401283e-18
8.7986381323	5.14798975498e-18
8.81322957199	4.16683490576e-18
8.82782101167	3.37094044846e-18
8.84241245136	2.72566183865e-18
8.85700389105	2.20277090366e-18
8.87159533074	1.7792746543e-18
8.88618677043	1.43646077806e-18
8.90077821012	1.15910176789e-18
8.91536964981	9.34817742822e-19
8.9299610895	7.53545717683e-19
8.94455252918	6.07113668417e-19
8.95914396887	4.8888631053e-19
8.97373540856	3.93480948004e-19
8.98832684825	3.16531491568e-19
9.00291828794	2.54500791457e-19
9.01750972763	2.04521917147e-19
9.03210116732	1.64274402551e-19
9.04669260701	1.31879839211e-19
9.06128404669	1.0581958982e-19
9.07587548638	8.48656881724e-20
9.09046692607	6.80264083157e-20
9.10505836576	5.45004778088e-20
9.11964980545	4.36420308322e-20
9.13424124514	3.49292845856e-20
9.14883268483	2.79419302883e-20
9.16342412452	2.23410115767e-20
9.1780155642	1.7853815593e-20
9.19260700389	1.42606081498e-20
9.20719844358	1.13848296244e-20
9.22178988327	9.08431459624e-21
9.23638132296	7.24507040888e-21
9.25097276265	5.77529847947e-21
9.26556420234	4.60143535605e-21
9.28015564202	3.66430878129e-21
9.29474708171	2.91659721325e-21
9.3093385214	2.32028330819e-21
9.32392996109	1.84497332744e-21
9.33852140078	1.46625795617e-21
9.35311284047	1.16473729688e-21
9.36770428016	9.24762530226e-22
9.38229571985	7.33886649437e-22
9.39688715953	5.82115345252e-22
9.41147859922	4.61508908996e-22
9.42607003891	3.65701275484e-22
9.4406614786	2.89644597218e-22
9.45525291829	2.29278448544e-22
9.46984435798	1.8141569252e-22
9.48443579767	1.43478092899e-22
9.49902723736	1.13426495435e-22
9.51361867704	8.96222220906e-23
9.52821011673	7.07832726886e-23
9.54280155642	5.58751267489e-23
9.55739299611	4.40877085498e-23
9.5719844358	3.47643721386e-23
9.58657587549	2.74029077299e-23
9.60116731518	2.15903322144e-23
9.61575875487	1.70064514183e-23
9.63035019455	1.33886529675e-23
9.64494163424	1.05364570684e-23
9.65953307393	8.28658617745e-24
9.67412451362	6.51468820325e-24
9.68871595331	5.11690591664e-24
9.703307393	4.01893926533e-24
9.71789883269	3.15521736813e-24
9.73249027237	2.4772056978e-24
9.74708171206	1.94385884257e-24
9.76167315175	1.52483769503e-24
9.77626459144	1.19476898694e-24
9.79085603113	9.35896422288e-25
9.80544747082	7.32138132759e-25
9.82003891051	5.7318190405e-25
9.8346303502	4.4867064314e-25
9.84922178988	3.516771178e-25
9.86381322957	2.75384728222e-25
9.87840466926	2.15796016276e-25
9.89299610895	1.68898746825e-25
9.90758754864	1.32152946431e-25
9.92217898833	1.0319252335e-25
9.93677042802	8.07191969423e-26
9.95136186771	6.30765191346e-26
9.96595330739	4.94832399456e-26
9.98054474708	3.87441669396e-26
9.99513618677	3.03800886055e-26
10.0097276265	2.37663681975e-26
10.0243190661	1.86458021735e-26
10.0389105058	1.45375786063e-26
10.0535019455	1.14497819557e-26
10.0680933852	9.0652500539e-27
10.0826848249	7.26400509886e-27
10.0972762646	5.83371245862e-27
10.1118677043	4.71528610651e-27
10.126459144	3.82868174373e-27
10.1410505837	3.17980526068e-27
10.1556420233	2.66714223637e-27
10.170233463	2.27991590648e-27
10.1848249027	1.98756031116e-27
10.1994163424	1.75969852406e-27
10.2140077821	1.57249774506e-27
10.2285992218	1.43727664832e-27
10.2431906615	1.33754642962e-27
10.2577821012	1.27703441471e-27
10.2723735409	1.25555225562e-27
10.2869649805	1.22309385861e-27
10.3015564202	1.20843231639e-27
10.3161478599	1.19351882892e-27
10.3307392996	1.17932882999e-27
10.3453307393	1.15850662334e-27
10.359922179	1.15704838847e-27
10.3745136187	1.16890201222e-27
10.3891050584	1.21092235297e-27
10.4036964981	1.23068112499e-27
10.4182879377	1.25176105461e-27
10.4328793774	1.26033343207e-27
10.4474708171	1.27378357643e-27
10.4620622568	1.27252714604e-27
10.4766536965	1.29087084161e-27
10.4912451362	1.31462657998e-27
10.5058365759	1.38396342757e-27
10.5204280156	1.40766790618e-27
10.5350194553	1.42718460888e-27
10.5496108949	1.42486367484e-27
10.5642023346	1.42945975848e-27
10.5787937743	1.41754373472e-27
10.593385214	1.42621399642e-27
10.6079766537	1.44107549858e-27
10.6225680934	1.49669958873e-27
10.6371595331	1.49605835585e-27
10.6517509728	1.49754385384e-27
10.6663424125	1.48052928622e-27
10.6809338521	1.4695851729e-27
10.6955252918	1.4526849878e-27
10.7101167315	1.45912414795e-27
10.7247081712	1.46790450796e-27
10.7392996109	1.51041214522e-27
10.7538910506	1.51019515121e-27
10.7684824903	1.51918149363e-27
10.78307393	1.50901411076e-27
10.7976653697	1.51736291535e-27
10.8122568093	1.49765729175e-27
10.826848249	1.49040955149e-27
10.8414396887	1.49382339169e-27
10.8560311284	1.53639770186e-27
10.8706225681	1.53348235489e-27
10.8852140078	1.52470577656e-27
10.8998054475	1.49404603903e-27
10.9143968872	1.48425096374e-27
10.9289883268	1.45281463887e-27
10.9435797665	1.43519100622e-27
10.9581712062	1.4198146249e-27
10.9727626459	1.45238845654e-27
10.9873540856	1.44254745869e-27
11.0019455253	1.42543709793e-27
11.016536965	1.40181917516e-27
11.0311284047	1.38807355239e-27
11.0457198444	1.38588529237e-27
11.060311284	1.4119520406e-27
11.0749027237	1.44267319422e-27
11.0894941634	1.53304595901e-27
11.1040856031	1.62346427755e-27
11.1186770428	1.76507769202e-27
11.1332684825	1.95287339049e-27
11.1478599222	2.23810180755e-27
11.1624513619	2.63315308359e-27
11.1770428016	3.20674547337e-27
11.1916342412	4.01661447966e-27
11.2062256809	5.15455896458e-27
11.2208171206	6.60268098012e-27
11.2354085603	8.73214476922e-27
11.25	1.07128826483e-26
11.2645914397	8.69460990085e-27
11.2791828794	6.48317952005e-27
11.2937743191	4.94327380032e-27
11.3083657588	3.75518548922e-27
11.3229571984	2.86705487352e-27
11.3375486381	2.19491533343e-27
11.3521400778	1.69755832429e-27
11.3667315175	1.3175545884e-27
11.3813229572	1.02604203427e-27
11.3959143969	8.17881632145e-28
11.4105058366	6.64993776448e-28
11.4250972763	5.56311959365e-28
11.439688716	4.72984163029e-28
11.4542801556	4.11406916164e-28
11.4688715953	3.67703160912e-28
11.483463035	3.35821216045e-28
11.4980544747	3.08870419002e-28
11.5126459144	2.96559406896e-28
11.5272373541	2.80698304488e-28
11.5418287938	2.72890743244e-28
11.5564202335	2.66233200076e-28
11.5710116732	2.62302012648e-28
11.5856031128	2.60129703184e-28
11.6001945525	2.63612712521e-28
11.6147859922	2.63393075312e-28
11.6293774319	2.69685344179e-28
11.6439688716	2.70656791206e-28
11.6585603113	2.71844961926e-28
11.673151751	2.64050288321e-28
11.6877431907	2.68134800093e-28
11.7023346304	2.72356947898e-28
11.71692607	2.81015487401e-28
11.7315175097	2.85756070387e-28
11.7461089494	2.99858254092e-28
11.7607003891	3.15961820006e-28
11.7752918288	3.37979365671e-28
11.7898832685	3.54140108777e-28
11.8044747082	3.75981220732e-28
11.8190661479	3.98620662872e-28
11.8336575876	4.22564500181e-28
11.8482490272	4.40821431231e-28
11.8628404669	4.67608471522e-28
11.8774319066	4.93010236332e-28
11.8920233463	5.15148971391e-28
11.906614786	5.29045426882e-28
11.9212062257	5.40224519167e-28
11.9357976654	5.47082497581e-28
11.9503891051	5.59004467857e-28
11.9649805447	5.56700015453e-28
11.9795719844	5.56689497431e-28
11.9941634241	5.50329725499e-28
12.0087548638	5.43655138831e-28
12.0233463035	5.31582095714e-28
12.0379377432	5.33017696422e-28
12.0525291829	5.28220932877e-28
12.0671206226	5.24220057102e-28
12.0817120623	5.13996682735e-28
12.0963035019	5.13658069545e-28
12.1108949416	5.13543595772e-28
12.1254863813	5.24956495952e-28
12.140077821	5.40176396763e-28
12.1546692607	5.52766451492e-28
12.1692607004	5.59236382387e-28
12.1838521401	5.63077690484e-28
12.1984435798	5.56833756917e-28
12.2130350195	5.53497497978e-28
12.2276264591	5.55149059856e-28
12.2422178988	5.58456662245e-28
12.2568093385	5.67063928011e-28
12.2714007782	5.77969148389e-28
12.2859922179	5.85506536359e-28
12.3005836576	5.94986623244e-28
12.3151750973	5.9315468123e-28
12.329766537	5.9390046261e-28
12.3443579767	5.94892145143e-28
12.3589494163	5.96923233688e-28
12.373540856	6.04594414662e-28
12.3881322957	6.15225671477e-28
12.4027237354	6.18693302854e-28
12.4173151751	6.14024670338e-28
12.4319066148	6.03513110911e-28
12.4464980545	5.97416102655e-28
12.4610894942	5.93520376679e-28
12.4756809339	6.01765549459e-28
12.4902723735	6.15795813108e-28
12.5048638132	6.24009074278e-28
12.5194552529	6.31834996325e-28
12.5340466926	6.33301813028e-28
12.5486381323	6.24328024826e-28
12.563229572	6.22683193663e-28
12.5778210117	6.22870637966e-28
12.5924124514	6.21998107932e-28
12.6070038911	6.30648390365e-28
12.6215953307	6.28112474227e-28
12.6361867704	6.23862283804e-28
12.6507782101	6.10694397118e-28
12.6653696498	5.98072762764e-28
12.6799610895	5.9548606978e-28
12.6945525292	6.03510900542e-28
12.7091439689	6.19793493342e-28
12.7237354086	6.53345717252e-28
12.7383268483	6.72051592902e-28
12.7529182879	6.78221486443e-28
12.7675097276	6.69662728744e-28
12.7821011673	6.63160683374e-28
12.796692607	6.55624176126e-28
12.8112840467	6.58353309372e-28
12.8258754864	6.76184161913e-28
12.8404669261	7.05553466224e-28
12.8550583658	7.13580847099e-28
12.8696498054	7.19219042859e-28
12.8842412451	7.09423603987e-28
12.8988326848	6.94979781681e-28
12.9134241245	6.90072569797e-28
12.9280155642	6.93294963432e-28
12.9426070039	7.00316112682e-28
12.9571984436	7.18028992776e-28
12.9717898833	7.18795615667e-28
12.986381323	7.19196003175e-28
13.0009727626	7.0893270926e-28
13.0155642023	6.9958102569e-28
13.030155642	6.88895835369e-28
13.0447470817	6.89014561861e-28
13.0593385214	6.96626681765e-28
13.0739299611	7.30051517547e-28
13.0885214008	7.4321317725e-28
13.1031128405	7.45553955954e-28
13.1177042802	7.36052324779e-28
13.1322957198	7.27823904091e-28
13.1468871595	7.20932707701e-28
13.1614785992	7.29229002644e-28
13.1760700389	7.51956421432e-28
13.1906614786	7.92631227352e-28
13.2052529183	8.01439095961e-28
13.219844358	8.1357498979e-28
13.2344357977	8.06648697357e-28
13.2490272374	7.94630749291e-28
13.263618677	7.93191969852e-28
13.2782101167	7.98545974244e-28
13.2928015564	8.06098868777e-28
13.3073929961	8.38070612853e-28
13.3219844358	8.50296947863e-28
13.3365758755	8.57065905113e-28
13.3511673152	8.41454110811e-28
13.3657587549	8.28367933917e-28
13.3803501946	8.14601833785e-28
13.3949416342	8.10029022241e-28
13.4095330739	8.21928067605e-28
13.4241245136	8.57036453215e-28
13.4387159533	8.63752445557e-28
13.453307393	8.72602761289e-28
13.4678988327	8.68422748377e-28
13.4824902724	8.68286532533e-28
13.4970817121	8.55201090622e-28
13.5116731518	8.63564837338e-28
13.5262645914	8.81370757725e-28
13.5408560311	9.2191854003e-28
13.5554474708	9.3995628407e-28
13.5700389105	9.55526547908e-28
13.5846303502	9.48311631545e-28
13.5992217899	9.39113566561e-28
13.6138132296	9.3449086958e-28
13.6284046693	9.42752357233e-28
13.642996109	9.48419181316e-28
13.6575875486	9.94773185888e-28
13.6721789883	1.01215237445e-27
13.686770428	1.01921355862e-27
13.7013618677	1.01438733682e-27
13.7159533074	1.0193374912e-27
13.7305447471	1.01594286967e-27
13.7451361868	1.0189792434e-27
13.7597276265	1.02994923812e-27
13.7743190661	1.07146341703e-27
13.7889105058	1.07561278666e-27
13.8035019455	1.08201371879e-27
13.8180933852	1.06562868607e-27
13.8326848249	1.05430451804e-27
13.8472762646	1.04779599e-27
13.8618677043	1.06141790285e-27
13.876459144	1.07523747987e-27
13.8910505837	1.11600473972e-27
13.9056420233	1.12693235619e-27
13.920233463	1.13606600351e-27
13.9348249027	1.12079463746e-27
13.9494163424	1.12019045305e-27
13.9640077821	1.11768416071e-27
13.9785992218	1.13022323336e-27
13.9931906615	1.14097789045e-27
14.0077821012	1.19048919072e-27
14.0223735409	1.20098141948e-27
14.0369649805	1.19800000752e-27
14.0515564202	1.18183489224e-27
14.0661478599	1.17692121195e-27
14.0807392996	1.15848840215e-27
14.0953307393	1.16472390878e-27
14.109922179	1.17974415149e-27
14.1245136187	1.22960388154e-27
14.1391050584	1.23436112463e-27
14.1536964981	1.23708664884e-27
14.1682879377	1.2180998499e-27
14.1828793774	1.20852991068e-27
14.1974708171	1.19320884883e-27
14.2120622568	1.19448782957e-27
14.2266536965	1.19560843127e-27
14.2412451362	1.24352010282e-27
14.2558365759	1.25885385001e-27
14.2704280156	1.26626332329e-27
14.2850194553	1.24498188574e-27
14.2996108949	1.24094031823e-27
14.3142023346	1.22828205346e-27
14.3287937743	1.23019699366e-27
14.343385214	1.23860190812e-27
14.3579766537	1.29006989776e-27
14.3725680934	1.29559978373e-27
14.3871595331	1.28550507249e-27
14.4017509728	1.25948170247e-27
14.4163424125	1.24874156089e-27
14.4309338521	1.22245580647e-27
14.4455252918	1.22197614396e-27
14.4601167315	1.22361395152e-27
14.4747081712	1.2588407201e-27
14.4892996109	1.26069133155e-27
14.5038910506	1.26475950469e-27
14.5184824903	1.24894800987e-27
14.53307393	1.24434397046e-27
14.5476653697	1.2377173022e-27
14.5622568093	1.24026101666e-27
14.576848249	1.2326152835e-27
14.5914396887	1.27594545547e-27
14.6060311284	1.27853308501e-27
14.6206225681	1.2751204087e-27
14.6352140078	1.24249512223e-27
14.6498054475	1.22315567566e-27
14.6643968872	1.19985457108e-27
14.6789883268	1.18603967241e-27
14.6935797665	1.16982116683e-27
14.7081712062	1.1891455755e-27
14.7227626459	1.1704526954e-27
14.7373540856	1.15118647407e-27
14.7519455253	1.10922549659e-27
14.766536965	1.08468380222e-27
14.7811284047	1.03920802252e-27
14.7957198444	1.01627788278e-27
14.810311284	9.87486581776e-28
14.8249027237	9.74044477019e-28
14.8394941634	9.23458758782e-28
14.8540856031	8.68580847034e-28
14.8686770428	7.99773103086e-28
14.8832684825	7.5268802696e-28
14.8978599222	7.15716668853e-28
14.9124513619	7.10714399725e-28
14.9270428016	7.46638225836e-28
14.9416342412	8.83589928776e-28
14.9562256809	1.1185499831e-27
14.9708171206	1.52756368873e-27
14.9854085603	2.30067032346e-27
15.0	3.13424879521e-27
