-14.9854085603	2.51188288895e-27
-14.9708171206	1.5037032987e-27
-14.9562256809	9.23855128746e-28
-14.9416342412	5.50707486195e-28
-14.9270428016	3.3003548909e-28
-14.9124513619	2.03013471561e-28
-14.8978599222	1.41558779149e-28
-14.8832684825	1.13640488218e-28
-14.8686770428	1.13885030504e-28
-14.8540856031	1.21841862463e-28
-14.8394941634	1.36873874202e-28
-14.8249027237	1.40125918987e-28
-14.810311284	1.58528013614e-28
-14.7957198444	1.74076135642e-28
-14.7811284047	1.9521153898e-28
-14.766536965	2.10917615948e-28
-14.7519455253	2.2630642898e-28
-14.7373540856	2.36322641392e-28
-14.7227626459	2.41186025471e-28
-14.7081712062	2.2609820031e-28
-14.6935797665	2.29979185524e-28
-14.6789883268	2.35341008087e-28
-14.6643968872	2.46155951263e-28
-14.6498054475	2.53051403278e-28
-14.6352140078	2.66004803333e-28
-14.6206225681	2.67529418573e-28
-14.6060311284	2.66335042195e-28
-14.5914396887	2.47524024593e-28
-14.576848249	2.4644514509e-28
-14.5622568093	2.47017769753e-28
-14.5476653696	2.5781886899e-28
-14.53307393	2.62554828307e-28
-14.5184824903	2.71988553713e-28
-14.5038910506	2.73937669473e-28
-14.4892996109	2.74417164669e-28
-14.4747081712	2.54882451953e-28
-14.4601167315	2.53975573016e-28
-14.4455252918	2.53595255937e-28
-14.4309338521	2.63625018958e-28
-14.4163424125	2.6833046916e-28
-14.4017509728	2.75639838157e-28
-14.3871595331	2.74169835574e-28
-14.3725680934	2.71709319845e-28
-14.3579766537	2.47786949655e-28
-14.343385214	2.44122060871e-28
-14.3287937743	2.41897599663e-28
-14.3142023346	2.48865404068e-28
-14.2996108949	2.53099347816e-28
-14.2850194553	2.62343394876e-28
-14.2704280156	2.62150133302e-28
-14.2558365759	2.59823853638e-28
-14.2412451362	2.37810602999e-28
-14.2266536965	2.35522035022e-28
-14.2120622568	2.32224333487e-28
-14.1974708171	2.37620536852e-28
-14.1828793774	2.39008007371e-28
-14.1682879377	2.4430285717e-28
-14.1536964981	2.41244130926e-28
-14.1391050584	2.36022597423e-28
-14.1245136187	2.11790629401e-28
-14.109922179	2.07051469327e-28
-14.0953307393	2.02711626219e-28
-14.0807392996	2.06951767679e-28
-14.0661478599	2.08516092183e-28
-14.0515564202	2.14999551992e-28
-14.0369649805	2.12290834748e-28
-14.0223735409	2.08379029071e-28
-14.0077821012	1.85986613548e-28
-13.9931906615	1.80839764755e-28
-13.9785992218	1.76415819513e-28
-13.9640077821	1.80604259315e-28
-13.9494163424	1.80070563525e-28
-13.9348249027	1.8399222393e-28
-13.920233463	1.8037814639e-28
-13.9056420233	1.75390437143e-28
-13.8910505837	1.54274598225e-28
-13.876459144	1.49332624684e-28
-13.8618677043	1.4546509529e-28
-13.8472762646	1.48904926017e-28
-13.8326848249	1.49086618872e-28
-13.8180933852	1.53781540147e-28
-13.8035019455	1.51444656061e-28
-13.7889105058	1.45904976904e-28
-13.7743190661	1.26579019765e-28
-13.7597276265	1.22947615654e-28
-13.7451361868	1.19949987e-28
-13.7305447471	1.2320124378e-28
-13.7159533074	1.23631144798e-28
-13.7013618677	1.27028511641e-28
-13.686770428	1.23191680473e-28
-13.6721789883	1.18689164325e-28
-13.6575875486	1.01633556583e-28
-13.6429961089	9.66601111234e-29
-13.6284046693	9.3705222115e-29
-13.6138132296	9.56637753485e-29
-13.5992217899	9.58084033186e-29
-13.5846303502	9.97918138861e-29
-13.5700389105	9.76688464769e-29
-13.5554474708	9.43566742956e-29
-13.5408560311	8.05083957151e-29
-13.5262645914	7.7387360992e-29
-13.5116731518	7.54941552122e-29
-13.4970817121	7.85770182618e-29
-13.4824902724	7.905329126e-29
-13.4678988327	8.24151413519e-29
-13.453307393	8.08740534028e-29
-13.4387159533	7.78591396267e-29
-13.4241245136	6.58726136192e-29
-13.4095330739	6.25269525743e-29
-13.3949416342	5.97323592449e-29
-13.3803501946	6.18779176439e-29
-13.3657587549	6.26287204991e-29
-13.3511673152	6.63435890098e-29
-13.3365758755	6.70118568985e-29
-13.3219844358	6.71382009608e-29
-13.3073929961	6.14181931094e-29
-13.2928015564	6.17556729085e-29
-13.2782101167	6.28871099178e-29
-13.263618677	6.47020087465e-29
-13.2490272374	6.43883577283e-29
-13.2344357977	6.69754349147e-29
-13.219844358	6.5581651526e-29
-13.2052529183	6.33277149161e-29
-13.1906614786	5.92733146864e-29
-13.1760700389	5.73863534008e-29
-13.1614785992	5.65355302359e-29
-13.1468871595	5.7338074522e-29
-13.1322957198	5.50997430246e-29
-13.1177042802	5.54413064477e-29
-13.1031128405	5.36007229783e-29
-13.0885214008	5.05096091534e-29
-13.0739299611	4.53577577742e-29
-13.0593385214	4.43569000857e-29
-13.0447470817	4.3494857931e-29
-13.030155642	4.27261119634e-29
-13.0155642023	4.17778791359e-29
-13.0009727626	4.21750763364e-29
-12.986381323	4.1429822099e-29
-12.9717898833	4.11308516176e-29
-12.9571984436	4.13894784102e-29
-12.9426070039	4.18098979907e-29
-12.9280155642	4.26657727908e-29
-12.9134241245	4.28370356093e-29
-12.8988326848	4.30509018179e-29
-12.8842412451	4.48732087202e-29
-12.8696498054	4.7861658994e-29
-12.8550583658	5.22756698138e-29
-12.8404669261	6.11927873003e-29
-12.8258754864	6.70637719013e-29
-12.8112840467	7.21756315561e-29
-12.796692607	7.50435992438e-29
-12.7821011673	7.70304610207e-29
-12.7675097276	7.87394107798e-29
-12.7529182879	8.24176933369e-29
-12.7383268482	8.62315852772e-29
-12.7237354086	9.4777701576e-29
-12.7091439689	9.76964285192e-29
-12.6945525292	1.00228587404e-28
-12.6799610895	1.00119580082e-28
-12.6653696498	1.01125980039e-28
-12.6507782101	1.01131877563e-28
-12.6361867704	1.04233965146e-28
-12.6215953307	1.0898721923e-28
-12.6070038911	1.22340669585e-28
-12.5924124514	1.27652543611e-28
-12.5778210117	1.34215227112e-28
-12.563229572	1.34272167949e-28
-12.5486381323	1.35127006685e-28
-12.5340466926	1.37324817925e-28
-12.5194552529	1.43886082307e-28
-12.5048638132	1.52929960054e-28
-12.4902723735	1.77273173539e-28
-12.4756809339	1.88785012639e-28
-12.4610894942	2.01671793116e-28
-12.4464980545	2.07287923055e-28
-12.4319066148	2.1118552823e-28
-12.4173151751	2.13338190596e-28
-12.4027237354	2.22976134837e-28
-12.3881322957	2.35588184209e-28
-12.373540856	2.67126327904e-28
-12.3589494163	2.82032868282e-28
-12.3443579767	2.93951592077e-28
-12.329766537	2.98941068153e-28
-12.3151750973	3.07922009906e-28
-12.3005836576	3.14365357537e-28
-12.2859922179	3.29218644856e-28
-12.2714007782	3.47940111632e-28
-12.2568093385	3.89259089134e-28
-12.2422178988	4.08128309441e-28
-12.2276264591	4.27688169079e-28
-12.2130350195	4.29140201111e-28
-12.1984435798	4.33266453851e-28
-12.1838521401	4.350674877e-28
-12.1692607004	4.4453291128e-28
-12.1546692607	4.56949094178e-28
-12.140077821	4.95956506927e-28
-12.1254863813	5.08287943443e-28
-12.1108949416	5.16479819086e-28
-12.0963035019	5.07791718637e-28
-12.0817120623	5.03125228904e-28
-12.0671206226	4.99126443534e-28
-12.0525291829	5.09437086963e-28
-12.0379377432	5.215140641e-28
-12.0233463035	5.61969912534e-28
-12.0087548638	5.77022509008e-28
-11.9941634241	5.92030298847e-28
-11.9795719844	5.90061087164e-28
-11.9649805447	5.93208589952e-28
-11.9503891051	5.91321980258e-28
-11.9357976654	6.03281750757e-28
-11.9212062257	6.24661744205e-28
-11.906614786	6.73890953848e-28
-11.8920233463	6.89706146499e-28
-11.8774319066	7.00690743844e-28
-11.8628404669	6.88596807738e-28
-11.8482490272	6.8154270159e-28
-11.8336575875	6.71986318154e-28
-11.8190661479	6.76558081366e-28
-11.8044747082	6.84292220757e-28
-11.7898832685	7.25793178339e-28
-11.7752918288	7.30734628297e-28
-11.7607003891	7.31551124772e-28
-11.7461089494	7.15022773258e-28
-11.7315175097	7.07727805919e-28
-11.71692607	7.02682381029e-28
-11.7023346304	7.18077850534e-28
-11.6877431907	7.24823383605e-28
-11.673151751	7.63025653904e-28
-11.6585603113	7.69795977981e-28
-11.6439688716	7.68730079493e-28
-11.6293774319	7.4989740972e-28
-11.6147859922	7.38042838949e-28
-11.6001945525	7.19406859736e-28
-11.5856031128	7.22115760154e-28
-11.5710116732	7.26760324993e-28
-11.5564202335	7.57574888906e-28
-11.5418287938	7.45755389949e-28
-11.5272373541	7.34491929471e-28
-11.5126459144	7.00527597965e-28
-11.4980544747	6.66257935936e-28
-11.483463035	6.37619052923e-28
-11.4688715953	6.20805850424e-28
-11.4542801556	6.15350235308e-28
-11.439688716	6.4301598261e-28
-11.4250972763	6.34596755015e-28
-11.4105058366	6.36317966523e-28
-11.3959143969	6.48069350622e-28
-11.3813229572	7.06514071736e-28
-11.3667315175	8.1563539804e-28
-11.3521400778	1.01660968055e-27
-11.3375486381	1.31867306997e-27
-11.3229571984	1.78602902562e-27
-11.3083657588	2.41577159526e-27
-11.2937743191	3.329891263e-27
-11.2791828794	4.56543239024e-27
-11.2645914397	6.43744296116e-27
-11.25	8.183664001e-27
-11.2354085603	6.28711316459e-27
-11.2208171206	4.30715784259e-27
-11.2062256809	2.99421348861e-27
-11.1916342412	2.01916072347e-27
-11.1770428016	1.33904101088e-27
-11.1624513619	8.6594264866e-28
-11.1478599222	5.53933665689e-28
-11.1332684825	3.48680472123e-28
-11.1186770428	2.25122255662e-28
-11.1040856031	1.57521698135e-28
-11.0894941634	1.19529306902e-28
-11.0749027237	1.23143863321e-28
-11.060311284	1.46938353912e-28
-11.0457198444	1.87189228756e-28
-11.0311284047	2.3123424315e-28
-11.016536965	2.80648634654e-28
-11.0019455253	3.20356004228e-28
-10.9873540856	3.58687073261e-28
-10.9727626459	3.76386625171e-28
-10.9581712062	4.13766507435e-28
-10.9435797665	4.49642706353e-28
-10.9289883268	4.94652099099e-28
-10.9143968872	5.32746757833e-28
-10.8998054475	5.68712474162e-28
-10.8852140078	5.91101744958e-28
-10.8706225681	5.97928412691e-28
-10.8560311284	5.71169012151e-28
-10.8414396887	5.75425651211e-28
-10.826848249	5.78775513908e-28
-10.8122568093	5.92050659688e-28
-10.7976653696	5.98549080801e-28
-10.78307393	6.05286540612e-28
-10.7684824903	5.98005455542e-28
-10.7538910506	5.80084590636e-28
-10.7392996109	5.32374494801e-28
-10.7247081712	5.07323601398e-28
-10.7101167315	4.82371977266e-28
-10.6955252918	4.65777227806e-28
-10.6809338521	4.4202108779e-28
-10.6663424125	4.20935736415e-28
-10.6517509728	3.83553131574e-28
-10.6371595331	3.40826806292e-28
-10.6225680934	2.76751990366e-28
-10.6079766537	2.3981122526e-28
-10.593385214	2.12142597494e-28
-10.5787937743	2.02249182186e-28
-10.5642023346	1.98540854718e-28
-10.5496108949	2.18569107827e-28
-10.5350194553	2.58469697727e-28
-10.5204280156	3.27247495114e-28
-10.5058365759	4.41909227716e-28
-10.4912451362	6.36102133323e-28
-10.4766536965	9.27392843632e-28
-10.4620622568	1.35959615904e-27
-10.4474708171	1.9667836367e-27
-10.4328793774	2.80063232582e-27
-10.4182879377	3.96163492603e-27
-10.4036964981	5.56264932833e-27
-10.3891050584	7.7845014153e-27
-10.3745136187	1.06986736453e-26
-10.359922179	1.45350212073e-26
-10.3453307393	1.95392429618e-26
-10.3307392996	2.60775449096e-26
-10.3161478599	3.45850709628e-26
-10.3015564202	4.56741949514e-26
-10.2869649805	6.01457407277e-26
-10.2723735409	7.9100418064e-26
-10.2577821012	1.03360738753e-25
-10.2431906615	1.34786259954e-25
-10.2285992218	1.75285091488e-25
-10.2140077821	2.2749397089e-25
-10.1994163424	2.94862708296e-25
-10.1848249027	3.81690855002e-25
-10.170233463	4.93269926495e-25
-10.1556420233	6.37306248869e-25
-10.1410505837	8.21468135563e-25
-10.126459144	1.05718861709e-24
-10.1118677043	1.3595229254e-24
-10.0972762646	1.74669958829e-24
-10.0826848249	2.24129587972e-24
-10.0680933852	2.87425347292e-24
-10.0535019455	3.68385595329e-24
-10.0389105058	4.71997444447e-24
-10.0243190661	6.04146057407e-24
-10.0097276265	7.72685052644e-24
-9.99513618677	9.87608820045e-24
-9.98054474708	1.26154808263e-23
-9.96595330739	1.61043641713e-23
-9.9513618677	2.05468645943e-23
-9.93677042802	2.62026106873e-23
-9.92217898833	3.33965758931e-23
-9.90758754864	4.253237102e-23
-9.89299610895	5.41363825564e-23
-9.87840466926	6.8863068963e-23
-9.86381322957	8.75475603605e-23
-9.84922178988	1.11240709877e-22
-9.83463035019	1.41273810661e-22
-9.82003891051	1.79323288029e-22
-9.80544747082	2.27514026732e-22
-9.79085603113	2.88488777906e-22
-9.77626459144	3.65604742115e-22
-9.76167315175	4.63089463345e-22
-9.74708171206	5.86256014039e-22
-9.73249027237	7.41778695942e-22
-9.71789883268	9.38088226617e-22
-9.703307393	1.18573546058e-21
-9.68871595331	1.49800907656e-21
-9.67412451362	1.89149394173e-21
-9.65953307393	2.38706890842e-21
-9.64494163424	3.01090263884e-21
-9.63035019455	3.79580683156e-21
-9.61575875486	4.78281823498e-21
-9.60116731517	6.02337174241e-21
-9.58657587549	7.58178938608e-21
-9.5719844358	9.53852355671e-21
-9.55739299611	1.19938877968e-20
-9.54280155642	1.50734170693e-20
-9.52821011673	1.89337334901e-20
-9.51361867704	2.37703476219e-20
-9.49902723735	2.98269625801e-20
-9.48443579767	3.74073650248e-20
-9.46984435798	4.68898708388e-20
-9.45525291829	5.87457534814e-20
-9.4406614786	7.3560669234e-20
-9.42607003891	9.20636622622e-20
-9.41147859922	1.1516065976e-19
-9.39688715953	1.43977088602e-19
-9.38229571984	1.79910028441e-19
-9.36770428016	2.24693742486e-19
-9.35311284047	2.80478490483e-19
-9.33852140078	3.49930166935e-19
-9.32392996109	4.36350010152e-19
-9.3093385214	5.43826879443e-19
-9.29474708171	6.77420276932e-19
-9.28015564202	8.43388904029e-19
-9.26556420233	1.04946828626e-18
-9.25097276265	1.30521638796e-18
-9.23638132296	1.622434825e-18
-9.22178988327	2.01568886756e-18
-9.20719844358	2.50294009393e-18
-9.19260700389	3.10633495427e-18
-9.1780155642	3.85315750683e-18
-9.16342412451	4.7770067254e-18
-9.14883268482	5.91923096392e-18
-9.13424124514	7.33069200106e-18
-9.11964980545	9.07391389148e-18
-9.10505836576	1.12257211302e-17
-9.09046692607	1.38804428905e-17
-9.07587548638	1.715385633e-17
-9.06128404669	2.11879709048e-17
-9.046692607	2.6156883256e-17
-9.03210116731	3.22738962672e-17
-9.01750972763	3.98002181387e-17
-9.00291828794	4.90555208541e-17
-8.98832684825	6.04308303619e-17
-8.97373540856	7.44041471148e-17
-8.95914396887	9.15595133236e-17
-8.94455252918	1.12610098213e-16
-8.92996108949	1.38426280852e-16
-8.91536964981	1.7006967641e-16
-8.90077821012	2.08834453241e-16
-8.88618677043	2.56297343585e-16
-8.87159533074	3.14378294853e-16
-8.85700389105	3.85413764344e-16
-8.84241245136	4.72245586914e-16
-8.82782101167	5.78328222498e-16
-8.81322957198	7.07858475117e-16
-8.7986381323	8.65932069839e-16
-8.78404669261	1.05873271663e-15
-8.76945525292	1.29376000779e-15
-8.75486381323	1.58010433366e-15
-8.74027237354	1.92877780742e-15
-8.72568093385	2.35311312402e-15
-8.71108949416	2.86924304223e-15
-8.69649805447	3.49667734544e-15
-8.68190661479	4.25899593878e-15
-8.6673151751	5.18468166895e-15
-8.65272373541	6.30811960818e-15
-8.63813229572	7.67079627614e-15
-8.62354085603	9.3227367988e-15
-8.60894941634	1.13242277946e-14
-8.59435797665	1.37478793158e-14
-8.57976653696	1.6681093325e-14
-8.56517509728	2.02290151266e-14
-8.55058365759	2.45180616274e-14
-8.5359922179	2.97001351711e-14
-8.52140077821	3.5957654649e-14
-8.50680933852	4.35095559857e-14
-8.49221789883	5.26184488614e-14
-8.47762645914	6.35991416314e-14
-8.46303501945	7.68287940411e-14
-8.44844357977	9.27589983376e-14
-8.43385214008	1.11930147996e-13
-8.41926070039	1.34988514042e-13
-8.4046692607	1.62706530136e-13
-8.39007782101	1.96006868311e-13
-8.37548638132	2.35991004061e-13
-8.36089494163	2.83973076449e-13
-8.34630350195	3.4152000815e-13
-8.33171206226	4.10499004741e-13
-8.31712062257	4.93133762256e-13
-8.30252918288	5.92070927909e-13
-8.28793774319	7.10458644402e-13
-8.2733463035	8.52039302236e-13
-8.25875486381	1.02125901616e-12
-8.24416342412	1.22339673613e-12
-8.22957198444	1.46471643641e-12
-8.21498054475	1.75264637354e-12
-8.20038910506	2.09599010449e-12
-8.18579766537	2.50517471489e-12
-8.17120622568	2.99254264475e-12
-8.15661478599	3.57269451393e-12
-8.1420233463	4.26289164042e-12
-8.12743190661	5.08352827647e-12
-8.11284046693	6.05868531375e-12
-8.09824902724	7.21677905244e-12
-8.08365758755	8.59132086773e-12
-8.06906614786	1.02218061033e-11
-8.05447470817	1.21547535218e-11
-8.03988326848	1.4444919928e-11
-8.02529182879	1.71567186095e-11
-8.0107003891	2.03658745712e-11
-7.99610894942	2.41613548636e-11
-7.98151750973	2.86476181176e-11
-7.96692607004	3.39472343333e-11
-7.95233463035	4.02039336954e-11
-7.93774319066	4.75861522997e-11
-7.92315175097	5.62911528281e-11
-7.90856031128	6.65498102023e-11
-7.89396887159	7.86321654531e-11
-7.87937743191	9.28538668156e-11
-7.86478599222	1.09583634342e-10
-7.85019455253	1.29251904726e-10
-7.83560311284	1.52360835686e-10
-7.82101167315	1.7949587564e-10
-7.80642023346	2.1133913383e-10
-7.79182879377	2.48684820304e-10
-7.77723735409	2.92457062926e-10
-7.7626459144	3.43730452864e-10
-7.74805447471	4.03753718981e-10
-7.73346303502	4.73976987892e-10
-7.71887159533	5.56083149502e-10
-7.70428015564	6.52023920222e-10
-7.68968871595	7.64061276223e-10
-7.67509727626	8.94815021742e-10
-7.66050583658	1.04731735945e-09
-7.64591439689	1.22507544709e-09
-7.6313229572	1.43214305502e-09
-7.61673151751	1.6732025868e-09
-7.60214007782	1.9536588898e-09
-7.58754863813	2.2797464692e-09
-7.57295719844	2.65865192553e-09
-7.55836575875	3.09865367066e-09
-7.54377431907	3.60928123553e-09
-7.52918287938	4.20149677632e-09
-7.51459143969	4.88790170966e-09
-7.5	5.68297176958e-09
-7.48540856031	6.60332418403e-09
-7.47081712062	7.66802112712e-09
-7.45622568093	8.89891407103e-09
-7.44163424124	1.03210342609e-08
-7.42704280156	1.19630351198e-08
-7.41245136187	1.38576930811e-08
-7.39785992218	1.60424740986e-08
-7.38326848249	1.8560173919e-08
-7.3686770428	2.14596411156e-08
-7.35408560311	2.47965928993e-08
-7.33949416342	2.86345348312e-08
-7.32490272373	3.30457967943e-08
-7.31031128405	3.81126989139e-08
-7.29571984436	4.39288626022e-08
-7.28112840467	5.06006835059e-08
-7.26653696498	5.82489849054e-08
-7.25194552529	6.7010872032e-08
-7.2373540856	7.70418098739e-08
-7.22276264591	8.85179493136e-08
-7.20817120623	1.01638728931e-07
-7.19357976654	1.1662978248e-07
-7.17898832685	1.33746184968e-07
-7.16439688716	1.53276073408e-07
-7.14980544747	1.75544681712e-07
-7.13521400778	2.00918832842e-07
-7.12062256809	2.29811935273e-07
-7.1060311284	2.62689535019e-07
-7.09143968872	3.00075479011e-07
-7.07684824903	3.42558750408e-07
-7.06225680934	3.90801041563e-07
-7.04766536965	4.45545135823e-07
-7.03307392996	5.07624175145e-07
-7.01848249027	5.77971896598e-07
-7.00389105058	6.57633927303e-07
-6.98929961089	7.47780234145e-07
-6.97470817121	8.49718831697e-07
-6.96011673152	9.64910859237e-07
-6.94552529183	1.09498714548e-06
-6.93093385214	1.24176638764e-06
-6.91634241245	1.40727507978e-06
-6.90175097276	1.59376933385e-06
-6.88715953307	1.80375874556e-06
-6.87256809338	2.04003246599e-06
-6.8579766537	2.30568764901e-06
-6.84338521401	2.60416045315e-06
-6.82879377432	2.93925978582e-06
-6.81420233463	3.31520398639e-06
-6.79961089494	3.73666065306e-06
-6.78501945525	4.20878982687e-06
-6.77042801556	4.73729075375e-06
-6.75583657588	5.32845245251e-06
-6.74124513619	5.98920832327e-06
-6.7266536965	6.72719503597e-06
-6.71206225681	7.55081594302e-06
-6.69747081712	8.46930926301e-06
-6.68287937743	9.49282128392e-06
-6.66828793774	1.06324848338e-05
-6.65369649805	1.19005032648e-05
-6.63910505837	1.33102401909e-05
-6.62451361868	1.48763152144e-05
-6.60992217899	1.66147058634e-05
-6.5953307393	1.85428559517e-05
-6.58073929961	2.06797905547e-05
-6.56614785992	2.30462377739e-05
-6.55155642023	2.566475744e-05
-6.53696498054	2.85598768726e-05
-6.52237354086	3.17582337824e-05
-6.50778210117	3.52887263637e-05
-6.49319066148	3.9182670578e-05
-6.47859922179	4.34739645811e-05
-6.4640077821	4.81992601915e-05
-6.44941634241	5.3398141231e-05
-6.43482490272	5.91133085064e-05
-6.42023346303	6.53907711198e-05
-6.40564202335	7.22800437179e-05
-6.39105058366	7.98343492006e-05
-6.37645914397	8.81108263131e-05
-6.36186770428	9.71707414496e-05
-6.34727626459	0.000107079703882
-6.3326848249	0.000117907883519
-6.31809338521	0.000129730230188
-6.30350194552	0.000142626693291
-6.28891050584	0.000156682440583
-6.27431906615	0.000171988074675
-6.25972762646	0.00018863984573
-6.24513618677	0.000206739858717
-6.23054474708	0.000226396273401
-6.21595330739	0.000247723495184
-6.2013618677	0.000270842354735
-6.18677042802	0.00029588027425
-6.17217898833	0.000322971418073
-6.15758754864	0.000352256825295
-6.14299610895	0.000383884521879
-6.12840466926	0.000418009609758
-6.11381322957	0.000454794330329
-6.09922178988	0.000494408099699
-6.08463035019	0.000537027513042
-6.07003891051	0.000582836315438
-6.05544747082	0.000632025336599
-6.04085603113	0.000684792386949
-6.02626459144	0.000741342112639
-6.01167315175	0.00080188580721
-5.99708171206	0.000866641177779
-5.98249027237	0.000935832063832
-5.96789883268	0.00100968810698
-5.953307393	0.00108844437026
-5.93871595331	0.00117234090595
-5.92412451362	0.00126162227121
-5.90953307393	0.00135653699121
-5.89494163424	0.00145733696984
-5.88035019455	0.00156427684874
-5.86575875486	0.00167761331553
-5.85116731517	0.00179760436295
-5.83657587549	0.00192450850104
-5.8219844358	0.00205858392493
-5.80739299611	0.00220008764156
-5.79280155642	0.00234927455905
-5.77821011673	0.00250639654302
-5.76361867704	0.00267170144472
-5.74902723735	0.00284543210638
-5.73443579766	0.00302782534943
-5.71984435798	0.00321911095207
-5.70525291829	0.0034195106226
-5.6906614786	0.00362923697567
-5.67607003891	0.00384849251855
-5.66147859922	0.004077468655
-5.64688715953	0.00431634471405
-5.63229571984	0.00456528701153
-5.61770428016	0.00482444795181
-5.60311284047	0.00509396517707
-5.58852140078	0.00537396077139
-5.57392996109	0.00566454052657
-5.5593385214	0.00596579327605
-5.54474708171	0.006277790303
-5.53015564202	0.00660058482807
-5.51556420233	0.00693421158156
-5.50097276265	0.00727868646407
-5.48638132296	0.00763400629913
-5.47178988327	0.0080001486803
-5.45719844358	0.00837707191444
-5.44260700389	0.00876471506201
-5.4280155642	0.00916299807453
-5.41342412451	0.00957182202805
-5.39883268482	0.00999106945115
-5.38424124514	0.0104206047447
-5.36964980545	0.0108602746898
-5.35505836576	0.0113099090406
-5.34046692607	0.0117693211954
-5.32587548638	0.0122383089428
-5.31128404669	0.0127166552741
-5.296692607	0.0132041292588
-5.28210116731	0.0137004869718
-5.26750972763	0.0142054724697
-5.25291828794	0.0147188188045
-5.23832684825	0.0152402490702
-5.22373540856	0.0157694774721
-5.20914396887	0.0163062104126
-5.19455252918	0.0168501475853
-5.17996108949	0.01740098307
-5.1653696498	0.0179584064214
-5.15077821012	0.0185221037443
-5.13618677043	0.0190917587503
-5.12159533074	0.0196670537872
-5.10700389105	0.0202476708386
-5.09241245136	0.0208332924865
-5.07782101167	0.0214236028334
-5.06322957198	0.0220182883794
-5.0486381323	0.0226170388513
-5.03404669261	0.0232195479806
-5.01945525292	0.0238255142285
-5.00486381323	0.0244346414557
-4.99027237354	0.0250466395359
-4.97568093385	0.0256612249132
-4.96108949416	0.026278121101
-4.94649805447	0.0268970591262
-4.93190661479	0.027517777915
-4.9173151751	0.0281400246258
-4.90272373541	0.0287635549269
-4.88813229572	0.0293881332233
-4.87354085603	0.0300135328327
-4.85894941634	0.030639536115
-4.84435797665	0.0312659345547
-4.82976653696	0.0318925288028
-4.81517509728	0.0325191286762
-4.80058365759	0.033145553122
-4.7859922179	0.0337716301456
-4.77140077821	0.0343971967081
-4.75680933852	0.0350220985942
-4.74221789883	0.0356461902552
-4.72762645914	0.036269334627
-4.71303501945	0.0368914029294
-4.69844357977	0.037512274446
-4.68385214008	0.0381318362895
-4.66926070039	0.0387499831537
-4.6546692607	0.0393666170546
-4.64007782101	0.0399816470634
-4.62548638132	0.0405949890325
-4.61089494163	0.0412065653172
-4.59630350194	0.0418163044939
-4.58171206226	0.0424241410781
-4.56712062257	0.0430300152414
-4.55252918288	0.0436338725311
-4.53793774319	0.0442356635918
-4.5233463035	0.0448353438916
-4.50875486381	0.0454328734521
-4.49416342412	0.0460282165856
-4.47957198444	0.0466213416373
-4.46498054475	0.047212220735
-4.45038910506	0.0478008295472
-4.43579766537	0.0483871470477
-4.42120622568	0.04897115529
-4.40661478599	0.0495528391895
-4.3920233463	0.0501321863149
-4.37743190661	0.0507091866883
-4.36284046693	0.0512838325945
-4.34824902724	0.0518561183996
-4.33365758755	0.0524260403777
-4.31906614786	0.0529935965478
-4.30447470817	0.0535587865183
-4.28988326848	0.0541216113409
-4.27529182879	0.0546820733726
-4.2607003891	0.055240176146
-4.24610894942	0.0557959242477
-4.23151750973	0.0563493232043
-4.21692607004	0.0569003793758
-4.20233463035	0.0574490998565
-4.18774319066	0.0579954923826
-4.17315175097	0.0585395652464
-4.15856031128	0.0590813272171
-4.14396887159	0.0596207874672
-4.12937743191	0.0601579555049
-4.11478599222	0.0606928411122
-4.10019455253	0.0612254542873
-4.08560311284	0.0617558051933
-4.07101167315	0.0622839041097
-4.05642023346	0.06280976139
-4.04182879377	0.0633333874219
-4.02723735408	0.0638547925926
-4.0126459144	0.0643739872564
-3.99805447471	0.0648909817065
-3.98346303502	0.0654057861498
-3.96887159533	0.065918410684
-3.95428015564	0.0664288652783
-3.93968871595	0.0669371597557
-3.92509727626	0.067443303778
-3.91050583658	0.0679473068332
-3.89591439689	0.0684491782239
-3.8813229572	0.0689489270586
-3.86673151751	0.069446562244
-3.85214007782	0.0699420924786
-3.83754863813	0.0704355262485
-3.82295719844	0.0709268718231
-3.80836575875	0.0714161372536
-3.79377431907	0.071903330371
-3.77918287938	0.0723884587855
-3.76459143969	0.0728715298875
-3.75	0.0733525508479
-3.73540856031	0.0738315286199
-3.72081712062	0.0743084699417
-3.70622568093	0.0747833813388
-3.69163424124	0.0752562691271
-3.67704280156	0.0757271394167
-3.66245136187	0.0761959981156
-3.64785992218	0.0766628509338
-3.63326848249	0.0771277033877
-3.6186770428	0.0775905608046
-3.60408560311	0.0780514283272
-3.58949416342	0.0785103109186
-3.57490272373	0.0789672133673
-3.56031128405	0.0794221402915
-3.54571984436	0.0798750961447
-3.53112840467	0.0803260852204
-3.51653696498	0.080775111657
-3.50194552529	0.0812221794428
-3.4873540856	0.0816672924205
-3.47276264591	0.0821104542929
-3.45817120623	0.0825516686266
-3.44357976654	0.0829909388574
-3.42898832685	0.0834282682946
-3.41439688716	0.0838636601255
-3.39980544747	0.0842971174198
-3.38521400778	0.0847286431338
-3.37062256809	0.0851582401149
-3.3560311284	0.0855859111053
-3.34143968872	0.086011658746
-3.32684824903	0.0864354855809
-3.31225680934	0.0868573940602
-3.29766536965	0.0872773865442
-3.28307392996	0.0876954653066
-3.26848249027	0.0881116325383
-3.25389105058	0.0885258903499
-3.23929961089	0.0889382407757
-3.22470817121	0.0893486857762
-3.21011673152	0.089757227241
-3.19552529183	0.0901638669918
-3.18093385214	0.0905686067852
-3.16634241245	0.0909714483151
-3.15175097276	0.0913723932152
-3.13715953307	0.0917714430617
-3.12256809338	0.092168599375
-3.1079766537	0.0925638636227
-3.09338521401	0.0929572372212
-3.07879377432	0.0933487215378
-3.06420233463	0.0937383178929
-3.04961089494	0.0941260275617
-3.03501945525	0.0945118517761
-3.02042801556	0.0948957917261
-3.00583657587	0.0952778485621
-2.99124513619	0.0956580233958
-2.9766536965	0.0960363173021
-2.96206225681	0.0964127313208
-2.94747081712	0.0967872664571
-2.93287937743	0.0971599236841
-2.91828793774	0.097530703943
-2.90369649805	0.0978996081451
-2.88910505837	0.0982666371727
-2.87451361868	0.0986317918801
-2.85992217899	0.0989950730947
-2.8453307393	0.0993564816182
-2.83073929961	0.0997160182275
-2.81614785992	0.100073683676
-2.80155642023	0.100429478692
-2.78696498054	0.100783403986
-2.77237354086	0.101135460243
-2.75778210117	0.101485648129
-2.74319066148	0.101833968291
-2.72859922179	0.102180421356
-2.7140077821	0.102525007933
-2.69941634241	0.102867728613
-2.68482490272	0.103208583971
-2.67023346303	0.103547574565
-2.65564202335	0.103884700936
-2.64105058366	0.104219963611
-2.62645914397	0.104553363102
-2.61186770428	0.104884899907
-2.59727626459	0.10521457451
-2.5826848249	0.105542387381
-2.56809338521	0.105868338979
-2.55350194552	0.106192429749
-2.53891050584	0.106514660125
-2.52431906615	0.106835030528
-2.50972762646	0.107153541369
-2.49513618677	0.107470193049
-2.48054474708	0.107784985956
-2.46595330739	0.108097920471
-2.4513618677	0.108408996962
-2.43677042801	0.10871821579
-2.42217898833	0.109025577306
-2.40758754864	0.109331081852
-2.39299610895	0.109634729761
-2.37840466926	0.109936521358
-2.36381322957	0.11023645696
-2.34922178988	0.110534536877
-2.33463035019	0.110830761409
-2.32003891051	0.111125130852
-2.30544747082	0.111417645492
-2.29085603113	0.111708305609
-2.27626459144	0.111997111476
-2.26167315175	0.112284063361
-2.24708171206	0.112569161523
-2.23249027237	0.112852406218
-2.21789883268	0.113133797693
-2.203307393	0.113413336191
-2.18871595331	0.113691021949
-2.17412451362	0.113966855198
-2.15953307393	0.114240836164
-2.14494163424	0.114512965069
-2.13035019455	0.114783242128
-2.11575875486	0.115051667551
-2.10116731517	0.115318241546
-2.08657587549	0.115582964314
-2.0719844358	0.115845836051
-2.05739299611	0.116106856951
-2.04280155642	0.116366027201
-2.02821011673	0.116623346987
-2.01361867704	0.116878816487
-1.99902723735	0.117132435879
-1.98443579766	0.117384205335
-1.96984435798	0.117634125023
-1.95525291829	0.117882195108
-1.9406614786	0.118128415752
-1.92607003891	0.118372787112
-1.91147859922	0.118615309344
-1.89688715953	0.118855982599
-1.88229571984	0.119094807023
-1.86770428015	0.119331782764
-1.85311284047	0.119566909961
-1.83852140078	0.119800188755
-1.82392996109	0.120031619282
-1.8093385214	0.120261201673
-1.79474708171	0.120488936061
-1.78015564202	0.120714822571
-1.76556420233	0.120938861331
-1.75097276265	0.121161052461
-1.73638132296	0.121381396082
-1.72178988327	0.121599892311
-1.70719844358	0.121816541264
-1.69260700389	0.122031343053
-1.6780155642	0.122244297788
-1.66342412451	0.122455405578
-1.64883268482	0.122664666529
-1.63424124514	0.122872080744
-1.61964980545	0.123077648325
-1.60505836576	0.123281369372
-1.59046692607	0.123483243983
-1.57587548638	0.123683272254
-1.56128404669	0.123881454277
-1.546692607	0.124077790146
-1.53210116731	0.124272279949
-1.51750972763	0.124464923777
-1.50291828794	0.124655721714
-1.48832684825	0.124844673846
-1.47373540856	0.125031780256
-1.45914396887	0.125217041026
-1.44455252918	0.125400456235
-1.42996108949	0.125582025961
-1.4153696498	0.125761750282
-1.40077821012	0.125939629273
-1.38618677043	0.126115663007
-1.37159533074	0.126289851556
-1.35700389105	0.126462194992
-1.34241245136	0.126632693383
-1.32782101167	0.126801346799
-1.31322957198	0.126968155305
-1.29863813229	0.127133118966
-1.28404669261	0.127296237848
-1.26945525292	0.127457512013
-1.25486381323	0.127616941522
-1.24027237354	0.127774526436
-1.22568093385	0.127930266814
-1.21108949416	0.128084162713
-1.19649805447	0.128236214191
-1.18190661479	0.128386421303
-1.1673151751	0.128534784105
-1.15272373541	0.128681302648
-1.13813229572	0.128825976986
-1.12354085603	0.12896880717
-1.10894941634	0.12910979325
-1.09435797665	0.129248935276
-1.07976653696	0.129386233295
-1.06517509728	0.129521687355
-1.05058365759	0.129655297503
-1.0359922179	0.129787063783
-1.02140077821	0.12991698624
-1.00680933852	0.130045064917
-0.992217898832	0.130171299857
-0.977626459143	0.130295691102
-0.963035019454	0.130418238693
-0.948443579766	0.130538942668
-0.933852140077	0.130657803069
-0.919260700388	0.130774819931
-0.9046692607	0.130889993294
-0.890077821011	0.131003323194
-0.875486381322	0.131114809666
-0.860894941633	0.131224452745
-0.846303501945	0.131332252466
-0.831712062256	0.131438208862
-0.817120622567	0.131542321966
-0.802529182879	0.13164459181
-0.78793774319	0.131745018425
-0.773346303501	0.131843601841
-0.758754863812	0.131940342089
-0.744163424124	0.132035239196
-0.729571984435	0.132128293193
-0.714980544746	0.132219504106
-0.700389105058	0.132308871962
-0.685797665369	0.132396396788
-0.67120622568	0.132482078609
-0.656614785991	0.132565917451
-0.642023346303	0.132647913337
-0.627431906614	0.132728066293
-0.612840466925	0.132806376339
-0.598249027237	0.1328828435
-0.583657587548	0.132957467797
-0.569066147859	0.133030249251
-0.55447470817	0.133101187883
-0.539883268482	0.133170283713
-0.525291828793	0.13323753676
-0.510700389104	0.133302947044
-0.496108949416	0.133366514582
-0.481517509727	0.133428239392
-0.466926070038	0.133488121492
-0.452334630349	0.133546160898
-0.437743190661	0.133602357625
-0.423151750972	0.133656711691
-0.408560311283	0.133709223108
-0.393968871594	0.133759891893
-0.379377431906	0.133808718058
-0.364785992217	0.133855701617
-0.350194552528	0.133900842582
-0.33560311284	0.133944140967
-0.321011673151	0.133985596782
-0.306420233462	0.134025210039
-0.291828793773	0.134062980748
-0.277237354085	0.13409890892
-0.262645914396	0.134132994564
-0.248054474707	0.13416523769
-0.233463035019	0.134195638305
-0.21887159533	0.134224196419
-0.204280155641	0.134250912038
-0.189688715952	0.13427578517
-0.175097276264	0.134298815821
-0.160505836575	0.134320003998
-0.145914396886	0.134339349706
-0.131322957198	0.13435685295
-0.116731517509	0.134372513735
-0.10214007782	0.134386332065
-0.0875486381314	0.134398307944
-0.0729571984427	0.134408441374
-0.058365758754	0.134416732359
-0.0437743190653	0.134423180901
-0.0291828793766	0.134427787001
-0.0145914396879	0.13443055066
8.5975671027e-13	0.13443147188
0.0145914396896	0.13443055066
0.0291828793783	0.134427787001
0.043774319067	0.134423180901
0.0583657587557	0.134416732359
0.0729571984444	0.134408441374
0.0875486381332	0.134398307944
0.102140077822	0.134386332065
0.116731517511	0.134372513735
0.131322957199	0.13435685295
0.145914396888	0.134339349706
0.160505836577	0.134320003998
0.175097276265	0.134298815821
0.189688715954	0.13427578517
0.204280155643	0.134250912038
0.218871595332	0.134224196419
0.23346303502	0.134195638305
0.248054474709	0.13416523769
0.262645914398	0.134132994564
0.277237354086	0.13409890892
0.291828793775	0.134062980748
0.306420233464	0.134025210039
0.321011673153	0.133985596782
0.335603112841	0.133944140967
0.35019455253	0.133900842582
0.364785992219	0.133855701617
0.379377431907	0.133808718058
0.393968871596	0.133759891893
0.408560311285	0.133709223108
0.423151750974	0.133656711691
0.437743190662	0.133602357625
0.452334630351	0.133546160898
0.46692607004	0.133488121492
0.481517509729	0.133428239392
0.496108949417	0.133366514582
0.510700389106	0.133302947044
0.525291828795	0.13323753676
0.539883268483	0.133170283713
0.554474708172	0.133101187883
0.569066147861	0.133030249251
0.58365758755	0.132957467797
0.598249027238	0.1328828435
0.612840466927	0.132806376339
0.627431906616	0.132728066293
0.642023346304	0.132647913337
0.656614785993	0.132565917451
0.671206225682	0.132482078609
0.685797665371	0.132396396788
0.700389105059	0.132308871962
0.714980544748	0.132219504106
0.729571984437	0.132128293193
0.744163424125	0.132035239196
0.758754863814	0.131940342089
0.773346303503	0.131843601841
0.787937743192	0.131745018425
0.80252918288	0.13164459181
0.817120622569	0.131542321966
0.831712062258	0.131438208862
0.846303501946	0.131332252466
0.860894941635	0.131224452745
0.875486381324	0.131114809666
0.890077821013	0.131003323194
0.904669260701	0.130889993294
0.91926070039	0.130774819931
0.933852140079	0.130657803069
0.948443579767	0.130538942668
0.963035019456	0.130418238693
0.977626459145	0.130295691102
0.992217898834	0.130171299857
1.00680933852	0.130045064917
1.02140077821	0.12991698624
1.0359922179	0.129787063783
1.05058365759	0.129655297503
1.06517509728	0.129521687355
1.07976653697	0.129386233295
1.09435797665	0.129248935276
1.10894941634	0.12910979325
1.12354085603	0.12896880717
1.13813229572	0.128825976986
1.15272373541	0.128681302648
1.1673151751	0.128534784105
1.18190661479	0.128386421303
1.19649805448	0.128236214191
1.21108949416	0.128084162713
1.22568093385	0.127930266814
1.24027237354	0.127774526436
1.25486381323	0.127616941522
1.26945525292	0.127457512013
1.28404669261	0.127296237848
1.2986381323	0.127133118966
1.31322957199	0.126968155305
1.32782101167	0.126801346799
1.34241245136	0.126632693383
1.35700389105	0.126462194992
1.37159533074	0.126289851556
1.38618677043	0.126115663007
1.40077821012	0.125939629273
1.41536964981	0.125761750282
1.4299610895	0.125582025961
1.44455252918	0.125400456235
1.45914396887	0.125217041026
1.47373540856	0.125031780256
1.48832684825	0.124844673846
1.50291828794	0.124655721714
1.51750972763	0.124464923777
1.53210116732	0.124272279949
1.546692607	0.124077790145
1.56128404669	0.123881454277
1.57587548638	0.123683272253
1.59046692607	0.123483243983
1.60505836576	0.123281369372
1.61964980545	0.123077648325
1.63424124514	0.122872080744
1.64883268483	0.122664666529
1.66342412451	0.122455405578
1.6780155642	0.122244297788
1.69260700389	0.122031343053
1.70719844358	0.121816541264
1.72178988327	0.121599892311
1.73638132296	0.121381396082
1.75097276265	0.121161052461
1.76556420234	0.120938861331
1.78015564202	0.120714822571
1.79474708171	0.120488936061
1.8093385214	0.120261201673
1.82392996109	0.120031619282
1.83852140078	0.119800188755
1.85311284047	0.119566909961
1.86770428016	0.119331782764
1.88229571985	0.119094807023
1.89688715953	0.118855982599
1.91147859922	0.118615309344
1.92607003891	0.118372787112
1.9406614786	0.118128415752
1.95525291829	0.117882195108
1.96984435798	0.117634125023
1.98443579767	0.117384205335
1.99902723736	0.117132435879
2.01361867704	0.116878816487
2.02821011673	0.116623346987
2.04280155642	0.116366027201
2.05739299611	0.116106856951
2.0719844358	0.115845836051
2.08657587549	0.115582964314
2.10116731518	0.115318241546
2.11575875486	0.115051667551
2.13035019455	0.114783242128
2.14494163424	0.114512965069
2.15953307393	0.114240836164
2.17412451362	0.113966855198
2.18871595331	0.113691021949
2.203307393	0.113413336191
2.21789883269	0.113133797693
2.23249027237	0.112852406218
2.24708171206	0.112569161523
2.26167315175	0.112284063361
2.27626459144	0.111997111476
2.29085603113	0.111708305609
2.30544747082	0.111417645492
2.32003891051	0.111125130852
2.3346303502	0.110830761409
2.34922178988	0.110534536877
2.36381322957	0.11023645696
2.37840466926	0.109936521358
2.39299610895	0.109634729761
2.40758754864	0.109331081852
2.42217898833	0.109025577306
2.43677042802	0.10871821579
2.45136186771	0.108408996962
2.46595330739	0.108097920471
2.48054474708	0.107784985956
2.49513618677	0.107470193049
2.50972762646	0.107153541369
2.52431906615	0.106835030528
2.53891050584	0.106514660125
2.55350194553	0.106192429749
2.56809338522	0.105868338979
2.5826848249	0.105542387381
2.59727626459	0.10521457451
2.61186770428	0.104884899907
2.62645914397	0.104553363102
2.64105058366	0.104219963611
2.65564202335	0.103884700935
2.67023346304	0.103547574565
2.68482490272	0.103208583971
2.69941634241	0.102867728613
2.7140077821	0.102525007933
2.72859922179	0.102180421356
2.74319066148	0.101833968291
2.75778210117	0.101485648129
2.77237354086	0.101135460243
2.78696498055	0.100783403986
2.80155642023	0.100429478692
2.81614785992	0.100073683676
2.83073929961	0.0997160182274
2.8453307393	0.0993564816181
2.85992217899	0.0989950730946
2.87451361868	0.0986317918801
2.88910505837	0.0982666371727
2.90369649806	0.0978996081451
2.91828793774	0.097530703943
2.93287937743	0.097159923684
2.94747081712	0.0967872664571
2.96206225681	0.0964127313207
2.9766536965	0.0960363173021
2.99124513619	0.0956580233958
3.00583657588	0.0952778485621
3.02042801557	0.0948957917261
3.03501945525	0.0945118517761
3.04961089494	0.0941260275617
3.06420233463	0.0937383178929
3.07879377432	0.0933487215378
3.09338521401	0.0929572372211
3.1079766537	0.0925638636227
3.12256809339	0.092168599375
3.13715953307	0.0917714430617
3.15175097276	0.0913723932152
3.16634241245	0.0909714483151
3.18093385214	0.0905686067852
3.19552529183	0.0901638669918
3.21011673152	0.0897572272409
3.22470817121	0.0893486857762
3.2392996109	0.0889382407757
3.25389105058	0.0885258903499
3.26848249027	0.0881116325383
3.28307392996	0.0876954653066
3.29766536965	0.0872773865442
3.31225680934	0.0868573940602
3.32684824903	0.0864354855809
3.34143968872	0.086011658746
3.35603112841	0.0855859111053
3.37062256809	0.0851582401149
3.38521400778	0.0847286431338
3.39980544747	0.0842971174198
3.41439688716	0.0838636601255
3.42898832685	0.0834282682946
3.44357976654	0.0829909388574
3.45817120623	0.0825516686266
3.47276264592	0.0821104542929
3.4873540856	0.0816672924205
3.50194552529	0.0812221794428
3.51653696498	0.0807751116571
3.53112840467	0.0803260852204
3.54571984436	0.0798750961447
3.56031128405	0.0794221402915
3.57490272374	0.0789672133673
3.58949416343	0.0785103109186
3.60408560311	0.0780514283272
3.6186770428	0.0775905608046
3.63326848249	0.0771277033877
3.64785992218	0.0766628509338
3.66245136187	0.0761959981156
3.67704280156	0.0757271394167
3.69163424125	0.0752562691271
3.70622568093	0.0747833813388
3.72081712062	0.0743084699417
3.73540856031	0.0738315286199
3.75	0.0733525508479
3.76459143969	0.0728715298875
3.77918287938	0.0723884587855
3.79377431907	0.071903330371
3.80836575876	0.0714161372536
3.82295719844	0.0709268718231
3.83754863813	0.0704355262485
3.85214007782	0.0699420924787
3.86673151751	0.069446562244
3.8813229572	0.0689489270587
3.89591439689	0.0684491782239
3.91050583658	0.0679473068332
3.92509727627	0.067443303778
3.93968871595	0.0669371597557
3.95428015564	0.0664288652783
3.96887159533	0.065918410684
3.98346303502	0.0654057861498
3.99805447471	0.0648909817065
4.0126459144	0.0643739872564
4.02723735409	0.0638547925927
4.04182879378	0.063333387422
4.05642023346	0.06280976139
4.07101167315	0.0622839041097
4.08560311284	0.0617558051933
4.10019455253	0.0612254542874
4.11478599222	0.0606928411122
4.12937743191	0.060157955505
4.1439688716	0.0596207874672
4.15856031129	0.0590813272171
4.17315175097	0.0585395652464
4.18774319066	0.0579954923826
4.20233463035	0.0574490998565
4.21692607004	0.0569003793758
4.23151750973	0.0563493232044
4.24610894942	0.0557959242478
4.26070038911	0.0552401761461
4.27529182879	0.0546820733726
4.28988326848	0.0541216113409
4.30447470817	0.0535587865184
4.31906614786	0.0529935965479
4.33365758755	0.0524260403778
4.34824902724	0.0518561183996
4.36284046693	0.0512838325946
4.37743190662	0.0507091866883
4.3920233463	0.0501321863149
4.40661478599	0.0495528391895
4.42120622568	0.04897115529
4.43579766537	0.0483871470477
4.45038910506	0.0478008295472
4.46498054475	0.0472122207351
4.47957198444	0.0466213416373
4.49416342413	0.0460282165857
4.50875486381	0.0454328734522
4.5233463035	0.0448353438916
4.53793774319	0.0442356635919
4.55252918288	0.0436338725312
4.56712062257	0.0430300152415
4.58171206226	0.0424241410782
4.59630350195	0.041816304494
4.61089494164	0.0412065653173
4.62548638132	0.0405949890326
4.64007782101	0.0399816470635
4.6546692607	0.0393666170547
4.66926070039	0.0387499831538
4.68385214008	0.0381318362896
4.69844357977	0.0375122744461
4.71303501946	0.0368914029295
4.72762645915	0.0362693346271
4.74221789883	0.0356461902553
4.75680933852	0.0350220985943
4.77140077821	0.0343971967082
4.7859922179	0.0337716301457
4.80058365759	0.0331455531221
4.81517509728	0.0325191286763
4.82976653697	0.0318925288029
4.84435797665	0.0312659345548
4.85894941634	0.0306395361151
4.87354085603	0.0300135328328
4.88813229572	0.0293881332234
4.90272373541	0.028763554927
4.9173151751	0.0281400246259
4.93190661479	0.0275177779151
4.94649805448	0.0268970591263
4.96108949416	0.0262781211012
4.97568093385	0.0256612249133
4.99027237354	0.0250466395361
5.00486381323	0.0244346414558
5.01945525292	0.0238255142286
5.03404669261	0.0232195479807
5.0486381323	0.0226170388514
5.06322957199	0.0220182883796
5.07782101167	0.0214236028336
5.09241245136	0.0208332924866
5.10700389105	0.0202476708387
5.12159533074	0.0196670537873
5.13618677043	0.0190917587504
5.15077821012	0.0185221037445
5.16536964981	0.0179584064215
5.1799610895	0.0174009830701
5.19455252918	0.0168501475854
5.20914396887	0.0163062104127
5.22373540856	0.0157694774722
5.23832684825	0.0152402490703
5.25291828794	0.0147188188046
5.26750972763	0.0142054724698
5.28210116732	0.0137004869719
5.29669260701	0.0132041292589
5.31128404669	0.0127166552743
5.32587548638	0.0122383089429
5.34046692607	0.0117693211956
5.35505836576	0.0113099090407
5.36964980545	0.0108602746899
5.38424124514	0.0104206047448
5.39883268483	0.00999106945127
5.41342412451	0.00957182202817
5.4280155642	0.00916299807465
5.44260700389	0.00876471506213
5.45719844358	0.00837707191456
5.47178988327	0.00800014868042
5.48638132296	0.00763400629925
5.50097276265	0.00727868646418
5.51556420234	0.00693421158167
5.53015564202	0.00660058482818
5.54474708171	0.0062777903031
5.5593385214	0.00596579327615
5.57392996109	0.00566454052668
5.58852140078	0.00537396077149
5.60311284047	0.00509396517717
5.61770428016	0.00482444795191
5.63229571985	0.00456528701162
5.64688715953	0.00431634471414
5.66147859922	0.00407746865509
5.67607003891	0.00384849251864
5.6906614786	0.00362923697575
5.70525291829	0.00341951062268
5.71984435798	0.00321911095215
5.73443579767	0.00302782534951
5.74902723736	0.00284543210645
5.76361867704	0.00267170144479
5.77821011673	0.00250639654308
5.79280155642	0.00234927455912
5.80739299611	0.00220008764163
5.8219844358	0.00205858392499
5.83657587549	0.0019245085011
5.85116731518	0.001797604363
5.86575875487	0.00167761331558
5.88035019455	0.00156427684879
5.89494163424	0.00145733696989
5.90953307393	0.00135653699126
5.92412451362	0.00126162227126
5.93871595331	0.00117234090599
5.953307393	0.0010884443703
5.96789883269	0.00100968810702
5.98249027237	0.000935832063869
5.99708171206	0.000866641177813
6.01167315175	0.000801885807243
6.02626459144	0.00074134211267
6.04085603113	0.000684792386978
6.05544747082	0.000632025336627
6.07003891051	0.000582836315464
6.0846303502	0.000537027513067
6.09922178988	0.000494408099723
6.11381322957	0.000454794330351
6.12840466926	0.000418009609778
6.14299610895	0.000383884521898
6.15758754864	0.000352256825313
6.17217898833	0.00032297141809
6.18677042802	0.000295880274266
6.20136186771	0.00027084235475
6.21595330739	0.000247723495198
6.23054474708	0.000226396273414
6.24513618677	0.000206739858729
6.25972762646	0.000188639845742
6.27431906615	0.000171988074686
6.28891050584	0.000156682440594
6.30350194553	0.0001426266933
6.31809338522	0.000129730230197
6.3326848249	0.000117907883527
6.34727626459	0.000107079703889
6.36186770428	9.71707414568e-05
6.37645914397	8.81108263199e-05
6.39105058366	7.98343492068e-05
6.40564202335	7.22800437237e-05
6.42023346304	6.53907711251e-05
6.43482490272	5.91133085113e-05
6.44941634241	5.33981412356e-05
6.4640077821	4.81992601957e-05
6.47859922179	4.3473964585e-05
6.49319066148	3.91826705816e-05
6.50778210117	3.5288726367e-05
6.52237354086	3.17582337854e-05
6.53696498055	2.85598768754e-05
6.55155642023	2.56647574426e-05
6.56614785992	2.30462377763e-05
6.58073929961	2.06797905569e-05
6.5953307393	1.85428559538e-05
6.60992217899	1.66147058653e-05
6.62451361868	1.48763152161e-05
6.63910505837	1.33102401924e-05
6.65369649806	1.19005032662e-05
6.66828793774	1.06324848351e-05
6.68287937743	9.49282128514e-06
6.69747081712	8.46930926414e-06
6.71206225681	7.55081594406e-06
6.7266536965	6.72719503692e-06
6.74124513619	5.98920832415e-06
6.75583657588	5.32845245332e-06
6.77042801557	4.73729075449e-06
6.78501945525	4.20878982756e-06
6.79961089494	3.73666065369e-06
6.81420233463	3.31520398697e-06
6.82879377432	2.93925978635e-06
6.84338521401	2.60416045364e-06
6.8579766537	2.30568764946e-06
6.87256809339	2.0400324664e-06
6.88715953308	1.80375874593e-06
6.90175097276	1.59376933419e-06
6.91634241245	1.40727508008e-06
6.93093385214	1.24176638791e-06
6.94552529183	1.09498714573e-06
6.96011673152	9.64910859467e-07
6.97470817121	8.49718831905e-07
6.9892996109	7.47780234334e-07
7.00389105058	6.57633927473e-07
7.01848249027	5.77971896753e-07
7.03307392996	5.07624175286e-07
7.04766536965	4.4554513595e-07
7.06225680934	3.90801041677e-07
7.07684824903	3.42558750512e-07
7.09143968872	3.00075479104e-07
7.10603112841	2.62689535103e-07
7.12062256809	2.29811935349e-07
7.13521400778	2.00918832912e-07
7.14980544747	1.75544681774e-07
7.16439688716	1.53276073465e-07
7.17898832685	1.33746185019e-07
7.19357976654	1.16629782527e-07
7.20817120623	1.01638728974e-07
7.22276264592	8.85179493526e-08
7.2373540856	7.70418099092e-08
7.25194552529	6.70108720648e-08
7.26653696498	5.82489849353e-08
7.28112840467	5.06006835333e-08
7.29571984436	4.39288626269e-08
7.31031128405	3.81126989363e-08
7.32490272374	3.30457968145e-08
7.33949416343	2.86345348494e-08
7.35408560311	2.47965929154e-08
7.3686770428	2.14596411303e-08
7.38326848249	1.85601739323e-08
7.39785992218	1.60424741106e-08
7.41245136187	1.38576930919e-08
7.42704280156	1.19630351296e-08
7.44163424125	1.03210342696e-08
7.45622568094	8.89891407892e-09
7.47081712062	7.66802113418e-09
7.48540856031	6.6033241906e-09
7.5	5.68297177557e-09
7.51459143969	4.88790171507e-09
7.52918287938	4.20149678114e-09
7.54377431907	3.60928123987e-09
7.55836575876	3.09865367451e-09
7.57295719844	2.65865192898e-09
7.58754863813	2.27974647225e-09
7.60214007782	1.95365889262e-09
7.61673151751	1.67320258933e-09
7.6313229572	1.43214305731e-09
7.64591439689	1.22507544911e-09
7.66050583658	1.04731736124e-09
7.67509727627	8.94815023303e-10
7.68968871595	7.64061277583e-10
7.70428015564	6.52023921378e-10
7.71887159533	5.56083150549e-10
7.73346303502	4.73976988808e-10
7.74805447471	4.03753719792e-10
7.7626459144	3.43730453562e-10
7.77723735409	2.92457063531e-10
7.79182879378	2.48684820819e-10
7.80642023346	2.11339134275e-10
7.82101167315	1.79495876006e-10
7.83560311284	1.52360836021e-10
7.85019455253	1.29251905025e-10
7.86478599222	1.09583634613e-10
7.87937743191	9.28538670526e-11
7.8939688716	7.86321656664e-11
7.90856031129	6.65498103873e-11
7.92315175097	5.62911529916e-11
7.93774319066	4.75861524381e-11
7.95233463035	4.02039338297e-11
7.96692607004	3.39472344588e-11
7.98151750973	2.86476182363e-11
7.99610894942	2.4161354971e-11
8.01070038911	2.03658746703e-11
8.0252918288	1.71567186978e-11
8.03988326848	1.44449200077e-11
8.05447470817	1.21547535912e-11
8.06906614786	1.02218061718e-11
8.08365758755	8.59132093068e-12
8.09824902724	7.21677911118e-12
8.11284046693	6.05868536548e-12
8.12743190662	5.08352832279e-12
8.1420233463	4.26289167972e-12
8.15661478599	3.57269454725e-12
8.17120622568	2.99254267061e-12
8.18579766537	2.50517473854e-12
8.20038910506	2.09599012481e-12
8.21498054475	1.75264639188e-12
8.22957198444	1.46471645207e-12
8.24416342413	1.2233967501e-12
8.25875486381	1.02125902791e-12
8.2733463035	8.52039312356e-13
8.28793774319	7.10458652266e-13
8.30252918288	5.92070935647e-13
8.31712062257	4.93133769133e-13
8.33171206226	4.10499011203e-13
8.34630350195	3.41520013704e-13
8.36089494164	2.83973081456e-13
8.37548638132	2.35991008252e-13
8.39007782101	1.96006871943e-13
8.4046692607	1.62706532879e-13
8.41926070039	1.34988516838e-13
8.43385214008	1.11930150548e-13
8.44844357977	9.27590008582e-14
8.46303501946	7.68287963202e-14
8.47762645915	6.35991438317e-14
8.49221789883	5.26184508084e-14
8.50680933852	4.35095578039e-14
8.52140077821	3.59576562058e-14
8.5359922179	2.97001368724e-14
8.55058365759	2.45180632402e-14
8.56517509728	2.02290167183e-14
8.57976653697	1.66810947557e-14
8.59435797666	1.37478806446e-14
8.60894941634	1.13242289298e-14
8.62354085603	9.322737778e-15
8.63813229572	7.67079702978e-15
8.65272373541	6.30812034934e-15
8.6673151751	5.18468232364e-15
8.68190661479	4.25899655945e-15
8.69649805448	3.49667789042e-15
8.71108949416	2.86924354832e-15
8.72568093385	2.3531135626e-15
8.74027237354	1.92877820228e-15
8.75486381323	1.58010465574e-15
8.76945525292	1.29376034432e-15
8.78404669261	1.05873303286e-15
8.7986381323	8.6593237863e-16
8.81322957199	7.07858752719e-16
8.82782101167	5.78328483772e-16
8.84241245136	4.72245816581e-16
8.85700389105	3.85413970725e-16
8.87159533074	3.14378464282e-16
8.88618677043	2.56297514231e-16
8.90077821012	2.088346108e-16
8.91536964981	1.70069828936e-16
8.9299610895	1.38426419076e-16
8.94455252918	1.12610230011e-16
8.95914396887	9.15596326971e-17
8.97373540856	7.44042594917e-17
8.98832684825	6.04309309285e-17
9.00291828794	4.90556244762e-17
9.01750972763	3.98003164471e-17
9.03210116732	3.22739922278e-17
9.04669260701	2.61569710348e-17
9.06128404669	2.11880527174e-17
9.07587548638	1.71539294834e-17
9.09046692607	1.38805089736e-17
9.10505836576	1.12257778004e-17
9.11964980545	9.07396824289e-18
9.13424124514	7.33074143971e-18
9.14883268483	5.91927695303e-18
9.16342412452	4.7770480259e-18
9.1780155642	3.85319543681e-18
9.19260700389	3.10636872601e-18
9.20719844358	2.5029706415e-18
9.22178988327	2.0157154211e-18
9.23638132296	1.62246026567e-18
9.25097276265	1.30523958071e-18
9.26556420234	1.04948983851e-18
9.28015564202	8.43408238356e-19
9.29474708171	6.77437979457e-19
9.3093385214	5.438426905e-19
9.32392996109	4.36364301335e-19
9.33852140078	3.49942599228e-19
9.35311284047	2.80490354461e-19
9.36770428016	2.24704545372e-19
9.38229571985	1.7992001124e-19
9.39688715953	1.43985916099e-19
9.41147859922	1.15168611902e-19
9.42607003891	9.20706844539e-20
9.4406614786	7.35668957451e-20
9.45525291829	5.87510395459e-20
9.46984435798	4.68947472987e-20
9.48443579767	3.74117425383e-20
9.49902723736	2.98309589894e-20
9.51361867704	2.37738728861e-20
9.52821011673	1.89368916505e-20
9.54280155642	1.50761906003e-20
9.55739299611	1.19963725108e-20
9.5719844358	9.54067962711e-21
9.58657587549	7.58380413477e-21
9.60116731518	6.02517519244e-21
9.61575875487	4.78446134483e-21
9.63035019455	3.79726044155e-21
9.64494163424	3.01220808116e-21
9.65953307393	2.38821101145e-21
9.67412451362	1.89250388919e-21
9.68871595331	1.49887640564e-21
9.703307393	1.18653534821e-21
9.71789883269	9.38800545878e-22
9.73249027237	7.4242229144e-22
9.74708171206	5.86821019317e-22
9.76167315175	4.63593458496e-22
9.77626459144	3.66041288861e-22
9.79085603113	2.88869897659e-22
9.80544747082	2.27837217829e-22
9.82003891051	1.79618072735e-22
9.8346303502	1.41533990706e-22
9.84922178988	1.11475956612e-22
9.86381322957	8.77527419683e-23
9.87840466926	6.90460819132e-23
9.89299610895	5.42973819441e-23
9.90758754864	4.2676222191e-23
9.92217898833	3.35204037791e-23
9.93677042802	2.63177685874e-23
9.95136186771	2.06508697841e-23
9.96595330739	1.61985744728e-23
9.98054474708	1.26980245025e-23
9.99513618677	9.94896773264e-24
10.0097276265	7.78971173179e-24
10.0243190661	6.09606822975e-24
10.0389105058	4.76562364817e-24
10.0535019455	3.72463466709e-24
10.0680933852	2.90991151361e-24
10.0826848249	2.27315528479e-24
10.0972762646	1.77445448086e-24
10.1118677043	1.38444282746e-24
10.126459144	1.07901495123e-24
10.1410505837	8.40909402646e-25
10.1556420233	6.54315387372e-25
10.170233463	5.09171263735e-25
10.1848249027	3.95974662394e-25
10.1994163424	3.07958149623e-25
10.2140077821	2.39162323638e-25
10.2285992218	1.85800229812e-25
10.2431906615	1.44166365768e-25
10.2577821012	1.11793800707e-25
10.2723735409	8.647028263e-26
10.2869649805	6.6933058669e-26
10.3015564202	5.1824920759e-26
10.3161478599	4.02391705571e-26
10.3307392996	3.11873943173e-26
10.3453307393	2.41864756862e-26
10.359922179	1.87450962286e-26
10.3745136187	1.45559377591e-26
10.3891050584	1.13105348821e-26
10.4036964981	8.88179376681e-27
10.4182879377	7.02734223276e-27
10.4328793774	5.63650217649e-27
10.4474708171	4.57060091214e-27
10.4620622568	3.74871310543e-27
10.4766536965	3.13073408968e-27
10.4912451362	2.6841606102e-27
10.5058365759	2.38806745132e-27
10.5204280156	2.16007089391e-27
10.5350194553	1.99466991511e-27
10.5496108949	1.86875561939e-27
10.5642023346	1.78575749633e-27
10.5787937743	1.71909228422e-27
10.593385214	1.69169004197e-27
10.6079766537	1.68517575913e-27
10.6225680934	1.73635780488e-27
10.6371595331	1.73492364266e-27
10.6517509728	1.73037146984e-27
10.6663424125	1.71428851215e-27
10.6809338521	1.70512579825e-27
10.6955252918	1.68667632025e-27
10.7101167315	1.69949736247e-27
10.7247081712	1.7065919242e-27
10.7392996109	1.75517709623e-27
10.7538910506	1.75912309126e-27
10.7684824903	1.76231613678e-27
10.78307393	1.75042948069e-27
10.7976653697	1.7567968408e-27
10.8122568093	1.73175426065e-27
10.826848249	1.72221852579e-27
10.8414396887	1.72597165201e-27
10.8560311284	1.7766808985e-27
10.8706225681	1.77707566189e-27
10.8852140078	1.76196536232e-27
10.8998054475	1.72281991688e-27
10.9143968872	1.70939960891e-27
10.9289883268	1.67294356011e-27
10.9435797665	1.65208959084e-27
10.9581712062	1.62565087451e-27
10.9727626459	1.6571398577e-27
10.9873540856	1.64149729299e-27
11.0019455253	1.61536778274e-27
11.016536965	1.58927301528e-27
11.0311284047	1.57530676291e-27
11.0457198444	1.56651751512e-27
11.060311284	1.59363844603e-27
11.0749027237	1.62097592565e-27
11.0894941634	1.7234474756e-27
11.1040856031	1.82687623412e-27
11.1186770428	1.98221963902e-27
11.1332684825	2.18891594297e-27
11.1478599222	2.50812528748e-27
11.1624513619	2.94539852302e-27
11.1770428016	3.59822538586e-27
11.1916342412	4.50727630046e-27
11.2062256809	5.79605907891e-27
11.2208171206	7.41835616965e-27
11.2354085603	9.80394174017e-27
11.25	1.2000357629e-26
11.2645914397	9.75092918098e-27
11.2791828794	7.26840450567e-27
11.2937743191	5.52478845057e-27
11.3083657588	4.18409753463e-27
11.3229571984	3.19783386731e-27
11.3375486381	2.43921552367e-27
11.3521400778	1.87229651547e-27
11.3667315175	1.43345614315e-27
11.3813229572	1.10364116263e-27
11.3959143969	8.62925683643e-28
11.4105058366	6.86164969522e-28
11.4250972763	5.54743184681e-28
11.439688716	4.59990175705e-28
11.4542801556	3.83868364185e-28
11.4688715953	3.28132680573e-28
11.483463035	2.87954851825e-28
11.4980544747	2.54929709444e-28
11.5126459144	2.34915566127e-28
11.5272373541	2.16074827758e-28
11.5418287938	2.02755898836e-28
11.5564202335	1.94553654364e-28
11.5710116732	1.8772823524e-28
11.5856031128	1.80853663414e-28
11.6001945525	1.79525166464e-28
11.6147859922	1.76498699845e-28
11.6293774319	1.78259762017e-28
11.6439688716	1.77806929207e-28
11.6585603113	1.77944613352e-28
11.673151751	1.71035901999e-28
11.6877431907	1.72889475629e-28
11.7023346304	1.76224648215e-28
11.71692607	1.80528224891e-28
11.7315175097	1.8472190258e-28
11.7461089494	1.94379694274e-28
11.7607003891	2.06043644059e-28
11.7752918288	2.22551145352e-28
11.7898832685	2.38092646888e-28
11.8044747082	2.55697765377e-28
11.8190661479	2.73127429051e-28
11.8336575876	2.87457999436e-28
11.8482490272	2.9957127533e-28
11.8628404669	3.20154818438e-28
11.8774319066	3.39531225119e-28
11.8920233463	3.54254506752e-28
11.906614786	3.62222684928e-28
11.9212062257	3.67578390755e-28
11.9357976654	3.70878906662e-28
11.9503891051	3.75401911294e-28
11.9649805447	3.70320647255e-28
11.9795719844	3.66138524251e-28
11.9941634241	3.62485225586e-28
12.0087548638	3.5613020347e-28
12.0233463035	3.50732650968e-28
12.0379377432	3.52094897808e-28
12.0525291829	3.5053655632e-28
12.0671206226	3.44662975507e-28
12.0817120623	3.38344900565e-28
12.0963035019	3.36343731659e-28
12.1108949416	3.35411222903e-28
12.1254863813	3.42619515045e-28
12.140077821	3.54956857241e-28
12.1546692607	3.63469545952e-28
12.1692607004	3.67393077314e-28
12.1838521401	3.68960297089e-28
12.1984435798	3.64721605904e-28
12.2130350195	3.62861121452e-28
12.2276264591	3.65472145484e-28
12.2422178988	3.69518133925e-28
12.2568093385	3.82507405415e-28
12.2714007782	3.93743619131e-28
12.2859922179	4.02219734333e-28
12.3005836576	4.09183600087e-28
12.3151750973	4.08259930038e-28
12.329766537	4.04765783908e-28
12.3443579767	4.07441246313e-28
12.3589494163	4.0837475299e-28
12.373540856	4.19371968553e-28
12.3881322957	4.30435359216e-28
12.4027237354	4.35084045886e-28
12.4173151751	4.30940798759e-28
12.4319066148	4.24114559625e-28
12.4464980545	4.18054805661e-28
12.4610894942	4.19353140944e-28
12.4756809339	4.27232954038e-28
12.4902723735	4.46856368509e-28
12.5048638132	4.56947657028e-28
12.5194552529	4.66471021954e-28
12.5340466926	4.67116935282e-28
12.5486381323	4.63860455036e-28
12.563229572	4.65015811849e-28
12.5778210117	4.68903782082e-28
12.5924124514	4.74156301695e-28
12.6070038911	4.97769467316e-28
12.6215953307	5.04208761705e-28
12.6361867704	5.06098877634e-28
12.6507782101	4.95854084493e-28
12.6653696498	4.87881168603e-28
12.6799610895	4.87597755791e-28
12.6945525292	4.98290233405e-28
12.7091439689	5.14930939943e-28
12.7237354086	5.5288486955e-28
12.7383268483	5.73625139571e-28
12.7529182879	5.8023901856e-28
12.7675097276	5.72752738618e-28
12.7821011673	5.70028690619e-28
12.796692607	5.62928614112e-28
12.8112840467	5.72734090551e-28
12.8258754864	5.9175729542e-28
12.8404669261	6.27753596859e-28
12.8550583658	6.38588859811e-28
12.8696498054	6.47812656356e-28
12.8842412451	6.41187451726e-28
12.8988326848	6.31060180113e-28
12.9134241245	6.27323207947e-28
12.9280155642	6.35288598052e-28
12.9426070039	6.43589169059e-28
12.9571984436	6.70039150607e-28
12.9717898833	6.76857537105e-28
12.986381323	6.80951488071e-28
13.0009727626	6.73267407828e-28
13.0155642023	6.65497631724e-28
13.030155642	6.55371892441e-28
13.0447470817	6.5738489014e-28
13.0593385214	6.67254650321e-28
13.0739299611	7.07063187158e-28
13.0885214008	7.26234996892e-28
13.1031128405	7.30081092633e-28
13.1177042802	7.20392994259e-28
13.1322957198	7.13909812342e-28
13.1468871595	7.05275488516e-28
13.1614785992	7.13896954268e-28
13.1760700389	7.35230080881e-28
13.1906614786	7.81728961112e-28
13.2052529183	7.93126537837e-28
13.219844358	8.06133676993e-28
13.2344357977	8.00195703958e-28
13.2490272374	7.91110296829e-28
13.263618677	7.8955605271e-28
13.2782101167	7.9905403218e-28
13.2928015564	8.06839786525e-28
13.3073929961	8.4678033913e-28
13.3219844358	8.64798383395e-28
13.3365758755	8.7397499123e-28
13.3511673152	8.60339540607e-28
13.3657587549	8.4916487655e-28
13.3803501946	8.32743416231e-28
13.3949416342	8.29999532476e-28
13.4095330739	8.41321743429e-28
13.4241245136	8.81383490969e-28
13.4387159533	8.89705995972e-28
13.453307393	8.96844301966e-28
13.4678988327	8.90899253792e-28
13.4824902724	8.89633204123e-28
13.4970817121	8.73499362885e-28
13.5116731518	8.80880263301e-28
13.5262645914	8.9894766653e-28
13.5408560311	9.45609747496e-28
13.5554474708	9.64818037218e-28
13.5700389105	9.79342862083e-28
13.5846303502	9.70961378476e-28
13.5992217899	9.61648456668e-28
13.6138132296	9.52873604592e-28
13.6284046693	9.6023131613e-28
13.642996109	9.65964142318e-28
13.6575875486	1.01627029354e-27
13.6721789883	1.03452261725e-27
13.686770428	1.04044448473e-27
13.7013618677	1.03416874344e-27
13.7159533074	1.03799286942e-27
13.7305447471	1.03188056924e-27
13.7451361868	1.03509200286e-27
13.7597276265	1.04609021423e-27
13.7743190661	1.09045768376e-27
13.7889105058	1.09613461137e-27
13.8035019455	1.10301669821e-27
13.8180933852	1.08588288652e-27
13.8326848249	1.07345006553e-27
13.8472762646	1.06466821031e-27
13.8618677043	1.07916153436e-27
13.876459144	1.09298669861e-27
13.8910505837	1.13852563514e-27
13.9056420233	1.15179187661e-27
13.920233463	1.16063050214e-27
13.9348249027	1.14475345531e-27
13.9494163424	1.14400525561e-27
13.9640077821	1.14069027598e-27
13.9785992218	1.15123871576e-27
13.9931906615	1.16070265064e-27
14.0077821012	1.21243025802e-27
14.0223735409	1.22235233829e-27
14.0369649805	1.2181261386e-27
14.0515564202	1.20093991458e-27
14.0661478599	1.19309867588e-27
14.0807392996	1.17190756307e-27
14.0953307393	1.17864872667e-27
14.109922179	1.19442430466e-27
14.1245136187	1.24667248079e-27
14.1391050584	1.25011461424e-27
14.1536964981	1.24969553433e-27
14.1682879377	1.22750385586e-27
14.1828793774	1.21490222365e-27
14.1974708171	1.1979888235e-27
14.2120622568	1.19841280551e-27
14.2266536965	1.20001738313e-27
14.2412451362	1.25026756423e-27
14.2558365759	1.26520535571e-27
14.2704280156	1.27047150142e-27
14.2850194553	1.2457206271e-27
14.2996108949	1.23671277194e-27
14.3142023346	1.22053395245e-27
14.3287937743	1.22087514923e-27
14.343385214	1.22804673426e-27
14.3579766537	1.27930923789e-27
14.3725680934	1.2849119708e-27
14.3871595331	1.27450833078e-27
14.4017509728	1.2468242623e-27
14.4163424125	1.23412118074e-27
14.4309338521	1.204923565e-27
14.4455252918	1.20056236902e-27
14.4601167315	1.2011824782e-27
14.4747081712	1.23604682486e-27
14.4892996109	1.23590601038e-27
14.5038910506	1.23627188084e-27
14.5184824903	1.21559045691e-27
14.53307393	1.20750003311e-27
14.5476653697	1.19853585169e-27
14.5622568093	1.19803059677e-27
14.576848249	1.19273585605e-27
14.5914396887	1.23637673225e-27
14.6060311284	1.23800297803e-27
14.6206225681	1.23472709561e-27
14.6352140078	1.20098153316e-27
14.6498054475	1.18128179728e-27
14.6643968872	1.15935738629e-27
14.6789883268	1.14702746022e-27
14.6935797665	1.13133319792e-27
14.7081712062	1.15236987509e-27
14.7227626459	1.13550005627e-27
14.7373540856	1.11834598861e-27
14.7519455253	1.07718640714e-27
14.766536965	1.05495690115e-27
14.7811284047	1.01099222436e-27
14.7957198444	9.87056969622e-28
14.810311284	9.58273264949e-28
14.8249027237	9.4553544874e-28
14.8394941634	8.95956747023e-28
14.8540856031	8.42861993446e-28
14.8686770428	7.77533445343e-28
14.8832684825	7.35169163719e-28
14.8978599222	7.07702702479e-28
14.9124513619	7.1999312571e-28
14.9270428016	7.83962866815e-28
14.9416342412	9.60624663016e-28
14.9562256809	1.24875755798e-27
14.9708171206	1.72858068025e-27
14.9854085603	2.62828324253e-27
15.0	3.58733672568e-27
