-14.9854085603	2.01253274113e-27
-14.9708171206	1.17680962196e-27
-14.9562256809	7.0161022206e-28
-14.9416342412	4.00320446078e-28
-14.9270428016	2.30538869091e-28
-14.9124513619	1.34662194354e-28
-14.8978599222	9.25862618919e-29
-14.8832684825	7.57528943641e-29
-14.8686770428	7.95278805227e-29
-14.8540856031	8.85214024344e-29
-14.8394941634	1.02823437334e-28
-14.8249027237	1.0737782385e-28
-14.810311284	1.22539657314e-28
-14.7957198444	1.36101969346e-28
-14.7811284047	1.535091675e-28
-14.766536965	1.65689745258e-28
-14.7519455253	1.78874113562e-28
-14.7373540856	1.8552914044e-28
-14.7227626459	1.90419789608e-28
-14.7081712062	1.79531286265e-28
-14.6935797665	1.82834572841e-28
-14.6789883268	1.85826342041e-28
-14.6643968872	1.94175202981e-28
-14.6498054475	1.99801414052e-28
-14.6352140078	2.11786930112e-28
-14.6206225681	2.13203109054e-28
-14.6060311284	2.12155036896e-28
-14.5914396887	1.98254084635e-28
-14.576848249	1.98142080486e-28
-14.5622568093	1.99094985308e-28
-14.5476653696	2.07192453218e-28
-14.53307393	2.09572834785e-28
-14.5184824903	2.16934404157e-28
-14.5038910506	2.18012542478e-28
-14.4892996109	2.18053965887e-28
-14.4747081712	2.03359409882e-28
-14.4601167315	2.0361936441e-28
-14.4455252918	2.03579755249e-28
-14.4309338521	2.11346155232e-28
-14.4163424125	2.13610639742e-28
-14.4017509728	2.19094339242e-28
-14.3871595331	2.16441123873e-28
-14.3725680934	2.13661964858e-28
-14.3579766537	1.93779575592e-28
-14.343385214	1.89172571045e-28
-14.3287937743	1.86100062092e-28
-14.3142023346	1.91529739793e-28
-14.2996108949	1.91905899515e-28
-14.2850194553	1.97575416853e-28
-14.2704280156	1.95840931901e-28
-14.2558365759	1.9339328138e-28
-14.2412451362	1.76188737972e-28
-14.2266536965	1.74080493179e-28
-14.2120622568	1.71337033117e-28
-14.1974708171	1.76547614896e-28
-14.1828793774	1.76978501301e-28
-14.1682879377	1.82327100093e-28
-14.1536964981	1.81443330764e-28
-14.1391050584	1.79276533213e-28
-14.1245136187	1.62403981524e-28
-14.109922179	1.60983025535e-28
-14.0953307393	1.59420507101e-28
-14.0807392996	1.65069182419e-28
-14.0661478599	1.6594290289e-28
-14.0515564202	1.71261786141e-28
-14.0369649805	1.69305281232e-28
-14.0223735409	1.66851916361e-28
-14.0077821012	1.48242500479e-28
-13.9931906615	1.44328129729e-28
-13.9785992218	1.40754150756e-28
-13.9640077821	1.44438562395e-28
-13.9494163424	1.44023870712e-28
-13.9348249027	1.48606639753e-28
-13.920233463	1.4697085084e-28
-13.9056420233	1.45293715129e-28
-13.8910505837	1.30862668637e-28
-13.876459144	1.29525675425e-28
-13.8618677043	1.29698649762e-28
-13.8472762646	1.35970616824e-28
-13.8326848249	1.36629797481e-28
-13.8180933852	1.42122184511e-28
-13.8035019455	1.44140756801e-28
-13.7889105058	1.44700128712e-28
-13.7743190661	1.33013926409e-28
-13.7597276265	1.32806965121e-28
-13.7451361868	1.33805720607e-28
-13.7305447471	1.40400851104e-28
-13.7159533074	1.4160989545e-28
-13.7013618677	1.45342213773e-28
-13.686770428	1.45246825725e-28
-13.6721789883	1.43068401343e-28
-13.6575875486	1.2936207205e-28
-13.6429961089	1.25187483517e-28
-13.6284046693	1.20691248164e-28
-13.6138132296	1.2049349329e-28
-13.5992217899	1.17730127528e-28
-13.5846303502	1.19410371079e-28
-13.5700389105	1.17011765959e-28
-13.5554474708	1.12458443771e-28
-13.5408560311	9.7726672247e-29
-13.5262645914	9.41587270037e-29
-13.5116731518	9.18896153706e-29
-13.4970817121	9.39814881721e-29
-13.4824902724	9.46627792164e-29
-13.4678988327	9.83267561149e-29
-13.453307393	9.82415109611e-29
-13.4387159533	9.59456296651e-29
-13.4241245136	8.7013094995e-29
-13.4095330739	8.55595360844e-29
-13.3949416342	8.56084174409e-29
-13.3803501946	8.94119342903e-29
-13.3657587549	9.13848715358e-29
-13.3511673152	9.62625142044e-29
-13.3365758755	9.93797271284e-29
-13.3219844358	1.00001189453e-28
-13.3073929961	9.41381603629e-29
-13.2928015564	9.5078146557e-29
-13.2782101167	9.71052665279e-29
-13.263618677	1.00340976656e-28
-13.2490272374	1.01428722342e-28
-13.2344357977	1.05707412655e-28
-13.219844358	1.08253167819e-28
-13.2052529183	1.11675558744e-28
-13.1906614786	1.12581018177e-28
-13.1760700389	1.15816882076e-28
-13.1614785992	1.19320998053e-28
-13.1468871595	1.26757930777e-28
-13.1322957198	1.29770562812e-28
-13.1177042802	1.35180245623e-28
-13.1031128405	1.37545424405e-28
-13.0885214008	1.3610087356e-28
-13.0739299611	1.32835210368e-28
-13.0593385214	1.34651967857e-28
-13.0447470817	1.35260865815e-28
-13.030155642	1.3576933199e-28
-13.0155642023	1.38318965011e-28
-13.0009727626	1.43389985089e-28
-12.986381323	1.48726267799e-28
-12.9717898833	1.53058878606e-28
-12.9571984436	1.56069338946e-28
-12.9426070039	1.6182306899e-28
-12.9280155642	1.66128719993e-28
-12.9134241245	1.6984122424e-28
-12.8988326848	1.73396650277e-28
-12.8842412451	1.79650013786e-28
-12.8696498054	1.87707048517e-28
-12.8550583658	1.98667530328e-28
-12.8404669261	2.13279987123e-28
-12.8258754864	2.25146557358e-28
-12.8112840467	2.33506750763e-28
-12.796692607	2.39990073737e-28
-12.7821011673	2.44130476162e-28
-12.7675097276	2.43278327441e-28
-12.7529182879	2.47328763604e-28
-12.7383268482	2.47832065514e-28
-12.7237354086	2.48675490077e-28
-12.7091439689	2.46950811262e-28
-12.6945525292	2.46527190361e-28
-12.6799610895	2.43383415809e-28
-12.6653696498	2.41690421299e-28
-12.6507782101	2.41743122336e-28
-12.6361867704	2.45616027418e-28
-12.6215953307	2.5126595867e-28
-12.6070038911	2.60972864721e-28
-12.5924124514	2.64745204489e-28
-12.5778210117	2.66622866032e-28
-12.563229572	2.64905888613e-28
-12.5486381323	2.65485538902e-28
-12.5340466926	2.6972601045e-28
-12.5194552529	2.79511627936e-28
-12.5048638132	2.90919871673e-28
-12.4902723735	3.15278393665e-28
-12.4756809339	3.31242655511e-28
-12.4610894942	3.4264830294e-28
-12.4464980545	3.46324897807e-28
-12.4319066148	3.50979032142e-28
-12.4173151751	3.54105663375e-28
-12.4027237354	3.59609375166e-28
-12.3881322957	3.60210515013e-28
-12.373540856	3.73103850447e-28
-12.3589494163	3.79748006163e-28
-12.3443579767	3.84723255416e-28
-12.329766537	3.81525291525e-28
-12.3151750973	3.83821606608e-28
-12.3005836576	3.82246512089e-28
-12.2859922179	3.88072080598e-28
-12.2714007782	3.98995355783e-28
-12.2568093385	4.26659678721e-28
-12.2422178988	4.4077977193e-28
-12.2276264591	4.53704111163e-28
-12.2130350195	4.53078844794e-28
-12.1984435798	4.59053372209e-28
-12.1838521401	4.61057626139e-28
-12.1692607004	4.6732144201e-28
-12.1546692607	4.74186214906e-28
-12.140077821	4.99726052575e-28
-12.1254863813	5.06197015727e-28
-12.1108949416	5.10585942716e-28
-12.0963035019	5.01516610654e-28
-12.0817120623	4.97783586539e-28
-12.0671206226	4.9531833841e-28
-12.0525291829	5.03003664467e-28
-12.0379377432	5.10088608611e-28
-12.0233463035	5.38422604617e-28
-12.0087548638	5.4996761366e-28
-11.9941634241	5.60191485821e-28
-11.9795719844	5.604918303e-28
-11.9649805447	5.68815415623e-28
-11.9503891051	5.69690507868e-28
-11.9357976654	5.84166372713e-28
-11.9212062257	6.08601373902e-28
-11.906614786	6.60066546985e-28
-11.8920233463	6.82758123115e-28
-11.8774319066	6.94095063665e-28
-11.8628404669	6.82439127997e-28
-11.8482490272	6.74271939661e-28
-11.8336575875	6.63518878791e-28
-11.8190661479	6.64804305598e-28
-11.8044747082	6.65640353459e-28
-11.7898832685	6.94163102724e-28
-11.7752918288	6.9032641914e-28
-11.7607003891	6.81840648233e-28
-11.7461089494	6.62945019219e-28
-11.7315175097	6.57859843704e-28
-11.71692607	6.51658012773e-28
-11.7023346304	6.58669074612e-28
-11.6877431907	6.59496208275e-28
-11.673151751	6.85222274399e-28
-11.6585603113	6.87145873248e-28
-11.6439688716	6.79942835537e-28
-11.6293774319	6.61863741093e-28
-11.6147859922	6.52734811951e-28
-11.6001945525	6.39892825024e-28
-11.5856031128	6.47349389076e-28
-11.5710116732	6.57203581857e-28
-11.5564202335	6.91991036565e-28
-11.5418287938	6.90717995488e-28
-11.5272373541	6.89527488203e-28
-11.5126459144	6.74107040976e-28
-11.4980544747	6.59137085692e-28
-11.483463035	6.48129909529e-28
-11.4688715953	6.49305413546e-28
-11.4542801556	6.60771775055e-28
-11.439688716	6.99713471134e-28
-11.4250972763	7.13512380248e-28
-11.4105058366	7.34430367524e-28
-11.3959143969	7.67445775416e-28
-11.3813229572	8.43864442958e-28
-11.3667315175	9.64960770416e-28
-11.3521400778	1.16277665039e-27
-11.3375486381	1.43952933037e-27
-11.3229571984	1.85501212971e-27
-11.3083657588	2.42053249094e-27
-11.2937743191	3.22512124764e-27
-11.2791828794	4.31380233316e-27
-11.2645914397	5.96404568969e-27
-11.25	7.52091579001e-27
-11.2354085603	5.8429887373e-27
-11.2208171206	4.10248617929e-27
-11.2062256809	2.94566625734e-27
-11.1916342412	2.07975571359e-27
-11.1770428016	1.46018043627e-27
-11.1624513619	1.01629446984e-27
-11.1478599222	7.04127766622e-28
-11.1332684825	4.87683559507e-28
-11.1186770428	3.35151318646e-28
-11.1040856031	2.35737927214e-28
-11.0894941634	1.65258932257e-28
-11.0749027237	1.33218308805e-28
-11.060311284	1.20048580632e-28
-11.0457198444	1.24097848099e-28
-11.0311284047	1.33396490896e-28
-11.016536965	1.52117830796e-28
-11.0019455253	1.65030339098e-28
-10.9873540856	1.82068327891e-28
-10.9727626459	1.83056648011e-28
-10.9581712062	1.98274039599e-28
-10.9435797665	2.18337292751e-28
-10.9289883268	2.45456396613e-28
-10.9143968872	2.65739293871e-28
-10.8998054475	2.88676079099e-28
-10.8852140078	3.04143963574e-28
-10.8706225681	3.11701316133e-28
-10.8560311284	2.94765230076e-28
-10.8414396887	2.97363952175e-28
-10.826848249	3.03984969785e-28
-10.8122568093	3.20313855562e-28
-10.7976653696	3.31806007845e-28
-10.78307393	3.46830129091e-28
-10.7684824903	3.52128587424e-28
-10.7538910506	3.54767809902e-28
-10.7392996109	3.3616747595e-28
-10.7247081712	3.3822729075e-28
-10.7101167315	3.44707992766e-28
-10.6955252918	3.60315225728e-28
-10.6809338521	3.71524736601e-28
-10.6663424125	3.83574866833e-28
-10.6517509728	3.8253063753e-28
-10.6371595331	3.76372492703e-28
-10.6225680934	3.47578522217e-28
-10.6079766537	3.41303879548e-28
-10.593385214	3.39932766076e-28
-10.5787937743	3.51100761503e-28
-10.5642023346	3.59009897386e-28
-10.5496108949	3.72860237122e-28
-10.5350194553	3.74921026204e-28
-10.5204280156	3.75654872181e-28
-10.5058365759	3.55450497626e-28
-10.4912451362	3.56355350849e-28
-10.4766536965	3.60224210449e-28
-10.4620622568	3.70611722853e-28
-10.4474708171	3.74475402489e-28
-10.4328793774	3.81418806449e-28
-10.4182879377	3.73934220302e-28
-10.4036964981	3.6321125819e-28
-10.3891050584	3.28335163329e-28
-10.3745136187	3.17958439526e-28
-10.359922179	3.11320428948e-28
-10.3453307393	3.16579956915e-28
-10.3307392996	3.17357068685e-28
-10.3161478599	3.23173692847e-28
-10.3015564202	3.19451893654e-28
-10.2869649805	3.12724555127e-28
-10.2723735409	2.86632513179e-28
-10.2577821012	2.78348734533e-28
-10.2431906615	2.73690656693e-28
-10.2285992218	2.78662397707e-28
-10.2140077821	2.79434073904e-28
-10.1994163424	2.84563451547e-28
-10.1848249027	2.80232960593e-28
-10.170233463	2.73187098117e-28
-10.1556420233	2.49804603538e-28
-10.1410505837	2.45156571215e-28
-10.126459144	2.41347505869e-28
-10.1118677043	2.50000797162e-28
-10.0972762646	2.51608749432e-28
-10.0826848249	2.54409309557e-28
-10.0680933852	2.50409861394e-28
-10.0535019455	2.45197938847e-28
-10.0389105058	2.21450813326e-28
-10.0243190661	2.13573445263e-28
-10.0097276265	2.07365071357e-28
-9.99513618677	2.11654127043e-28
-9.98054474708	2.132355885e-28
-9.96595330739	2.18333646578e-28
-9.9513618677	2.17684696912e-28
-9.93677042802	2.21041203801e-28
-9.92217898833	2.19106278815e-28
-9.90758754864	2.31297025204e-28
-9.89299610895	2.47725964844e-28
-9.87840466926	2.72062289964e-28
-9.86381322957	2.97808678532e-28
-9.84922178988	3.37420043134e-28
-9.83463035019	3.86366252027e-28
-9.82003891051	4.55012318788e-28
-9.80544747082	5.46304195598e-28
-9.79085603113	6.6995823926e-28
-9.77626459144	8.2615346063e-28
-9.76167315175	1.03547885838e-27
-9.74708171206	1.29630629257e-27
-9.73249027237	1.6232636409e-27
-9.71789883268	2.05565061387e-27
-9.703307393	2.61135382179e-27
-9.68871595331	3.34950583992e-27
-9.67412451362	4.28458043819e-27
-9.65953307393	5.44983448444e-27
-9.64494163424	6.93109411131e-27
-9.63035019455	8.81418412996e-27
-9.61575875486	1.12112968319e-26
-9.60116731517	1.42976628786e-26
-9.58657587549	1.82857158719e-26
-9.5719844358	2.34556038611e-26
-9.55739299611	2.99348003044e-26
-9.54280155642	3.81193912145e-26
-9.52821011673	4.84891777898e-26
-9.51361867704	6.17106102855e-26
-9.49902723735	7.85474063359e-26
-9.48443579767	9.99810447388e-26
-9.46984435798	1.27340670644e-25
-9.45525291829	1.62490105645e-25
-9.4406614786	2.06880049841e-25
-9.42607003891	2.63176634356e-25
-9.41147859922	3.34749267345e-25
-9.39688715953	4.25767250936e-25
-9.38229571984	5.41261251363e-25
-9.36770428016	6.88276511674e-25
-9.35311284047	8.75149791414e-25
-9.33852140078	1.11308992101e-24
-9.32392996109	1.4142172783e-24
-9.3093385214	1.79517727028e-24
-9.29474708171	2.27741780914e-24
-9.28015564202	2.88885415443e-24
-9.26556420233	3.66269971808e-24
-9.25097276265	4.64275018514e-24
-9.23638132296	5.8831807931e-24
-9.22178988327	7.45282052157e-24
-9.20719844358	9.43426310188e-24
-9.19260700389	1.1935935646e-23
-9.1780155642	1.50937543108e-23
-9.16342412451	1.90795396705e-23
-9.14883268482	2.4106914302e-23
-9.13424124514	3.04479523779e-23
-9.11964980545	3.84402467324e-23
-9.10505836576	4.85141900185e-23
-9.09046692607	6.11936953986e-23
-9.07587548638	7.71486341644e-23
-9.06128404669	9.72149129953e-23
-9.046692607	1.22446396915e-22
-9.03210116731	1.54153624799e-22
-9.01750972763	1.93986153327e-22
-9.00291828794	2.43997313596e-22
-8.98832684825	3.06772403282e-22
-8.97373540856	3.85491130147e-22
-8.95914396887	4.84168455623e-22
-8.94455252918	6.07811549508e-22
-8.92996108949	7.62668592973e-22
-8.91536964981	9.56519040901e-22
-8.90077821012	1.199087551e-21
-8.88618677043	1.50245519148e-21
-8.87159533074	1.88170568596e-21
-8.85700389105	2.35549803519e-21
-8.84241245136	2.94714722204e-21
-8.82782101167	3.68560369583e-21
-8.81322957198	4.60687735658e-21
-8.7986381323	5.75563710116e-21
-8.78404669261	7.18741780956e-21
-8.76945525292	8.97100865433e-21
-8.75486381323	1.11918288134e-20
-8.74027237354	1.39555083699e-20
-8.72568093385	1.73931349769e-20
-8.71108949416	2.1666902617e-20
-8.69649805447	2.6977657867e-20
-8.68190661479	3.35736828344e-20
-8.6673151751	4.17620707108e-20
-8.65272373541	5.19220835921e-20
-8.63813229572	6.45222816362e-20
-8.62354085603	8.01405600436e-20
-8.60894941634	9.94904840407e-20
-8.59435797665	1.23451542e-19
-8.57976653696	1.53108034966e-19
-8.56517509728	1.89795199571e-19
-8.55058365759	2.35157330688e-19
-8.5359922179	2.91217325296e-19
-8.52140077821	3.6046392606e-19
-8.50680933852	4.45954620812e-19
-8.49221789883	5.51447337188e-19
-8.47762645914	6.81556490553e-19
-8.46303501945	8.41946071704e-19
-8.44844357977	1.03956354118e-18
-8.43385214008	1.28292772876e-18
-8.41926070039	1.58247685202e-18
-8.4046692607	1.95099733467e-18
-8.39007782101	2.40413873563e-18
-8.37548638132	2.96105159415e-18
-8.36089494163	3.6451536432e-18
-8.34630350195	4.48506897809e-18
-8.33171206226	5.51576272854e-18
-8.31712062257	6.77992998621e-18
-8.30252918288	8.32966869955e-18
-8.28793774319	1.02285259676e-17
-8.2733463035	1.25539612738e-17
-8.25875486381	1.54003617052e-17
-8.24416342412	1.88826642613e-17
-8.22957198444	2.31407680675e-17
-8.21498054475	2.83448535712e-17
-8.20038910506	3.47018423724e-17
-8.18579766537	4.24631791269e-17
-8.17120622568	5.19342714681e-17
-8.15661478599	6.34858406003e-17
-8.1420233463	7.75676952111e-17
-8.12743190661	9.47252855521e-17
-8.11284046693	1.15619703433e-16
-8.09824902724	1.4105176132e-16
-8.08365758755	1.71991027342e-16
-8.06906614786	2.09610714806e-16
-8.05447470817	2.55329763566e-16
-8.03988326848	3.10863306593e-16
-8.02529182879	3.78283495793e-16
-8.0107003891	4.60092413439e-16
-7.99610894942	5.59309708734e-16
-7.98151750973	6.7957764062e-16
-7.96692607004	8.25287154787e-16
-7.95233463035	1.00172886717e-15
-7.93774319066	1.21527404852e-15
-7.92315175097	1.47359113481e-15
-7.90856031128	1.78590503409e-15
-7.89396887159	2.16330687956e-15
-7.87937743191	2.61912452706e-15
-7.86478599222	3.16936480395e-15
-7.85019455253	3.83324176828e-15
-7.83560311284	4.63380666659e-15
-7.82101167315	5.5986993703e-15
-7.80642023346	6.76104356264e-15
-7.79182879377	8.16051359894e-15
-7.77723735409	9.84460379259e-15
-7.7626459144	1.1870138859e-14
-7.74805447471	1.43050696369e-14
-7.73346303502	1.72306075645e-14
-7.71887159533	2.07437587046e-14
-7.70428015564	2.49603327185e-14
-7.68968871595	3.00185110658e-14
-7.67509727626	3.60830792209e-14
-7.66050583658	4.33504399961e-14
-7.64591439689	5.20545513185e-14
-7.6313229572	6.24739529722e-14
-7.61673151751	7.49400792332e-14
-7.60214007782	8.9847084766e-14
-7.58754863813	1.07663454736e-13
-7.57295719844	1.28945712037e-13
-7.55836575875	1.54354595835e-13
-7.54377431907	1.84674139703e-13
-7.52918287938	2.20834160269e-13
-7.51459143969	2.63936749874e-13
-7.5	3.15287458821e-13
-7.48540856031	3.76431981263e-13
-7.47081712062	4.49199359785e-13
-7.45622568093	5.35752649338e-13
-7.44163424124	6.38648487615e-13
-7.42704280156	7.60907015676e-13
-7.41245136187	9.06093894587e-13
-7.39785992218	1.07841646254e-12
-7.38326848249	1.28283640285e-12
-7.3686770428	1.52520167355e-12
-7.35408560311	1.8124009071e-12
-7.33949416342	2.15254398281e-12
-7.32490272373	2.55517310525e-12
-7.31031128405	3.03150936022e-12
-7.29571984436	3.59474056464e-12
-7.28112840467	4.26035709576e-12
-7.26653696498	5.04654348456e-12
-7.25194552529	5.97463472133e-12
-7.2373540856	7.06964766849e-12
-7.22276264591	8.36089952892e-12
-7.20817120623	9.88272723856e-12
-7.19357976654	1.16753236597e-11
-7.17898832685	1.37857090007e-11
-7.16439688716	1.62688585727e-11
-7.14980544747	1.91890112748e-11
-7.13521400778	2.26211867663e-11
-7.12062256809	2.66529435531e-11
-7.1060311284	3.13864148893e-11
-7.09143968872	3.69406650064e-11
-7.07684824903	4.34544142176e-11
-7.06225680934	5.10891887329e-11
-7.04766536965	6.00329589851e-11
-7.03307392996	7.05043396114e-11
-7.01848249027	8.27574345871e-11
-7.00389105058	9.70874231105e-11
-6.98929961089	1.13836995195e-10
-6.97470817121	1.33403761622e-10
-6.96011673152	1.56248779963e-10
-6.94552529183	1.82906358581e-10
-6.93093385214	2.13995322625e-10
-6.91634241245	2.50231951685e-10
-6.90175097276	2.92444827157e-10
-6.88715953307	3.41591860165e-10
-6.87256809338	3.98779806997e-10
-6.8579766537	4.65286621016e-10
-6.84338521401	5.42587035609e-10
-6.82879377432	6.32381826033e-10
-6.81420233463	7.36631256334e-10
-6.79961089494	8.57593284309e-10
-6.78501945525	9.97867171374e-10
-6.77042801556	1.16044322847e-09
-6.75583657588	1.34875952198e-09
-6.74124513619	1.5667664698e-09
-6.7266536965	1.81900037365e-09
-6.71206225681	2.11066706677e-09
-6.69747081712	2.44773700135e-09
-6.68287937743	2.8370532658e-09
-6.66828793774	3.28645420271e-09
-6.65369649805	3.80491250374e-09
-6.63910505837	4.4026928831e-09
-6.62451361868	5.09153068505e-09
-6.60992217899	5.88483405838e-09
-6.5953307393	6.7979126448e-09
-6.58073929961	7.84823607001e-09
-6.56614785992	9.055725911e-09
-6.55155642023	1.04430852328e-08
-6.53696498054	1.20361702578e-08
-6.52237354086	1.38644092437e-08
-6.50778210117	1.59612742199e-08
-6.49319066148	1.83648118526e-08
-6.47859922179	2.11182404064e-08
-6.4640077821	2.42706205229e-08
-6.44941634241	2.78776083766e-08
-6.43482490272	3.20023006766e-08
-6.42023346303	3.67161819911e-08
-6.40564202335	4.21001859625e-08
-6.39105058366	4.82458831878e-08
-6.37645914397	5.52568098379e-08
-6.36186770428	6.32499525279e-08
-6.34727626459	7.23574064965e-08
-6.3326848249	8.27282258515e-08
-6.31809338521	9.45304864677e-08
-6.30350194552	1.07953584123e-07
-6.28891050584	1.23210792611e-07
-6.27431906615	1.40542108912e-07
-6.25972762646	1.60217415006e-07
-6.24513618677	1.8253998867e-07
-6.23054474708	2.0785039847e-07
-6.21595330739	2.36530821375e-07
-6.2013618677	2.69009824738e-07
-6.18677042802	3.05767658054e-07
-6.17217898833	3.47342103741e-07
-6.15758754864	3.94334940357e-07
-6.14299610895	4.4741907604e-07
-6.12840466926	5.07346414664e-07
-6.11381322957	5.7495652215e-07
-6.09922178988	6.5118616568e-07
-6.08463035019	7.37079804056e-07
-6.07003891051	8.33801113381e-07
-6.05544747082	9.4264563834e-07
-6.04085603113	1.06505466589e-06
-6.02626459144	1.20263042482e-06
-6.01167315175	1.3571527219e-06
-5.99708171206	1.53059713232e-06
-5.98249027237	1.72515487011e-06
-5.96789883268	1.94325447178e-06
-5.953307393	2.18758543455e-06
-5.93871595331	2.46112395878e-06
-5.92412451362	2.76716095271e-06
-5.90953307393	3.10933246581e-06
-5.89494163424	3.49165272603e-06
-5.88035019455	3.91854996442e-06
-5.86575875486	4.39490521932e-06
-5.85116731517	4.92609432053e-06
-5.83657587549	5.51803326221e-06
-5.8219844358	6.17722718075e-06
-5.80739299611	6.91082316167e-06
-5.79280155642	7.72666710602e-06
-5.77821011673	8.63336489328e-06
-5.76361867704	9.64034808301e-06
-5.74902723735	1.07579444018e-05
-5.73443579766	1.19974532658e-05
-5.71984435798	1.33712265901e-05
-5.70525291829	1.48927551382e-05
-5.6906614786	1.65767606628e-05
-5.67607003891	1.84392940846e-05
-5.66147859922	2.04978399545e-05
-5.64688715953	2.2771427432e-05
-5.63229571984	2.52807480059e-05
-5.61770428016	2.80482801697e-05
-5.60311284047	3.10984212458e-05
-5.58852140078	3.44576265356e-05
-5.57392996109	3.81545559469e-05
-5.5593385214	4.22202282246e-05
-5.54474708171	4.66881828775e-05
-5.53015564202	5.15946498585e-05
-5.51556420233	5.69787270154e-05
-5.50097276265	6.28825652818e-05
-5.48638132296	6.93515615287e-05
-5.47178988327	7.64345589395e-05
-5.45719844358	8.41840547088e-05
-5.44260700389	9.26564147994e-05
-5.4280155642	0.000101912095416
-5.41342412451	0.000112015870774
-5.39883268482	0.000123037066668
-5.38424124514	0.000135049799223
-5.36964980545	0.00014813321816
-5.35505836576	0.000162371753767
-5.34046692607	0.000177855366669
-5.32587548638	0.000194679799397
-5.31128404669	0.000212946828617
-5.296692607	0.000232764516771
-5.28210116731	0.000254247461759
-5.26750972763	0.000277517043162
-5.25291828794	0.0003027016634
-5.23832684825	0.000329936982054
-5.22373540856	0.000359366141511
-5.20914396887	0.000391139981912
-5.19455252918	0.000425417243321
-5.17996108949	0.000462364752886
-5.1653696498	0.000502157594665
-5.15077821012	0.000544979259716
-5.13618677043	0.000591021773944
-5.12159533074	0.000640485801138
-5.10700389105	0.000693580718592
-5.09241245136	0.000750524662634
-5.07782101167	0.000811544541414
-5.06322957198	0.000876876012262
-5.0486381323	0.000946763421005
-5.03404669261	0.00102145970064
-5.01945525292	0.0011012262269
-5.00486381323	0.00118633262825
-4.99027237354	0.00127705654819
-4.97568093385	0.00137368335774
-4.96108949416	0.00147650581617
-4.94649805447	0.0015858236785
-4.93190661479	0.00170194324843
-4.9173151751	0.00182517687548
-4.90272373541	0.0019558423959
-4.88813229572	0.00209426251692
-4.87354085603	0.0022407641444
-4.85894941634	0.00239567765453
-4.84435797665	0.00255933611041
-4.82976653696	0.00273207442518
-4.81517509728	0.00291422847341
-4.80058365759	0.00310613415348
-4.7859922179	0.00330812640375
-4.77140077821	0.0035205381761
-4.75680933852	0.00374369937096
-4.74221789883	0.00397793573819
-4.72762645914	0.00422356774898
-4.71303501945	0.00448090944427
-4.69844357977	0.00475026726556
-4.68385214008	0.00503193887452
-4.66926070039	0.00532621196803
-4.6546692607	0.00563336309585
-4.64007782101	0.00595365648797
-4.62548638132	0.00628734289928
-4.61089494163	0.00663465847907
-4.59630350194	0.00699582367307
-4.58171206226	0.00737104216569
-4.56712062257	0.00776049986992
-4.55252918288	0.00816436397241
-4.53793774319	0.00858278204073
-4.5233463035	0.00901588119977
-4.50875486381	0.00946376738352
-4.49416342412	0.00992652466838
-4.47957198444	0.0104042146931
-4.46498054475	0.0108968761707
-4.45038910506	0.0114045244955
-4.43579766537	0.0119271514501
-4.42120622568	0.0124647250133
-4.40661478599	0.0130171892729
-4.3920233463	0.013584464442
-4.37743190661	0.014166446981
-4.36284046693	0.0147630098245
-4.34824902724	0.0153740027101
-4.33365758755	0.0159992526093
-4.31906614786	0.0166385642551
-4.30447470817	0.0172917207648
-4.28988326848	0.0179584843515
-4.27529182879	0.0186385971207
-4.2607003891	0.0193317819461
-4.24610894942	0.0200377434171
-4.23151750973	0.0207561688534
-4.21692607004	0.0214867293774
-4.20233463035	0.0222290810393
-4.18774319066	0.0229828659851
-4.17315175097	0.0237477136615
-4.15856031128	0.0245232420485
-4.14396887159	0.025309058913
-4.12937743191	0.0261047630748
-4.11478599222	0.0269099456778
-4.10019455253	0.0277241914586
-4.08560311284	0.0285470800058
-4.07101167315	0.0293781870033
-4.05642023346	0.0302170854502
-4.04182879377	0.0310633468525
-4.02723735408	0.0319165423802
-4.0126459144	0.0327762439849
-3.99805447471	0.0336420254738
-3.98346303502	0.0345134635352
-3.96887159533	0.035390138713
-3.95428015564	0.0362716363258
-3.93968871595	0.0371575473302
-3.92509727626	0.0380474691241
-3.91050583658	0.0389410062903
-3.89591439689	0.0398377712785
-3.8813229572	0.0407373850258
-3.86673151751	0.0416394775156
-3.85214007782	0.0425436882745
-3.83754863813	0.0434496668096
-3.82295719844	0.0443570729854
-3.80836575875	0.0452655773439
-3.79377431907	0.0461748613673
-3.77918287938	0.0470846176871
-3.76459143969	0.0479945502417
-3.75	0.0489043743834
-3.73540856031	0.049813816939
-3.72081712062	0.0507226162261
-3.70622568093	0.0516305220274
-3.69163424124	0.0525372955267
-3.67704280156	0.0534427092084
-3.66245136187	0.0543465467248
-3.64785992218	0.0552486027322
-3.63326848249	0.0561486827009
-3.6186770428	0.057046602699
-3.60408560311	0.0579421891561
-3.58949416342	0.0588352786064
-3.57490272373	0.0597257174158
-3.56031128405	0.0606133614947
-3.54571984436	0.0614980759983
-3.53112840467	0.062379735018
-3.51653696498	0.0632582212645
-3.50194552529	0.0641334257455
-3.4873540856	0.0650052474393
-3.47276264591	0.0658735929665
-3.45817120623	0.0667383762609
-3.44357976654	0.0675995182412
-3.42898832685	0.0684569464848
-3.41439688716	0.0693105949052
-3.39980544747	0.0701604034336
-3.38521400778	0.0710063177055
-3.37062256809	0.0718482887543
-3.3560311284	0.0726862727112
-3.34143968872	0.0735202305127
-3.32684824903	0.0743501276164
-3.31225680934	0.0751759337257
-3.29766536965	0.0759976225226
-3.28307392996	0.0768151714105
-3.26848249027	0.0776285612661
-3.25389105058	0.0784377762013
-3.23929961089	0.0792428033341
-3.22470817121	0.0800436325701
-3.21011673152	0.0808402563933
-3.19552529183	0.0816326696667
-3.18093385214	0.0824208694422
-3.16634241245	0.0832048547809
-3.15175097276	0.0839846265816
-3.13715953307	0.0847601874194
-3.12256809338	0.0855315413923
-3.1079766537	0.0862986939773
-3.09338521401	0.0870616518946
-3.07879377432	0.0878204229799
-3.06420233463	0.088575016065
-3.04961089494	0.0893254408652
-3.03501945525	0.0900717078749
-3.02042801556	0.09081382827
-3.00583657587	0.0915518138168
-2.99124513619	0.0922856767875
-2.9766536965	0.0930154298817
-2.96206225681	0.0937410861543
-2.94747081712	0.0944626589481
-2.93287937743	0.0951801618324
-2.91828793774	0.0958936085466
-2.90369649805	0.0966030129477
-2.88910505837	0.0973083889635
-2.87451361868	0.0980097505488
-2.85992217899	0.0987071116467
-2.8453307393	0.0994004861525
-2.83073929961	0.100089887882
-2.81614785992	0.100775330543
-2.80155642023	0.101456827708
-2.78696498054	0.102134392795
-2.77237354086	0.102808039041
-2.75778210117	0.103477779492
-2.74319066148	0.104143626979
-2.72859922179	0.104805594114
-2.7140077821	0.10546369327
-2.69941634241	0.106117936575
-2.68482490272	0.106768335906
-2.67023346303	0.10741490288
-2.65564202335	0.108057648847
-2.64105058366	0.108696584892
-2.62645914397	0.109331721828
-2.61186770428	0.109963070193
-2.59727626459	0.110590640254
-2.5826848249	0.111214442006
-2.56809338521	0.111834485169
-2.55350194552	0.112450779195
-2.53891050584	0.113063333267
-2.52431906615	0.113672156304
-2.50972762646	0.11427725696
-2.49513618677	0.114878643635
-2.48054474708	0.115476324473
-2.46595330739	0.116070307369
-2.4513618677	0.116660599974
-2.43677042801	0.117247209696
-2.42217898833	0.117830143714
-2.40758754864	0.118409408973
-2.39299610895	0.118985012196
-2.37840466926	0.119556959888
-2.36381322957	0.120125258341
-2.34922178988	0.120689913639
-2.33463035019	0.121250931667
-2.32003891051	0.121808318111
-2.30544747082	0.122362078469
-2.29085603113	0.122912218054
-2.27626459144	0.123458741999
-2.26167315175	0.124001655266
-2.24708171206	0.124540962645
-2.23249027237	0.125076668766
-2.21789883268	0.125608778101
-2.203307393	0.126137294968
-2.18871595331	0.12666222354
-2.17412451362	0.127183567845
-2.15953307393	0.127701331775
-2.14494163424	0.128215519088
-2.13035019455	0.128726133414
-2.11575875486	0.129233178259
-2.10116731517	0.129736657009
-2.08657587549	0.130236572935
-2.0719844358	0.130732929197
-2.05739299611	0.131225728845
-2.04280155642	0.13171497483
-2.02821011673	0.132200669998
-2.01361867704	0.132682817103
-1.99902723735	0.133161418805
-1.98443579766	0.133636477672
-1.96984435798	0.13410799619
-1.95525291829	0.13457597676
-1.9406614786	0.135040421703
-1.92607003891	0.135501333263
-1.91147859922	0.135958713611
-1.89688715953	0.136412564844
-1.88229571984	0.136862888994
-1.86770428015	0.137309688023
-1.85311284047	0.137752963831
-1.83852140078	0.138192718257
-1.82392996109	0.13862895308
-1.8093385214	0.139061670021
-1.79474708171	0.139490870748
-1.78015564202	0.139916556875
-1.76556420233	0.140338729964
-1.75097276265	0.14075739153
-1.73638132296	0.14117254304
-1.72178988327	0.141584185914
-1.70719844358	0.141992321528
-1.69260700389	0.142396951218
-1.6780155642	0.142798076277
-1.66342412451	0.14319569796
-1.64883268482	0.143589817481
-1.63424124514	0.143980436021
-1.61964980545	0.144367554724
-1.60505836576	0.144751174699
-1.59046692607	0.145131297023
-1.57587548638	0.145507922742
-1.56128404669	0.14588105287
-1.546692607	0.146250688392
-1.53210116731	0.146616830264
-1.51750972763	0.146979479414
-1.50291828794	0.147338636745
-1.48832684825	0.147694303133
-1.47373540856	0.148046479428
-1.45914396887	0.148395166458
-1.44455252918	0.148740365026
-1.42996108949	0.149082075914
-1.4153696498	0.149420299881
-1.40077821012	0.149755037666
-1.38618677043	0.150086289986
-1.37159533074	0.150414057539
-1.35700389105	0.150738341004
-1.34241245136	0.151059141043
-1.32782101167	0.151376458297
-1.31322957198	0.151690293391
-1.29863813229	0.152000646935
-1.28404669261	0.152307519519
-1.26945525292	0.152610911721
-1.25486381323	0.1529108241
-1.24027237354	0.153207257204
-1.22568093385	0.153500211562
-1.21108949416	0.153789687694
-1.19649805447	0.154075686102
-1.18190661479	0.154358207277
-1.1673151751	0.154637251697
-1.15272373541	0.154912819827
-1.13813229572	0.155184912121
-1.12354085603	0.155453529019
-1.10894941634	0.155718670952
-1.09435797665	0.155980338338
-1.07976653696	0.156238531586
-1.06517509728	0.156493251092
-1.05058365759	0.156744497244
-1.0359922179	0.15699227042
-1.02140077821	0.157236570985
-1.00680933852	0.157477399299
-0.992217898832	0.157714755709
-0.977626459143	0.157948640557
-0.963035019454	0.158179054171
-0.948443579766	0.158405996876
-0.933852140077	0.158629468985
-0.919260700388	0.158849470803
-0.9046692607	0.159066002629
-0.890077821011	0.159279064752
-0.875486381322	0.159488657456
-0.860894941633	0.159694781016
-0.846303501945	0.159897435698
-0.831712062256	0.160096621766
-0.817120622567	0.160292339471
-0.802529182879	0.160484589063
-0.78793774319	0.16067337078
-0.773346303501	0.160858684858
-0.758754863812	0.161040531524
-0.744163424124	0.161218911
-0.729571984435	0.161393823502
-0.714980544746	0.161565269239
-0.700389105058	0.161733248414
-0.685797665369	0.161897761227
-0.67120622568	0.162058807869
-0.656614785991	0.162216388528
-0.642023346303	0.162370503386
-0.627431906614	0.162521152618
-0.612840466925	0.162668336396
-0.598249027237	0.162812054886
-0.583657587548	0.16295230825
-0.569066147859	0.163089096642
-0.55447470817	0.163222420216
-0.539883268482	0.163352279116
-0.525291828793	0.163478673486
-0.510700389104	0.163601603463
-0.496108949416	0.163721069179
-0.481517509727	0.163837070763
-0.466926070038	0.163949608338
-0.452334630349	0.164058682024
-0.437743190661	0.164164291937
-0.423151750972	0.164266438188
-0.408560311283	0.164365120884
-0.393968871594	0.164460340127
-0.379377431906	0.164552096016
-0.364785992217	0.164640388647
-0.350194552528	0.164725218109
-0.33560311284	0.164806584491
-0.321011673151	0.164884487875
-0.306420233462	0.16495892834
-0.291828793773	0.165029905962
-0.277237354085	0.165097420812
-0.262645914396	0.165161472959
-0.248054474707	0.165222062467
-0.233463035019	0.165279189396
-0.21887159533	0.165332853804
-0.204280155641	0.165383055745
-0.189688715952	0.165429795267
-0.175097276264	0.165473072418
-0.160505836575	0.165512887239
-0.145914396886	0.165549239772
-0.131322957198	0.16558213005
-0.116731517509	0.165611558108
-0.10214007782	0.165637523973
-0.0875486381314	0.165660027671
-0.0729571984427	0.165679069225
-0.058365758754	0.165694648652
-0.0437743190653	0.165706765969
-0.0291828793766	0.165715421187
-0.0145914396879	0.165720614314
8.5975671027e-13	0.165722345356
0.0145914396896	0.165720614314
0.0291828793783	0.165715421187
0.043774319067	0.165706765969
0.0583657587557	0.165694648652
0.0729571984444	0.165679069225
0.0875486381332	0.165660027671
0.102140077822	0.165637523973
0.116731517511	0.165611558108
0.131322957199	0.16558213005
0.145914396888	0.165549239772
0.160505836577	0.165512887239
0.175097276265	0.165473072418
0.189688715954	0.165429795267
0.204280155643	0.165383055745
0.218871595332	0.165332853804
0.23346303502	0.165279189396
0.248054474709	0.165222062467
0.262645914398	0.165161472959
0.277237354086	0.165097420812
0.291828793775	0.165029905962
0.306420233464	0.16495892834
0.321011673153	0.164884487875
0.335603112841	0.164806584491
0.35019455253	0.164725218109
0.364785992219	0.164640388647
0.379377431907	0.164552096016
0.393968871596	0.164460340127
0.408560311285	0.164365120884
0.423151750974	0.164266438188
0.437743190662	0.164164291937
0.452334630351	0.164058682024
0.46692607004	0.163949608338
0.481517509729	0.163837070763
0.496108949417	0.163721069179
0.510700389106	0.163601603463
0.525291828795	0.163478673486
0.539883268483	0.163352279116
0.554474708172	0.163222420216
0.569066147861	0.163089096642
0.58365758755	0.16295230825
0.598249027238	0.162812054886
0.612840466927	0.162668336396
0.627431906616	0.162521152618
0.642023346304	0.162370503386
0.656614785993	0.162216388528
0.671206225682	0.162058807869
0.685797665371	0.161897761227
0.700389105059	0.161733248414
0.714980544748	0.161565269239
0.729571984437	0.161393823502
0.744163424125	0.161218911
0.758754863814	0.161040531524
0.773346303503	0.160858684858
0.787937743192	0.16067337078
0.80252918288	0.160484589063
0.817120622569	0.160292339471
0.831712062258	0.160096621766
0.846303501946	0.159897435698
0.860894941635	0.159694781016
0.875486381324	0.159488657456
0.890077821013	0.159279064752
0.904669260701	0.159066002629
0.91926070039	0.158849470803
0.933852140079	0.158629468985
0.948443579767	0.158405996876
0.963035019456	0.158179054171
0.977626459145	0.157948640557
0.992217898834	0.157714755709
1.00680933852	0.157477399299
1.02140077821	0.157236570985
1.0359922179	0.15699227042
1.05058365759	0.156744497244
1.06517509728	0.156493251092
1.07976653697	0.156238531586
1.09435797665	0.155980338338
1.10894941634	0.155718670952
1.12354085603	0.155453529019
1.13813229572	0.155184912121
1.15272373541	0.154912819827
1.1673151751	0.154637251697
1.18190661479	0.154358207277
1.19649805448	0.154075686102
1.21108949416	0.153789687694
1.22568093385	0.153500211562
1.24027237354	0.153207257204
1.25486381323	0.1529108241
1.26945525292	0.152610911721
1.28404669261	0.152307519519
1.2986381323	0.152000646935
1.31322957199	0.151690293391
1.32782101167	0.151376458297
1.34241245136	0.151059141043
1.35700389105	0.150738341004
1.37159533074	0.150414057539
1.38618677043	0.150086289986
1.40077821012	0.149755037666
1.41536964981	0.149420299881
1.4299610895	0.149082075914
1.44455252918	0.148740365026
1.45914396887	0.148395166458
1.47373540856	0.148046479428
1.48832684825	0.147694303133
1.50291828794	0.147338636745
1.51750972763	0.146979479414
1.53210116732	0.146616830264
1.546692607	0.146250688392
1.56128404669	0.14588105287
1.57587548638	0.145507922742
1.59046692607	0.145131297023
1.60505836576	0.144751174699
1.61964980545	0.144367554723
1.63424124514	0.143980436021
1.64883268483	0.143589817481
1.66342412451	0.14319569796
1.6780155642	0.142798076277
1.69260700389	0.142396951218
1.70719844358	0.141992321528
1.72178988327	0.141584185914
1.73638132296	0.14117254304
1.75097276265	0.14075739153
1.76556420234	0.140338729964
1.78015564202	0.139916556875
1.79474708171	0.139490870748
1.8093385214	0.139061670021
1.82392996109	0.13862895308
1.83852140078	0.138192718257
1.85311284047	0.137752963831
1.86770428016	0.137309688023
1.88229571985	0.136862888994
1.89688715953	0.136412564844
1.91147859922	0.135958713611
1.92607003891	0.135501333263
1.9406614786	0.135040421703
1.95525291829	0.13457597676
1.96984435798	0.13410799619
1.98443579767	0.133636477672
1.99902723736	0.133161418805
2.01361867704	0.132682817103
2.02821011673	0.132200669998
2.04280155642	0.13171497483
2.05739299611	0.131225728846
2.0719844358	0.130732929197
2.08657587549	0.130236572936
2.10116731518	0.129736657009
2.11575875486	0.129233178259
2.13035019455	0.128726133414
2.14494163424	0.128215519088
2.15953307393	0.127701331775
2.17412451362	0.127183567845
2.18871595331	0.12666222354
2.203307393	0.126137294968
2.21789883269	0.125608778101
2.23249027237	0.125076668766
2.24708171206	0.124540962645
2.26167315175	0.124001655266
2.27626459144	0.123458741999
2.29085603113	0.122912218054
2.30544747082	0.122362078469
2.32003891051	0.121808318111
2.3346303502	0.121250931667
2.34922178988	0.120689913639
2.36381322957	0.120125258341
2.37840466926	0.119556959888
2.39299610895	0.118985012196
2.40758754864	0.118409408973
2.42217898833	0.117830143714
2.43677042802	0.117247209696
2.45136186771	0.116660599974
2.46595330739	0.116070307369
2.48054474708	0.115476324473
2.49513618677	0.114878643635
2.50972762646	0.11427725696
2.52431906615	0.113672156304
2.53891050584	0.113063333267
2.55350194553	0.112450779195
2.56809338522	0.111834485169
2.5826848249	0.111214442006
2.59727626459	0.110590640254
2.61186770428	0.109963070193
2.62645914397	0.109331721828
2.64105058366	0.108696584892
2.65564202335	0.108057648847
2.67023346304	0.10741490288
2.68482490272	0.106768335906
2.69941634241	0.106117936575
2.7140077821	0.10546369327
2.72859922179	0.104805594114
2.74319066148	0.104143626979
2.75778210117	0.103477779492
2.77237354086	0.102808039041
2.78696498055	0.102134392795
2.80155642023	0.101456827709
2.81614785992	0.100775330543
2.83073929961	0.100089887882
2.8453307393	0.0994004861526
2.85992217899	0.0987071116468
2.87451361868	0.0980097505489
2.88910505837	0.0973083889636
2.90369649806	0.0966030129478
2.91828793774	0.0958936085467
2.93287937743	0.0951801618325
2.94747081712	0.0944626589481
2.96206225681	0.0937410861544
2.9766536965	0.0930154298818
2.99124513619	0.0922856767876
3.00583657588	0.0915518138169
3.02042801557	0.0908138282701
3.03501945525	0.0900717078749
3.04961089494	0.0893254408652
3.06420233463	0.0885750160651
3.07879377432	0.08782042298
3.09338521401	0.0870616518947
3.1079766537	0.0862986939773
3.12256809339	0.0855315413923
3.13715953307	0.0847601874195
3.15175097276	0.0839846265817
3.16634241245	0.083204854781
3.18093385214	0.0824208694423
3.19552529183	0.0816326696668
3.21011673152	0.0808402563934
3.22470817121	0.0800436325702
3.2392996109	0.0792428033342
3.25389105058	0.0784377762014
3.26848249027	0.0776285612662
3.28307392996	0.0768151714106
3.29766536965	0.0759976225227
3.31225680934	0.0751759337258
3.32684824903	0.0743501276165
3.34143968872	0.0735202305128
3.35603112841	0.0726862727113
3.37062256809	0.0718482887544
3.38521400778	0.0710063177056
3.39980544747	0.0701604034337
3.41439688716	0.0693105949053
3.42898832685	0.0684569464849
3.44357976654	0.0675995182413
3.45817120623	0.0667383762611
3.47276264592	0.0658735929667
3.4873540856	0.0650052474394
3.50194552529	0.0641334257456
3.51653696498	0.0632582212647
3.53112840467	0.0623797350181
3.54571984436	0.0614980759984
3.56031128405	0.0606133614948
3.57490272374	0.059725717416
3.58949416343	0.0588352786065
3.60408560311	0.0579421891562
3.6186770428	0.0570466026992
3.63326848249	0.056148682701
3.64785992218	0.0552486027324
3.66245136187	0.0543465467249
3.67704280156	0.0534427092086
3.69163424125	0.0525372955269
3.70622568093	0.0516305220276
3.72081712062	0.0507226162263
3.73540856031	0.0498138169392
3.75	0.0489043743836
3.76459143969	0.0479945502419
3.77918287938	0.0470846176873
3.79377431907	0.0461748613675
3.80836575876	0.0452655773441
3.82295719844	0.0443570729856
3.83754863813	0.0434496668098
3.85214007782	0.0425436882747
3.86673151751	0.0416394775158
3.8813229572	0.040737385026
3.89591439689	0.0398377712787
3.91050583658	0.0389410062905
3.92509727627	0.0380474691243
3.93968871595	0.0371575473304
3.95428015564	0.036271636326
3.96887159533	0.0353901387132
3.98346303502	0.0345134635355
3.99805447471	0.033642025474
4.0126459144	0.0327762439851
4.02723735409	0.0319165423804
4.04182879378	0.0310633468527
4.05642023346	0.0302170854504
4.07101167315	0.0293781870035
4.08560311284	0.028547080006
4.10019455253	0.0277241914588
4.11478599222	0.0269099456781
4.12937743191	0.0261047630751
4.1439688716	0.0253090589132
4.15856031129	0.0245232420487
4.17315175097	0.0237477136617
4.18774319066	0.0229828659853
4.20233463035	0.0222290810395
4.21692607004	0.0214867293776
4.23151750973	0.0207561688536
4.24610894942	0.0200377434174
4.26070038911	0.0193317819463
4.27529182879	0.0186385971209
4.28988326848	0.0179584843517
4.30447470817	0.017291720765
4.31906614786	0.0166385642554
4.33365758755	0.0159992526095
4.34824902724	0.0153740027103
4.36284046693	0.0147630098247
4.37743190662	0.0141664469812
4.3920233463	0.0135844644422
4.40661478599	0.0130171892731
4.42120622568	0.0124647250135
4.43579766537	0.0119271514503
4.45038910506	0.0114045244957
4.46498054475	0.0108968761709
4.47957198444	0.0104042146933
4.49416342413	0.00992652466856
4.50875486381	0.0094637673837
4.5233463035	0.00901588119994
4.53793774319	0.0085827820409
4.55252918288	0.00816436397257
4.56712062257	0.00776049987008
4.58171206226	0.00737104216585
4.59630350195	0.00699582367323
4.61089494164	0.00663465847922
4.62548638132	0.00628734289943
4.64007782101	0.00595365648811
4.6546692607	0.00563336309599
4.66926070039	0.00532621196816
4.68385214008	0.00503193887465
4.69844357977	0.00475026726569
4.71303501946	0.00448090944439
4.72762645915	0.00422356774909
4.74221789883	0.0039779357383
4.75680933852	0.00374369937107
4.77140077821	0.00352053817621
4.7859922179	0.00330812640385
4.80058365759	0.00310613415358
4.81517509728	0.0029142284735
4.82976653697	0.00273207442527
4.84435797665	0.0025593361105
4.85894941634	0.00239567765461
4.87354085603	0.00224076414448
4.88813229572	0.002094262517
4.90272373541	0.00195584239598
4.9173151751	0.00182517687555
4.93190661479	0.0017019432485
4.94649805448	0.00158582367857
4.96108949416	0.00147650581623
4.97568093385	0.0013736833578
4.99027237354	0.00127705654825
5.00486381323	0.0011863326283
5.01945525292	0.00110122622695
5.03404669261	0.00102145970069
5.0486381323	0.000946763421049
5.06322957199	0.000876876012304
5.07782101167	0.000811544541453
5.09241245136	0.000750524662672
5.10700389105	0.000693580718627
5.12159533074	0.000640485801171
5.13618677043	0.000591021773975
5.15077821012	0.000544979259746
5.16536964981	0.000502157594693
5.1799610895	0.000462364752912
5.19455252918	0.000425417243346
5.20914396887	0.000391139981935
5.22373540856	0.000359366141533
5.23832684825	0.000329936982075
5.25291828794	0.000302701663418
5.26750972763	0.00027751704318
5.28210116732	0.000254247461775
5.29669260701	0.000232764516787
5.31128404669	0.000212946828632
5.32587548638	0.00019467979941
5.34046692607	0.000177855366681
5.35505836576	0.000162371753779
5.36964980545	0.000148133218171
5.38424124514	0.000135049799233
5.39883268483	0.000123037066677
5.41342412451	0.000112015870783
5.4280155642	0.000101912095424
5.44260700389	9.26564148072e-05
5.45719844358	8.41840547161e-05
5.47178988327	7.64345589463e-05
5.48638132296	6.9351561535e-05
5.50097276265	6.28825652876e-05
5.51556420234	5.69787270209e-05
5.53015564202	5.15946498636e-05
5.54474708171	4.66881828822e-05
5.5593385214	4.2220228229e-05
5.57392996109	3.81545559509e-05
5.58852140078	3.44576265393e-05
5.60311284047	3.10984212492e-05
5.61770428016	2.80482801728e-05
5.63229571985	2.52807480088e-05
5.64688715953	2.27714274347e-05
5.66147859922	2.0497839957e-05
5.67607003891	1.84392940869e-05
5.6906614786	1.65767606649e-05
5.70525291829	1.48927551402e-05
5.71984435798	1.33712265918e-05
5.73443579767	1.19974532675e-05
5.74902723736	1.07579444033e-05
5.76361867704	9.6403480844e-06
5.77821011673	8.63336489455e-06
5.79280155642	7.72666710719e-06
5.80739299611	6.91082316275e-06
5.8219844358	6.17722718174e-06
5.83657587549	5.51803326312e-06
5.85116731518	4.92609432137e-06
5.86575875487	4.39490522009e-06
5.88035019455	3.91854996513e-06
5.89494163424	3.49165272668e-06
5.90953307393	3.1093324664e-06
5.92412451362	2.76716095325e-06
5.93871595331	2.46112395927e-06
5.953307393	2.18758543499e-06
5.96789883269	1.94325447218e-06
5.98249027237	1.72515487048e-06
5.99708171206	1.53059713266e-06
6.01167315175	1.35715272221e-06
6.02626459144	1.2026304251e-06
6.04085603113	1.06505466614e-06
6.05544747082	9.42645638569e-07
6.07003891051	8.33801113587e-07
6.0846303502	7.37079804244e-07
6.09922178988	6.51186165851e-07
6.11381322957	5.74956522306e-07
6.12840466926	5.07346414805e-07
6.14299610895	4.47419076169e-07
6.15758754864	3.94334940473e-07
6.17217898833	3.47342103846e-07
6.18677042802	3.05767658149e-07
6.20136186771	2.69009824825e-07
6.21595330739	2.36530821454e-07
6.23054474708	2.07850398542e-07
6.24513618677	1.82539988735e-07
6.25972762646	1.60217415065e-07
6.27431906615	1.40542108966e-07
6.28891050584	1.23210792661e-07
6.30350194553	1.07953584168e-07
6.31809338522	9.45304865089e-08
6.3326848249	8.27282258892e-08
6.34727626459	7.23574065309e-08
6.36186770428	6.32499525589e-08
6.37645914397	5.52568098659e-08
6.39105058366	4.82458832129e-08
6.40564202335	4.21001859849e-08
6.42023346304	3.67161820106e-08
6.43482490272	3.20023006942e-08
6.44941634241	2.78776083922e-08
6.4640077821	2.42706205368e-08
6.47859922179	2.11182404187e-08
6.49319066148	1.83648118635e-08
6.50778210117	1.59612742293e-08
6.52237354086	1.3864409252e-08
6.53696498055	1.20361702648e-08
6.55155642023	1.04430852391e-08
6.56614785992	9.05572591649e-09
6.58073929961	7.84823607488e-09
6.5953307393	6.7979126491e-09
6.60992217899	5.88483406224e-09
6.62451361868	5.09153068844e-09
6.63910505837	4.40269288614e-09
6.65369649806	3.80491250641e-09
6.66828793774	3.28645420522e-09
6.68287937743	2.8370532681e-09
6.69747081712	2.44773700347e-09
6.71206225681	2.11066706869e-09
6.7266536965	1.81900037543e-09
6.74124513619	1.56676647139e-09
6.75583657588	1.34875952343e-09
6.77042801557	1.16044322975e-09
6.78501945525	9.9786717259e-10
6.79961089494	8.5759328543e-10
6.81420233463	7.36631257371e-10
6.82879377432	6.32381826972e-10
6.84338521401	5.42587036476e-10
6.8579766537	4.65286621793e-10
6.87256809339	3.98779807694e-10
6.88715953308	3.4159186076e-10
6.90175097276	2.92444827713e-10
6.91634241245	2.50231952188e-10
6.93093385214	2.13995323084e-10
6.94552529183	1.82906358984e-10
6.96011673152	1.56248780323e-10
6.97470817121	1.33403761932e-10
6.9892996109	1.13836995463e-10
7.00389105058	9.70874233303e-11
7.01848249027	8.27574347878e-11
7.03307392996	7.05043397815e-11
7.04766536965	6.00329591287e-11
7.06225680934	5.10891888502e-11
7.07684824903	4.34544143167e-11
7.09143968872	3.69406650852e-11
7.10603112841	3.13864149523e-11
7.12062256809	2.66529435963e-11
7.13521400778	2.2621186804e-11
7.14980544747	1.91890113033e-11
7.16439688716	1.62688585955e-11
7.17898832685	1.37857090183e-11
7.19357976654	1.16753236768e-11
7.20817120623	9.88272725346e-12
7.22276264592	8.3608995446e-12
7.2373540856	7.06964768315e-12
7.25194552529	5.97463474106e-12
7.26653696498	5.04654350468e-12
7.28112840467	4.26035711573e-12
7.29571984436	3.59474058191e-12
7.31031128405	3.03150937604e-12
7.32490272374	2.5551731181e-12
7.33949416343	2.15254399351e-12
7.35408560311	1.8124009141e-12
7.3686770428	1.52520168056e-12
7.38326848249	1.28283640903e-12
7.39785992218	1.07841646845e-12
7.41245136187	9.0609389954e-13
7.42704280156	7.60907020342e-13
7.44163424125	6.3864849168e-13
7.45622568094	5.35752653537e-13
7.47081712062	4.49199363793e-13
7.48540856031	3.76431986612e-13
7.5	3.15287464541e-13
7.51459143969	2.63936755264e-13
7.52918287938	2.20834164864e-13
7.54377431907	1.84674143835e-13
7.55836575876	1.54354599227e-13
7.57295719844	1.28945714993e-13
7.58754863813	1.07663457039e-13
7.60214007782	8.98470871445e-14
7.61673151751	7.49400813267e-14
7.6313229572	6.2473954932e-14
7.64591439689	5.20545529616e-14
7.66050583658	4.33504414421e-14
7.67509727627	3.60830803488e-14
7.68968871595	3.00185120316e-14
7.70428015564	2.49603334475e-14
7.71887159533	2.07437595798e-14
7.73346303502	1.72306083954e-14
7.74805447471	1.4305070438e-14
7.7626459144	1.18701395375e-14
7.77723735409	9.84460439779e-15
7.79182879378	8.16051405167e-15
7.80642023346	6.76104392901e-15
7.82101167315	5.59869959611e-15
7.83560311284	4.63380693539e-15
7.85019455253	3.83324204227e-15
7.86478599222	3.16936510688e-15
7.87937743191	2.6191248193e-15
7.8939688716	2.16330718764e-15
7.90856031129	1.78590532303e-15
7.92315175097	1.47359143379e-15
7.93774319066	1.2152743336e-15
7.95233463035	1.00172921006e-15
7.96692607004	8.25287519527e-16
7.98151750973	6.79578025537e-16
7.99610894942	5.59310082364e-16
8.01070038911	4.60092778733e-16
8.0252918288	3.78283831336e-16
8.03988326848	3.10863620647e-16
8.05447470817	2.55330046326e-16
8.06906614786	2.09611002537e-16
8.08365758755	1.71991299048e-16
8.09824902724	1.41052019874e-16
8.11284046693	1.15619938329e-16
8.12743190662	9.47255003701e-17
8.1420233463	7.75678821792e-17
8.15661478599	6.34860045516e-17
8.17120622568	5.19344079161e-17
8.18579766537	4.24633054414e-17
8.20038910506	3.47019555948e-17
8.21498054475	2.83449589563e-17
8.22957198444	2.31408623345e-17
8.24416342413	1.88827515215e-17
8.25875486381	1.54004396594e-17
8.2733463035	1.25540326218e-17
8.28793774319	1.02285895203e-17
8.30252918288	8.32973074095e-18
8.31712062257	6.77998740197e-18
8.33171206226	5.51581661583e-18
8.34630350195	4.48511770085e-18
8.36089494164	3.6451980107e-18
8.37548638132	2.96109068409e-18
8.39007782101	2.40417348793e-18
8.4046692607	1.95102699662e-18
8.41926070039	1.58250447276e-18
8.43385214008	1.28295250433e-18
8.44844357977	1.03958638181e-18
8.46303501946	8.41966770586e-19
8.47762645915	6.81575696629e-19
8.49221789883	5.51464564883e-19
8.50680933852	4.45970335387e-19
8.52140077821	3.60478146891e-19
8.5359922179	2.91231167507e-19
8.55058365759	2.35170125199e-19
8.56517509728	1.89807174736e-19
8.57976653697	1.53118883994e-19
8.59435797666	1.23461387919e-19
8.60894941634	9.9499075859e-20
8.62354085603	8.01480665441e-20
8.63813229572	6.45286250514e-20
8.65272373541	5.19278499683e-20
8.6673151751	4.17671540353e-20
8.68190661479	3.3578266333e-20
8.69649805448	2.69817229782e-20
8.71108949416	2.16705404248e-20
8.72568093385	1.73963097396e-20
8.74027237354	1.39583256632e-20
8.75486381323	1.11942716094e-20
8.76945525292	8.97330018412e-21
8.78404669261	7.18948308887e-21
8.7986381323	5.75752886619e-21
8.81322957199	4.60856437897e-21
8.82782101167	3.68713680716e-21
8.84241245136	2.9484962324e-21
8.85700389105	2.3567032687e-21
8.87159533074	1.88275006352e-21
8.88618677043	1.50342744795e-21
8.90077821012	1.19996335962e-21
8.91536964981	9.57324622171e-22
8.9299610895	7.63390181912e-22
8.94455252918	6.0846733671e-22
8.95914396887	4.84751903308e-22
8.97373540856	3.8601664146e-22
8.98832684825	3.07239096481e-22
9.00291828794	2.44439100954e-22
9.01750972763	1.94386869951e-22
9.03210116732	1.54521857776e-22
9.04669260701	1.22776377665e-22
9.06128404669	9.75104508834e-23
9.07587548638	7.74067898181e-23
9.09046692607	6.14201523993e-23
9.10505836576	4.87071990212e-23
9.11964980545	3.86156135174e-23
9.13424124514	3.06018018583e-23
9.14883268483	2.42444420033e-23
9.16342412452	1.91996028565e-23
9.1780155642	1.51997616941e-23
9.19260700389	1.20272174125e-23
9.20719844358	9.51365497056e-24
9.22178988327	7.5202888999e-24
9.23638132296	5.9443326989e-24
9.25097276265	4.69645920821e-24
9.26556420234	3.71071880047e-24
9.28015564202	2.93076470697e-24
9.29474708171	2.31459045619e-24
9.3093385214	1.82735083633e-24
9.32392996109	1.44233926327e-24
9.33852140078	1.13709804141e-24
9.35311284047	8.97326377571e-25
9.36770428016	7.07893498546e-25
9.38229571985	5.58851216877e-25
9.39688715953	4.41118359583e-25
9.41147859922	3.48313689616e-25
9.42607003891	2.74810548824e-25
9.4406614786	2.16904117297e-25
9.45525291829	1.70878159464e-25
9.46984435798	1.34961520281e-25
9.48443579767	1.06642346006e-25
9.49902723736	8.45138336077e-26
9.51361867704	6.69123363463e-26
9.52821011673	5.30704265605e-26
9.54280155642	4.20770673986e-26
9.55739299611	3.34174917925e-26
9.5719844358	2.64105820903e-26
9.58657587549	2.10044986821e-26
9.60116731518	1.67013693794e-26
9.61575875487	1.33875875948e-26
9.63035019455	1.07324049949e-26
9.64494163424	8.63408843961e-27
9.65953307393	6.91546938646e-27
9.67412451362	5.56731752076e-27
9.68871595331	4.43515867446e-27
9.703307393	3.59407952105e-27
9.71789883269	2.91957105674e-27
9.73249027237	2.39878093092e-27
9.74708171206	1.97282432761e-27
9.76167315175	1.63454669538e-27
9.77626459144	1.33452310536e-27
9.79085603113	1.10242342541e-27
9.80544747082	9.01258332387e-28
9.82003891051	7.62130242181e-28
9.8346303502	6.49871048511e-28
9.84922178988	5.7554336539e-28
9.86381322957	5.09486110284e-28
9.87840466926	4.62237966339e-28
9.89299610895	4.20683558175e-28
9.90758754864	3.87748519775e-28
9.92217898833	3.6428565034e-28
9.93677042802	3.48099289567e-28
9.95136186771	3.28625489468e-28
9.96595330739	3.1913954473e-28
9.98054474708	3.08532862108e-28
9.99513618677	2.99402397909e-28
10.0097276265	2.92676765836e-28
10.0243190661	2.94561085721e-28
10.0389105058	3.04833463948e-28
10.0535019455	3.11294492196e-28
10.0680933852	3.14790329236e-28
10.0826848249	3.1690375807e-28
10.0972762646	3.20270326419e-28
10.1118677043	3.21303846458e-28
10.126459144	3.24324664036e-28
10.1410505837	3.36380752816e-28
10.1556420233	3.62654822878e-28
10.170233463	3.7733560931e-28
10.1848249027	3.89990997705e-28
10.1994163424	3.94722040799e-28
10.2140077821	3.98730924817e-28
10.2285992218	4.04283332752e-28
10.2431906615	4.18143970454e-28
10.2577821012	4.34918206048e-28
10.2723735409	4.69444298891e-28
10.2869649805	4.85134122932e-28
10.3015564202	4.97737262713e-28
10.3161478599	5.02038154315e-28
10.3307392996	5.04131286407e-28
10.3453307393	5.01366791754e-28
10.359922179	5.10128627555e-28
10.3745136187	5.24495997462e-28
10.3891050584	5.58795541344e-28
10.4036964981	5.75601223527e-28
10.4182879377	5.87504930423e-28
10.4328793774	5.93696746366e-28
10.4474708171	6.02178132952e-28
10.4620622568	6.05036592854e-28
10.4766536965	6.18046913161e-28
10.4912451362	6.38523139723e-28
10.5058365759	6.8692620424e-28
10.5204280156	7.0724113336e-28
10.5350194553	7.20123171014e-28
10.5496108949	7.21822009262e-28
10.5642023346	7.25736724745e-28
10.5787937743	7.22151405032e-28
10.593385214	7.28368120276e-28
10.6079766537	7.39673924833e-28
10.6225680934	7.81484938382e-28
10.6371595331	7.89281291832e-28
10.6517509728	7.91506305696e-28
10.6663424125	7.85145457085e-28
10.6809338521	7.79158622326e-28
10.6955252918	7.69409412061e-28
10.7101167315	7.75316730129e-28
10.7247081712	7.86612530547e-28
10.7392996109	8.21740350062e-28
10.7538910506	8.29090150267e-28
10.7684824903	8.37904455025e-28
10.78307393	8.38874139609e-28
10.7976653697	8.48264013171e-28
10.8122568093	8.41259066744e-28
10.826848249	8.40358060047e-28
10.8414396887	8.50884664856e-28
10.8560311284	8.9060534027e-28
10.8706225681	8.97490578403e-28
10.8852140078	8.95003865914e-28
10.8998054475	8.80149469171e-28
10.9143968872	8.77848145849e-28
10.9289883268	8.69543711061e-28
10.9435797665	8.67545698992e-28
10.9581712062	8.67194941133e-28
10.9727626459	9.01842893823e-28
10.9873540856	9.07056681574e-28
11.0019455253	9.02621410227e-28
11.016536965	9.01548489249e-28
11.0311284047	9.06793393388e-28
11.0457198444	9.24455908638e-28
11.060311284	9.64520482975e-28
11.0749027237	1.01594213673e-27
11.0894941634	1.11470163714e-27
11.1040856031	1.22503031178e-27
11.1186770428	1.37828818776e-27
11.1332684825	1.58535055923e-27
11.1478599222	1.87597071608e-27
11.1624513619	2.27940102564e-27
11.1770428016	2.85066837974e-27
11.1916342412	3.64368837666e-27
11.2062256809	4.74051851991e-27
11.2208171206	6.1498467031e-27
11.2354085603	8.19059963209e-27
11.25	1.01032449021e-26
11.2645914397	8.21130679225e-27
11.2791828794	6.15797688391e-27
11.2937743191	4.71519508823e-27
11.3083657588	3.59805480967e-27
11.3229571984	2.75990710334e-27
11.3375486381	2.13984385701e-27
11.3521400778	1.67139781652e-27
11.3667315175	1.3245850031e-27
11.3813229572	1.06068679406e-27
11.3959143969	8.74475553001e-28
11.4105058366	7.35220760187e-28
11.4250972763	6.37168497179e-28
11.439688716	5.62029695766e-28
11.4542801556	5.11100889836e-28
11.4688715953	4.69233286967e-28
11.483463035	4.43057739453e-28
11.4980544747	4.20686569121e-28
11.5126459144	4.12518173378e-28
11.5272373541	4.01791878106e-28
11.5418287938	3.95045775418e-28
11.5564202335	3.87549131617e-28
11.5710116732	3.88749702689e-28
11.5856031128	3.84042862632e-28
11.6001945525	3.87944889289e-28
11.6147859922	3.86445699987e-28
11.6293774319	3.92584033378e-28
11.6439688716	3.92043970913e-28
11.6585603113	3.89980874975e-28
11.673151751	3.73513997552e-28
11.6877431907	3.74837158821e-28
11.7023346304	3.74462120247e-28
11.71692607	3.78184336103e-28
11.7315175097	3.8004548075e-28
11.7461089494	3.9182150319e-28
11.7607003891	4.09817022404e-28
11.7752918288	4.33700606842e-28
11.7898832685	4.49811573723e-28
11.8044747082	4.72232156431e-28
11.8190661479	4.9345553811e-28
11.8336575876	5.1774606609e-28
11.8482490272	5.37497133177e-28
11.8628404669	5.70800263386e-28
11.8774319066	6.00854483198e-28
11.8920233463	6.25490953522e-28
11.906614786	6.4278609129e-28
11.9212062257	6.57986929154e-28
11.9357976654	6.61511468524e-28
11.9503891051	6.74307228274e-28
11.9649805447	6.72780964918e-28
11.9795719844	6.72838733301e-28
11.9941634241	6.65647171667e-28
12.0087548638	6.58044685035e-28
12.0233463035	6.41583422759e-28
12.0379377432	6.3951802357e-28
12.0525291829	6.29859440555e-28
12.0671206226	6.23178505743e-28
12.0817120623	6.14218860647e-28
12.0963035019	6.16930856852e-28
12.1108949416	6.19319131366e-28
12.1254863813	6.33275341265e-28
12.140077821	6.47916074157e-28
12.1546692607	6.66661506094e-28
12.1692607004	6.74913342201e-28
12.1838521401	6.80607926158e-28
12.1984435798	6.75829872347e-28
12.2130350195	6.77240875448e-28
12.2276264591	6.79615094522e-28
12.2422178988	6.86172601858e-28
12.2568093385	6.93439281554e-28
12.2714007782	7.0855412068e-28
12.2859922179	7.17021841024e-28
12.3005836576	7.3148318632e-28
12.3151750973	7.32062273475e-28
12.329766537	7.33060818867e-28
12.3443579767	7.34945820832e-28
12.3589494163	7.39307813417e-28
12.373540856	7.46709439262e-28
12.3881322957	7.63833662389e-28
12.4027237354	7.70350359963e-28
12.4173151751	7.73140892855e-28
12.4319066148	7.67373518652e-28
12.4464980545	7.67376969203e-28
12.4610894942	7.73225615874e-28
12.4756809339	7.88403745739e-28
12.4902723735	8.08201714738e-28
12.5048638132	8.2649136232e-28
12.5194552529	8.37710862141e-28
12.5340466926	8.41919137013e-28
12.5486381323	8.29700880603e-28
12.563229572	8.26722952906e-28
12.5778210117	8.23731266567e-28
12.5924124514	8.22859506554e-28
12.6070038911	8.24272243967e-28
12.6215953307	8.16447799696e-28
12.6361867704	8.00685023564e-28
12.6507782101	7.83931525319e-28
12.6653696498	7.66532116082e-28
12.6799610895	7.64676609163e-28
12.6945525292	7.7207111773e-28
12.7091439689	7.88342582801e-28
12.7237354086	8.20926373044e-28
12.7383268483	8.42770796603e-28
12.7529182879	8.44430606222e-28
12.7675097276	8.37206309136e-28
12.7821011673	8.30005375958e-28
12.796692607	8.22505347373e-28
12.8112840467	8.22936858221e-28
12.8258754864	8.40719981244e-28
12.8404669261	8.68505808545e-28
12.8550583658	8.77963385877e-28
12.8696498054	8.79712798912e-28
12.8842412451	8.71232594798e-28
12.8988326848	8.54787176264e-28
12.9134241245	8.50357670196e-28
12.9280155642	8.51254330032e-28
12.9426070039	8.517837145e-28
12.9571984436	8.62073716216e-28
12.9717898833	8.62592634147e-28
12.986381323	8.56942670968e-28
13.0009727626	8.42456671225e-28
13.0155642023	8.24837355824e-28
13.030155642	8.12659917336e-28
13.0447470817	8.08927502168e-28
13.0593385214	8.16398914088e-28
13.0739299611	8.47177176153e-28
13.0885214008	8.58867262938e-28
13.1031128405	8.56754631835e-28
13.1177042802	8.48471332381e-28
13.1322957198	8.38183676757e-28
13.1468871595	8.28327212819e-28
13.1614785992	8.33696913852e-28
13.1760700389	8.55998896055e-28
13.1906614786	8.92842641479e-28
13.2052529183	8.98339845168e-28
13.219844358	9.0346855002e-28
13.2344357977	8.94681245156e-28
13.2490272374	8.80252681189e-28
13.263618677	8.76377348071e-28
13.2782101167	8.77044621153e-28
13.2928015564	8.75817680871e-28
13.3073929961	9.02918999959e-28
13.3219844358	9.13041663457e-28
13.3365758755	9.17543127032e-28
13.3511673152	8.99850531769e-28
13.3657587549	8.82724006698e-28
13.3803501946	8.64880892374e-28
13.3949416342	8.57856050805e-28
13.4095330739	8.66215192266e-28
13.4241245136	9.01738450351e-28
13.4387159533	9.09055124725e-28
13.453307393	9.14058990841e-28
13.4678988327	9.0841252005e-28
13.4824902724	9.02625226577e-28
13.4970817121	8.88425994835e-28
13.5116731518	8.93766560251e-28
13.5262645914	9.07467871455e-28
13.5408560311	9.44602387709e-28
13.5554474708	9.60771064545e-28
13.5700389105	9.72412992945e-28
13.5846303502	9.67192247222e-28
13.5992217899	9.55499725436e-28
13.6138132296	9.48105019265e-28
13.6284046693	9.565259401e-28
13.642996109	9.62075201819e-28
13.6575875486	1.00580448551e-27
13.6721789883	1.02109076847e-27
13.686770428	1.02514929809e-27
13.7013618677	1.02247886608e-27
13.7159533074	1.02601439324e-27
13.7305447471	1.02233858641e-27
13.7451361868	1.02525558689e-27
13.7597276265	1.03552782906e-27
13.7743190661	1.07438253324e-27
13.7889105058	1.07767699568e-27
13.8035019455	1.08061621801e-27
13.8180933852	1.06377083612e-27
13.8326848249	1.05047057722e-27
13.8472762646	1.04285938211e-27
13.8618677043	1.05340085403e-27
13.876459144	1.06194761381e-27
13.8910505837	1.09680699066e-27
13.9056420233	1.10625591259e-27
13.920233463	1.11274975648e-27
13.9348249027	1.09932611956e-27
13.9494163424	1.09758977127e-27
13.9640077821	1.09466193763e-27
13.9785992218	1.10614960305e-27
13.9931906615	1.11392637393e-27
14.0077821012	1.15890185654e-27
14.0223735409	1.16742877768e-27
14.0369649805	1.16317167297e-27
14.0515564202	1.14883586591e-27
14.0661478599	1.14378450169e-27
14.0807392996	1.12528886995e-27
14.0953307393	1.13266969263e-27
14.109922179	1.14829762285e-27
14.1245136187	1.19636334266e-27
14.1391050584	1.20119087355e-27
14.1536964981	1.20367360306e-27
14.1682879377	1.18528266306e-27
14.1828793774	1.17190994696e-27
14.1974708171	1.15664173151e-27
14.2120622568	1.1586825369e-27
14.2266536965	1.16041740995e-27
14.2412451362	1.20733545056e-27
14.2558365759	1.22524115772e-27
14.2704280156	1.23420342218e-27
14.2850194553	1.21547257042e-27
14.2996108949	1.21337498918e-27
14.3142023346	1.20211782148e-27
14.3287937743	1.20443144009e-27
14.343385214	1.21271651112e-27
14.3579766537	1.26321170043e-27
14.3725680934	1.27138773475e-27
14.3871595331	1.2640946741e-27
14.4017509728	1.24260688456e-27
14.4163424125	1.23357369607e-27
14.4309338521	1.20801798138e-27
14.4455252918	1.20600571441e-27
14.4601167315	1.2075223973e-27
14.4747081712	1.24203182211e-27
14.4892996109	1.24556023096e-27
14.5038910506	1.25145359608e-27
14.5184824903	1.23741369826e-27
14.53307393	1.23228765128e-27
14.5476653697	1.22534379571e-27
14.5622568093	1.22777903018e-27
14.576848249	1.22166962154e-27
14.5914396887	1.26341888287e-27
14.6060311284	1.26578894937e-27
14.6206225681	1.26434465599e-27
14.6352140078	1.23302226046e-27
14.6498054475	1.2156456132e-27
14.6643968872	1.19123340484e-27
14.6789883268	1.17686212732e-27
14.6935797665	1.16178890824e-27
14.7081712062	1.18048617483e-27
14.7227626459	1.16098729117e-27
14.7373540856	1.14424188653e-27
14.7519455253	1.10806170427e-27
14.766536965	1.0876395806e-27
14.7811284047	1.04439711866e-27
14.7957198444	1.02071431726e-27
14.810311284	9.90830093004e-28
14.8249027237	9.76669783168e-28
14.8394941634	9.26644480532e-28
14.8540856031	8.73985853452e-28
14.8686770428	8.05912865096e-28
14.8832684825	7.58332608643e-28
14.8978599222	7.20496462484e-28
14.9124513619	7.11557528818e-28
14.9270428016	7.36528797165e-28
14.9416342412	8.52247826682e-28
14.9562256809	1.06166749718e-27
14.9708171206	1.42139094679e-27
14.9854085603	2.12903457211e-27
15.0	2.9153426991e-27
