-14.9854085603	2.02735104987e-27
-14.9708171206	1.19117009537e-27
-14.9562256809	7.20473990684e-28
-14.9416342412	4.23693659135e-28
-14.9270428016	2.48479234832e-28
-14.9124513619	1.4809209145e-28
-14.8978599222	9.79991665596e-29
-14.8832684825	7.38093637751e-29
-14.8686770428	7.11137754873e-29
-14.8540856031	7.41509684967e-29
-14.8394941634	8.29426081713e-29
-14.8249027237	8.35307566168e-29
-14.810311284	9.4080289991e-29
-14.7957198444	1.02805076999e-28
-14.7811284047	1.1597828685e-28
-14.766536965	1.25495996139e-28
-14.7519455253	1.35321365839e-28
-14.7373540856	1.40692423777e-28
-14.7227626459	1.44434272375e-28
-14.7081712062	1.33041963961e-28
-14.6935797665	1.35569425409e-28
-14.6789883268	1.38908564219e-28
-14.6643968872	1.4670920525e-28
-14.6498054475	1.50641931191e-28
-14.6352140078	1.59728135355e-28
-14.6206225681	1.60695323568e-28
-14.6060311284	1.6020741212e-28
-14.5914396887	1.46694486109e-28
-14.576848249	1.46417056479e-28
-14.5622568093	1.46474399964e-28
-14.5476653696	1.54697163252e-28
-14.53307393	1.57212276538e-28
-14.5184824903	1.63598229058e-28
-14.5038910506	1.65535708748e-28
-14.4892996109	1.66405292294e-28
-14.4747081712	1.53274938019e-28
-14.4601167315	1.53371048631e-28
-14.4455252918	1.54258669194e-28
-14.4309338521	1.60406344049e-28
-14.4163424125	1.61431979159e-28
-14.4017509728	1.66599215879e-28
-14.3871595331	1.66449193748e-28
-14.3725680934	1.65920942352e-28
-14.3579766537	1.49833499703e-28
-14.343385214	1.46979776942e-28
-14.3287937743	1.44968095167e-28
-14.3142023346	1.4990823616e-28
-14.2996108949	1.51626111177e-28
-14.2850194553	1.58479530368e-28
-14.2704280156	1.58899331152e-28
-14.2558365759	1.58276642742e-28
-14.2412451362	1.43758951905e-28
-14.2266536965	1.42330901778e-28
-14.2120622568	1.41220742136e-28
-14.1974708171	1.47281419769e-28
-14.1828793774	1.48528745832e-28
-14.1682879377	1.54153166742e-28
-14.1536964981	1.54658967501e-28
-14.1391050584	1.54698626318e-28
-14.1245136187	1.41743804123e-28
-14.109922179	1.4090920703e-28
-14.0953307393	1.40729698215e-28
-14.0807392996	1.46637483682e-28
-14.0661478599	1.47846890352e-28
-14.0515564202	1.5386559407e-28
-14.0369649805	1.53882352094e-28
-14.0223735409	1.53628118639e-28
-14.0077821012	1.3916158105e-28
-13.9931906615	1.36143994943e-28
-13.9785992218	1.3533115369e-28
-13.9640077821	1.39806173298e-28
-13.9494163424	1.41516948758e-28
-13.9348249027	1.47808818579e-28
-13.920233463	1.49144446974e-28
-13.9056420233	1.5090926345e-28
-13.8910505837	1.41815575875e-28
-13.876459144	1.42277722619e-28
-13.8618677043	1.47423635489e-28
-13.8472762646	1.55824064036e-28
-13.8326848249	1.59258566822e-28
-13.8180933852	1.663867977e-28
-13.8035019455	1.70865956139e-28
-13.7889105058	1.75427106503e-28
-13.7743190661	1.72716566842e-28
-13.7597276265	1.76526307552e-28
-13.7451361868	1.81605744034e-28
-13.7305447471	1.91273152692e-28
-13.7159533074	1.94380727819e-28
-13.7013618677	1.99758624442e-28
-13.686770428	2.0240200791e-28
-13.6721789883	1.99333396546e-28
-13.6575875486	1.84599938017e-28
-13.6429961089	1.77558115852e-28
-13.6284046693	1.72779514027e-28
-13.6138132296	1.70804972387e-28
-13.5992217899	1.65289788139e-28
-13.5846303502	1.61958271874e-28
-13.5700389105	1.58790603425e-28
-13.5554474708	1.52708813078e-28
-13.5408560311	1.39807136073e-28
-13.5262645914	1.35737095759e-28
-13.5116731518	1.34580298405e-28
-13.4970817121	1.380265596e-28
-13.4824902724	1.36575887348e-28
-13.4678988327	1.40189865354e-28
-13.453307393	1.44407856992e-28
-13.4387159533	1.47800947298e-28
-13.4241245136	1.48390952932e-28
-13.4095330739	1.50621599598e-28
-13.3949416342	1.54433106924e-28
-13.3803501946	1.60904525562e-28
-13.3657587549	1.64516941797e-28
-13.3511673152	1.72925879937e-28
-13.3365758755	1.79306572696e-28
-13.3219844358	1.83157040598e-28
-13.3073929961	1.84319471275e-28
-13.2928015564	1.87432596734e-28
-13.2782101167	1.93944352667e-28
-13.263618677	1.98296380365e-28
-13.2490272374	2.03241792007e-28
-13.2344357977	2.11810432014e-28
-13.219844358	2.19748625685e-28
-13.2052529183	2.30687693283e-28
-13.1906614786	2.4568373164e-28
-13.1760700389	2.57023291572e-28
-13.1614785992	2.70197311128e-28
-13.1468871595	2.80652157295e-28
-13.1322957198	2.87578250377e-28
-13.1177042802	2.94890260211e-28
-13.1031128405	3.0117622378e-28
-13.0885214008	3.05822681993e-28
-13.0739299611	3.09948444366e-28
-13.0593385214	3.14589619441e-28
-13.0447470817	3.2059568552e-28
-13.030155642	3.22067203903e-28
-13.0155642023	3.2728648883e-28
-13.0009727626	3.35357347775e-28
-12.986381323	3.44865424182e-28
-12.9717898833	3.52117084314e-28
-12.9571984436	3.63154629592e-28
-12.9426070039	3.69274252019e-28
-12.9280155642	3.79920718926e-28
-12.9134241245	3.85267593021e-28
-12.8988326848	3.90152088867e-28
-12.8842412451	3.94484737095e-28
-12.8696498054	4.02453233595e-28
-12.8550583658	4.12040082298e-28
-12.8404669261	4.33124232859e-28
-12.8258754864	4.44651193583e-28
-12.8112840467	4.52312765417e-28
-12.796692607	4.56628761491e-28
-12.7821011673	4.54789875859e-28
-12.7675097276	4.51676155124e-28
-12.7529182879	4.51121201981e-28
-12.7383268482	4.48678882031e-28
-12.7237354086	4.52134071529e-28
-12.7091439689	4.45924953137e-28
-12.6945525292	4.45113475559e-28
-12.6799610895	4.37835699485e-28
-12.6653696498	4.32643462814e-28
-12.6507782101	4.2807530996e-28
-12.6361867704	4.26469784799e-28
-12.6215953307	4.26855673587e-28
-12.6070038911	4.34358086699e-28
-12.5924124514	4.31318621549e-28
-12.5778210117	4.30656029785e-28
-12.563229572	4.23321959748e-28
-12.5486381323	4.17903171783e-28
-12.5340466926	4.1820006738e-28
-12.5194552529	4.2277654783e-28
-12.5048638132	4.31444487554e-28
-12.4902723735	4.61089707294e-28
-12.4756809339	4.76267421628e-28
-12.4610894942	4.896160222e-28
-12.4464980545	4.9026458186e-28
-12.4319066148	4.89847720799e-28
-12.4173151751	4.83666971648e-28
-12.4027237354	4.78532325729e-28
-12.3881322957	4.68911345075e-28
-12.373540856	4.73522932705e-28
-12.3589494163	4.70736874082e-28
-12.3443579767	4.66514219019e-28
-12.329766537	4.52399818755e-28
-12.3151750973	4.48859590977e-28
-12.3005836576	4.41597333822e-28
-12.2859922179	4.41062812227e-28
-12.2714007782	4.44527137806e-28
-12.2568093385	4.66649856914e-28
-12.2422178988	4.7369314645e-28
-12.2276264591	4.81034551142e-28
-12.2130350195	4.75905578175e-28
-12.1984435798	4.75666916917e-28
-12.1838521401	4.7305229493e-28
-12.1692607004	4.72475485924e-28
-12.1546692607	4.75157222858e-28
-12.140077821	4.98798429062e-28
-12.1254863813	5.00490375796e-28
-12.1108949416	4.97201159897e-28
-12.0963035019	4.85021712355e-28
-12.0817120623	4.78947722688e-28
-12.0671206226	4.72631249308e-28
-12.0525291829	4.77465715237e-28
-12.0379377432	4.81449319581e-28
-12.0233463035	5.08261919271e-28
-12.0087548638	5.14358738924e-28
-11.9941634241	5.21590351521e-28
-11.9795719844	5.16580936122e-28
-11.9649805447	5.18686007101e-28
-11.9503891051	5.1806732298e-28
-11.9357976654	5.26682659443e-28
-11.9212062257	5.48320358459e-28
-11.906614786	5.99146197597e-28
-11.8920233463	6.19166411928e-28
-11.8774319066	6.2835000324e-28
-11.8628404669	6.14911182509e-28
-11.8482490272	6.02018079065e-28
-11.8336575875	5.88728433601e-28
-11.8190661479	5.83098193869e-28
-11.8044747082	5.77037249476e-28
-11.7898832685	5.96256726916e-28
-11.7752918288	5.87782512258e-28
-11.7607003891	5.76984794515e-28
-11.7461089494	5.55117533856e-28
-11.7315175097	5.41700920825e-28
-11.71692607	5.28046980164e-28
-11.7023346304	5.25665968105e-28
-11.6877431907	5.19612099524e-28
-11.673151751	5.40330573849e-28
-11.6585603113	5.42940411538e-28
-11.6439688716	5.39092959985e-28
-11.6293774319	5.27147562402e-28
-11.6147859922	5.20163875785e-28
-11.6001945525	5.13547147949e-28
-11.5856031128	5.22117587816e-28
-11.5710116732	5.38732715508e-28
-11.5564202335	5.82683849861e-28
-11.5418287938	5.91774072618e-28
-11.5272373541	6.01389099841e-28
-11.5126459144	5.99020911051e-28
-11.4980544747	5.95523887106e-28
-11.483463035	5.98312674429e-28
-11.4688715953	6.10647176583e-28
-11.4542801556	6.32533638256e-28
-11.439688716	6.86582764083e-28
-11.4250972763	7.19349423465e-28
-11.4105058366	7.66065894749e-28
-11.3959143969	8.27760641939e-28
-11.3813229572	9.33947356222e-28
-11.3667315175	1.08828669502e-27
-11.3521400778	1.31576206535e-27
-11.3375486381	1.62929207344e-27
-11.3229571984	2.07723496039e-27
-11.3083657588	2.67332503215e-27
-11.2937743191	3.53654740578e-27
-11.2791828794	4.69360981516e-27
-11.2645914397	6.44032165313e-27
-11.25	8.07853985683e-27
-11.2354085603	6.375126985e-27
-11.2208171206	4.58438190542e-27
-11.2062256809	3.39786658799e-27
-11.1916342412	2.47792073491e-27
-11.1770428016	1.82439614615e-27
-11.1624513619	1.33487226915e-27
-11.1478599222	9.78047202205e-28
-11.1332684825	7.16835677126e-28
-11.1186770428	5.26302179173e-28
-11.1040856031	3.91325529858e-28
-11.0894941634	2.89800570694e-28
-11.0749027237	2.26201186809e-28
-11.060311284	1.8854557748e-28
-11.0457198444	1.69869229397e-28
-11.0311284047	1.59586818814e-28
-11.016536965	1.59655994184e-28
-11.0019455253	1.58369307451e-28
-10.9873540856	1.62836082921e-28
-10.9727626459	1.5217747706e-28
-10.9581712062	1.56106546228e-28
-10.9435797665	1.66516392545e-28
-10.9289883268	1.84502345115e-28
-10.9143968872	1.97622485689e-28
-10.8998054475	2.13973129337e-28
-10.8852140078	2.26173246981e-28
-10.8706225681	2.31863317718e-28
-10.8560311284	2.15481870566e-28
-10.8414396887	2.18544172192e-28
-10.826848249	2.23265261136e-28
-10.8122568093	2.38104423495e-28
-10.7976653696	2.49031291876e-28
-10.78307393	2.59645610003e-28
-10.7684824903	2.62802327413e-28
-10.7538910506	2.64874188388e-28
-10.7392996109	2.46703707294e-28
-10.7247081712	2.50387127628e-28
-10.7101167315	2.56997445815e-28
-10.6955252918	2.7319626527e-28
-10.6809338521	2.84375985214e-28
-10.6663424125	2.96927234985e-28
-10.6517509728	2.99630732276e-28
-10.6371595331	3.0084804238e-28
-10.6225680934	2.82152499187e-28
-10.6079766537	2.80558679913e-28
-10.593385214	2.82253406089e-28
-10.5787937743	2.950404974e-28
-10.5642023346	3.04034665793e-28
-10.5496108949	3.16965213145e-28
-10.5350194553	3.21431441824e-28
-10.5204280156	3.23285769355e-28
-10.5058365759	3.04012026709e-28
-10.4912451362	3.04700585189e-28
-10.4766536965	3.08423686919e-28
-10.4620622568	3.21426750952e-28
-10.4474708171	3.28942827497e-28
-10.4328793774	3.38149808462e-28
-10.4182879377	3.36786083356e-28
-10.4036964981	3.31065514826e-28
-10.3891050584	3.03811839776e-28
-10.3745136187	2.98515248359e-28
-10.359922179	2.96772836466e-28
-10.3453307393	3.0467434056e-28
-10.3307392996	3.08764101099e-28
-10.3161478599	3.15487393761e-28
-10.3015564202	3.13596942289e-28
-10.2869649805	3.0818420893e-28
-10.2723735409	2.84826678674e-28
-10.2577821012	2.76863250415e-28
-10.2431906615	2.72470589527e-28
-10.2285992218	2.77739812885e-28
-10.2140077821	2.78527229891e-28
-10.1994163424	2.8321509355e-28
-10.1848249027	2.7973052174e-28
-10.170233463	2.74171419608e-28
-10.1556420233	2.53165543651e-28
-10.1410505837	2.47610487187e-28
-10.126459144	2.43452082603e-28
-10.1118677043	2.49348294853e-28
-10.0972762646	2.50652359763e-28
-10.0826848249	2.51969667381e-28
-10.0680933852	2.46292931997e-28
-10.0535019455	2.39989872235e-28
-10.0389105058	2.16559170683e-28
-10.0243190661	2.07048289936e-28
-10.0097276265	2.00595235637e-28
-9.99513618677	2.00800457945e-28
-9.98054474708	1.97900732476e-28
-9.96595330739	1.97694133449e-28
-9.9513618677	1.91066365429e-28
-9.93677042802	1.86096615109e-28
-9.92217898833	1.71462699393e-28
-9.90758754864	1.6402256794e-28
-9.89299610895	1.60007063563e-28
-9.87840466926	1.60135062414e-28
-9.86381322957	1.57105606379e-28
-9.84922178988	1.57310928322e-28
-9.83463035019	1.54131209797e-28
-9.82003891051	1.52718046695e-28
-9.80544747082	1.46601387205e-28
-9.79085603113	1.45479063175e-28
-9.77626459144	1.46871410138e-28
-9.76167315175	1.54394091456e-28
-9.74708171206	1.59404826217e-28
-9.73249027237	1.65852504122e-28
-9.71789883268	1.69724297372e-28
-9.703307393	1.77156259905e-28
-9.68871595331	1.86265579552e-28
-9.67412451362	1.97432630315e-28
-9.65953307393	2.09847837971e-28
-9.64494163424	2.23286600488e-28
-9.63035019455	2.3777339149e-28
-9.61575875486	2.53461828795e-28
-9.60116731517	2.69673912637e-28
-9.58657587549	2.95043330571e-28
-9.5719844358	3.32404364371e-28
-9.55739299611	3.6383364e-28
-9.54280155642	3.99764355502e-28
-9.52821011673	4.40341860333e-28
-9.51361867704	4.87329077002e-28
-9.49902723735	5.43577539522e-28
-9.48443579767	6.06319721817e-28
-9.46984435798	6.89123335241e-28
-9.45525291829	8.10355338832e-28
-9.4406614786	9.3316940535e-28
-9.42607003891	1.08675777334e-27
-9.41147859922	1.26998456654e-27
-9.39688715953	1.49571170765e-27
-9.38229571984	1.76959085638e-27
-9.36770428016	2.12200516646e-27
-9.35311284047	2.57532588528e-27
-9.33852140078	3.18007136307e-27
-9.32392996109	3.87610221347e-27
-9.3093385214	4.72805575294e-27
-9.29474708171	5.75700557175e-27
-9.28015564202	7.04998394149e-27
-9.26556420233	8.66591657054e-27
-9.25097276265	1.0703439461e-26
-9.23638132296	1.32939714307e-26
-9.22178988327	1.66125001037e-26
-9.20719844358	2.06509333219e-26
-9.19260700389	2.56922645103e-26
-9.1780155642	3.1992534866e-26
-9.16342412451	3.99583763421e-26
-9.14883268482	4.9974426551e-26
-9.13424124514	6.26373240492e-26
-9.11964980545	7.86789270437e-26
-9.10505836576	9.91848862323e-26
-9.09046692607	1.24768248111e-25
-9.07587548638	1.5695582851e-25
-9.06128404669	1.97432059901e-25
-9.046692607	2.48490925189e-25
-9.03210116731	3.12768757098e-25
-9.01750972763	3.93989836026e-25
-9.00291828794	4.96614140859e-25
-8.98832684825	6.26737327272e-25
-8.97373540856	7.89745326817e-25
-8.95914396887	9.95105295871e-25
-8.94455252918	1.25340101337e-24
-8.92996108949	1.5786934865e-24
-8.91536964981	1.98849925994e-24
-8.90077821012	2.50505312176e-24
-8.88618677043	3.15573666016e-24
-8.87159533074	3.97614754677e-24
-8.85700389105	5.00620461651e-24
-8.84241245136	6.30184331602e-24
-8.82782101167	7.93031833405e-24
-8.81322957198	9.97767305472e-24
-8.7986381323	1.25498135766e-23
-8.78404669261	1.57831053703e-23
-8.76945525292	1.98441549262e-23
-8.75486381323	2.49444930037e-23
-8.74027237354	3.13381069058e-23
-8.72568093385	3.93578845971e-23
-8.71108949416	4.94098278609e-23
-8.69649805447	6.20081564405e-23
-8.68190661479	7.77868531727e-23
-8.6673151751	9.754712395e-23
-8.65272373541	1.22281735673e-22
-8.63813229572	1.53232136868e-22
-8.62354085603	1.9192256145e-22
-8.60894941634	2.40291032529e-22
-8.59435797665	3.00714469631e-22
-8.57976653696	3.76177602981e-22
-8.56517509728	4.70380891066e-22
-8.55058365759	5.87925925402e-22
-8.5359922179	7.34523880996e-22
-8.52140077821	9.17294822538e-22
-8.50680933852	1.14497648067e-21
-8.49221789883	1.42852068197e-21
-8.47762645914	1.78145028281e-21
-8.46303501945	2.22055387935e-21
-8.44844357977	2.76661573286e-21
-8.43385214008	3.44539311605e-21
-8.41926070039	4.28871935145e-21
-8.4046692607	5.33603014832e-21
-8.39007782101	6.63592374071e-21
-8.37548638132	8.24865921894e-21
-8.36089494163	1.0248506678e-20
-8.34630350195	1.27272737487e-20
-8.33171206226	1.5798175301e-20
-8.31712062257	1.9600900197e-20
-8.30252918288	2.43074900415e-20
-8.28793774319	3.01300289946e-20
-8.2733463035	3.73292918185e-20
-8.25875486381	4.62267730565e-20
-8.24416342412	5.72175941618e-20
-8.22957198444	7.07878322202e-20
-8.21498054475	8.75347567816e-20
-8.20038910506	1.08192070623e-19
-8.18579766537	1.33660376338e-19
-8.17120622568	1.65045203657e-19
-8.15661478599	2.03701366932e-19
-8.1420233463	2.51290883609e-19
-8.12743190661	3.09849446751e-19
-8.11284046693	3.81870547692e-19
-8.09824902724	4.70406076154e-19
-8.08365758755	5.79190192176e-19
-8.06906614786	7.12788087233e-19
-8.05447470817	8.76780165361e-19
-8.03988326848	1.07798060627e-18
-8.02529182879	1.32471179544e-18
-8.0107003891	1.62712843434e-18
-7.99610894942	1.99761835371e-18
-7.98151750973	2.45128181522e-18
-7.96692607004	3.00651922141e-18
-7.95233463035	3.68573835445e-18
-7.93774319066	4.51621580281e-18
-7.92315175097	5.53113164964e-18
-7.90856031128	6.77084136295e-18
-7.89396887159	8.28438688201e-18
-7.87937743191	1.01313483198e-17
-7.86478599222	1.2384060733e-17
-7.85019455253	1.51303097404e-17
-7.83560311284	1.84765699563e-17
-7.82101167315	2.25519210062e-17
-7.80642023346	2.75127559827e-17
-7.79182879377	3.3548492997e-17
-7.77723735409	4.08884053121e-17
-7.7626459144	4.98098759895e-17
-7.74805447471	6.06483130719e-17
-7.73346303502	7.38091018809e-17
-7.71887159533	8.97819143142e-17
-7.70428015564	1.09157970403e-16
-7.68968871595	1.32650672108e-16
-7.67509727626	1.61120495146e-16
-7.66050583658	1.95604716276e-16
-7.64591439689	2.37353124768e-16
-7.6313229572	2.87870760725e-16
-7.61673151751	3.48969121829e-16
-7.60214007782	4.22827426094e-16
-7.58754863813	5.12065921621e-16
-7.57295719844	6.19833452395e-16
-7.55836575875	7.499122412e-16
-7.54377431907	9.06842846852e-16
-7.52918287938	1.09607339878e-15
-7.51459143969	1.32413770508e-15
-7.5	1.59886698695e-15
-7.48540856031	1.92964203219e-15
-7.47081712062	2.32769816984e-15
-7.45622568093	2.80648027315e-15
-7.44163424124	3.38206985084e-15
-7.42704280156	4.07369256314e-15
-7.41245136187	4.90432080116e-15
-7.39785992218	5.90138954696e-15
-7.38326848249	7.09764602806e-15
-7.3686770428	8.53215775644e-15
-7.35408560311	1.02515079643e-14
-7.33949416342	1.23112118593e-14
-7.32490272373	1.47773949939e-14
-7.31031128405	1.77287790818e-14
-7.29571984436	2.12590323393e-14
-7.28112840467	2.54795478107e-14
-7.26653696498	3.05227278654e-14
-7.25194552529	3.65458627841e-14
-7.2373540856	4.37357100843e-14
-7.22276264591	5.23138963861e-14
-7.20817120623	6.25432893928e-14
-7.19357976654	7.4735504737e-14
-7.17898832685	8.9259749898e-14
-7.16439688716	1.06553233944e-13
-7.14980544747	1.27133415812e-13
-7.13521400778	1.51612405915e-13
-7.12062256809	1.80713892123e-13
-7.1060311284	2.15293017217e-13
-7.09143968872	2.56359716892e-13
-7.07684824903	3.05106095516e-13
-7.06225680934	3.62938528449e-13
-7.04766536965	4.31515278299e-13
-7.03307392996	5.12790554946e-13
-7.01848249027	6.09066084392e-13
-7.00389105058	7.23051440503e-13
-6.98929961089	8.57934578787e-13
-6.97470817121	1.01746426371e-12
-6.96011673152	1.20604632062e-12
-6.94552529183	1.42885598366e-12
-6.93093385214	1.6919689413e-12
-6.91634241245	2.00251411419e-12
-6.90175097276	2.36885165654e-12
-6.88715953307	2.80078023138e-12
-6.87256809338	3.30977822034e-12
-6.8579766537	3.90928429021e-12
-6.84338521401	4.61502349929e-12
-6.82879377432	5.44538615496e-12
-6.81420233463	6.42186766706e-12
-6.79961089494	7.56957893915e-12
-6.78501945525	8.91783823095e-12
-6.77042801556	1.05008571217e-11
-6.75583657588	1.23585350207e-11
-6.74124513619	1.45373789201e-11
-6.7266536965	1.70915674054e-11
-6.71206225681	2.00841808931e-11
-6.69747081712	2.35886231466e-11
-6.68287937743	2.76902628802e-11
-6.66828793774	3.24883283247e-11
-6.65369649805	3.80980924558e-11
-6.63910505837	4.46533918904e-11
-6.62451361868	5.23095287491e-11
-6.60992217899	6.12466114934e-11
-6.5953307393	7.16733989619e-11
-6.58073929961	8.38317205367e-11
-6.56614785992	9.80015558014e-11
-6.55155642023	1.14506868342e-10
-6.53696498054	1.33722301626e-10
-6.52237354086	1.56080859448e-10
-6.50778210117	1.82082710453e-10
-6.49319066148	2.1230527464e-10
-6.47859922179	2.47414771548e-10
-6.4640077821	2.88179433425e-10
-6.44941634241	3.35484614104e-10
-6.43482490272	3.90350054402e-10
-6.42023346303	4.53949599603e-10
-6.40564202335	5.276337026e-10
-6.39105058366	6.12955090361e-10
-6.37645914397	7.11698019015e-10
-6.36186770428	8.25911598426e-10
-6.34727626459	9.57947727343e-10
-6.3326848249	1.11050424963e-09
-6.31809338521	1.28667401772e-09
-6.30350194552	1.49000063588e-09
-6.28891050584	1.72454175084e-09
-6.27431906615	1.99494086527e-09
-6.25972762646	2.30650876701e-09
-6.24513618677	2.66531580141e-09
-6.23054474708	3.07829636027e-09
-6.21595330739	3.55336712691e-09
-6.2013618677	4.09956079768e-09
-6.18677042802	4.72717720475e-09
-6.17217898833	5.44795398801e-09
-6.15758754864	6.27525921628e-09
-6.14299610895	7.2243086298e-09
-6.12840466926	8.31241048566e-09
-6.11381322957	9.55924132237e-09
-6.09922178988	1.09871563345e-08
-6.08463035019	1.26215384576e-08
-6.07003891051	1.44911907195e-08
-6.05544747082	1.66287769087e-08
-6.04085603113	1.90713161655e-08
-6.02626459144	2.18607376977e-08
-6.01167315175	2.50445024894e-08
-5.99708171206	2.86762995955e-08
-5.98249027237	3.28168254087e-08
-5.96789883268	3.75346551574e-08
-5.953307393	4.29072168403e-08
-5.93871595331	4.90218788453e-08
-5.92412451362	5.59771636311e-08
-5.90953307393	6.38841010772e-08
-5.89494163424	7.28677364597e-08
-5.88035019455	8.30688094567e-08
-5.86575875486	9.46456221793e-08
-5.85116731517	1.0777611593e-07
-5.83657587549	1.22660178257e-07
-5.8219844358	1.39522203861e-07
-5.80739299611	1.58613935123e-07
-5.79280155642	1.80217610286e-07
-5.77821011673	2.04649449927e-07
-5.76361867704	2.32263514985e-07
-5.74902723735	2.63455972578e-07
-5.73443579766	2.98669808911e-07
-5.71984435798	3.38400031949e-07
-5.70525291829	3.83199410064e-07
-5.6906614786	4.336847967e-07
-5.67607003891	4.90544095113e-07
-5.66147859922	5.5454392158e-07
-5.64688715953	6.26538030033e-07
-5.63229571984	7.07476565908e-07
-5.61770428016	7.98416222122e-07
-5.60311284047	9.00531375496e-07
-5.58852140078	1.01512628759e-06
-5.57392996109	1.14364845997e-06
-5.5593385214	1.28770324001e-06
-5.54474708171	1.44906978009e-06
-5.53015564202	1.62971845962e-06
-5.51556420233	1.83182988658e-06
-5.50097276265	2.05781560248e-06
-5.48638132296	2.31034062217e-06
-5.47178988327	2.59234794794e-06
-5.45719844358	2.90708520488e-06
-5.44260700389	3.25813355312e-06
-5.4280155642	3.64943904036e-06
-5.41342412451	4.08534656675e-06
-5.39883268482	4.57063664236e-06
-5.38424124514	5.11056512593e-06
-5.36964980545	5.71090614188e-06
-5.35505836576	6.37799838047e-06
-5.34046692607	7.11879499427e-06
-5.32587548638	7.94091731121e-06
-5.31128404669	8.85271259196e-06
-5.296692607	9.86331606589e-06
-5.28210116731	1.09827174858e-05
-5.26750972763	1.22218324471e-05
-5.25291828794	1.35925787204e-05
-5.23832684825	1.51079578521e-05
-5.22373540856	1.6782142286e-05
-5.20914396887	1.86305682631e-05
-5.19455252918	2.0670034754e-05
-5.17996108949	2.29188086752e-05
-5.1653696498	2.53967366375e-05
-5.15077821012	2.8125363467e-05
-5.13618677043	3.11280577291e-05
-5.12159533074	3.4430144476e-05
-5.10700389105	3.80590454216e-05
-5.09241245136	4.2044426731e-05
-5.07782101167	4.64183545899e-05
-5.06322957198	5.12154586945e-05
-5.0486381323	5.64731037752e-05
-5.03404669261	6.2231569232e-05
-5.01945525292	6.85342369246e-05
-5.00486381323	7.54277871189e-05
-4.99027237354	8.29624025425e-05
-4.97568093385	9.11919804545e-05
-4.96108949416	0.000100174352575
-4.94649805447	0.000109971512659
-4.93190661479	0.000120649851437
-4.9173151751	0.000132280398563
-4.90272373541	0.000144939071137
-4.88813229572	0.000158706928297
-4.87354085603	0.000173670431264
-4.85894941634	0.000189921708148
-4.84435797665	0.000207558822719
-4.82976653696	0.000226686046239
-4.81517509728	0.000247414131356
-4.80058365759	0.000269860586919
-4.7859922179	0.000294149952508
-4.77140077821	0.000320414071297
-4.75680933852	0.000348792359795
-4.74221789883	0.000379432072863
-4.72762645914	0.000412488562289
-4.71303501945	0.000448125527092
-4.69844357977	0.000486515253591
-4.68385214008	0.000527838843172
-4.66926070039	0.00057228642558
-4.6546692607	0.000620057355436
-4.64007782101	0.000671360389614
-4.62548638132	0.000726413842998
-4.61089494163	0.000785445720092
-4.59630350194	0.000848693819851
-4.58171206226	0.000916405811119
-4.56712062257	0.000988839275947
-4.55252918288	0.00106626171814
-4.53793774319	0.0011489505343
-4.5233463035	0.00123719294479
-4.50875486381	0.00133128588189
-4.49416342412	0.00143153583277
-4.47957198444	0.00153825863479
-4.46498054475	0.00165177922087
-4.45038910506	0.0017724313128
-4.43579766537	0.00190055706069
-4.42120622568	0.00203650662676
-4.40661478599	0.00218063771208
-4.3920233463	0.0023333150252
-4.37743190661	0.00249490969182
-4.36284046693	0.00266579860506
-4.34824902724	0.00284636371622
-4.33365758755	0.0030369912665
-4.31906614786	0.00323807096024
-4.30447470817	0.00344999508116
-4.28988326848	0.00367315755306
-4.27529182879	0.00390795294731
-4.2607003891	0.00415477543981
-4.24610894942	0.00441401772053
-4.23151750973	0.00468606985933
-4.21692607004	0.00497131813236
-4.20233463035	0.00527014381355
-4.18774319066	0.00558292193647
-4.17315175097	0.0059100200321
-4.15856031128	0.00625179684856
-4.14396887159	0.00660860105922
-4.12937743191	0.00698076996586
-4.11478599222	0.00736862820411
-4.10019455253	0.00777248645835
-4.08560311284	0.00819264019363
-4.07101167315	0.00862936841225
-4.05642023346	0.00908293244271
-4.04182879377	0.00955357476881
-4.02723735408	0.0100415179064
-4.0126459144	0.0105469633354
-3.99805447471	0.0110700904945
-3.98346303502	0.0116110558453
-3.96887159533	0.0121699920126
-3.95428015564	0.0127470070075
-3.93968871595	0.0133421835379
-3.92509727626	0.0139555784137
-3.91050583658	0.0145872220485
-3.89591439689	0.0152371180645
-3.8813229572	0.0159052430015
-3.86673151751	0.0165915461343
-3.85214007782	0.0172959493991
-3.83754863813	0.0180183474299
-3.82295719844	0.0187586077063
-3.80836575875	0.0195165708097
-3.79377431907	0.0202920507892
-3.77918287938	0.0210848356326
-3.76459143969	0.0218946878407
-3.75	0.0227213451013
-3.73540856031	0.0235645210582
-3.72081712062	0.0244239061692
-3.70622568093	0.0252991686498
-3.69163424124	0.0261899554943
-3.67704280156	0.0270958935681
-3.66245136187	0.0280165907653
-3.64785992218	0.0289516372232
-3.63326848249	0.0299006065864
-3.6186770428	0.0308630573124
-3.60408560311	0.0318385340118
-3.58949416342	0.0328265688142
-3.57490272373	0.0338266827521
-3.56031128405	0.0348383871551
-3.54571984436	0.0358611850476
-3.53112840467	0.0368945725405
-3.51653696498	0.0379380402127
-3.50194552529	0.0389910744723
-3.4873540856	0.0400531588942
-3.47276264591	0.041123775526
-3.45817120623	0.0422024061573
-3.44357976654	0.0432885335475
-3.42898832685	0.0443816426074
-3.41439688716	0.0454812215299
-3.39980544747	0.0465867628672
-3.38521400778	0.0476977645511
-3.37062256809	0.048813730853
-3.3560311284	0.0499341732827
-3.34143968872	0.0510586114241
-3.32684824903	0.0521865737063
-3.31225680934	0.0533175981099
-3.29766536965	0.0544512328087
-3.28307392996	0.0555870367455
-3.26848249027	0.0567245801448
-3.25389105058	0.0578634449617
-3.23929961089	0.059003225269
-3.22470817121	0.0601435275842
-3.21011673152	0.0612839711373
-3.19552529183	0.0624241880834
-3.18093385214	0.0635638236605
-3.16634241245	0.0647025362954
-3.15175097276	0.0658399976616
-3.13715953307	0.0669758926902
-3.12256809338	0.0681099195373
-3.1079766537	0.0692417895111
-3.09338521401	0.0703712269611
-3.07879377432	0.0714979691326
-3.06420233463	0.0726217659889
-3.04961089494	0.0737423800047
-3.03501945525	0.0748595859333
-3.02042801556	0.0759731705495
-3.00583657587	0.0770829323729
-2.99124513619	0.0781886813714
-2.9766536965	0.0792902386503
-2.96206225681	0.0803874361268
-2.94747081712	0.081480116194
-2.93287937743	0.0825681313758
-2.91828793774	0.0836513439747
-2.90369649805	0.0847296257141
-2.88910505837	0.0858028573782
-2.87451361868	0.0868709284496
-2.85992217899	0.0879337367466
-2.8453307393	0.0889911880626
-2.83073929961	0.0900431958071
-2.81614785992	0.0910896806514
-2.80155642023	0.0921305701781
-2.78696498054	0.0931657985371
-2.77237354086	0.094195306108
-2.75778210117	0.0952190391695
-2.74319066148	0.0962369495772
-2.72859922179	0.0972489944497
-2.7140077821	0.0982551358635
-2.69941634241	0.0992553405578
-2.68482490272	0.100249579648
-2.67023346303	0.101237828351
-2.65564202335	0.102220065717
-2.64105058366	0.103196274376
-2.62645914397	0.104166440293
-2.61186770428	0.10513055253
-2.59727626459	0.106088603022
-2.5826848249	0.107040586365
-2.56809338521	0.107986499607
-2.55350194552	0.108926342057
-2.53891050584	0.109860115097
-2.52431906615	0.11078782201
-2.50972762646	0.111709467808
-2.49513618677	0.112625059081
-2.48054474708	0.113534603846
-2.46595330739	0.114438111408
-2.4513618677	0.115335592225
-2.43677042801	0.116227057791
-2.42217898833	0.117112520514
-2.40758754864	0.117991993611
-2.39299610895	0.118865491008
-2.37840466926	0.11973302724
-2.36381322957	0.120594617369
-2.34922178988	0.1214502769
-2.33463035019	0.122300021703
-2.32003891051	0.123143867947
-2.30544747082	0.123981832034
-2.29085603113	0.124813930535
-2.27626459144	0.125640180141
-2.26167315175	0.126460597612
-2.24708171206	0.127275199725
-2.23249027237	0.12808400324
-2.21789883268	0.128887024857
-2.203307393	0.129684281183
-2.18871595331	0.130475788699
-2.17412451362	0.131261563735
-2.15953307393	0.132041622444
-2.14494163424	0.132815980778
-2.13035019455	0.133584654469
-2.11575875486	0.134347659014
-2.10116731517	0.135105009654
-2.08657587549	0.13585672137
-2.0719844358	0.136602808863
-2.05739299611	0.137343286549
-2.04280155642	0.138078168553
-2.02821011673	0.138807468695
-2.01361867704	0.139531200497
-1.99902723735	0.140249377168
-1.98443579766	0.140962011608
-1.96984435798	0.141669116405
-1.95525291829	0.142370703835
-1.9406614786	0.143066785861
-1.92607003891	0.143757374135
-1.91147859922	0.144442480001
-1.89688715953	0.145122114496
-1.88229571984	0.145796288354
-1.86770428015	0.146465012007
-1.85311284047	0.147128295596
-1.83852140078	0.147786148966
-1.82392996109	0.148438581678
-1.8093385214	0.149085603011
-1.79474708171	0.149727221967
-1.78015564202	0.150363447279
-1.76556420233	0.150994287414
-1.75097276265	0.151619750579
-1.73638132296	0.152239844729
-1.72178988327	0.152854577572
-1.70719844358	0.153463956573
-1.69260700389	0.154067988964
-1.6780155642	0.154666681747
-1.66342412451	0.155260041701
-1.64883268482	0.155848075389
-1.63424124514	0.156430789162
-1.61964980545	0.157008189167
-1.60505836576	0.157580281352
-1.59046692607	0.158147071473
-1.57587548638	0.158708565096
-1.56128404669	0.159264767607
-1.546692607	0.159815684217
-1.53210116731	0.160361319965
-1.51750972763	0.160901679726
-1.50291828794	0.161436768212
-1.48832684825	0.161966589984
-1.47373540856	0.162491149451
-1.45914396887	0.163010450877
-1.44455252918	0.163524498386
-1.42996108949	0.164033295966
-1.4153696498	0.164536847475
-1.40077821012	0.165035156642
-1.38618677043	0.165528227077
-1.37159533074	0.166016062268
-1.35700389105	0.166498665591
-1.34241245136	0.166976040309
-1.32782101167	0.167448189582
-1.31322957198	0.167915116463
-1.29863813229	0.168376823907
-1.28404669261	0.168833314773
-1.26945525292	0.169284591828
-1.25486381323	0.169730657748
-1.24027237354	0.170171515121
-1.22568093385	0.170607166455
-1.21108949416	0.171037614174
-1.19649805447	0.171462860626
-1.18190661479	0.171882908081
-1.1673151751	0.17229775874
-1.15272373541	0.172707414731
-1.13813229572	0.173111878115
-1.12354085603	0.173511150887
-1.10894941634	0.173905234979
-1.09435797665	0.174294132261
-1.07976653696	0.174677844547
-1.06517509728	0.175056373589
-1.05058365759	0.175429721088
-1.0359922179	0.175797888688
-1.02140077821	0.176160877984
-1.00680933852	0.176518690521
-0.992217898832	0.176871327795
-0.977626459143	0.177218791254
-0.963035019454	0.177561082303
-0.948443579766	0.177898202302
-0.933852140077	0.178230152569
-0.919260700388	0.178556934382
-0.9046692607	0.178878548978
-0.890077821011	0.179194997556
-0.875486381322	0.179506281278
-0.860894941633	0.179812401269
-0.846303501945	0.180113358621
-0.831712062256	0.18040915439
-0.817120622567	0.180699789601
-0.802529182879	0.180985265245
-0.78793774319	0.181265582284
-0.773346303501	0.181540741649
-0.758754863812	0.181810744242
-0.744163424124	0.182075590937
-0.729571984435	0.182335282581
-0.714980544746	0.182589819991
-0.700389105058	0.182839203963
-0.685797665369	0.183083435263
-0.67120622568	0.183322514637
-0.656614785991	0.183556442802
-0.642023346303	0.183785220457
-0.627431906614	0.184008848273
-0.612840466925	0.184227326903
-0.598249027237	0.184440656977
-0.583657587548	0.184648839103
-0.569066147859	0.18485187387
-0.55447470817	0.185049761846
-0.539883268482	0.185242503579
-0.525291828793	0.185430099599
-0.510700389104	0.185612550417
-0.496108949416	0.185789856526
-0.481517509727	0.1859620184
-0.466926070038	0.186129036497
-0.452334630349	0.186290911256
-0.437743190661	0.186447643101
-0.423151750972	0.186599232439
-0.408560311283	0.186745679661
-0.393968871594	0.18688698514
-0.379377431906	0.187023149238
-0.364785992217	0.187154172296
-0.350194552528	0.187280054646
-0.33560311284	0.1874007966
-0.321011673151	0.187516398459
-0.306420233462	0.187626860507
-0.291828793773	0.187732183017
-0.277237354085	0.187832366246
-0.262645914396	0.187927410436
-0.248054474707	0.188017315819
-0.233463035019	0.188102082612
-0.21887159533	0.188181711017
-0.204280155641	0.188256201225
-0.189688715952	0.188325553414
-0.175097276264	0.188389767749
-0.160505836575	0.188448844382
-0.145914396886	0.188502783453
-0.131322957198	0.188551585088
-0.116731517509	0.188595249402
-0.10214007782	0.188633776498
-0.0875486381314	0.188667166466
-0.0729571984427	0.188695419384
-0.058365758754	0.188718535318
-0.0437743190653	0.188736514323
-0.0291828793766	0.188749356438
-0.0145914396879	0.188757061696
8.5975671027e-13	0.188759630113
0.0145914396896	0.188757061696
0.0291828793783	0.188749356438
0.043774319067	0.188736514323
0.0583657587557	0.188718535318
0.0729571984444	0.188695419384
0.0875486381332	0.188667166466
0.102140077822	0.188633776498
0.116731517511	0.188595249402
0.131322957199	0.188551585088
0.145914396888	0.188502783453
0.160505836577	0.188448844382
0.175097276265	0.188389767749
0.189688715954	0.188325553414
0.204280155643	0.188256201225
0.218871595332	0.188181711017
0.23346303502	0.188102082612
0.248054474709	0.188017315819
0.262645914398	0.187927410436
0.277237354086	0.187832366246
0.291828793775	0.187732183017
0.306420233464	0.187626860507
0.321011673153	0.187516398459
0.335603112841	0.1874007966
0.35019455253	0.187280054646
0.364785992219	0.187154172296
0.379377431907	0.187023149238
0.393968871596	0.18688698514
0.408560311285	0.186745679661
0.423151750974	0.186599232439
0.437743190662	0.186447643101
0.452334630351	0.186290911256
0.46692607004	0.186129036497
0.481517509729	0.1859620184
0.496108949417	0.185789856526
0.510700389106	0.185612550417
0.525291828795	0.185430099599
0.539883268483	0.185242503579
0.554474708172	0.185049761846
0.569066147861	0.18485187387
0.58365758755	0.184648839103
0.598249027238	0.184440656977
0.612840466927	0.184227326903
0.627431906616	0.184008848273
0.642023346304	0.183785220457
0.656614785993	0.183556442802
0.671206225682	0.183322514637
0.685797665371	0.183083435263
0.700389105059	0.182839203963
0.714980544748	0.182589819991
0.729571984437	0.182335282581
0.744163424125	0.182075590937
0.758754863814	0.181810744242
0.773346303503	0.181540741649
0.787937743192	0.181265582284
0.80252918288	0.180985265245
0.817120622569	0.180699789601
0.831712062258	0.18040915439
0.846303501946	0.180113358621
0.860894941635	0.179812401269
0.875486381324	0.179506281278
0.890077821013	0.179194997556
0.904669260701	0.178878548978
0.91926070039	0.178556934382
0.933852140079	0.178230152569
0.948443579767	0.177898202302
0.963035019456	0.177561082303
0.977626459145	0.177218791254
0.992217898834	0.176871327795
1.00680933852	0.176518690521
1.02140077821	0.176160877984
1.0359922179	0.175797888688
1.05058365759	0.175429721088
1.06517509728	0.175056373589
1.07976653697	0.174677844547
1.09435797665	0.174294132261
1.10894941634	0.173905234979
1.12354085603	0.173511150887
1.13813229572	0.173111878115
1.15272373541	0.172707414731
1.1673151751	0.17229775874
1.18190661479	0.171882908081
1.19649805448	0.171462860626
1.21108949416	0.171037614174
1.22568093385	0.170607166455
1.24027237354	0.170171515121
1.25486381323	0.169730657748
1.26945525292	0.169284591828
1.28404669261	0.168833314773
1.2986381323	0.168376823907
1.31322957199	0.167915116463
1.32782101167	0.167448189582
1.34241245136	0.166976040309
1.35700389105	0.166498665591
1.37159533074	0.166016062268
1.38618677043	0.165528227077
1.40077821012	0.165035156643
1.41536964981	0.164536847475
1.4299610895	0.164033295966
1.44455252918	0.163524498386
1.45914396887	0.163010450877
1.47373540856	0.162491149451
1.48832684825	0.161966589984
1.50291828794	0.161436768212
1.51750972763	0.160901679726
1.53210116732	0.160361319965
1.546692607	0.159815684217
1.56128404669	0.159264767607
1.57587548638	0.158708565096
1.59046692607	0.158147071473
1.60505836576	0.157580281352
1.61964980545	0.157008189167
1.63424124514	0.156430789162
1.64883268483	0.155848075389
1.66342412451	0.155260041701
1.6780155642	0.154666681747
1.69260700389	0.154067988964
1.70719844358	0.153463956573
1.72178988327	0.152854577572
1.73638132296	0.152239844729
1.75097276265	0.151619750579
1.76556420234	0.150994287414
1.78015564202	0.150363447279
1.79474708171	0.149727221968
1.8093385214	0.149085603011
1.82392996109	0.148438581678
1.83852140078	0.147786148966
1.85311284047	0.147128295596
1.86770428016	0.146465012008
1.88229571985	0.145796288354
1.89688715953	0.145122114496
1.91147859922	0.144442480001
1.92607003891	0.143757374135
1.9406614786	0.143066785861
1.95525291829	0.142370703835
1.96984435798	0.141669116405
1.98443579767	0.140962011608
1.99902723736	0.140249377168
2.01361867704	0.139531200497
2.02821011673	0.138807468696
2.04280155642	0.138078168553
2.05739299611	0.13734328655
2.0719844358	0.136602808863
2.08657587549	0.13585672137
2.10116731518	0.135105009654
2.11575875486	0.134347659014
2.13035019455	0.133584654469
2.14494163424	0.132815980778
2.15953307393	0.132041622445
2.17412451362	0.131261563736
2.18871595331	0.130475788699
2.203307393	0.129684281183
2.21789883269	0.128887024857
2.23249027237	0.12808400324
2.24708171206	0.127275199725
2.26167315175	0.126460597612
2.27626459144	0.125640180142
2.29085603113	0.124813930535
2.30544747082	0.123981832034
2.32003891051	0.123143867948
2.3346303502	0.122300021703
2.34922178988	0.1214502769
2.36381322957	0.120594617369
2.37840466926	0.11973302724
2.39299610895	0.118865491008
2.40758754864	0.117991993611
2.42217898833	0.117112520514
2.43677042802	0.116227057791
2.45136186771	0.115335592225
2.46595330739	0.114438111408
2.48054474708	0.113534603846
2.49513618677	0.112625059081
2.50972762646	0.111709467808
2.52431906615	0.11078782201
2.53891050584	0.109860115098
2.55350194553	0.108926342057
2.56809338522	0.107986499607
2.5826848249	0.107040586365
2.59727626459	0.106088603023
2.61186770428	0.10513055253
2.62645914397	0.104166440294
2.64105058366	0.103196274377
2.65564202335	0.102220065717
2.67023346304	0.101237828351
2.68482490272	0.100249579648
2.69941634241	0.0992553405579
2.7140077821	0.0982551358637
2.72859922179	0.0972489944499
2.74319066148	0.0962369495774
2.75778210117	0.0952190391697
2.77237354086	0.0941953061082
2.78696498055	0.0931657985373
2.80155642023	0.0921305701783
2.81614785992	0.0910896806516
2.83073929961	0.0900431958073
2.8453307393	0.0889911880628
2.85992217899	0.0879337367468
2.87451361868	0.0868709284498
2.88910505837	0.0858028573784
2.90369649806	0.0847296257143
2.91828793774	0.0836513439749
2.93287937743	0.0825681313761
2.94747081712	0.0814801161942
2.96206225681	0.080387436127
2.9766536965	0.0792902386505
2.99124513619	0.0781886813717
3.00583657588	0.0770829323732
3.02042801557	0.0759731705498
3.03501945525	0.0748595859335
3.04961089494	0.073742380005
3.06420233463	0.0726217659891
3.07879377432	0.0714979691328
3.09338521401	0.0703712269614
3.1079766537	0.0692417895114
3.12256809339	0.0681099195376
3.13715953307	0.0669758926905
3.15175097276	0.0658399976619
3.16634241245	0.0647025362957
3.18093385214	0.0635638236608
3.19552529183	0.0624241880837
3.21011673152	0.0612839711376
3.22470817121	0.0601435275845
3.2392996109	0.0590032252694
3.25389105058	0.057863444962
3.26848249027	0.0567245801451
3.28307392996	0.0555870367458
3.29766536965	0.054451232809
3.31225680934	0.0533175981103
3.32684824903	0.0521865737066
3.34143968872	0.0510586114244
3.35603112841	0.049934173283
3.37062256809	0.0488137308533
3.38521400778	0.0476977645515
3.39980544747	0.0465867628676
3.41439688716	0.0454812215302
3.42898832685	0.0443816426077
3.44357976654	0.0432885335479
3.45817120623	0.0422024061576
3.47276264592	0.0411237755263
3.4873540856	0.0400531588945
3.50194552529	0.0389910744726
3.51653696498	0.037938040213
3.53112840467	0.0368945725409
3.54571984436	0.0358611850479
3.56031128405	0.0348383871555
3.57490272374	0.0338266827524
3.58949416343	0.0328265688146
3.60408560311	0.0318385340122
3.6186770428	0.0308630573127
3.63326848249	0.0299006065867
3.64785992218	0.0289516372236
3.66245136187	0.0280165907656
3.67704280156	0.0270958935684
3.69163424125	0.0261899554946
3.70622568093	0.0252991686502
3.72081712062	0.0244239061695
3.73540856031	0.0235645210585
3.75	0.0227213451017
3.76459143969	0.021894687841
3.77918287938	0.0210848356329
3.79377431907	0.0202920507896
3.80836575876	0.01951657081
3.82295719844	0.0187586077066
3.83754863813	0.0180183474302
3.85214007782	0.0172959493994
3.86673151751	0.0165915461346
3.8813229572	0.0159052430018
3.89591439689	0.0152371180648
3.91050583658	0.0145872220488
3.92509727627	0.0139555784139
3.93968871595	0.0133421835382
3.95428015564	0.0127470070077
3.96887159533	0.0121699920129
3.98346303502	0.0116110558456
3.99805447471	0.0110700904947
4.0126459144	0.0105469633356
4.02723735409	0.0100415179066
4.04182879378	0.00955357476904
4.05642023346	0.00908293244294
4.07101167315	0.00862936841246
4.08560311284	0.00819264019384
4.10019455253	0.00777248645855
4.11478599222	0.00736862820431
4.12937743191	0.00698076996605
4.1439688716	0.00660860105941
4.15856031129	0.00625179684874
4.17315175097	0.00591002003227
4.18774319066	0.00558292193664
4.20233463035	0.00527014381371
4.21692607004	0.00497131813252
4.23151750973	0.00468606985948
4.24610894942	0.00441401772067
4.26070038911	0.00415477543995
4.27529182879	0.00390795294744
4.28988326848	0.00367315755318
4.30447470817	0.00344999508129
4.31906614786	0.00323807096036
4.33365758755	0.00303699126661
4.34824902724	0.00284636371633
4.36284046693	0.00266579860516
4.37743190662	0.00249490969192
4.3920233463	0.00233331502529
4.40661478599	0.00218063771217
4.42120622568	0.00203650662685
4.43579766537	0.00190055706078
4.45038910506	0.00177243131287
4.46498054475	0.00165177922094
4.47957198444	0.00153825863486
4.49416342413	0.00143153583284
4.50875486381	0.00133128588195
4.5233463035	0.00123719294485
4.53793774319	0.00114895053436
4.55252918288	0.00106626171819
4.56712062257	0.000988839275998
4.58171206226	0.000916405811167
4.59630350195	0.000848693819897
4.61089494164	0.000785445720135
4.62548638132	0.000726413843039
4.64007782101	0.000671360389652
4.6546692607	0.000620057355472
4.66926070039	0.000572286425614
4.68385214008	0.000527838843204
4.69844357977	0.000486515253621
4.71303501946	0.00044812552712
4.72762645915	0.000412488562316
4.74221789883	0.000379432072888
4.75680933852	0.000348792359819
4.77140077821	0.000320414071319
4.7859922179	0.000294149952529
4.80058365759	0.000269860586938
4.81517509728	0.000247414131374
4.82976653697	0.000226686046256
4.84435797665	0.000207558822734
4.85894941634	0.000189921708163
4.87354085603	0.000173670431278
4.88813229572	0.00015870692831
4.90272373541	0.000144939071149
4.9173151751	0.000132280398574
4.93190661479	0.000120649851448
4.94649805448	0.000109971512669
4.96108949416	0.000100174352584
4.97568093385	9.11919804627e-05
4.99027237354	8.29624025502e-05
5.00486381323	7.5427787126e-05
5.01945525292	6.85342369312e-05
5.03404669261	6.22315692381e-05
5.0486381323	5.64731037809e-05
5.06322957199	5.12154586998e-05
5.07782101167	4.64183545948e-05
5.09241245136	4.20444267356e-05
5.10700389105	3.80590454258e-05
5.12159533074	3.44301444798e-05
5.13618677043	3.11280577326e-05
5.15077821012	2.81253634702e-05
5.16536964981	2.53967366405e-05
5.1799610895	2.2918808678e-05
5.19455252918	2.06700347566e-05
5.20914396887	1.86305682654e-05
5.22373540856	1.67821422881e-05
5.23832684825	1.51079578541e-05
5.25291828794	1.35925787222e-05
5.26750972763	1.22218324487e-05
5.28210116732	1.09827174873e-05
5.29669260701	9.86331606728e-06
5.31128404669	8.85271259324e-06
5.32587548638	7.94091731238e-06
5.34046692607	7.11879499535e-06
5.35505836576	6.37799838145e-06
5.36964980545	5.71090614277e-06
5.38424124514	5.11056512676e-06
5.39883268483	4.57063664311e-06
5.41342412451	4.08534656745e-06
5.4280155642	3.649439041e-06
5.44260700389	3.25813355371e-06
5.45719844358	2.90708520542e-06
5.47178988327	2.59234794843e-06
5.48638132296	2.31034062262e-06
5.50097276265	2.05781560289e-06
5.51556420234	1.83182988696e-06
5.53015564202	1.62971845996e-06
5.54474708171	1.4490697804e-06
5.5593385214	1.2877032403e-06
5.57392996109	1.14364846023e-06
5.58852140078	1.01512628783e-06
5.60311284047	9.00531375707e-07
5.61770428016	7.98416222314e-07
5.63229571985	7.07476566082e-07
5.64688715953	6.26538030191e-07
5.66147859922	5.54543921722e-07
5.67607003891	4.90544095242e-07
5.6906614786	4.33684796816e-07
5.70525291829	3.83199410169e-07
5.71984435798	3.38400032043e-07
5.73443579767	2.98669808997e-07
5.74902723736	2.63455972656e-07
5.76361867704	2.32263515055e-07
5.77821011673	2.0464944999e-07
5.79280155642	1.80217610343e-07
5.80739299611	1.58613935174e-07
5.8219844358	1.39522203907e-07
5.83657587549	1.22660178298e-07
5.85116731518	1.07776115968e-07
5.86575875487	9.46456222137e-08
5.88035019455	8.3068809488e-08
5.89494163424	7.28677364878e-08
5.90953307393	6.38841011025e-08
5.92412451362	5.59771636536e-08
5.93871595331	4.90218788654e-08
5.953307393	4.29072168577e-08
5.96789883269	3.7534655173e-08
5.98249027237	3.28168254226e-08
5.99708171206	2.86762996079e-08
6.01167315175	2.50445025004e-08
6.02626459144	2.18607377074e-08
6.04085603113	1.9071316174e-08
6.05544747082	1.66287769162e-08
6.07003891051	1.44911907259e-08
6.0846303502	1.26215384634e-08
6.09922178988	1.09871563396e-08
6.11381322957	9.55924132696e-09
6.12840466926	8.3124104897e-09
6.14299610895	7.2243086334e-09
6.15758754864	6.27525921942e-09
6.17217898833	5.44795399078e-09
6.18677042802	4.7271772071e-09
6.20136186771	4.09956079985e-09
6.21595330739	3.55336712886e-09
6.23054474708	3.07829636204e-09
6.24513618677	2.66531580299e-09
6.25972762646	2.30650876845e-09
6.27431906615	1.99494086655e-09
6.28891050584	1.72454175201e-09
6.30350194553	1.49000063689e-09
6.31809338522	1.2866740187e-09
6.3326848249	1.11050425053e-09
6.34727626459	9.5794772817e-10
6.36186770428	8.25911599158e-10
6.37645914397	7.11698019671e-10
6.39105058366	6.12955090919e-10
6.40564202335	5.27633703072e-10
6.42023346304	4.53949599958e-10
6.43482490272	3.90350054714e-10
6.44941634241	3.35484614362e-10
6.4640077821	2.88179433641e-10
6.47859922179	2.47414771712e-10
6.49319066148	2.12305274764e-10
6.50778210117	1.82082710531e-10
6.52237354086	1.56080859494e-10
6.53696498055	1.33722301626e-10
6.55155642023	1.14506868331e-10
6.56614785992	9.80015557765e-11
6.58073929961	8.38317205065e-11
6.5953307393	7.16733989257e-11
6.60992217899	6.12466114619e-11
6.62451361868	5.23095287167e-11
6.63910505837	4.46533918635e-11
6.65369649806	3.80980924284e-11
6.66828793774	3.2488328312e-11
6.68287937743	2.76902628754e-11
6.69747081712	2.35886231497e-11
6.71206225681	2.00841809004e-11
6.7266536965	1.70915674174e-11
6.74124513619	1.45373789321e-11
6.75583657588	1.23585350338e-11
6.77042801557	1.05008571316e-11
6.78501945525	8.91783824634e-12
6.79961089494	7.56957895644e-12
6.81420233463	6.42186768555e-12
6.82879377432	5.44538617316e-12
6.84338521401	4.61502351877e-12
6.8579766537	3.90928430857e-12
6.87256809339	3.30977823839e-12
6.88715953308	2.8007802463e-12
6.90175097276	2.36885167284e-12
6.91634241245	2.00251413037e-12
6.93093385214	1.69196895713e-12
6.94552529183	1.42885599834e-12
6.96011673152	1.20604633447e-12
6.97470817121	1.01746427577e-12
6.9892996109	8.57934589728e-13
7.00389105058	7.23051449297e-13
7.01848249027	6.09066093007e-13
7.03307392996	5.12790562495e-13
7.04766536965	4.31515284795e-13
7.06225680934	3.6293853368e-13
7.07684824903	3.05106100019e-13
7.09143968872	2.56359720177e-13
7.10603112841	2.15293019727e-13
7.12062256809	1.80713893421e-13
7.13521400778	1.51612407007e-13
7.14980544747	1.27133416542e-13
7.16439688716	1.06553234528e-13
7.17898832685	8.9259750406e-14
7.19357976654	7.47355053922e-14
7.20817120623	6.25432901175e-14
7.22276264592	5.23138973725e-14
7.2373540856	4.37357111444e-14
7.25194552529	3.65458643247e-14
7.26653696498	3.0522729575e-14
7.28112840467	2.54795496138e-14
7.29571984436	2.12590340113e-14
7.31031128405	1.77287806811e-14
7.32490272374	1.47773963904e-14
7.33949416343	1.23112131256e-14
7.35408560311	1.02515089739e-14
7.3686770428	8.53215875138e-15
7.38326848249	7.0976469762e-15
7.39785992218	5.90139046365e-15
7.41245136187	4.90432164698e-15
7.42704280156	4.07369337191e-15
7.44163424125	3.38207060328e-15
7.45622568094	2.80648103331e-15
7.47081712062	2.32769890243e-15
7.48540856031	1.92964283804e-15
7.5	1.59886779699e-15
7.51459143969	1.32413846531e-15
7.52918287938	1.09607408548e-15
7.54377431907	9.06843473647e-16
7.55836575876	7.4991278606e-16
7.57295719844	6.19833942203e-16
7.58754863813	5.12066337035e-16
7.60214007782	4.22827815882e-16
7.61673151751	3.48969477342e-16
7.6313229572	2.87871088702e-16
7.64591439689	2.37353419597e-16
7.66050583658	1.95604986605e-16
7.67509727627	1.61120733257e-16
7.68968871595	1.32650892301e-16
7.70428015564	1.09158166872e-16
7.71887159533	8.97821109252e-17
7.73346303502	7.38092886264e-17
7.74805447471	6.06484892331e-17
7.7626459144	4.98100341932e-17
7.77723735409	4.08885484317e-17
7.79182879378	3.35486171683e-17
7.80642023346	2.75128663037e-17
7.82101167315	2.25520135617e-17
7.83560311284	1.84766566409e-17
7.85019455253	1.51303901619e-17
7.86478599222	1.23841364409e-17
7.87937743191	1.01314178247e-17
7.8939688716	8.28445236934e-18
7.90856031129	6.77090111163e-18
7.92315175097	5.53118778558e-18
7.93774319066	4.51626728867e-18
7.95233463035	3.68578972641e-18
7.96692607004	3.00656888378e-18
7.98151750973	2.45132937715e-18
7.99610894942	1.99766258432e-18
8.01070038911	1.62716965722e-18
8.0252918288	1.32474889762e-18
8.03988326848	1.0780144519e-18
8.05447470817	8.76810223615e-19
8.06906614786	7.12816503403e-19
8.08365758755	5.79216149434e-19
8.09824902724	4.7042977519e-19
8.11284046693	3.81891788683e-19
8.12743190662	3.09868538598e-19
8.1420233463	2.51307430887e-19
8.15661478599	2.03715773005e-19
8.17120622568	1.65057247302e-19
8.18579766537	1.33671075273e-19
8.20038910506	1.08201516596e-19
8.21498054475	8.75432126916e-20
8.22957198444	7.07953113419e-20
8.24416342413	5.72243366876e-20
8.25875486381	4.62327262082e-20
8.2733463035	3.73346967002e-20
8.28793774319	3.01348126792e-20
8.30252918288	2.43119866688e-20
8.31712062257	1.96050240075e-20
8.33171206226	1.58019508472e-20
8.34630350195	1.27306329081e-20
8.36089494164	1.0251492293e-20
8.37548638132	8.25123697035e-21
8.39007782101	6.63817354374e-21
8.4046692607	5.33790167343e-21
8.41926070039	4.29038095772e-21
8.43385214008	3.44685604075e-21
8.44844357977	2.76793105444e-21
8.46303501946	2.22172414594e-21
8.47762645915	1.78251351977e-21
8.49221789883	1.4294594054e-21
8.50680933852	1.14583471727e-21
8.52140077821	9.18060474388e-22
8.5359922179	7.35254934622e-22
8.55058365759	5.8860274244e-22
8.56517509728	4.71006969065e-22
8.57976653697	3.76739122693e-22
8.59435797666	3.01216193726e-22
8.60894941634	2.40720149768e-22
8.62354085603	1.92292962984e-22
8.63813229572	1.5353887845e-22
8.65272373541	1.22552909745e-22
8.6673151751	9.77817538742e-23
8.68190661479	7.7992701828e-23
8.69649805448	6.21864294672e-23
8.71108949416	4.95684363329e-23
8.72568093385	3.94935904604e-23
8.74027237354	3.14576370742e-23
8.75486381323	2.50465773346e-23
8.76945525292	1.99388060914e-23
8.78404669261	1.5868888428e-23
8.7986381323	1.26280363865e-23
8.81322957199	1.00469686319e-23
8.82782101167	7.99222061461e-24
8.84241245136	6.35506332519e-24
8.85700389105	5.05299926481e-24
8.87159533074	4.01579182829e-24
8.88618677043	3.19230414691e-24
8.90077821012	2.53806600715e-24
8.91536964981	2.01861874812e-24
8.9299610895	1.60572323601e-24
8.94455252918	1.27782336933e-24
8.95914396887	1.01655015379e-24
8.97373540856	8.09068678832e-25
8.98832684825	6.43685154394e-25
9.00291828794	5.12690027501e-25
9.01750972763	4.08745176578e-25
9.03210116732	3.26301971282e-25
9.04669260701	2.60556749152e-25
9.06128404669	2.08303841676e-25
9.07587548638	1.66388919855e-25
9.09046692607	1.33109128212e-25
9.10505836576	1.06277169779e-25
9.11964980545	8.51462663759e-26
9.13424124514	6.83611699031e-26
9.14883268483	5.50921885194e-26
9.16342412452	4.44315521214e-26
9.1780155642	3.59629788043e-26
9.19260700389	2.9058273107e-26
9.20719844358	2.35751666499e-26
9.22178988327	1.9079983799e-26
9.23638132296	1.55478091916e-26
9.25097276265	1.2697055967e-26
9.26556420234	1.04604179367e-26
9.28015564202	8.62974751417e-27
9.29474708171	7.17413684837e-27
9.3093385214	5.95734037865e-27
9.32392996109	4.97716791163e-27
9.33852140078	4.12590644564e-27
9.35311284047	3.48174328167e-27
9.36770428016	2.95906981734e-27
9.38229571985	2.55162298898e-27
9.39688715953	2.20067564305e-27
9.41147859922	1.91808620743e-27
9.42607003891	1.65023498822e-27
9.4406614786	1.43990954364e-27
9.45525291829	1.238031524e-27
9.46984435798	1.08745730771e-27
9.48443579767	9.73129469202e-28
9.49902723736	8.89399077926e-28
9.51361867704	8.04200176863e-28
9.52821011673	7.40336369737e-28
9.54280155642	6.72424483011e-28
9.55739299611	6.22383738092e-28
9.5719844358	5.67204668543e-28
9.58657587549	5.26593456802e-28
9.60116731518	4.91944447653e-28
9.61575875487	4.7322645489e-28
9.63035019455	4.49982432292e-28
9.64494163424	4.3098246897e-28
9.65953307393	4.03816772679e-28
9.67412451362	3.8436872487e-28
9.68871595331	3.58160799302e-28
9.703307393	3.41723824266e-28
9.71789883269	3.26544433927e-28
9.73249027237	3.17352246996e-28
9.74708171206	3.05638201256e-28
9.76167315175	2.93116099111e-28
9.77626459144	2.7062944763e-28
9.79085603113	2.56353997944e-28
9.80544747082	2.39718433818e-28
9.82003891051	2.28163601337e-28
9.8346303502	2.21361504762e-28
9.84922178988	2.20987737075e-28
9.86381322957	2.16861913223e-28
9.87840466926	2.16470764152e-28
9.89299610895	2.1212284637e-28
9.90758754864	2.12719179031e-28
9.92217898833	2.18888413012e-28
9.93677042802	2.19777343933e-28
9.95136186771	2.17070984791e-28
9.96595330739	2.17112150926e-28
9.98054474708	2.14916909434e-28
9.99513618677	2.12149021921e-28
10.0097276265	2.10092295226e-28
10.0243190661	2.13757411052e-28
10.0389105058	2.22497811237e-28
10.0535019455	2.24864988102e-28
10.0680933852	2.25771292116e-28
10.0826848249	2.25908420773e-28
10.0972762646	2.266719825e-28
10.1118677043	2.24779717257e-28
10.126459144	2.24077443465e-28
10.1410505837	2.30690234139e-28
10.1556420233	2.44632582261e-28
10.170233463	2.4905523807e-28
10.1848249027	2.53109368569e-28
10.1994163424	2.52472390517e-28
10.2140077821	2.50554835488e-28
10.2285992218	2.50959886169e-28
10.2431906615	2.57073772491e-28
10.2577821012	2.67514210985e-28
10.2723735409	2.87311464545e-28
10.2869649805	2.92484773083e-28
10.3015564202	2.96039888913e-28
10.3161478599	2.95625676751e-28
10.3307392996	2.92177341343e-28
10.3453307393	2.85184887828e-28
10.359922179	2.83773739979e-28
10.3745136187	2.86351797034e-28
10.3891050584	3.00713654268e-28
10.4036964981	3.03072781273e-28
10.4182879377	3.04034728632e-28
10.4328793774	3.02991799958e-28
10.4474708171	3.0102841769e-28
10.4620622568	2.9394403335e-28
10.4766536965	2.93748297354e-28
10.4912451362	2.99494263116e-28
10.5058365759	3.20844964939e-28
10.5204280156	3.25314566946e-28
10.5350194553	3.26859280467e-28
10.5496108949	3.22416276913e-28
10.5642023346	3.18784491786e-28
10.5787937743	3.11582477625e-28
10.593385214	3.10387860098e-28
10.6079766537	3.12963869259e-28
10.6225680934	3.30890282006e-28
10.6371595331	3.30244360641e-28
10.6517509728	3.2686838337e-28
10.6663424125	3.18838446335e-28
10.6809338521	3.12100255355e-28
10.6955252918	3.03573291933e-28
10.7101167315	3.02669488489e-28
10.7247081712	3.03080857108e-28
10.7392996109	3.15474130002e-28
10.7538910506	3.15168349301e-28
10.7684824903	3.17461510721e-28
10.78307393	3.18065918703e-28
10.7976653697	3.23368118047e-28
10.8122568093	3.1975321171e-28
10.826848249	3.20982127566e-28
10.8414396887	3.2724236459e-28
10.8560311284	3.47402993839e-28
10.8706225681	3.50618836372e-28
10.8852140078	3.4991809791e-28
10.8998054475	3.42822263707e-28
10.9143968872	3.44564938651e-28
10.9289883268	3.43229455385e-28
10.9435797665	3.46518114971e-28
10.9581712062	3.51829485078e-28
10.9727626459	3.75905201291e-28
10.9873540856	3.8511790315e-28
11.0019455253	3.93124077807e-28
11.016536965	4.07122978631e-28
11.0311284047	4.29364539828e-28
11.0457198444	4.65644062506e-28
11.060311284	5.19859887543e-28
11.0749027237	5.90805598684e-28
11.0894941634	6.99848347896e-28
11.1040856031	8.31286936459e-28
11.1186770428	1.0131589584e-27
11.1332684825	1.25743655741e-27
11.1478599222	1.58606846915e-27
11.1624513619	2.03072234858e-27
11.1770428016	2.63772997983e-27
11.1916342412	3.45981474924e-27
11.2062256809	4.59309894685e-27
11.2208171206	6.03268579907e-27
11.2354085603	8.11273504032e-27
11.25	1.00518579729e-26
11.2645914397	8.18702843053e-27
11.2791828794	6.15698499555e-27
11.2937743191	4.73617803379e-27
11.3083657588	3.63851237006e-27
11.3229571984	2.8149376397e-27
11.3375486381	2.19732578808e-27
11.3521400778	1.74368285709e-27
11.3667315175	1.40644912405e-27
11.3813229572	1.1507790169e-27
11.3959143969	9.73620940627e-28
11.4105058366	8.42037842077e-28
11.4250972763	7.51317437062e-28
11.439688716	6.82443115472e-28
11.4542801556	6.31351530062e-28
11.4688715953	5.93493961811e-28
11.483463035	5.69063540533e-28
11.4980544747	5.46799439478e-28
11.5126459144	5.43781940542e-28
11.5272373541	5.31029172392e-28
11.5418287938	5.24450428855e-28
11.5564202335	5.16109571234e-28
11.5710116732	5.11099906792e-28
11.5856031128	5.03401747839e-28
11.6001945525	5.02353615463e-28
11.6147859922	4.94048232367e-28
11.6293774319	4.93200059865e-28
11.6439688716	4.80924584319e-28
11.6585603113	4.69298676537e-28
11.673151751	4.42213836071e-28
11.6877431907	4.30983573682e-28
11.7023346304	4.23612596489e-28
11.71692607	4.2467121006e-28
11.7315175097	4.22997661927e-28
11.7461089494	4.34804690372e-28
11.7607003891	4.45476477537e-28
11.7752918288	4.66073777959e-28
11.7898832685	4.80207506584e-28
11.8044747082	4.97457576282e-28
11.8190661479	5.19879888765e-28
11.8336575876	5.42499297785e-28
11.8482490272	5.61054158072e-28
11.8628404669	5.96336733998e-28
11.8774319066	6.28442208155e-28
11.8920233463	6.56273357561e-28
11.906614786	6.81275929477e-28
11.9212062257	7.02214110881e-28
11.9357976654	7.12966915742e-28
11.9503891051	7.28357157095e-28
11.9649805447	7.25321461922e-28
11.9795719844	7.24519306074e-28
11.9941634241	7.16371856717e-28
12.0087548638	7.05142997096e-28
12.0233463035	6.84370115341e-28
12.0379377432	6.75063643359e-28
12.0525291829	6.66984213498e-28
12.0671206226	6.57874721479e-28
12.0817120623	6.47442726922e-28
12.0963035019	6.49083501374e-28
12.1108949416	6.5102675717e-28
12.1254863813	6.68075627415e-28
12.140077821	6.88109291287e-28
12.1546692607	7.04924038679e-28
12.1692607004	7.1506749441e-28
12.1838521401	7.24192971052e-28
12.1984435798	7.2405194565e-28
12.2130350195	7.27834827629e-28
12.2276264591	7.33155056414e-28
12.2422178988	7.43474378668e-28
12.2568093385	7.57149970764e-28
12.2714007782	7.72472159187e-28
12.2859922179	7.83627442337e-28
12.3005836576	8.00428990972e-28
12.3151750973	8.06682690826e-28
12.329766537	8.16843409319e-28
12.3443579767	8.26915723054e-28
12.3589494163	8.37705313791e-28
12.373540856	8.51821618886e-28
12.3881322957	8.72384475719e-28
12.4027237354	8.8756715879e-28
12.4173151751	8.97420235505e-28
12.4319066148	8.99836148451e-28
12.4464980545	9.06346911954e-28
12.4610894942	9.19538919645e-28
12.4756809339	9.45673448499e-28
12.4902723735	9.79654839181e-28
12.5048638132	1.00173924638e-27
12.5194552529	1.02122050292e-27
12.5340466926	1.03293215776e-27
12.5486381323	1.03077404749e-27
12.563229572	1.0367977349e-27
12.5778210117	1.03662130178e-27
12.5924124514	1.03230247355e-27
12.6070038911	1.03161834432e-27
12.6215953307	1.02475046794e-27
12.6361867704	1.01660314735e-27
12.6507782101	1.00348184154e-27
12.6653696498	9.87890387705e-28
12.6799610895	9.89826935086e-28
12.6945525292	1.00133916701e-27
12.7091439689	1.02217449197e-27
12.7237354086	1.06086066705e-27
12.7383268483	1.08847404757e-27
12.7529182879	1.09946297845e-27
12.7675097276	1.10004705488e-27
12.7821011673	1.09601847897e-27
12.796692607	1.09347965091e-27
12.8112840467	1.10274532534e-27
12.8258754864	1.12824348786e-27
12.8404669261	1.16105219441e-27
12.8550583658	1.17155359093e-27
12.8696498054	1.17984497086e-27
12.8842412451	1.17281038962e-27
12.8988326848	1.15570713093e-27
12.9134241245	1.15398599808e-27
12.9280155642	1.15558429459e-27
12.9426070039	1.15722964805e-27
12.9571984436	1.1695126107e-27
12.9717898833	1.16443232202e-27
12.986381323	1.15478098856e-27
13.0009727626	1.13476040015e-27
13.0155642023	1.11325404125e-27
13.030155642	1.09662292279e-27
13.0447470817	1.09219466254e-27
13.0593385214	1.09556706531e-27
13.0739299611	1.12156833283e-27
13.0885214008	1.12778465436e-27
13.1031128405	1.12047966074e-27
13.1177042802	1.10325078329e-27
13.1322957198	1.08682685293e-27
13.1468871595	1.07227667434e-27
13.1614785992	1.07106650315e-27
13.1760700389	1.08679580895e-27
13.1906614786	1.12159278362e-27
13.2052529183	1.12120052637e-27
13.219844358	1.12026055535e-27
13.2344357977	1.10342988767e-27
13.2490272374	1.07898947762e-27
13.263618677	1.06841947761e-27
13.2782101167	1.06362108285e-27
13.2928015564	1.05611467254e-27
13.3073929961	1.07717992607e-27
13.3219844358	1.08067550566e-27
13.3365758755	1.07815187544e-27
13.3511673152	1.05593402655e-27
13.3657587549	1.03726846638e-27
13.3803501946	1.01847962159e-27
13.3949416342	1.01001047383e-27
13.4095330739	1.01962284841e-27
13.4241245136	1.05151011628e-27
13.4387159533	1.0529090468e-27
13.453307393	1.06050922975e-27
13.4678988327	1.05377235012e-27
13.4824902724	1.04556188317e-27
13.4970817121	1.02800109905e-27
13.5116731518	1.03126563643e-27
13.5262645914	1.04314960723e-27
13.5408560311	1.07736539797e-27
13.5554474708	1.08926863915e-27
13.5700389105	1.09882260497e-27
13.5846303502	1.09107519087e-27
13.5992217899	1.07904971065e-27
13.6138132296	1.07300868118e-27
13.6284046693	1.07860782918e-27
13.642996109	1.08251623301e-27
13.6575875486	1.12558001521e-27
13.6721789883	1.14042940775e-27
13.686770428	1.1439117284e-27
13.7013618677	1.14078220321e-27
13.7159533074	1.14642313837e-27
13.7305447471	1.14130423295e-27
13.7451361868	1.14223527236e-27
13.7597276265	1.15088606493e-27
13.7743190661	1.1874760496e-27
13.7889105058	1.18741785865e-27
13.8035019455	1.18966107059e-27
13.8180933852	1.17144369273e-27
13.8326848249	1.15337428845e-27
13.8472762646	1.14033213555e-27
13.8618677043	1.14714606522e-27
13.876459144	1.15110616835e-27
13.8910505837	1.17821630679e-27
13.9056420233	1.17678715421e-27
13.920233463	1.1771064767e-27
13.9348249027	1.15903605978e-27
13.9494163424	1.15409327668e-27
13.9640077821	1.14876943059e-27
13.9785992218	1.15521027017e-27
13.9931906615	1.15799592001e-27
14.0077821012	1.1977108639e-27
14.0223735409	1.19957938649e-27
14.0369649805	1.18987659751e-27
14.0515564202	1.17105935082e-27
14.0661478599	1.16126086437e-27
14.0807392996	1.14078260938e-27
14.0953307393	1.14512825975e-27
14.109922179	1.15712835902e-27
14.1245136187	1.1970458598e-27
14.1391050584	1.1955876658e-27
14.1536964981	1.19561005306e-27
14.1682879377	1.17534567726e-27
14.1828793774	1.15997900932e-27
14.1974708171	1.14255018157e-27
14.2120622568	1.14018157066e-27
14.2266536965	1.1360341499e-27
14.2412451362	1.17460485853e-27
14.2558365759	1.18574873687e-27
14.2704280156	1.19023790515e-27
14.2850194553	1.16809986934e-27
14.2996108949	1.16016695598e-27
14.3142023346	1.14635291285e-27
14.3287937743	1.14521365102e-27
14.343385214	1.15086454954e-27
14.3579766537	1.19534034951e-27
14.3725680934	1.19798082453e-27
14.3871595331	1.18796250271e-27
14.4017509728	1.16485037103e-27
14.4163424125	1.15424998601e-27
14.4309338521	1.12853055594e-27
14.4455252918	1.12406910578e-27
14.4601167315	1.12155132983e-27
14.4747081712	1.14744031802e-27
14.4892996109	1.14712293673e-27
14.5038910506	1.15385689802e-27
14.5184824903	1.1393467916e-27
14.53307393	1.13171149674e-27
14.5476653697	1.12131206214e-27
14.5622568093	1.11749240764e-27
14.576848249	1.10960583127e-27
14.5914396887	1.14677014548e-27
14.6060311284	1.15257819955e-27
14.6206225681	1.15366838563e-27
14.6352140078	1.12553267357e-27
14.6498054475	1.10889241547e-27
14.6643968872	1.08461248782e-27
14.6789883268	1.06818304987e-27
14.6935797665	1.05242715962e-27
14.7081712062	1.06855478102e-27
14.7227626459	1.05261699405e-27
14.7373540856	1.03995754786e-27
14.7519455253	1.01062276777e-27
14.766536965	9.9386000953e-28
14.7811284047	9.54300633785e-28
14.7957198444	9.32186495038e-28
14.810311284	9.05544919449e-28
14.8249027237	8.94322678305e-28
14.8394941634	8.53670653845e-28
14.8540856031	8.10874134724e-28
14.8686770428	7.53893287609e-28
14.8832684825	7.1614986024e-28
14.8978599222	6.87365591342e-28
14.9124513619	6.87128886743e-28
14.9270428016	7.19187521043e-28
14.9416342412	8.49242507979e-28
14.9562256809	1.0721294609e-27
14.9708171206	1.44673687783e-27
14.9854085603	2.15980089574e-27
15.0	2.93282011008e-27
