-14.9854085603	2.83314470124e-27
-14.9708171206	1.70503826713e-27
-14.9562256809	1.04648518667e-27
-14.9416342412	6.19394053434e-28
-14.9270428016	3.71812588671e-28
-14.9124513619	2.31513263903e-28
-14.8978599222	1.61492778263e-28
-14.8832684825	1.28641410042e-28
-14.8686770428	1.25881990518e-28
-14.8540856031	1.33050921994e-28
-14.8394941634	1.48837743584e-28
-14.8249027237	1.53037492155e-28
-14.810311284	1.72671658013e-28
-14.7957198444	1.89093388062e-28
-14.7811284047	2.13114808609e-28
-14.766536965	2.31279149719e-28
-14.7519455253	2.48662268368e-28
-14.7373540856	2.59322535728e-28
-14.7227626459	2.64985883655e-28
-14.7081712062	2.48649590333e-28
-14.6935797665	2.54363825255e-28
-14.6789883268	2.60234049079e-28
-14.6643968872	2.72540370279e-28
-14.6498054475	2.80162820561e-28
-14.6352140078	2.95395719801e-28
-14.6206225681	2.97639798846e-28
-14.6060311284	2.97425440904e-28
-14.5914396887	2.77616050346e-28
-14.576848249	2.76894528539e-28
-14.5622568093	2.77806127801e-28
-14.5476653696	2.90910389598e-28
-14.53307393	2.96325917904e-28
-14.5184824903	3.06235711087e-28
-14.5038910506	3.09398587585e-28
-14.4892996109	3.11477935416e-28
-14.4747081712	2.92034298609e-28
-14.4601167315	2.91657476723e-28
-14.4455252918	2.91503517968e-28
-14.4309338521	3.02427608785e-28
-14.4163424125	3.06314353659e-28
-14.4017509728	3.14939575656e-28
-14.3871595331	3.14188484821e-28
-14.3725680934	3.12133180173e-28
-14.3579766537	2.8809779018e-28
-14.343385214	2.84225209105e-28
-14.3287937743	2.82603359402e-28
-14.3142023346	2.92374842543e-28
-14.2996108949	2.96934616363e-28
-14.2850194553	3.06776293732e-28
-14.2704280156	3.06476919362e-28
-14.2558365759	3.04632660757e-28
-14.2412451362	2.81561798917e-28
-14.2266536965	2.79251287348e-28
-14.2120622568	2.75850712276e-28
-14.1974708171	2.82883081453e-28
-14.1828793774	2.84526109922e-28
-14.1682879377	2.90115633131e-28
-14.1536964981	2.85980507616e-28
-14.1391050584	2.79665521851e-28
-14.1245136187	2.51214391717e-28
-14.109922179	2.44475204772e-28
-14.0953307393	2.39006518369e-28
-14.0807392996	2.429693213e-28
-14.0661478599	2.43906871516e-28
-14.0515564202	2.49513092653e-28
-14.0369649805	2.45462858135e-28
-14.0223735409	2.40110385106e-28
-14.0077821012	2.14662980389e-28
-13.9931906615	2.07588075063e-28
-13.9785992218	2.01188527417e-28
-13.9640077821	2.0438550608e-28
-13.9494163424	2.02194206304e-28
-13.9348249027	2.05180998258e-28
-13.920233463	2.00331811001e-28
-13.9056420233	1.93361286755e-28
-13.8910505837	1.70020596819e-28
-13.876459144	1.63607273584e-28
-13.8618677043	1.58748011095e-28
-13.8472762646	1.62226563323e-28
-13.8326848249	1.6186033069e-28
-13.8180933852	1.65293086889e-28
-13.8035019455	1.61901593032e-28
-13.7889105058	1.54949910055e-28
-13.7743190661	1.33647963591e-28
-13.7597276265	1.28389813368e-28
-13.7451361868	1.24377814292e-28
-13.7305447471	1.2722896507e-28
-13.7159533074	1.26837638617e-28
-13.7013618677	1.29361734466e-28
-13.686770428	1.24411078669e-28
-13.6721789883	1.18180796733e-28
-13.6575875486	9.98239806003e-29
-13.6429961089	9.42246568202e-29
-13.6284046693	9.10919210951e-29
-13.6138132296	9.27103537122e-29
-13.5992217899	9.21684252314e-29
-13.5846303502	9.57019191845e-29
-13.5700389105	9.35079000036e-29
-13.5554474708	8.92586170788e-29
-13.5408560311	7.53543871346e-29
-13.5262645914	7.22341076012e-29
-13.5116731518	7.06518829413e-29
-13.4970817121	7.34065968804e-29
-13.4824902724	7.43948327804e-29
-13.4678988327	7.74700464827e-29
-13.453307393	7.54587445201e-29
-13.4387159533	7.13749498792e-29
-13.4241245136	6.00784354331e-29
-13.4095330739	5.65197978306e-29
-13.3949416342	5.46539404535e-29
-13.3803501946	5.66575378586e-29
-13.3657587549	5.741695264e-29
-13.3511673152	6.1015489207e-29
-13.3365758755	6.15902439727e-29
-13.3219844358	6.12396945608e-29
-13.3073929961	5.68442387462e-29
-13.2928015564	5.84819332493e-29
-13.2782101167	6.04811230951e-29
-13.263618677	6.29339876912e-29
-13.2490272374	6.37450434164e-29
-13.2344357977	6.44861020469e-29
-13.219844358	6.26793293561e-29
-13.2052529183	6.0212796503e-29
-13.1906614786	5.58103814072e-29
-13.1760700389	5.47835021056e-29
-13.1614785992	5.37720729099e-29
-13.1468871595	5.42014952838e-29
-13.1322957198	5.26865665391e-29
-13.1177042802	5.24340335641e-29
-13.1031128405	5.04454158913e-29
-13.0885214008	4.70044974962e-29
-13.0739299611	4.31818731415e-29
-13.0593385214	4.14964649098e-29
-13.0447470817	4.07532877993e-29
-13.030155642	3.93244233857e-29
-13.0155642023	3.86784809135e-29
-13.0009727626	3.85553317839e-29
-12.986381323	3.67488044012e-29
-12.9717898833	3.56489707551e-29
-12.9571984436	3.58174524152e-29
-12.9426070039	3.55062173642e-29
-12.9280155642	3.6151605249e-29
-12.9134241245	3.54973694162e-29
-12.8988326848	3.62503688477e-29
-12.8842412451	3.65262278134e-29
-12.8696498054	3.82428875131e-29
-12.8550583658	4.1317775045e-29
-12.8404669261	5.09737837853e-29
-12.8258754864	5.7715109215e-29
-12.8112840467	6.35142377652e-29
-12.796692607	6.59918781691e-29
-12.7821011673	6.92660417325e-29
-12.7675097276	7.05787978474e-29
-12.7529182879	7.38622452716e-29
-12.7383268482	7.74444177302e-29
-12.7237354086	8.81653885953e-29
-12.7091439689	9.26160959119e-29
-12.6945525292	9.69039434954e-29
-12.6799610895	9.60518550976e-29
-12.6653696498	9.67096597997e-29
-12.6507782101	9.60979226657e-29
-12.6361867704	1.00128090086e-28
-12.6215953307	1.0696537414e-28
-12.6070038911	1.22523607499e-28
-12.5924124514	1.29178917108e-28
-12.5778210117	1.36033585812e-28
-12.563229572	1.34207699836e-28
-12.5486381323	1.35913873647e-28
-12.5340466926	1.36431872173e-28
-12.5194552529	1.42894464389e-28
-12.5048638132	1.51296068217e-28
-12.4902723735	1.75850443468e-28
-12.4756809339	1.86932714416e-28
-12.4610894942	1.98548570258e-28
-12.4464980545	2.02424846284e-28
-12.4319066148	2.07146800159e-28
-12.4173151751	2.09190524754e-28
-12.4027237354	2.18958495893e-28
-12.3881322957	2.31908115627e-28
-12.373540856	2.66596504192e-28
-12.3589494163	2.81244924787e-28
-12.3443579767	2.9416336957e-28
-12.329766537	2.95603564449e-28
-12.3151750973	3.04352656147e-28
-12.3005836576	3.07612262738e-28
-12.2859922179	3.20931821515e-28
-12.2714007782	3.39496707548e-28
-12.2568093385	3.82740144631e-28
-12.2422178988	4.00482676626e-28
-12.2276264591	4.17652644326e-28
-12.2130350195	4.19111653713e-28
-12.1984435798	4.25142409443e-28
-12.1838521401	4.25483398695e-28
-12.1692607004	4.3553673208e-28
-12.1546692607	4.47991892705e-28
-12.140077821	4.88571422784e-28
-12.1254863813	4.99640380038e-28
-12.1108949416	5.07574841099e-28
-12.0963035019	4.99333701746e-28
-12.0817120623	4.97401927025e-28
-12.0671206226	4.94481231677e-28
-12.0525291829	5.05739987608e-28
-12.0379377432	5.17811726943e-28
-12.0233463035	5.61094621274e-28
-12.0087548638	5.75557122921e-28
-11.9941634241	5.90925910422e-28
-11.9795719844	5.89433250352e-28
-11.9649805447	5.92764850656e-28
-11.9503891051	5.92760980417e-28
-11.9357976654	6.07189339684e-28
-11.9212062257	6.28995573952e-28
-11.906614786	6.79445212397e-28
-11.8920233463	6.9773843306e-28
-11.8774319066	7.09657140423e-28
-11.8628404669	7.01300202808e-28
-11.8482490272	6.9929342363e-28
-11.8336575875	6.94641496099e-28
-11.8190661479	7.02136945717e-28
-11.8044747082	7.13324839407e-28
-11.7898832685	7.62447111377e-28
-11.7752918288	7.72175858526e-28
-11.7607003891	7.7406662776e-28
-11.7461089494	7.58641084123e-28
-11.7315175097	7.55102188298e-28
-11.71692607	7.52579707966e-28
-11.7023346304	7.67910928906e-28
-11.6877431907	7.78421998193e-28
-11.673151751	8.23364127875e-28
-11.6585603113	8.3255502891e-28
-11.6439688716	8.30715400196e-28
-11.6293774319	8.09633364574e-28
-11.6147859922	7.95328555957e-28
-11.6001945525	7.74499879574e-28
-11.5856031128	7.74019079621e-28
-11.5710116732	7.74110323595e-28
-11.5564202335	7.9909495975e-28
-11.5418287938	7.7676566598e-28
-11.5272373541	7.54369496576e-28
-11.5126459144	7.12106649483e-28
-11.4980544747	6.71347154624e-28
-11.483463035	6.348678495e-28
-11.4688715953	6.11380154913e-28
-11.4542801556	5.97422819044e-28
-11.439688716	6.17339386984e-28
-11.4250972763	6.03907011728e-28
-11.4105058366	6.01116681734e-28
-11.3959143969	6.14310236073e-28
-11.3813229572	6.80623772949e-28
-11.3667315175	8.05088832287e-28
-11.3521400778	1.02805935791e-27
-11.3375486381	1.36560425063e-27
-11.3229571984	1.89038619311e-27
-11.3083657588	2.61042381146e-27
-11.2937743191	3.65390776152e-27
-11.2791828794	5.0583828917e-27
-11.2645914397	7.17634845826e-27
-11.25	9.15765396857e-27
-11.2354085603	7.0377108826e-27
-11.2208171206	4.8169522622e-27
-11.2062256809	3.33681044681e-27
-11.1916342412	2.24548979615e-27
-11.1770428016	1.49385922908e-27
-11.1624513619	9.71391721443e-28
-11.1478599222	6.2599088677e-28
-11.1332684825	3.98116384927e-28
-11.1186770428	2.58021432793e-28
-11.1040856031	1.80648975414e-28
-11.0894941634	1.36099693657e-28
-11.0749027237	1.35451829725e-28
-11.060311284	1.54665895872e-28
-11.0457198444	1.88811524648e-28
-11.0311284047	2.23778123581e-28
-11.016536965	2.62883748577e-28
-11.0019455253	2.86266515895e-28
-10.9873540856	3.06336085481e-28
-10.9727626459	2.99663623619e-28
-10.9581712062	3.04916936388e-28
-10.9435797665	3.07447919407e-28
-10.9289883268	3.14399167453e-28
-10.9143968872	3.07961412683e-28
-10.8998054475	2.93542870301e-28
-10.8852140078	2.67074052964e-28
-10.8706225681	2.28650353078e-28
-10.8560311284	1.71556822964e-28
-10.8414396887	1.39395673951e-28
-10.826848249	1.16337834268e-28
-10.8122568093	1.17884901871e-28
-10.7976653696	1.39745512839e-28
-10.78307393	1.97779505975e-28
-10.7684824903	3.08845391518e-28
-10.7538910506	5.04217615183e-28
-10.7392996109	8.25552999904e-28
-10.7247081712	1.31755132843e-27
-10.7101167315	2.02928522435e-27
-10.6955252918	3.01839533807e-27
-10.6809338521	4.41232037892e-27
-10.6663424125	6.31373757301e-27
-10.6517509728	8.91116733719e-27
-10.6371595331	1.2476628393e-26
-10.6225680934	1.7331769486e-26
-10.6079766537	2.36501160657e-26
-10.593385214	3.19797444327e-26
-10.5787937743	4.28401137099e-26
-10.5642023346	5.70986147999e-26
-10.5496108949	7.58526433107e-26
-10.5350194553	1.00378261998e-25
-10.5204280156	1.32333700175e-25
-10.5058365759	1.74194351218e-25
-10.4912451362	2.28355930358e-25
-10.4766536965	2.9850578857e-25
-10.4620622568	3.89336480976e-25
-10.4474708171	5.06878672111e-25
-10.4328793774	6.58526681964e-25
-10.4182879377	8.54394751264e-25
-10.4036964981	1.1074489317e-24
-10.3891050584	1.43430841166e-24
-10.3745136187	1.85380147408e-24
-10.359922179	2.39236067551e-24
-10.3453307393	3.08270202077e-24
-10.3307392996	3.96821128735e-24
-10.3161478599	5.10244907055e-24
-10.3015564202	6.55510935096e-24
-10.2869649805	8.4144384025e-24
-10.2723735409	1.07948219667e-23
-10.2577821012	1.38343210553e-23
-10.2431906615	1.77170524403e-23
-10.2285992218	2.26726448761e-23
-10.2140077821	2.89944675656e-23
-10.1994163424	3.70552265594e-23
-10.1848249027	4.73276362025e-23
-10.170233463	6.04107204739e-23
-10.1556420233	7.70709125204e-23
-10.1410505837	9.82556613584e-23
-10.126459144	1.25186809535e-22
-10.1118677043	1.59407056375e-22
-10.0972762646	2.02864033372e-22
-10.0826848249	2.58014407152e-22
-10.0680933852	3.27980379978e-22
-10.0535019455	4.16693248206e-22
-10.0389105058	5.2913699043e-22
-10.0243190661	6.71536002946e-22
-10.0097276265	8.51786994499e-22
-9.99513618677	1.07983818127e-21
-9.98054474708	1.36821175115e-21
-9.96595330739	1.73265526679e-21
-9.9513618677	2.19300862712e-21
-9.93677042802	2.77422569505e-21
-9.92217898833	3.50763230601e-21
-9.90758754864	4.43248097334e-21
-9.89299610895	5.5981917994e-21
-9.87840466926	7.06666489476e-21
-9.86381322957	8.91561710056e-21
-9.84922178988	1.12423810241e-20
-9.83463035019	1.41688691985e-20
-9.82003891051	1.78477446414e-20
-9.80544747082	2.24700364458e-20
-9.79085603113	2.82743078382e-20
-9.77626459144	3.55589733216e-20
-9.76167315175	4.46966832546e-20
-9.74708171206	5.61526388825e-20
-9.73249027237	7.05072451639e-20
-9.71789883268	8.84845406151e-20
-9.703307393	1.10986521773e-19
-9.68871595331	1.39137108259e-19
-9.67412451362	1.74334613219e-19
-9.65953307393	2.18319432741e-19
-9.64494163424	2.73255728279e-19
-9.63035019455	3.41833483763e-19
-9.61575875486	4.27393509282e-19
-9.60116731517	5.34083835239e-19
-9.58657587549	6.67050809133e-19
-9.5719844358	8.3267660749e-19
-9.55739299611	1.03886897197e-18
-9.54280155642	1.29542503312e-18
-9.52821011673	1.61447258072e-18
-9.51361867704	2.01101803693e-18
-9.49902723735	2.50361744386e-18
-9.48443579767	3.11520392588e-18
-9.46984435798	3.87410422642e-18
-9.45525291829	4.81528917529e-18
-9.4406614786	5.98189989265e-18
-9.42607003891	7.4271389284e-18
-9.41147859922	9.21657111117e-18
-9.39688715953	1.14309541631e-17
-9.38229571984	1.41696982138e-17
-9.36770428016	1.75551116704e-17
-9.35311284047	2.17375814893e-17
-9.33852140078	2.69019215347e-17
-9.32392996109	3.32751075283e-17
-9.3093385214	4.11357606359e-17
-9.29474708171	5.08256892839e-17
-9.28015564202	6.27639881245e-17
-9.26556420233	7.7464199185e-17
-9.25097276265	9.5555257788e-17
-9.23638132296	1.17806959799e-16
-9.22178988327	1.45160982149e-16
-9.20719844358	1.78768556297e-16
-9.19260700389	2.20036356507e-16
-9.1780155642	2.70682137706e-16
-9.16342412451	3.32802334365e-16
-9.14883268482	4.08954031871e-16
-9.13424124514	5.02254401973e-16
-9.11964980545	6.16501137975e-16
-9.10505836576	7.56318373184e-16
-9.09046692607	9.27333131302e-16
-9.07587548638	1.13638898271e-15
-9.06128404669	1.39180408799e-15
-9.046692607	1.70368306938e-15
-9.03210116731	2.08429339073e-15
-9.01750972763	2.54851963491e-15
-9.00291828794	3.11441108099e-15
-8.98832684825	3.8038418252e-15
-8.97373540856	4.64330531352e-15
-8.95914396887	5.66487129613e-15
-8.94455252918	6.90733618963e-15
-8.92996108949	8.41760633964e-15
-8.91536964981	1.02523593949e-14
-8.90077821012	1.24800391958e-14
-8.88618677043	1.51832488653e-14
-8.87159533074	1.84616207144e-14
-8.85700389105	2.24352543802e-14
-8.84241245136	2.72488355212e-14
-8.82782101167	3.30765634116e-14
-8.81322957198	4.01280454574e-14
-8.7986381323	4.8655342003e-14
-8.78404669261	5.89613818522e-14
-8.76945525292	7.14100071514e-14
-8.75486381323	8.64379577721e-14
-8.74027237354	1.04569157144e-13
-8.72568093385	1.26431735874e-13
-8.71108949416	1.52778297484e-13
-8.69649805447	1.84510035051e-13
-8.68190661479	2.22705406453e-13
-8.6673151751	2.68654212709e-13
-8.65272373541	3.23898065447e-13
-8.63813229572	3.90278416121e-13
-8.62354085603	4.69993515279e-13
-8.60894941634	5.65665929098e-13
-8.59435797665	6.80422501879e-13
-8.57976653696	8.17989010905e-13
-8.56517509728	9.82802128009e-13
-8.55058365759	1.18014177219e-12
-8.5359922179	1.41628745624e-12
-8.52140077821	1.69870286216e-12
-8.50680933852	2.03625357966e-12
-8.49221789883	2.43946382343e-12
-8.47762645914	2.92081886598e-12
-8.46303501945	3.49512111692e-12
-8.44844357977	4.17990905988e-12
-8.43385214008	4.99594982279e-12
-8.41926070039	5.96781791329e-12
-8.4046692607	7.12457474856e-12
-8.39007782101	8.50056595066e-12
-8.37548638132	1.0136356228e-11
-8.36089494163	1.20798247608e-11
-8.34630350195	1.43874478156e-11
-8.33171206226	1.71257995009e-11
-8.31712062257	2.03733065817e-11
-8.30252918288	2.42222988725e-11
-8.28793774319	2.87814033787e-11
-8.2733463035	3.41783377617e-11
-8.25875486381	4.0563167532e-11
-8.24416342412	4.81121011194e-11
-8.22957198444	5.70319086233e-11
-8.21498054475	6.75650629447e-11
-8.20038910506	7.9995717191e-11
-8.18579766537	9.46566492831e-11
-8.17120622568	1.11937324535e-10
-8.15661478599	1.32293249215e-10
-8.1420233463	1.56256814135e-10
-8.12743190661	1.84449856122e-10
-8.11284046693	2.17598199049e-10
-8.09824902724	2.56548473809e-10
-8.08365758755	3.02287560085e-10
-8.06906614786	3.55965041647e-10
-8.05447470817	4.18919123161e-10
-8.03988326848	4.92706519228e-10
-8.02529182879	5.79136898967e-10
-8.0107003891	6.80312549721e-10
-7.99610894942	7.98674016484e-10
-7.98151750973	9.37052576599e-10
-7.96692607004	1.09873052749e-09
-7.95233463035	1.28751039668e-09
-7.93774319066	1.50779433325e-09
-7.92315175097	1.76467510691e-09
-7.90856031128	2.06404033053e-09
-7.89396887159	2.41269173249e-09
-7.87937743191	2.81848154492e-09
-7.86478599222	3.29046833836e-09
-7.85019455253	3.83909493374e-09
-7.83560311284	4.4763913546e-09
-7.82101167315	5.21620615668e-09
-7.80642023346	6.07446988668e-09
-7.79182879377	7.06949488758e-09
-7.77723735409	8.2223161809e-09
-7.7626459144	9.55707873353e-09
-7.74805447471	1.11014770517e-08
-7.73346303502	1.28872537533e-08
-7.71887159533	1.49507645504e-08
-7.70428015564	1.73336179441e-08
-7.68968871595	2.00833988867e-08
-7.67509727626	2.32544867275e-08
-7.66050583658	2.69089789184e-08
-7.64591439689	3.11177332393e-08
-7.6313229572	3.59615427105e-08
-7.61673151751	4.15324589067e-08
-7.60214007782	4.79352810759e-08
-7.58754863813	5.52892303243e-08
-7.57295719844	6.37298301478e-08
-7.55836575875	7.3411016803e-08
-7.54377431907	8.45075054086e-08
-7.52918287938	9.72174402855e-08
-7.51459143969	1.11765360881e-07
-7.5	1.28405517685e-07
-7.48540856031	1.47425575879e-07
-7.47081712062	1.69150748088e-07
-7.45622568093	1.93948401309e-07
-7.44163424124	2.22233187456e-07
-7.42704280156	2.54472751287e-07
-7.41245136187	2.91194074247e-07
-7.39785992218	3.32990517899e-07
-7.38326848249	3.80529635999e-07
-7.3686770428	4.3456183005e-07
-7.35408560311	4.95929929266e-07
-7.33949416342	5.65579782331e-07
-7.32490272373	6.4457195514e-07
-7.31031128405	7.34094635815e-07
-7.29571984436	8.35477855793e-07
-7.28112840467	9.50209143546e-07
-7.26653696498	1.07995073557e-06
-7.25194552529	1.22655847765e-06
-7.2373540856	1.39210255803e-06
-7.22276264591	1.57889022282e-06
-7.20817120623	1.7894906331e-06
-7.19357976654	2.02676203207e-06
-7.17898832685	2.29388139972e-06
-7.16439688716	2.59437678165e-06
-7.14980544747	2.93216248743e-06
-7.13521400778	3.31157736251e-06
-7.12062256809	3.73742634623e-06
-7.1060311284	4.21502553603e-06
-7.09143968872	4.7502509853e-06
-7.07684824903	5.34959146853e-06
-7.06225680934	6.02020545309e-06
-7.04766536965	6.76998252084e-06
-7.03307392996	7.60760948606e-06
-7.01848249027	8.54264145683e-06
-7.00389105058	9.58557808701e-06
-6.98929961089	1.07479452627e-05
-6.97470817121	1.20423824619e-05
-6.96011673152	1.34827360191e-05
-6.94552529183	1.50841585133e-05
-6.93093385214	1.6863214487e-05
-6.91634241245	1.88379926832e-05
-6.90175097276	2.10282249653e-05
-6.88715953307	2.34554120613e-05
-6.87256809338	2.61429562394e-05
-6.8579766537	2.91163009871e-05
-6.84338521401	3.24030777254e-05
-6.82879377432	3.60332595414e-05
-6.81420233463	4.00393218682e-05
-6.79961089494	4.44564099852e-05
-6.78501945525	4.93225131414e-05
-6.77042801556	5.46786450344e-05
-6.75583657588	6.05690302986e-05
-6.74124513619	6.70412965669e-05
-6.7266536965	7.41466715814e-05
-6.71206225681	8.19401847239e-05
-6.69747081712	9.04808722358e-05
-6.68287937743	9.98319852798e-05
-6.66828793774	0.000110061199881
-6.65369649805	0.000121240827662
-6.63910505837	0.000133448026152
-6.62451361868	0.000146765007334
-6.60992217899	0.000161279242945
-6.5953307393	0.000177083664912
-6.58073929961	0.000194276859192
-6.56614785992	0.000212963251114
-6.55155642023	0.000233253280239
-6.53696498054	0.000255263562582
-6.52237354086	0.000279117037973
-6.50778210117	0.000304943100188
-6.49319066148	0.000332877707413
-6.47859922179	0.000363063470516
-6.4640077821	0.000395649716552
-6.44941634241	0.000430792524869
-6.43482490272	0.000468654733189
-6.42023346303	0.000509405911022
-6.40564202335	0.000553222297843
-6.39105058366	0.000600286703485
-6.37645914397	0.000650788368357
-6.36186770428	0.000704922781186
-6.34727626459	0.000762891452183
-6.3326848249	0.000824901639749
-6.31809338521	0.00089116602907
-6.30350194552	0.000961902361261
-6.28891050584	0.00103733301205
-6.27431906615	0.00111768451933
-6.25972762646	0.00120318705942
-6.24513618677	0.00129407387213
-6.23054474708	0.00139058063541
-6.21595330739	0.00149294479079
-6.2013618677	0.00160140482117
-6.18677042802	0.00171619948342
-6.17217898833	0.0018375669985
-6.15758754864	0.00196574420248
-6.14299610895	0.00210096566243
-6.12840466926	0.00224346276171
-6.11381322957	0.00239346275953
-6.09922178988	0.00255118783054
-6.08463035019	0.00271685409018
-6.07003891051	0.00289067061243
-6.05544747082	0.00307283844659
-6.04085603113	0.00326354964026
-6.02626459144	0.00346298627579
-6.01167315175	0.00367131952769
-5.99708171206	0.00388870874868
-5.98249027237	0.00411530059171
-5.96789883268	0.00435122817563
-5.953307393	0.0045966103017
-5.93871595331	0.00485155072787
-5.92412451362	0.00511613750758
-5.90953307393	0.00539044239913
-5.89494163424	0.0056745203513
-5.88035019455	0.00596840907018
-5.86575875486	0.00627212867159
-5.85116731517	0.00658568142254
-5.83657587549	0.00690905157452
-5.8219844358	0.00724220529059
-5.80739299611	0.00758509066719
-5.79280155642	0.00793763785086
-5.77821011673	0.00829975924917
-5.76361867704	0.00867134983405
-5.74902723735	0.00905228753528
-5.73443579766	0.00944243372051
-5.71984435798	0.00984163375799
-5.70525291829	0.0102497176569
-5.6906614786	0.0106665007801
-5.67607003891	0.0110917846228
-5.66147859922	0.011525357651
-5.64688715953	0.0119669961924
-5.63229571984	0.0124164653727
-5.61770428016	0.0128735200895
-5.60311284047	0.0133379060158
-5.58852140078	0.0138093606265
-5.57392996109	0.0142876142392
-5.5593385214	0.0147723910608
-5.54474708171	0.0152634102357
-5.53015564202	0.0157603868846
-5.51556420233	0.0162630331298
-5.50097276265	0.0167710590997
-5.48638132296	0.0172841739067
-5.47178988327	0.0178020865932
-5.45719844358	0.0183245070401
-5.44260700389	0.0188511468351
-5.4280155642	0.0193817200953
-5.41342412451	0.0199159442416
-5.39883268482	0.0204535407228
-5.38424124514	0.0209942356869
-5.36964980545	0.0215377605973
-5.35505836576	0.0220838527949
-5.34046692607	0.022632256004
-5.32587548638	0.0231827207821
-5.31128404669	0.0237350049156
-5.296692607	0.0242888737603
-5.28210116731	0.0248441005291
-5.26750972763	0.0254004665289
-5.25291828794	0.0259577613469
-5.23832684825	0.0265157829904
-5.22373540856	0.0270743379809
-5.20914396887	0.0276332414058
-5.19455252918	0.0281923169302
-5.17996108949	0.0287513967715
-5.1653696498	0.0293103216392
-5.15077821012	0.0298689406436
-5.13618677043	0.0304271111753
-5.12159533074	0.0309846987592
-5.10700389105	0.0315415768846
-5.09241245136	0.0320976268154
-5.07782101167	0.0326527373825
-5.06322957198	0.03320680476
-5.0486381323	0.0337597322299
-5.03404669261	0.0343114299343
-5.01945525292	0.0348618146211
-5.00486381323	0.0354108093816
-4.99027237354	0.0359583433845
-4.97568093385	0.0365043516069
-4.96108949416	0.037048774564
-4.94649805447	0.037591558039
-4.93190661479	0.038132652815
-4.9173151751	0.0386720144093
-4.90272373541	0.0392096028119
-4.88813229572	0.0397453822289
-4.87354085603	0.0402793208311
-4.85894941634	0.04081139051
-4.84435797665	0.0413415666393
-4.82976653696	0.0418698278454
-4.81517509728	0.0423961557853
-4.80058365759	0.0429205349321
-4.7859922179	0.0434429523702
-4.77140077821	0.0439633975981
-4.75680933852	0.044481862341
-4.74221789883	0.044998340371
-4.72762645914	0.0455128273374
-4.71303501945	0.0460253206051
-4.69844357977	0.0465358191014
-4.68385214008	0.047044323172
-4.66926070039	0.0475508344451
-4.6546692607	0.0480553557031
-4.64007782101	0.0485578907634
-4.62548638132	0.0490584443655
-4.61089494163	0.0495570220668
-4.59630350194	0.0500536301448
-4.58171206226	0.050548275506
-4.56712062257	0.0510409656022
-4.55252918288	0.0515317083525
-4.53793774319	0.0520205120714
-4.5233463035	0.0525073854024
-4.50875486381	0.0529923372577
-4.49416342412	0.0534753767619
-4.47957198444	0.0539565132018
-4.46498054475	0.0544357559798
-4.45038910506	0.054913114572
-4.43579766537	0.0553885984902
-4.42120622568	0.0558622172475
-4.40661478599	0.0563339803281
-4.3920233463	0.0568038971592
-4.37743190661	0.0572719770873
-4.36284046693	0.0577382293562
-4.34824902724	0.0582026630881
-4.33365758755	0.0586652872673
-4.31906614786	0.0591261107257
-4.30447470817	0.0595851421309
-4.28988326848	0.0600423899755
-4.27529182879	0.0604978625687
-4.2607003891	0.0609515680292
-4.24610894942	0.0614035142796
-4.23151750973	0.0618537090423
-4.21692607004	0.0623021598361
-4.20233463035	0.0627488739742
-4.18774319066	0.0631938585634
-4.17315175097	0.0636371205037
-4.15856031128	0.0640786664886
-4.14396887159	0.0645185030067
-4.12937743191	0.0649566363432
-4.11478599222	0.0653930725827
-4.10019455253	0.0658278176113
-4.08560311284	0.0662608771204
-4.07101167315	0.0666922566101
-4.05642023346	0.0671219613929
-4.04182879377	0.0675499965977
-4.02723735408	0.0679763671743
-4.0126459144	0.0684010778978
-3.99805447471	0.068824133373
-3.98346303502	0.0692455380391
-3.96887159533	0.0696652961744
-3.95428015564	0.0700834119012
-3.93968871595	0.0704998891902
-3.92509727626	0.0709147318658
-3.91050583658	0.0713279436101
-3.89591439689	0.0717395279683
-3.8813229572	0.072149488353
-3.86673151751	0.0725578280488
-3.85214007782	0.0729645502166
-3.83754863813	0.0733696578986
-3.82295719844	0.0737731540218
-3.80836575875	0.074175041403
-3.79377431907	0.0745753227525
-3.77918287938	0.0749740006782
-3.76459143969	0.0753710776894
-3.75	0.0757665562008
-3.73540856031	0.0761604385361
-3.72081712062	0.0765527269315
-3.70622568093	0.0769434235392
-3.69163424124	0.0773325304308
-3.67704280156	0.0777200496003
-3.66245136187	0.0781059829676
-3.64785992218	0.0784903323809
-3.63326848249	0.0788730996204
-3.6186770428	0.0792542864003
-3.60408560311	0.0796338943719
-3.58949416342	0.0800119251261
-3.57490272373	0.0803883801959
-3.56031128405	0.0807632610587
-3.54571984436	0.0811365691386
-3.53112840467	0.0815083058085
-3.51653696498	0.0818784723924
-3.50194552529	0.0822470701674
-3.4873540856	0.0826141003654
-3.47276264591	0.082979564175
-3.45817120623	0.0833434627436
-3.44357976654	0.0837057971787
-3.42898832685	0.0840665685497
-3.41439688716	0.0844257778893
-3.39980544747	0.0847834261952
-3.38521400778	0.0851395144315
-3.37062256809	0.0854940435299
-3.3560311284	0.085847014391
-3.34143968872	0.0861984278858
-3.32684824903	0.0865482848565
-3.31225680934	0.0868965861181
-3.29766536965	0.087243332459
-3.28307392996	0.0875885246424
-3.26848249027	0.0879321634071
-3.25389105058	0.0882742494686
-3.23929961089	0.0886147835198
-3.22470817121	0.0889537662321
-3.21011673152	0.0892911982561
-3.19552529183	0.0896270802223
-3.18093385214	0.0899614127421
-3.16634241245	0.0902941964084
-3.15175097276	0.0906254317961
-3.13715953307	0.0909551194632
-3.12256809338	0.091283259951
-3.1079766537	0.0916098537851
-3.09338521401	0.0919349014755
-3.07879377432	0.0922584035177
-3.06420233463	0.0925803603928
-3.04961089494	0.0929007725682
-3.03501945525	0.0932196404981
-3.02042801556	0.093536964624
-3.00583657587	0.0938527453749
-2.99124513619	0.0941669831681
-2.9766536965	0.0944796784092
-2.96206225681	0.094790831493
-2.94747081712	0.0951004428034
-2.93287937743	0.095408512714
-2.91828793774	0.0957150415884
-2.90369649805	0.0960200297805
-2.88910505837	0.096323477635
-2.87451361868	0.0966253854875
-2.85992217899	0.0969257536646
-2.8453307393	0.097224582485
-2.83073929961	0.0975218722587
-2.81614785992	0.097817623288
-2.80155642023	0.0981118358676
-2.78696498054	0.0984045102846
-2.77237354086	0.098695646819
-2.75778210117	0.0989852457439
-2.74319066148	0.0992733073256
-2.72859922179	0.0995598318237
-2.7140077821	0.0998448194916
-2.69941634241	0.100128270577
-2.68482490272	0.10041018532
-2.67023346303	0.100690563957
-2.65564202335	0.100969406717
-2.64105058366	0.101246713826
-2.62645914397	0.101522485502
-2.61186770428	0.101796721958
-2.59727626459	0.102069423405
-2.5826848249	0.102340590046
-2.56809338521	0.10261022208
-2.55350194552	0.102878319702
-2.53891050584	0.103144883103
-2.52431906615	0.103409912468
-2.50972762646	0.10367340798
-2.49513618677	0.103935369816
-2.48054474708	0.10419579815
-2.46595330739	0.104454693152
-2.4513618677	0.104712054988
-2.43677042801	0.10496788382
-2.42217898833	0.105222179807
-2.40758754864	0.105474943105
-2.39299610895	0.105726173865
-2.37840466926	0.105975872237
-2.36381322957	0.106224038366
-2.34922178988	0.106470672395
-2.33463035019	0.106715774462
-2.32003891051	0.106959344704
-2.30544747082	0.107201383254
-2.29085603113	0.107441890245
-2.27626459144	0.107680865802
-2.26167315175	0.107918310052
-2.24708171206	0.108154223117
-2.23249027237	0.108388605117
-2.21789883268	0.108621456171
-2.203307393	0.108852776393
-2.18871595331	0.109082565895
-2.17412451362	0.10931082479
-2.15953307393	0.109537553184
-2.14494163424	0.109762751184
-2.13035019455	0.109986418894
-2.11575875486	0.110208556416
-2.10116731517	0.11042916385
-2.08657587549	0.110648241293
-2.0719844358	0.110865788842
-2.05739299611	0.11108180659
-2.04280155642	0.111296294629
-2.02821011673	0.11150925305
-2.01361867704	0.111720681941
-1.99902723735	0.111930581389
-1.98443579766	0.112138951479
-1.96984435798	0.112345792295
-1.95525291829	0.112551103918
-1.9406614786	0.112754886429
-1.92607003891	0.112957139906
-1.91147859922	0.113157864426
-1.89688715953	0.113357060065
-1.88229571984	0.113554726897
-1.86770428015	0.113750864995
-1.85311284047	0.113945474431
-1.83852140078	0.114138555274
-1.82392996109	0.114330107593
-1.8093385214	0.114520131455
-1.79474708171	0.114708626928
-1.78015564202	0.114895594074
-1.76556420233	0.115081032959
-1.75097276265	0.115264943645
-1.73638132296	0.115447326192
-1.72178988327	0.115628180662
-1.70719844358	0.115807507113
-1.69260700389	0.115985305602
-1.6780155642	0.116161576187
-1.66342412451	0.116336318924
-1.64883268482	0.116509533867
-1.63424124514	0.11668122107
-1.61964980545	0.116851380586
-1.60505836576	0.117020012466
-1.59046692607	0.117187116762
-1.57587548638	0.117352693522
-1.56128404669	0.117516742797
-1.546692607	0.117679264633
-1.53210116731	0.117840259078
-1.51750972763	0.117999726179
-1.50291828794	0.118157665981
-1.48832684825	0.118314078527
-1.47373540856	0.118468963863
-1.45914396887	0.118622322031
-1.44455252918	0.118774153072
-1.42996108949	0.118924457029
-1.4153696498	0.119073233943
-1.40077821012	0.119220483851
-1.38618677043	0.119366206795
-1.37159533074	0.119510402813
-1.35700389105	0.119653071941
-1.34241245136	0.119794214217
-1.32782101167	0.119933829677
-1.31322957198	0.120071918358
-1.29863813229	0.120208480293
-1.28404669261	0.120343515517
-1.26945525292	0.120477024064
-1.25486381323	0.120609005966
-1.24027237354	0.120739461257
-1.22568093385	0.120868389968
-1.21108949416	0.12099579213
-1.19649805447	0.121121667773
-1.18190661479	0.121246016929
-1.1673151751	0.121368839625
-1.15272373541	0.121490135892
-1.13813229572	0.121609905757
-1.12354085603	0.121728149249
-1.10894941634	0.121844866394
-1.09435797665	0.121960057219
-1.07976653696	0.12207372175
-1.06517509728	0.122185860014
-1.05058365759	0.122296472035
-1.0359922179	0.122405557838
-1.02140077821	0.122513117448
-1.00680933852	0.122619150887
-0.992217898832	0.12272365818
-0.977626459143	0.122826639349
-0.963035019454	0.122928094416
-0.948443579766	0.123028023403
-0.933852140077	0.123126426332
-0.919260700388	0.123223303223
-0.9046692607	0.123318654098
-0.890077821011	0.123412478976
-0.875486381322	0.123504777877
-0.860894941633	0.12359555082
-0.846303501945	0.123684797825
-0.831712062256	0.123772518908
-0.817120622567	0.12385871409
-0.802529182879	0.123943383386
-0.78793774319	0.124026526816
-0.773346303501	0.124108144394
-0.758754863812	0.124188236138
-0.744163424124	0.124266802064
-0.729571984435	0.124343842188
-0.714980544746	0.124419356525
-0.700389105058	0.124493345089
-0.685797665369	0.124565807897
-0.67120622568	0.124636744961
-0.656614785991	0.124706156295
-0.642023346303	0.124774041914
-0.627431906614	0.124840401831
-0.612840466925	0.124905236058
-0.598249027237	0.124968544607
-0.583657587548	0.125030327492
-0.569066147859	0.125090584724
-0.55447470817	0.125149316314
-0.539883268482	0.125206522274
-0.525291828793	0.125262202614
-0.510700389104	0.125316357345
-0.496108949416	0.125368986477
-0.481517509727	0.125420090021
-0.466926070038	0.125469667985
-0.452334630349	0.125517720379
-0.437743190661	0.125564247213
-0.423151750972	0.125609248493
-0.408560311283	0.12565272423
-0.393968871594	0.125694674431
-0.379377431906	0.125735099104
-0.364785992217	0.125773998256
-0.350194552528	0.125811371894
-0.33560311284	0.125847220026
-0.321011673151	0.125881542657
-0.306420233462	0.125914339795
-0.291828793773	0.125945611444
-0.277237354085	0.125975357612
-0.262645914396	0.126003578303
-0.248054474707	0.126030273522
-0.233463035019	0.126055443274
-0.21887159533	0.126079087564
-0.204280155641	0.126101206396
-0.189688715952	0.126121799774
-0.175097276264	0.126140867702
-0.160505836575	0.126158410183
-0.145914396886	0.12617442722
-0.131322957198	0.126188918816
-0.116731517509	0.126201884974
-0.10214007782	0.126213325697
-0.0875486381314	0.126223240986
-0.0729571984427	0.126231630842
-0.058365758754	0.126238495268
-0.0437743190653	0.126243834265
-0.0291828793766	0.126247647833
-0.0145914396879	0.126249935974
8.5975671027e-13	0.126250698688
0.0145914396896	0.126249935974
0.0291828793783	0.126247647833
0.043774319067	0.126243834265
0.0583657587557	0.126238495268
0.0729571984444	0.126231630842
0.0875486381332	0.126223240986
0.102140077822	0.126213325697
0.116731517511	0.126201884974
0.131322957199	0.126188918816
0.145914396888	0.12617442722
0.160505836577	0.126158410183
0.175097276265	0.126140867702
0.189688715954	0.126121799774
0.204280155643	0.126101206396
0.218871595332	0.126079087564
0.23346303502	0.126055443274
0.248054474709	0.126030273522
0.262645914398	0.126003578303
0.277237354086	0.125975357612
0.291828793775	0.125945611444
0.306420233464	0.125914339795
0.321011673153	0.125881542657
0.335603112841	0.125847220026
0.35019455253	0.125811371894
0.364785992219	0.125773998256
0.379377431907	0.125735099104
0.393968871596	0.125694674431
0.408560311285	0.12565272423
0.423151750974	0.125609248493
0.437743190662	0.125564247213
0.452334630351	0.125517720379
0.46692607004	0.125469667985
0.481517509729	0.125420090021
0.496108949417	0.125368986477
0.510700389106	0.125316357345
0.525291828795	0.125262202614
0.539883268483	0.125206522274
0.554474708172	0.125149316314
0.569066147861	0.125090584724
0.58365758755	0.125030327492
0.598249027238	0.124968544607
0.612840466927	0.124905236058
0.627431906616	0.124840401831
0.642023346304	0.124774041914
0.656614785993	0.124706156295
0.671206225682	0.124636744961
0.685797665371	0.124565807897
0.700389105059	0.124493345089
0.714980544748	0.124419356525
0.729571984437	0.124343842188
0.744163424125	0.124266802064
0.758754863814	0.124188236138
0.773346303503	0.124108144394
0.787937743192	0.124026526816
0.80252918288	0.123943383386
0.817120622569	0.12385871409
0.831712062258	0.123772518908
0.846303501946	0.123684797825
0.860894941635	0.12359555082
0.875486381324	0.123504777877
0.890077821013	0.123412478976
0.904669260701	0.123318654098
0.91926070039	0.123223303223
0.933852140079	0.123126426332
0.948443579767	0.123028023403
0.963035019456	0.122928094416
0.977626459145	0.122826639349
0.992217898834	0.12272365818
1.00680933852	0.122619150887
1.02140077821	0.122513117448
1.0359922179	0.122405557838
1.05058365759	0.122296472035
1.06517509728	0.122185860014
1.07976653697	0.12207372175
1.09435797665	0.121960057219
1.10894941634	0.121844866394
1.12354085603	0.121728149249
1.13813229572	0.121609905757
1.15272373541	0.121490135892
1.1673151751	0.121368839625
1.18190661479	0.121246016929
1.19649805448	0.121121667773
1.21108949416	0.12099579213
1.22568093385	0.120868389968
1.24027237354	0.120739461257
1.25486381323	0.120609005966
1.26945525292	0.120477024064
1.28404669261	0.120343515517
1.2986381323	0.120208480293
1.31322957199	0.120071918358
1.32782101167	0.119933829677
1.34241245136	0.119794214217
1.35700389105	0.119653071941
1.37159533074	0.119510402813
1.38618677043	0.119366206795
1.40077821012	0.119220483851
1.41536964981	0.119073233943
1.4299610895	0.118924457029
1.44455252918	0.118774153072
1.45914396887	0.118622322031
1.47373540856	0.118468963863
1.48832684825	0.118314078527
1.50291828794	0.118157665981
1.51750972763	0.117999726179
1.53210116732	0.117840259078
1.546692607	0.117679264633
1.56128404669	0.117516742797
1.57587548638	0.117352693522
1.59046692607	0.117187116762
1.60505836576	0.117020012466
1.61964980545	0.116851380586
1.63424124514	0.11668122107
1.64883268483	0.116509533867
1.66342412451	0.116336318924
1.6780155642	0.116161576187
1.69260700389	0.115985305602
1.70719844358	0.115807507113
1.72178988327	0.115628180662
1.73638132296	0.115447326192
1.75097276265	0.115264943645
1.76556420234	0.115081032959
1.78015564202	0.114895594074
1.79474708171	0.114708626928
1.8093385214	0.114520131455
1.82392996109	0.114330107593
1.83852140078	0.114138555274
1.85311284047	0.113945474431
1.86770428016	0.113750864995
1.88229571985	0.113554726897
1.89688715953	0.113357060065
1.91147859922	0.113157864426
1.92607003891	0.112957139906
1.9406614786	0.112754886429
1.95525291829	0.112551103918
1.96984435798	0.112345792295
1.98443579767	0.112138951479
1.99902723736	0.111930581389
2.01361867704	0.111720681941
2.02821011673	0.11150925305
2.04280155642	0.111296294629
2.05739299611	0.11108180659
2.0719844358	0.110865788842
2.08657587549	0.110648241293
2.10116731518	0.11042916385
2.11575875486	0.110208556416
2.13035019455	0.109986418894
2.14494163424	0.109762751184
2.15953307393	0.109537553184
2.17412451362	0.10931082479
2.18871595331	0.109082565895
2.203307393	0.108852776393
2.21789883269	0.108621456171
2.23249027237	0.108388605117
2.24708171206	0.108154223117
2.26167315175	0.107918310052
2.27626459144	0.107680865802
2.29085603113	0.107441890245
2.30544747082	0.107201383254
2.32003891051	0.106959344704
2.3346303502	0.106715774462
2.34922178988	0.106470672395
2.36381322957	0.106224038366
2.37840466926	0.105975872237
2.39299610895	0.105726173865
2.40758754864	0.105474943105
2.42217898833	0.105222179807
2.43677042802	0.10496788382
2.45136186771	0.104712054988
2.46595330739	0.104454693152
2.48054474708	0.10419579815
2.49513618677	0.103935369816
2.50972762646	0.10367340798
2.52431906615	0.103409912468
2.53891050584	0.103144883103
2.55350194553	0.102878319702
2.56809338522	0.10261022208
2.5826848249	0.102340590046
2.59727626459	0.102069423405
2.61186770428	0.101796721958
2.62645914397	0.101522485502
2.64105058366	0.101246713826
2.65564202335	0.100969406717
2.67023346304	0.100690563957
2.68482490272	0.10041018532
2.69941634241	0.100128270577
2.7140077821	0.0998448194916
2.72859922179	0.0995598318236
2.74319066148	0.0992733073256
2.75778210117	0.0989852457439
2.77237354086	0.098695646819
2.78696498055	0.0984045102846
2.80155642023	0.0981118358676
2.81614785992	0.097817623288
2.83073929961	0.0975218722587
2.8453307393	0.097224582485
2.85992217899	0.0969257536646
2.87451361868	0.0966253854874
2.88910505837	0.096323477635
2.90369649806	0.0960200297805
2.91828793774	0.0957150415884
2.93287937743	0.095408512714
2.94747081712	0.0951004428034
2.96206225681	0.094790831493
2.9766536965	0.0944796784092
2.99124513619	0.0941669831681
3.00583657588	0.0938527453749
3.02042801557	0.093536964624
3.03501945525	0.0932196404981
3.04961089494	0.0929007725682
3.06420233463	0.0925803603928
3.07879377432	0.0922584035177
3.09338521401	0.0919349014755
3.1079766537	0.0916098537851
3.12256809339	0.091283259951
3.13715953307	0.0909551194632
3.15175097276	0.0906254317961
3.16634241245	0.0902941964084
3.18093385214	0.0899614127421
3.19552529183	0.0896270802223
3.21011673152	0.0892911982561
3.22470817121	0.0889537662321
3.2392996109	0.0886147835198
3.25389105058	0.0882742494686
3.26848249027	0.0879321634071
3.28307392996	0.0875885246424
3.29766536965	0.087243332459
3.31225680934	0.0868965861181
3.32684824903	0.0865482848565
3.34143968872	0.0861984278858
3.35603112841	0.085847014391
3.37062256809	0.0854940435299
3.38521400778	0.0851395144315
3.39980544747	0.0847834261952
3.41439688716	0.0844257778893
3.42898832685	0.0840665685497
3.44357976654	0.0837057971787
3.45817120623	0.0833434627436
3.47276264592	0.082979564175
3.4873540856	0.0826141003654
3.50194552529	0.0822470701674
3.51653696498	0.0818784723924
3.53112840467	0.0815083058084
3.54571984436	0.0811365691386
3.56031128405	0.0807632610587
3.57490272374	0.0803883801959
3.58949416343	0.0800119251261
3.60408560311	0.0796338943719
3.6186770428	0.0792542864003
3.63326848249	0.0788730996204
3.64785992218	0.0784903323809
3.66245136187	0.0781059829676
3.67704280156	0.0777200496003
3.69163424125	0.0773325304308
3.70622568093	0.0769434235392
3.72081712062	0.0765527269315
3.73540856031	0.0761604385361
3.75	0.0757665562008
3.76459143969	0.0753710776894
3.77918287938	0.0749740006782
3.79377431907	0.0745753227525
3.80836575876	0.074175041403
3.82295719844	0.0737731540218
3.83754863813	0.0733696578986
3.85214007782	0.0729645502166
3.86673151751	0.0725578280488
3.8813229572	0.072149488353
3.89591439689	0.0717395279683
3.91050583658	0.0713279436101
3.92509727627	0.0709147318658
3.93968871595	0.0704998891902
3.95428015564	0.0700834119012
3.96887159533	0.0696652961744
3.98346303502	0.0692455380391
3.99805447471	0.068824133373
4.0126459144	0.0684010778978
4.02723735409	0.0679763671743
4.04182879378	0.0675499965977
4.05642023346	0.0671219613929
4.07101167315	0.0666922566101
4.08560311284	0.0662608771204
4.10019455253	0.0658278176113
4.11478599222	0.0653930725827
4.12937743191	0.0649566363432
4.1439688716	0.0645185030067
4.15856031129	0.0640786664886
4.17315175097	0.0636371205037
4.18774319066	0.0631938585634
4.20233463035	0.0627488739742
4.21692607004	0.0623021598361
4.23151750973	0.0618537090423
4.24610894942	0.0614035142796
4.26070038911	0.0609515680292
4.27529182879	0.0604978625687
4.28988326848	0.0600423899755
4.30447470817	0.0595851421309
4.31906614786	0.0591261107257
4.33365758755	0.0586652872673
4.34824902724	0.0582026630881
4.36284046693	0.0577382293562
4.37743190662	0.0572719770874
4.3920233463	0.0568038971592
4.40661478599	0.0563339803281
4.42120622568	0.0558622172475
4.43579766537	0.0553885984902
4.45038910506	0.054913114572
4.46498054475	0.0544357559798
4.47957198444	0.0539565132018
4.49416342413	0.0534753767619
4.50875486381	0.0529923372577
4.5233463035	0.0525073854025
4.53793774319	0.0520205120714
4.55252918288	0.0515317083526
4.56712062257	0.0510409656022
4.58171206226	0.050548275506
4.59630350195	0.0500536301448
4.61089494164	0.0495570220669
4.62548638132	0.0490584443655
4.64007782101	0.0485578907634
4.6546692607	0.0480553557031
4.66926070039	0.0475508344451
4.68385214008	0.047044323172
4.69844357977	0.0465358191014
4.71303501946	0.0460253206051
4.72762645915	0.0455128273374
4.74221789883	0.044998340371
4.75680933852	0.044481862341
4.77140077821	0.0439633975982
4.7859922179	0.0434429523702
4.80058365759	0.0429205349322
4.81517509728	0.0423961557854
4.82976653697	0.0418698278455
4.84435797665	0.0413415666393
4.85894941634	0.04081139051
4.87354085603	0.0402793208312
4.88813229572	0.0397453822289
4.90272373541	0.0392096028119
4.9173151751	0.0386720144093
4.93190661479	0.0381326528151
4.94649805448	0.0375915580391
4.96108949416	0.0370487745641
4.97568093385	0.036504351607
4.99027237354	0.0359583433846
5.00486381323	0.0354108093816
5.01945525292	0.0348618146212
5.03404669261	0.0343114299344
5.0486381323	0.03375973223
5.06322957199	0.0332068047601
5.07782101167	0.0326527373825
5.09241245136	0.0320976268155
5.10700389105	0.0315415768846
5.12159533074	0.0309846987593
5.13618677043	0.0304271111754
5.15077821012	0.0298689406436
5.16536964981	0.0293103216392
5.1799610895	0.0287513967716
5.19455252918	0.0281923169303
5.20914396887	0.0276332414059
5.22373540856	0.027074337981
5.23832684825	0.0265157829905
5.25291828794	0.025957761347
5.26750972763	0.025400466529
5.28210116732	0.0248441005292
5.29669260701	0.0242888737604
5.31128404669	0.0237350049157
5.32587548638	0.0231827207822
5.34046692607	0.0226322560041
5.35505836576	0.022083852795
5.36964980545	0.0215377605974
5.38424124514	0.020994235687
5.39883268483	0.0204535407229
5.41342412451	0.0199159442417
5.4280155642	0.0193817200954
5.44260700389	0.0188511468352
5.45719844358	0.0183245070402
5.47178988327	0.0178020865933
5.48638132296	0.0172841739068
5.50097276265	0.0167710590998
5.51556420234	0.0162630331299
5.53015564202	0.0157603868847
5.54474708171	0.0152634102358
5.5593385214	0.0147723910609
5.57392996109	0.0142876142393
5.58852140078	0.0138093606267
5.60311284047	0.0133379060159
5.61770428016	0.0128735200896
5.63229571985	0.0124164653729
5.64688715953	0.0119669961925
5.66147859922	0.0115253576511
5.67607003891	0.0110917846229
5.6906614786	0.0106665007802
5.70525291829	0.010249717657
5.71984435798	0.0098416337581
5.73443579767	0.00944243372062
5.74902723736	0.00905228753539
5.76361867704	0.00867134983416
5.77821011673	0.00829975924927
5.79280155642	0.00793763785097
5.80739299611	0.00758509066729
5.8219844358	0.00724220529069
5.83657587549	0.00690905157462
5.85116731518	0.00658568142264
5.86575875487	0.00627212867169
5.88035019455	0.00596840907027
5.89494163424	0.00567452035139
5.90953307393	0.00539044239922
5.92412451362	0.00511613750767
5.93871595331	0.00485155072795
5.953307393	0.00459661030178
5.96789883269	0.00435122817571
5.98249027237	0.00411530059179
5.99708171206	0.00388870874876
6.01167315175	0.00367131952777
6.02626459144	0.00346298627586
6.04085603113	0.00326354964033
6.05544747082	0.00307283844666
6.07003891051	0.00289067061249
6.0846303502	0.00271685409024
6.09922178988	0.0025511878306
6.11381322957	0.00239346275959
6.12840466926	0.00224346276176
6.14299610895	0.00210096566249
6.15758754864	0.00196574420253
6.17217898833	0.00183756699855
6.18677042802	0.00171619948347
6.20136186771	0.00160140482122
6.21595330739	0.00149294479084
6.23054474708	0.00139058063546
6.24513618677	0.00129407387217
6.25972762646	0.00120318705946
6.27431906615	0.00111768451937
6.28891050584	0.00103733301208
6.30350194553	0.000961902361296
6.31809338522	0.000891166029102
6.3326848249	0.00082490163978
6.34727626459	0.000762891452212
6.36186770428	0.000704922781214
6.37645914397	0.000650788368384
6.39105058366	0.00060028670351
6.40564202335	0.000553222297867
6.42023346304	0.000509405911045
6.43482490272	0.00046865473321
6.44941634241	0.000430792524889
6.4640077821	0.000395649716571
6.47859922179	0.000363063470534
6.49319066148	0.00033287770743
6.50778210117	0.000304943100204
6.52237354086	0.000279117037988
6.53696498055	0.000255263562595
6.55155642023	0.000233253280251
6.56614785992	0.000212963251126
6.58073929961	0.000194276859203
6.5953307393	0.000177083664923
6.60992217899	0.000161279242954
6.62451361868	0.000146765007343
6.63910505837	0.00013344802616
6.65369649806	0.00012124082767
6.66828793774	0.000110061199889
6.68287937743	9.98319852867e-05
6.69747081712	9.04808722422e-05
6.71206225681	8.19401847299e-05
6.7266536965	7.41466715869e-05
6.74124513619	6.70412965721e-05
6.75583657588	6.05690303034e-05
6.77042801557	5.46786450389e-05
6.78501945525	4.93225131455e-05
6.79961089494	4.44564099891e-05
6.81420233463	4.00393218718e-05
6.82879377432	3.60332595447e-05
6.84338521401	3.24030777285e-05
6.8579766537	2.91163009899e-05
6.87256809339	2.6142956242e-05
6.88715953308	2.34554120637e-05
6.90175097276	2.10282249675e-05
6.91634241245	1.88379926852e-05
6.93093385214	1.68632144889e-05
6.94552529183	1.5084158515e-05
6.96011673152	1.34827360207e-05
6.97470817121	1.20423824634e-05
6.9892996109	1.0747945264e-05
7.00389105058	9.58557808823e-06
7.01848249027	8.54264145795e-06
7.03307392996	7.60760948709e-06
7.04766536965	6.76998252179e-06
7.06225680934	6.02020545395e-06
7.07684824903	5.34959146932e-06
7.09143968872	4.75025098602e-06
7.10603112841	4.21502553669e-06
7.12062256809	3.73742634683e-06
7.13521400778	3.31157736306e-06
7.14980544747	2.93216248794e-06
7.16439688716	2.59437678212e-06
7.17898832685	2.29388140014e-06
7.19357976654	2.02676203246e-06
7.20817120623	1.78949063346e-06
7.22276264592	1.57889022314e-06
7.2373540856	1.39210255832e-06
7.25194552529	1.22655847792e-06
7.26653696498	1.07995073582e-06
7.28112840467	9.50209143775e-07
7.29571984436	8.35477856002e-07
7.31031128405	7.34094636005e-07
7.32490272374	6.44571955314e-07
7.33949416343	5.65579782489e-07
7.35408560311	4.95929929408e-07
7.3686770428	4.3456183018e-07
7.38326848249	3.80529636117e-07
7.39785992218	3.32990518007e-07
7.41245136187	2.91194074344e-07
7.42704280156	2.54472751376e-07
7.44163424125	2.22233187536e-07
7.45622568094	1.93948401382e-07
7.47081712062	1.69150748154e-07
7.48540856031	1.47425575939e-07
7.5	1.2840551774e-07
7.51459143969	1.11765360931e-07
7.52918287938	9.72174403306e-08
7.54377431907	8.45075054494e-08
7.55836575876	7.34110168398e-08
7.57295719844	6.3729830181e-08
7.58754863813	5.52892303542e-08
7.60214007782	4.79352811033e-08
7.61673151751	4.15324589315e-08
7.6313229572	3.5961542733e-08
7.64591439689	3.11177332594e-08
7.66050583658	2.69089789365e-08
7.67509727627	2.32544867436e-08
7.68968871595	2.0083398901e-08
7.70428015564	1.73336179566e-08
7.71887159533	1.49507645617e-08
7.73346303502	1.28872537634e-08
7.74805447471	1.11014770608e-08
7.7626459144	9.55707874151e-09
7.77723735409	8.22231618799e-09
7.79182879378	7.06949489381e-09
7.80642023346	6.0744698922e-09
7.82101167315	5.21620616147e-09
7.83560311284	4.47639135896e-09
7.85019455253	3.83909493766e-09
7.86478599222	3.29046834191e-09
7.87937743191	2.81848154807e-09
7.8939688716	2.41269173532e-09
7.90856031129	2.06404033304e-09
7.92315175097	1.76467510915e-09
7.93774319066	1.50779433521e-09
7.95233463035	1.28751039849e-09
7.96692607004	1.09873052914e-09
7.98151750973	9.37052578117e-10
7.99610894942	7.98674017847e-10
8.01070038911	6.80312550958e-10
8.0252918288	5.79136900072e-10
8.03988326848	4.92706520226e-10
8.05447470817	4.1891912404e-10
8.06906614786	3.55965042474e-10
8.08365758755	3.02287560836e-10
8.09824902724	2.56548474494e-10
8.11284046693	2.17598199656e-10
8.12743190662	1.84449856669e-10
8.1420233463	1.56256814612e-10
8.15661478599	1.32293249629e-10
8.17120622568	1.1193732488e-10
8.18579766537	9.46566495946e-11
8.20038910506	7.9995717465e-11
8.21498054475	6.75650631905e-11
8.22957198444	5.7031908837e-11
8.24416342413	4.81121013091e-11
8.25875486381	4.05631676959e-11
8.2733463035	3.4178337905e-11
8.28793774319	2.87814034976e-11
8.30252918288	2.4222298982e-11
8.31712062257	2.03733066783e-11
8.33171206226	1.71257995885e-11
8.34630350195	1.43874478916e-11
8.36089494164	1.20798248284e-11
8.37548638132	1.01363562864e-11
8.39007782101	8.50056600197e-12
8.4046692607	7.12457479033e-12
8.41926070039	5.96781795277e-12
8.43385214008	4.99594985818e-12
8.44844357977	4.17990909281e-12
8.46303501946	3.4951211461e-12
8.47762645915	2.92081889275e-12
8.49221789883	2.43946384691e-12
8.50680933852	2.03625360104e-12
8.52140077821	1.69870288046e-12
8.5359922179	1.41628747457e-12
8.55058365759	1.18014178901e-12
8.56517509728	9.82802143844e-13
8.57976653697	8.17989024931e-13
8.59435797666	6.80422514588e-13
8.60894941634	5.65665939955e-13
8.62354085603	4.69993524614e-13
8.63813229572	3.90278423453e-13
8.65272373541	3.23898072452e-13
8.6673151751	2.68654218829e-13
8.68190661479	2.22705412002e-13
8.69649805448	1.84510039762e-13
8.71108949416	1.52778301741e-13
8.72568093385	1.26431739473e-13
8.74027237354	1.04569160274e-13
8.75486381323	8.64379602026e-14
8.76945525292	7.14100096298e-14
8.78404669261	5.89613841195e-14
8.7986381323	4.86553441564e-14
8.81322957199	4.01280473243e-14
8.82782101167	3.30765651006e-14
8.84241245136	2.72488369455e-14
8.85700389105	2.24352556113e-14
8.87159533074	1.84616216319e-14
8.88618677043	1.51832497939e-14
8.90077821012	1.24800400442e-14
8.91536964981	1.02523602163e-14
8.9299610895	8.41760706166e-15
8.94455252918	6.90733687027e-15
8.95914396887	5.66487189977e-15
8.97373540856	4.64330588858e-15
8.98832684825	3.80384231853e-15
9.00291828794	3.11441161966e-15
9.01750972763	2.54852015299e-15
9.03210116732	2.08429391113e-15
9.04669260701	1.70368354516e-15
9.06128404669	1.39180453896e-15
9.07587548638	1.13638938377e-15
9.09046692607	9.273334974e-16
9.10505836576	7.56318678908e-16
9.11964980545	6.16501440924e-16
9.13424124514	5.02254678201e-16
9.14883268483	4.08954294641e-16
9.16342412452	3.32802571658e-16
9.1780155642	2.70682357321e-16
9.19260700389	2.20036550641e-16
9.20719844358	1.78768732336e-16
9.22178988327	1.4516113298e-16
9.23638132296	1.17807109258e-16
9.25097276265	9.55553949386e-17
9.26556420234	7.7464328181e-17
9.28015564202	6.27641028806e-17
9.29474708171	5.08257953112e-17
9.3093385214	4.11358549455e-17
9.32392996109	3.32751930638e-17
9.33852140078	2.69019952344e-17
9.35311284047	2.17376541858e-17
9.36770428016	1.75551791487e-17
9.38229571985	1.41697615951e-17
9.39688715953	1.14310104449e-17
9.41147859922	9.21662236866e-18
9.42607003891	7.42718407979e-18
9.4406614786	5.98194035434e-18
9.45525291829	4.81532338857e-18
9.46984435798	3.87413651695e-18
9.48443579767	3.11523324743e-18
9.49902723736	2.50364453106e-18
9.51361867704	2.01104199886e-18
9.52821011673	1.61449428399e-18
9.54280155642	1.29544417239e-18
9.55739299611	1.03888631863e-18
9.5719844358	8.32691480887e-19
9.58657587549	6.67064915149e-19
9.60116731518	5.34096628125e-19
9.61575875487	4.27405346623e-19
9.63035019455	3.41843983049e-19
9.64494163424	2.73265273252e-19
9.65953307393	2.1832780769e-19
9.67412451362	1.74342150342e-19
9.68871595331	1.391435723e-19
9.703307393	1.1099260199e-19
9.71789883269	8.84900250614e-20
9.73249027237	7.05122727058e-20
9.74708171206	5.61570897827e-20
9.76167315175	4.47006881945e-20
9.77626459144	3.55624756022e-20
9.79085603113	2.82774300525e-20
9.80544747082	2.24726914174e-20
9.82003891051	1.78502280547e-20
9.8346303502	1.41711011101e-20
9.84922178988	1.12444204495e-20
9.86381322957	8.91742351562e-21
9.87840466926	7.06830157501e-21
9.89299610895	5.59963123144e-21
9.90758754864	4.43377234593e-21
9.92217898833	3.50874074884e-21
9.93677042802	2.77527178346e-21
9.95136186771	2.19395551813e-21
9.96595330739	1.73351866851e-21
9.98054474708	1.36897192312e-21
9.99513618677	1.08052091175e-21
10.0097276265	8.52384361143e-22
10.0243190661	6.72065803974e-22
10.0389105058	5.29584904913e-22
10.0535019455	4.17105686114e-22
10.0680933852	3.28345232891e-22
10.0826848249	2.58344397509e-22
10.0972762646	2.03155696092e-22
10.1118677043	1.59669031346e-22
10.126459144	1.25418792536e-22
10.1410505837	9.84645827602e-23
10.1556420233	7.72526994747e-23
10.170233463	6.05803527733e-23
10.1848249027	4.74807017794e-23
10.1994163424	3.71946149144e-23
10.2140077821	2.91175560224e-23
10.2285992218	2.27833283896e-23
10.2431906615	1.78142136656e-23
10.2577821012	1.39202925577e-23
10.2723735409	1.08683529925e-23
10.2869649805	8.48156805022e-24
10.3015564202	6.61482854627e-24
10.3161478599	5.15640665881e-24
10.3307392996	4.01616737521e-24
10.3453307393	3.12620149705e-24
10.359922179	2.43067007968e-24
10.3745136187	1.88816164721e-24
10.3891050584	1.46461345057e-24
10.4036964981	1.13593765075e-24
10.4182879377	8.8011379269e-25
10.4328793774	6.81484725877e-25
10.4474708171	5.26952392609e-25
10.4620622568	4.07023806852e-25
10.4766536965	3.13677015715e-25
10.4912451362	2.41461480852e-25
10.5058365759	1.85214492497e-25
10.5204280156	1.42100672863e-25
10.5350194553	1.08847049718e-25
10.5496108949	8.33615591662e-26
10.5642023346	6.37119639534e-26
10.5787937743	4.87561221361e-26
10.593385214	3.72072130709e-26
10.6079766537	2.83800615349e-26
10.6225680934	2.16226880186e-26
10.6371595331	1.64682588176e-26
10.6517509728	1.25744236117e-26
10.6663424125	9.68348826935e-27
10.6809338521	7.49185356626e-27
10.6955252918	5.84704168657e-27
10.7101167315	4.61837212574e-27
10.7247081712	3.7193581059e-27
10.7392996109	3.06966343974e-27
10.7538910506	2.60039029653e-27
10.7684824903	2.2770971581e-27
10.78307393	2.04379940167e-27
10.7976653697	1.89576738782e-27
10.8122568093	1.77522715704e-27
10.826848249	1.69185993407e-27
10.8414396887	1.65814046914e-27
10.8560311284	1.68878098972e-27
10.8706225681	1.6850670192e-27
10.8852140078	1.67868209183e-27
10.8998054475	1.65486508684e-27
10.9143968872	1.65827651549e-27
10.9289883268	1.63890730724e-27
10.9435797665	1.63063242483e-27
10.9581712062	1.62343383354e-27
10.9727626459	1.67583629397e-27
10.9873540856	1.67688096668e-27
11.0019455253	1.66823560641e-27
11.016536965	1.65739513622e-27
11.0311284047	1.65516605107e-27
11.0457198444	1.65982055641e-27
11.060311284	1.69619490454e-27
11.0749027237	1.74064161955e-27
11.0894941634	1.86309322214e-27
11.1040856031	1.98781280623e-27
11.1186770428	2.17273924317e-27
11.1332684825	2.41976105159e-27
11.1478599222	2.79824984664e-27
11.1624513619	3.30672215994e-27
11.1770428016	4.0440086261e-27
11.1916342412	5.06577563767e-27
11.2062256809	6.51599141741e-27
11.2208171206	8.34704431011e-27
11.2354085603	1.10223218029e-26
11.25	1.34759642329e-26
11.2645914397	1.09270088768e-26
11.2791828794	8.12896198312e-27
11.2937743191	6.1562656418e-27
11.3083657588	4.63091358439e-27
11.3229571984	3.51256430566e-27
11.3375486381	2.65620162881e-27
11.3521400778	2.02096765911e-27
11.3667315175	1.52407093117e-27
11.3813229572	1.15386810378e-27
11.3959143969	8.82352154121e-28
11.4105058366	6.80251895336e-28
11.4250972763	5.30673677456e-28
11.439688716	4.22637353975e-28
11.4542801556	3.43564398266e-28
11.4688715953	2.83814820012e-28
11.483463035	2.40557009871e-28
11.4980544747	2.06354487947e-28
11.5126459144	1.84052694895e-28
11.5272373541	1.61733364297e-28
11.5418287938	1.45159558425e-28
11.5564202335	1.32983761353e-28
11.5710116732	1.25191693951e-28
11.5856031128	1.18873449925e-28
11.6001945525	1.17788574875e-28
11.6147859922	1.15140736972e-28
11.6293774319	1.17244156801e-28
11.6439688716	1.15022905185e-28
11.6585603113	1.14006575366e-28
11.673151751	1.06147175537e-28
11.6877431907	1.07211842818e-28
11.7023346304	1.08494031352e-28
11.71692607	1.10300056452e-28
11.7315175097	1.12422100754e-28
11.7461089494	1.19338353883e-28
11.7607003891	1.2592574595e-28
11.7752918288	1.35474644412e-28
11.7898832685	1.4297977426e-28
11.8044747082	1.53654309899e-28
11.8190661479	1.65856033558e-28
11.8336575876	1.77039248707e-28
11.8482490272	1.85898514395e-28
11.8628404669	2.01478422438e-28
11.8774319066	2.1437207716e-28
11.8920233463	2.21486728154e-28
11.906614786	2.25015079726e-28
11.9212062257	2.2755503006e-28
11.9357976654	2.28222148264e-28
11.9503891051	2.32634268406e-28
11.9649805447	2.32478494996e-28
11.9795719844	2.31832582543e-28
11.9941634241	2.2822441314e-28
12.0087548638	2.25099092324e-28
12.0233463035	2.20159699921e-28
12.0379377432	2.21777711499e-28
12.0525291829	2.20798183964e-28
12.0671206226	2.16234534648e-28
12.0817120623	2.1192091712e-28
12.0963035019	2.12349564913e-28
12.1108949416	2.11067485023e-28
12.1254863813	2.17303818314e-28
12.140077821	2.29871661252e-28
12.1546692607	2.38822203238e-28
12.1692607004	2.45716546226e-28
12.1838521401	2.50692991015e-28
12.1984435798	2.5115659133e-28
12.2130350195	2.49616819169e-28
12.2276264591	2.52200593184e-28
12.2422178988	2.56143433774e-28
12.2568093385	2.71531548296e-28
12.2714007782	2.84619070786e-28
12.2859922179	2.95697873993e-28
12.3005836576	3.048023237e-28
12.3151750973	3.08245217677e-28
12.329766537	3.09672855348e-28
12.3443579767	3.15483619844e-28
12.3589494163	3.18571285505e-28
12.373540856	3.34168329193e-28
12.3881322957	3.47676457273e-28
12.4027237354	3.57754203534e-28
12.4173151751	3.5716083683e-28
12.4319066148	3.55440678938e-28
12.4464980545	3.50357566424e-28
12.4610894942	3.52219259405e-28
12.4756809339	3.59710339017e-28
12.4902723735	3.80065096998e-28
12.5048638132	3.93069912501e-28
12.5194552529	4.08115595364e-28
12.5340466926	4.1486127011e-28
12.5486381323	4.16098189608e-28
12.563229572	4.19276876691e-28
12.5778210117	4.26000846748e-28
12.5924124514	4.33779313901e-28
12.6070038911	4.59298012288e-28
12.6215953307	4.6899094049e-28
12.6361867704	4.76198489731e-28
12.6507782101	4.69960325698e-28
12.6653696498	4.66235281776e-28
12.6799610895	4.66089888831e-28
12.6945525292	4.77038065526e-28
12.7091439689	4.9351672035e-28
12.7237354086	5.34961942576e-28
12.7383268483	5.5865389371e-28
12.7529182879	5.68884956454e-28
12.7675097276	5.63038948249e-28
12.7821011673	5.62807287612e-28
12.796692607	5.54572511118e-28
12.8112840467	5.63628295513e-28
12.8258754864	5.82637815253e-28
12.8404669261	6.20447739025e-28
12.8550583658	6.32835444262e-28
12.8696498054	6.44346244205e-28
12.8842412451	6.38994639135e-28
12.8988326848	6.31566688088e-28
12.9134241245	6.2662898989e-28
12.9280155642	6.37142653448e-28
12.9426070039	6.49485415691e-28
12.9571984436	6.81805578043e-28
12.9717898833	6.92541981767e-28
12.986381323	7.01432444969e-28
13.0009727626	6.95497297073e-28
13.0155642023	6.89371508098e-28
13.030155642	6.79555108614e-28
13.0447470817	6.83908423366e-28
13.0593385214	6.95034755411e-28
13.0739299611	7.37841547303e-28
13.0885214008	7.56069874254e-28
13.1031128405	7.63317762476e-28
13.1177042802	7.5425092435e-28
13.1322957198	7.49755901178e-28
13.1468871595	7.40649742049e-28
13.1614785992	7.49954947272e-28
13.1760700389	7.7252505252e-28
13.1906614786	8.18059635511e-28
13.2052529183	8.26863556248e-28
13.219844358	8.41298095323e-28
13.2344357977	8.33208201025e-28
13.2490272374	8.24682662542e-28
13.263618677	8.19627975164e-28
13.2782101167	8.26154803202e-28
13.2928015564	8.33160145613e-28
13.3073929961	8.73631050422e-28
13.3219844358	8.90287786884e-28
13.3365758755	9.02855829054e-28
13.3511673152	8.91640477717e-28
13.3657587549	8.80359721026e-28
13.3803501946	8.61959360785e-28
13.3949416342	8.58335553862e-28
13.4095330739	8.68728672365e-28
13.4241245136	9.11214507565e-28
13.4387159533	9.1805382407e-28
13.453307393	9.2584886849e-28
13.4678988327	9.20519918834e-28
13.4824902724	9.18141100485e-28
13.4970817121	8.99123926802e-28
13.5116731518	9.06358742275e-28
13.5262645914	9.22833019753e-28
13.5408560311	9.7144501236e-28
13.5554474708	9.91618416968e-28
13.5700389105	1.00674599804e-27
13.5846303502	9.98021881919e-28
13.5992217899	9.88805490991e-28
13.6138132296	9.79281307306e-28
13.6284046693	9.86660255541e-28
13.642996109	9.92803084322e-28
13.6575875486	1.04383744358e-27
13.6721789883	1.06216281179e-27
13.686770428	1.06835969592e-27
13.7013618677	1.06127092196e-27
13.7159533074	1.06409681979e-27
13.7305447471	1.05628748275e-27
13.7451361868	1.05999166474e-27
13.7597276265	1.07062883192e-27
13.7743190661	1.11710660649e-27
13.7889105058	1.12358563657e-27
13.8035019455	1.13141203811e-27
13.8180933852	1.1132150881e-27
13.8326848249	1.10096056053e-27
13.8472762646	1.09003522222e-27
13.8618677043	1.10378747278e-27
13.876459144	1.11931770183e-27
13.8910505837	1.16770530482e-27
13.9056420233	1.18068491584e-27
13.920233463	1.19182352052e-27
13.9348249027	1.17738721825e-27
13.9494163424	1.17692461932e-27
13.9640077821	1.17270780002e-27
13.9785992218	1.18468214271e-27
13.9931906615	1.19680494978e-27
14.0077821012	1.25261117564e-27
14.0223735409	1.26351017917e-27
14.0369649805	1.26044853821e-27
14.0515564202	1.24315145664e-27
14.0661478599	1.23567042833e-27
14.0807392996	1.21345223055e-27
14.0953307393	1.21919985228e-27
14.109922179	1.23351702625e-27
14.1245136187	1.28788218327e-27
14.1391050584	1.29221052808e-27
14.1536964981	1.2923013703e-27
14.1682879377	1.2697403872e-27
14.1828793774	1.25580005707e-27
14.1974708171	1.23579810821e-27
14.2120622568	1.23440210645e-27
14.2266536965	1.23456859183e-27
14.2412451362	1.28678213345e-27
14.2558365759	1.3009500008e-27
14.2704280156	1.30444486823e-27
14.2850194553	1.27845995803e-27
14.2996108949	1.26739414229e-27
14.3142023346	1.24767329783e-27
14.3287937743	1.24424039168e-27
14.343385214	1.2479924241e-27
14.3579766537	1.30023005582e-27
14.3725680934	1.30377496817e-27
14.3871595331	1.29230964689e-27
14.4017509728	1.26341768732e-27
14.4163424125	1.24694118254e-27
14.4309338521	1.21632403682e-27
14.4455252918	1.21058161726e-27
14.4601167315	1.21074400407e-27
14.4747081712	1.24651317687e-27
14.4892996109	1.24427441775e-27
14.5038910506	1.24295548231e-27
14.5184824903	1.22085604307e-27
14.53307393	1.21027906934e-27
14.5476653697	1.19988515151e-27
14.5622568093	1.19747374928e-27
14.576848249	1.19095995765e-27
14.5914396887	1.23568186741e-27
14.6060311284	1.23646861551e-27
14.6206225681	1.22975934154e-27
14.6352140078	1.19448950585e-27
14.6498054475	1.17328873254e-27
14.6643968872	1.14837217339e-27
14.6789883268	1.13367704706e-27
14.6935797665	1.11765225802e-27
14.7081712062	1.13752401437e-27
14.7227626459	1.119644581e-27
14.7373540856	1.09957073053e-27
14.7519455253	1.05765352854e-27
14.766536965	1.03202353624e-27
14.7811284047	9.86138891318e-28
14.7957198444	9.61009016543e-28
14.810311284	9.32263428591e-28
14.8249027237	9.2169340287e-28
14.8394941634	8.72184740003e-28
14.8540856031	8.18777895667e-28
14.8686770428	7.5492513099e-28
14.8832684825	7.1651781369e-28
14.8978599222	6.97701125788e-28
14.9124513619	7.23563502555e-28
14.9270428016	8.06803616915e-28
14.9416342412	1.01693704656e-27
14.9562256809	1.36295808351e-27
14.9708171206	1.92698302994e-27
14.9854085603	2.94631025548e-27
15.0	4.03253515088e-27
