-14.9854085603	1.95740904226e-27
-14.9708171206	1.13504355617e-27
-14.9562256809	6.6855517741e-28
-14.9416342412	3.77623874316e-28
-14.9270428016	2.12834287133e-28
-14.9124513619	1.24569426396e-28
-14.8978599222	8.49567586145e-29
-14.8832684825	6.95180160188e-29
-14.8686770428	7.43932133601e-29
-14.8540856031	8.42182120863e-29
-14.8394941634	9.87665271157e-29
-14.8249027237	1.03527064017e-28
-14.810311284	1.1857926687e-28
-14.7957198444	1.30067718196e-28
-14.7811284047	1.46558657582e-28
-14.766536965	1.59748638962e-28
-14.7519455253	1.72175758254e-28
-14.7373540856	1.78622513816e-28
-14.7227626459	1.83528545974e-28
-14.7081712062	1.71136581466e-28
-14.6935797665	1.73401142464e-28
-14.6789883268	1.76575382694e-28
-14.6643968872	1.85260193432e-28
-14.6498054475	1.90622368312e-28
-14.6352140078	2.00289462907e-28
-14.6206225681	2.01304787486e-28
-14.6060311284	2.01303230377e-28
-14.5914396887	1.86647950506e-28
-14.576848249	1.85477257425e-28
-14.5622568093	1.85735162138e-28
-14.5476653696	1.94238757586e-28
-14.53307393	1.97249812936e-28
-14.5184824903	2.05138529082e-28
-14.5038910506	2.06645107095e-28
-14.4892996109	2.0859619326e-28
-14.4747081712	1.94766772579e-28
-14.4601167315	1.94207445479e-28
-14.4455252918	1.93151698415e-28
-14.4309338521	2.00040028007e-28
-14.4163424125	2.02363872454e-28
-14.4017509728	2.09233999365e-28
-14.3871595331	2.08268988216e-28
-14.3725680934	2.06799161463e-28
-14.3579766537	1.87916946173e-28
-14.343385214	1.82940697925e-28
-14.3287937743	1.79989543018e-28
-14.3142023346	1.84697778894e-28
-14.2996108949	1.86133744588e-28
-14.2850194553	1.93621837129e-28
-14.2704280156	1.93577011643e-28
-14.2558365759	1.91949839199e-28
-14.2412451362	1.74749141398e-28
-14.2266536965	1.71825236858e-28
-14.2120622568	1.68678721113e-28
-14.1974708171	1.73178933722e-28
-14.1828793774	1.74058423296e-28
-14.1682879377	1.80155392865e-28
-14.1536964981	1.79871228315e-28
-14.1391050584	1.78245672906e-28
-14.1245136187	1.62024845726e-28
-14.109922179	1.59847098898e-28
-14.0953307393	1.5747503927e-28
-14.0807392996	1.62239077954e-28
-14.0661478599	1.641539228e-28
-14.0515564202	1.69580269468e-28
-14.0369649805	1.67953906825e-28
-14.0223735409	1.65801557002e-28
-14.0077821012	1.48178190867e-28
-13.9931906615	1.44066713431e-28
-13.9785992218	1.40488807154e-28
-13.9640077821	1.43973398056e-28
-13.9494163424	1.44842078556e-28
-13.9348249027	1.49165489048e-28
-13.920233463	1.47981908124e-28
-13.9056420233	1.46425722402e-28
-13.8910505837	1.33203699383e-28
-13.876459144	1.31470005534e-28
-13.8618677043	1.31563871068e-28
-13.8472762646	1.37325281253e-28
-13.8326848249	1.39119926022e-28
-13.8180933852	1.44928257874e-28
-13.8035019455	1.47344815621e-28
-13.7889105058	1.48109834499e-28
-13.7743190661	1.38573493434e-28
-13.7597276265	1.39129040486e-28
-13.7451361868	1.40252137403e-28
-13.7305447471	1.4493538457e-28
-13.7159533074	1.46862727113e-28
-13.7013618677	1.50294040443e-28
-13.686770428	1.49081731942e-28
-13.6721789883	1.45668156943e-28
-13.6575875486	1.31795334399e-28
-13.6429961089	1.27051819346e-28
-13.6284046693	1.23890059488e-28
-13.6138132296	1.22656950221e-28
-13.5992217899	1.20683490621e-28
-13.5846303502	1.20525671987e-28
-13.5700389105	1.17476462356e-28
-13.5554474708	1.12654776002e-28
-13.5408560311	9.85468440184e-29
-13.5262645914	9.38758416507e-29
-13.5116731518	9.17095671556e-29
-13.4970817121	9.26153416611e-29
-13.4824902724	9.33183338223e-29
-13.4678988327	9.54236330533e-29
-13.453307393	9.51022115826e-29
-13.4387159533	9.45711983696e-29
-13.4241245136	8.77877190826e-29
-13.4095330739	8.63986994639e-29
-13.3949416342	8.73325261529e-29
-13.3803501946	9.07732124718e-29
-13.3657587549	9.29348048154e-29
-13.3511673152	9.72021545476e-29
-13.3365758755	9.95913975906e-29
-13.3219844358	1.00133398799e-28
-13.3073929961	9.55467628246e-29
-13.2928015564	9.53577752386e-29
-13.2782101167	9.75978502758e-29
-13.263618677	1.00616112862e-28
-13.2490272374	1.03642873538e-28
-13.2344357977	1.0908881628e-28
-13.219844358	1.1351440135e-28
-13.2052529183	1.17838082325e-28
-13.1906614786	1.20572611425e-28
-13.1760700389	1.25131310159e-28
-13.1614785992	1.31140414067e-28
-13.1468871595	1.36448533995e-28
-13.1322957198	1.41110337091e-28
-13.1177042802	1.43913704018e-28
-13.1031128405	1.46708357322e-28
-13.0885214008	1.45243607206e-28
-13.0739299611	1.43857158859e-28
-13.0593385214	1.47210200878e-28
-13.0447470817	1.51752843347e-28
-13.030155642	1.53174080286e-28
-13.0155642023	1.5605456513e-28
-13.0009727626	1.58742879008e-28
-12.986381323	1.62864833737e-28
-12.9717898833	1.65931105102e-28
-12.9571984436	1.71016673864e-28
-12.9426070039	1.76926871942e-28
-12.9280155642	1.83693940887e-28
-12.9134241245	1.87100247254e-28
-12.8988326848	1.92561771566e-28
-12.8842412451	1.98293352263e-28
-12.8696498054	2.05532619896e-28
-12.8550583658	2.13092876712e-28
-12.8404669261	2.27710356245e-28
-12.8258754864	2.4008072529e-28
-12.8112840467	2.50815776535e-28
-12.796692607	2.5692441483e-28
-12.7821011673	2.5918726978e-28
-12.7675097276	2.58893959594e-28
-12.7529182879	2.63779651507e-28
-12.7383268482	2.62973872739e-28
-12.7237354086	2.64693599753e-28
-12.7091439689	2.63222356335e-28
-12.6945525292	2.64695159812e-28
-12.6799610895	2.59678229419e-28
-12.6653696498	2.56580162657e-28
-12.6507782101	2.5471923638e-28
-12.6361867704	2.59523246763e-28
-12.6215953307	2.62431039207e-28
-12.6070038911	2.71488090469e-28
-12.5924124514	2.74853543721e-28
-12.5778210117	2.80662299732e-28
-12.563229572	2.7659379444e-28
-12.5486381323	2.77132621528e-28
-12.5340466926	2.79539978728e-28
-12.5194552529	2.89333440446e-28
-12.5048638132	2.97887067245e-28
-12.4902723735	3.2427257448e-28
-12.4756809339	3.40006134336e-28
-12.4610894942	3.53613091132e-28
-12.4464980545	3.56685300269e-28
-12.4319066148	3.5899271327e-28
-12.4173151751	3.56267997811e-28
-12.4027237354	3.5904791766e-28
-12.3881322957	3.58139264662e-28
-12.373540856	3.68660233385e-28
-12.3589494163	3.72901844019e-28
-12.3443579767	3.76903316275e-28
-12.329766537	3.70789406659e-28
-12.3151750973	3.72019736769e-28
-12.3005836576	3.67169509741e-28
-12.2859922179	3.72655682727e-28
-12.2714007782	3.81513861013e-28
-12.2568093385	4.07119470828e-28
-12.2422178988	4.17920685011e-28
-12.2276264591	4.34409828865e-28
-12.2130350195	4.35983805345e-28
-12.1984435798	4.39239849767e-28
-12.1838521401	4.35915179863e-28
-12.1692607004	4.40639752761e-28
-12.1546692607	4.4623200231e-28
-12.140077821	4.72063359391e-28
-12.1254863813	4.76684968482e-28
-12.1108949416	4.82427453325e-28
-12.0963035019	4.71782534087e-28
-12.0817120623	4.65428296451e-28
-12.0671206226	4.57889985592e-28
-12.0525291829	4.63802376841e-28
-12.0379377432	4.71033595188e-28
-12.0233463035	4.9972506606e-28
-12.0087548638	5.06641546446e-28
-11.9941634241	5.18228638198e-28
-11.9795719844	5.15004763232e-28
-11.9649805447	5.17528299707e-28
-11.9503891051	5.14484808751e-28
-11.9357976654	5.25224550306e-28
-11.9212062257	5.45061587104e-28
-11.906614786	5.92202127267e-28
-11.8920233463	6.12628894038e-28
-11.8774319066	6.26804945617e-28
-11.8628404669	6.15751227392e-28
-11.8482490272	6.05962609422e-28
-11.8336575875	5.91745633213e-28
-11.8190661479	5.90689979921e-28
-11.8044747082	5.87628464357e-28
-11.7898832685	6.12137752368e-28
-11.7752918288	6.06238252061e-28
-11.7607003891	6.02526500944e-28
-11.7461089494	5.8528299563e-28
-11.7315175097	5.7772926493e-28
-11.71692607	5.66896925284e-28
-11.7023346304	5.69645203146e-28
-11.6877431907	5.68270761469e-28
-11.673151751	5.92698669276e-28
-11.6585603113	5.93970917928e-28
-11.6439688716	5.92470881907e-28
-11.6293774319	5.78831563389e-28
-11.6147859922	5.68246877582e-28
-11.6001945525	5.52250816635e-28
-11.5856031128	5.6071221669e-28
-11.5710116732	5.71066864546e-28
-11.5564202335	6.06562020156e-28
-11.5418287938	6.07912823618e-28
-11.5272373541	6.1350764755e-28
-11.5126459144	6.00339837057e-28
-11.4980544747	5.84039790489e-28
-11.483463035	5.73732098994e-28
-11.4688715953	5.77052440229e-28
-11.4542801556	5.86884793813e-28
-11.439688716	6.26933405712e-28
-11.4250972763	6.4424036819e-28
-11.4105058366	6.71909960309e-28
-11.3959143969	7.08657456077e-28
-11.3813229572	7.88471950869e-28
-11.3667315175	9.1161134322e-28
-11.3521400778	1.1123330897e-27
-11.3375486381	1.39379131295e-27
-11.3229571984	1.80956051575e-27
-11.3083657588	2.36867222913e-27
-11.2937743191	3.18351590128e-27
-11.2791828794	4.27607033443e-27
-11.2645914397	5.94001218897e-27
-11.25	7.4961502417e-27
-11.2354085603	5.83986900177e-27
-11.2208171206	4.11085197462e-27
-11.2062256809	2.96458062314e-27
-11.1916342412	2.10059424413e-27
-11.1770428016	1.48854600229e-27
-11.1624513619	1.04571565994e-27
-11.1478599222	7.3666659034e-28
-11.1332684825	5.19099000562e-28
-11.1186770428	3.66862456053e-28
-11.1040856031	2.66772558943e-28
-11.0894941634	1.95018613461e-28
-11.0749027237	1.61462586942e-28
-11.060311284	1.467466656e-28
-11.0457198444	1.48535904052e-28
-11.0311284047	1.58648995279e-28
-11.016536965	1.78138519387e-28
-11.0019455253	1.89189762322e-28
-10.9873540856	2.0498544592e-28
-10.9727626459	2.02735025431e-28
-10.9581712062	2.15255654349e-28
-10.9435797665	2.32541208652e-28
-10.9289883268	2.58154636014e-28
-10.9143968872	2.77875302673e-28
-10.8998054475	3.01657632217e-28
-10.8852140078	3.14079493719e-28
-10.8706225681	3.19479384302e-28
-10.8560311284	3.01130984781e-28
-10.8414396887	3.05449297385e-28
-10.826848249	3.09270743273e-28
-10.8122568093	3.25818531413e-28
-10.7976653696	3.40284935374e-28
-10.78307393	3.56309464944e-28
-10.7684824903	3.60961328349e-28
-10.7538910506	3.65998734814e-28
-10.7392996109	3.47424839083e-28
-10.7247081712	3.5120786963e-28
-10.7101167315	3.5582670471e-28
-10.6955252918	3.70463997373e-28
-10.6809338521	3.82798230348e-28
-10.6663424125	3.97790181309e-28
-10.6517509728	3.97355983332e-28
-10.6371595331	3.9594379427e-28
-10.6225680934	3.69266729291e-28
-10.6079766537	3.66295120924e-28
-10.593385214	3.64289706591e-28
-10.5787937743	3.76704567554e-28
-10.5642023346	3.85194794233e-28
-10.5496108949	4.01185823473e-28
-10.5350194553	4.05507952652e-28
-10.5204280156	4.08398818804e-28
-10.5058365759	3.86331945148e-28
-10.4912451362	3.87132816246e-28
-10.4766536965	3.88366542231e-28
-10.4620622568	3.9985452637e-28
-10.4474708171	4.05556625901e-28
-10.4328793774	4.14880761718e-28
-10.4182879377	4.11159968465e-28
-10.4036964981	4.03289464185e-28
-10.3891050584	3.68668843784e-28
-10.3745136187	3.58096312855e-28
-10.359922179	3.50287071587e-28
-10.3453307393	3.53986480807e-28
-10.3307392996	3.56176347649e-28
-10.3161478599	3.63018661854e-28
-10.3015564202	3.57438338934e-28
-10.2869649805	3.50910474894e-28
-10.2723735409	3.22125103408e-28
-10.2577821012	3.12304995971e-28
-10.2431906615	3.05111346477e-28
-10.2285992218	3.09840655665e-28
-10.2140077821	3.12658027063e-28
-10.1994163424	3.19051369985e-28
-10.1848249027	3.15556276248e-28
-10.170233463	3.09455193361e-28
-10.1556420233	2.840596837e-28
-10.1410505837	2.78198805814e-28
-10.126459144	2.72523131487e-28
-10.1118677043	2.78548103285e-28
-10.0972762646	2.82018407772e-28
-10.0826848249	2.86905563721e-28
-10.0680933852	2.82313930096e-28
-10.0535019455	2.77366765237e-28
-10.0389105058	2.50433426138e-28
-10.0243190661	2.40089588367e-28
-10.0097276265	2.31165494407e-28
-9.99513618677	2.30337125276e-28
-9.98054474708	2.28817219667e-28
-9.96595330739	2.30802321184e-28
-9.9513618677	2.22868925871e-28
-9.93677042802	2.1516048318e-28
-9.92217898833	1.96130188309e-28
-9.90758754864	1.90616341887e-28
-9.89299610895	1.86569144566e-28
-9.87840466926	1.89839290938e-28
-9.86381322957	1.91150958662e-28
-9.84922178988	1.97520207049e-28
-9.83463035019	1.99928371474e-28
-9.82003891051	2.06273060058e-28
-9.80544747082	2.10374498356e-28
-9.79085603113	2.28479879546e-28
-9.77626459144	2.53095570222e-28
-9.76167315175	2.91277096738e-28
-9.74708171206	3.39208189993e-28
-9.73249027237	3.96029226316e-28
-9.71789883268	4.69303146264e-28
-9.703307393	5.68296056326e-28
-9.68871595331	7.03621687436e-28
-9.67412451362	8.70933210684e-28
-9.65953307393	1.072276775e-27
-9.64494163424	1.32571748192e-27
-9.63035019455	1.65189193499e-27
-9.61575875486	2.06072842089e-27
-9.60116731517	2.5931413492e-27
-9.58657587549	3.29020247341e-27
-9.5719844358	4.2178480681e-27
-9.55739299611	5.34277092593e-27
-9.54280155642	6.7332098981e-27
-9.52821011673	8.48110249124e-27
-9.51361867704	1.07135874682e-26
-9.49902723735	1.35493002304e-26
-9.48443579767	1.71789183855e-26
-9.46984435798	2.18067492308e-26
-9.45525291829	2.78347109148e-26
-9.4406614786	3.53718226615e-26
-9.42607003891	4.48906494297e-26
-9.41147859922	5.70026997735e-26
-9.39688715953	7.24436942671e-26
-9.38229571984	9.19967338009e-26
-9.36770428016	1.17003325282e-25
-9.35311284047	1.48917695029e-25
-9.33852140078	1.89766395641e-25
-9.32392996109	2.41407119846e-25
-9.3093385214	3.0667411003e-25
-9.29474708171	3.89214736001e-25
-9.28015564202	4.94141108376e-25
-9.26556420233	6.26997145292e-25
-9.25097276265	7.95735153205e-25
-9.23638132296	1.00983039067e-24
-9.22178988327	1.28166449189e-24
-9.20719844358	1.62478307281e-24
-9.19260700389	2.05868502621e-24
-9.1780155642	2.60709824229e-24
-9.16342412451	3.30088089995e-24
-9.14883268482	4.17764173891e-24
-9.13424124514	5.28632986679e-24
-9.11964980545	6.68681155436e-24
-9.10505836576	8.4575714598e-24
-9.09046692607	1.06898397882e-23
-9.07587548638	1.35043191047e-23
-9.06128404669	1.70519099301e-23
-9.046692607	2.15231204972e-23
-9.03210116731	2.715384132e-23
-9.01750972763	3.42457979297e-23
-9.00291828794	4.31711070882e-23
-8.98832684825	5.44036639178e-23
-8.97373540856	6.85181260269e-23
-8.95914396887	8.62527355976e-23
-8.94455252918	1.08523748913e-22
-8.92996108949	1.36485726065e-22
-8.91536964981	1.71571826966e-22
-8.90077821012	2.15589167063e-22
-8.88618677043	2.70775795662e-22
-8.87159533074	3.39941933744e-22
-8.85700389105	4.26553644963e-22
-8.84241245136	5.34980585133e-22
-8.82782101167	6.70645628065e-22
-8.81322957198	8.40322588967e-22
-8.7986381323	1.0524241307e-21
-8.78404669261	1.3174717326e-21
-8.76945525292	1.64848986274e-21
-8.75486381323	2.06171683309e-21
-8.74027237354	2.5772547813e-21
-8.72568093385	3.22016672503e-21
-8.71108949416	4.02150864391e-21
-8.69649805447	5.01989390749e-21
-8.68190661479	6.26310093286e-21
-8.6673151751	7.81051449743e-21
-8.65272373541	9.73557650054e-21
-8.63813229572	1.21292967903e-20
-8.62354085603	1.51041535927e-20
-8.60894941634	1.87995748278e-20
-8.59435797665	2.33877527105e-20
-8.57976653696	2.9081683414e-20
-8.56517509728	3.61443045109e-20
-8.55058365759	4.49003884831e-20
-8.5359922179	5.57505361948e-20
-8.52140077821	6.91891676361e-20
-8.50680933852	8.5824895624e-20
-8.49221789883	1.06408363117e-19
-8.47762645914	1.31863819564e-19
-8.46303501945	1.63328918354e-19
-8.44844357977	2.02203030524e-19
-8.43385214008	2.50207298302e-19
-8.41926070039	3.09456161456e-19
-8.4046692607	3.82547759965e-19
-8.39007782101	4.72670363123e-19
-8.37548638132	5.83737492303e-19
-8.36089494163	7.20548194323e-19
-8.34630350195	8.88986267166e-19
-8.33171206226	1.09625879684e-18
-8.31712062257	1.3511933357e-18
-8.30252918288	1.66459145266e-18
-8.28793774319	2.04966864898e-18
-8.2733463035	2.52257893716e-18
-8.25875486381	3.10306699086e-18
-8.24416342412	3.81524666441e-18
-8.22957198444	4.68855690311e-18
-8.21498054475	5.75891472141e-18
-8.20038910506	7.07012320781e-18
-8.18579766537	8.67556781613e-18
-8.17120622568	1.06402891107e-17
-8.15661478599	1.30434698074e-17
-8.1420233463	1.59814814923e-17
-8.12743190661	1.95715375955e-17
-8.11284046693	2.39561360231e-17
-8.09824902724	2.93084162785e-17
-8.08365758755	3.58386484939e-17
-8.06906614786	4.38020426357e-17
-8.05447470817	5.35082154113e-17
-8.03988326848	6.53325576541e-17
-8.02529182879	7.97300149762e-17
-8.0107003891	9.72516263245e-17
-7.99610894942	1.18564490139e-16
-7.98151750973	1.44475756973e-16
-7.96692607004	1.75961548947e-16
-7.95233463035	2.14201665924e-16
-7.93774319066	2.60621379565e-16
-7.92315175097	3.16941534853e-16
-7.90856031128	3.85238854813e-16
-7.89396887159	4.68018106035e-16
-7.87937743191	5.68298791884e-16
-7.86478599222	6.8971893976e-16
-7.85019455253	8.36659556059e-16
-7.83560311284	1.01439344757e-15
-7.82101167315	1.2292634688e-15
-7.80642023346	1.48889547005e-15
-7.79182879377	1.80245315242e-15
-7.77723735409	2.18094216197e-15
-7.7626459144	2.63757326819e-15
-7.74805447471	3.18819567706e-15
-7.73346303502	3.85181396374e-15
-7.71887159533	4.65120368078e-15
-7.70428015564	5.6136452952e-15
-7.68968871595	6.77179726461e-15
-7.67509727626	8.16473566687e-15
-7.66050583658	9.83918983756e-15
-7.64591439689	1.18510112621e-14
-7.6313229572	1.42669179736e-14
-7.61673151751	1.71665659166e-14
-7.60214007782	2.0645005972e-14
-7.58754863813	2.48155981458e-14
-7.57295719844	2.98134643303e-14
-7.55836575875	3.57995790911e-14
-7.54377431907	4.29656111225e-14
-7.52918287938	5.15396513019e-14
-7.51459143969	6.17929863589e-14
-7.5	7.40480995403e-14
-7.48540856031	8.86881178025e-14
-7.47081712062	1.06167995109e-13
-7.45622568093	1.2702765056e-13
-7.44163424124	1.51907490175e-13
-7.42704280156	1.81566694268e-13
-7.41245136187	2.16904748903e-13
-7.39785992218	2.58986788145e-13
-7.38326848249	3.09073401721e-13
-7.3686770428	3.68655674592e-13
-7.35408560311	4.39496355788e-13
-7.33949416342	5.23678192514e-13
-7.32490272373	6.23660655746e-13
-7.31031128405	7.42346460275e-13
-7.29571984436	8.8315953577e-13
-7.28112840467	1.05013635626e-12
-7.26653696498	1.2480328653e-12
-7.25194552529	1.4824495703e-12
-7.2373540856	1.75997781947e-12
-7.22276264591	2.0883707334e-12
-7.20817120623	2.47674284712e-12
-7.19357976654	2.93580311426e-12
-7.17898832685	3.47812671539e-12
-7.16439688716	4.11847191559e-12
-7.14980544747	4.87414923558e-12
-7.13521400778	5.76545129212e-12
-7.12062256809	6.81615299781e-12
-7.1060311284	8.0540932444e-12
-7.09143968872	9.51185098417e-12
-7.07684824903	1.12275304893e-11
-7.06225680934	1.32456728972e-11
-7.04766536965	1.56183136772e-11
-7.03307392996	1.84062086491e-11
-7.01848249027	2.16802544846e-11
-7.00389105058	2.55231335942e-11
-6.98929961089	3.00312175667e-11
-6.97470817121	3.53167685389e-11
-6.96011673152	4.15104834086e-11
-6.94552529183	4.8764432536e-11
-6.93093385214	5.7255451889e-11
-6.91634241245	6.71890561983e-11
-6.90175097276	7.88039501958e-11
-6.88715953307	9.23772261382e-11
-6.87256809338	1.08230348063e-10
-6.8579766537	1.26736037679e-10
-6.84338521401	1.4832619238e-10
-6.82879377432	1.73500984413e-10
-6.81420233463	2.02839310561e-10
-6.79961089494	2.37010785093e-10
-6.78501945525	2.76789494778e-10
-6.77042801556	3.23069764823e-10
-6.75583657588	3.76884217541e-10
-6.74124513619	4.39424444063e-10
-6.7266536965	5.12064651057e-10
-6.71206225681	5.9638869311e-10
-6.69747081712	6.94220954744e-10
-6.68287937743	8.0766160707e-10
-6.66828793774	9.39126831444e-10
-6.65369649805	1.09139467954e-09
-6.63910505837	1.26765732385e-09
-6.62451361868	1.47158054956e-09
-6.60992217899	1.70737144453e-09
-6.5953307393	1.9798553652e-09
-6.58073929961	2.29456338916e-09
-6.56614785992	2.65783161529e-09
-6.55155642023	3.07691383812e-09
-6.53696498054	3.56010930967e-09
-6.52237354086	4.11690750708e-09
-6.50778210117	4.75815205635e-09
-6.49319066148	5.49622621472e-09
-6.47859922179	6.34526260012e-09
-6.4640077821	7.32138016809e-09
-6.44941634241	8.44295178632e-09
-6.43482490272	9.73090613939e-09
-6.42023346303	1.12090681249e-08
-6.40564202335	1.29045423686e-08
-6.39105058366	1.48481450088e-08
-6.37645914397	1.70748894669e-08
-6.36186770428	1.96245325544e-08
-6.34727626459	2.25421879552e-08
-6.3326848249	2.58790148849e-08
-6.31809338521	2.96929905597e-08
-6.30350194552	3.40497760258e-08
-6.28891050584	3.90236858936e-08
-6.27431906615	4.46987736283e-08
-6.25972762646	5.11700452277e-08
-6.24513618677	5.85448154371e-08
-6.23054474708	6.69442220604e-08
-6.21595330739	7.65049154851e-08
-6.2013618677	8.73809422051e-08
-6.18677042802	9.9745842966e-08
-6.17217898833	1.13794988116e-07
-6.15758754864	1.29748174914e-07
-6.14299610895	1.47852513818e-07
-6.12840466926	1.68385633331e-07
-6.11381322957	1.91659235608e-07
-6.09922178988	2.18023037993e-07
-6.08463035019	2.47869138704e-07
-6.07003891051	2.81636848277e-07
-6.05544747082	3.19818031902e-07
-6.04085603113	3.62963011672e-07
-6.02626459144	4.11687081774e-07
-6.01167315175	4.66677694057e-07
-5.99708171206	5.28702375975e-07
-5.98249027237	5.98617447877e-07
-5.96789883268	6.77377611715e-07
-5.953307393	7.66046488801e-07
-5.93871595331	8.65808189974e-07
-5.92412451362	9.77980007642e-07
-5.90953307393	1.1040263255e-06
-5.89494163424	1.24557384841e-06
-5.88035019455	1.40442826191e-06
-5.86575875486	1.58259243797e-06
-5.85116731517	1.78228631111e-06
-5.83657587549	2.00596855683e-06
-5.8219844358	2.2563602121e-06
-5.80739299611	2.53647038592e-06
-5.79280155642	2.84962421617e-06
-5.77821011673	3.19949323745e-06
-5.76361867704	3.59012833312e-06
-5.74902723735	4.02599545314e-06
-5.73443579766	4.51201428806e-06
-5.71984435798	5.05360009739e-06
-5.70525291829	5.65670889928e-06
-5.6906614786	6.32788623596e-06
-5.67607003891	7.07431973698e-06
-5.66147859922	7.90389570937e-06
-5.64688715953	8.8252599901e-06
-5.63229571984	9.84788330209e-06
-5.61770428016	1.09821313594e-05
-5.60311284047	1.22393399716e-05
-5.58852140078	1.36318953987e-05
-5.57392996109	1.5173320211e-05
-5.5593385214	1.68783649054e-05
-5.54474708171	1.87631055291e-05
-5.53015564202	2.08450475573e-05
-5.51556420233	2.31432362643e-05
-5.50097276265	2.5678373818e-05
-5.48638132296	2.84729433179e-05
-5.47178988327	3.15513399807e-05
-5.45719844358	3.49400096593e-05
-5.44260700389	3.86675948605e-05
-5.4280155642	4.27650884023e-05
-5.41342412451	4.72659948192e-05
-5.39883268482	5.22064995953e-05
-5.38424124514	5.76256462622e-05
-5.36964980545	6.356552136e-05
-5.35505836576	7.00714472076e-05
-5.34046692607	7.71921823806e-05
-5.32587548638	8.49801297317e-05
-5.31128404669	9.34915517277e-05
-5.296692607	0.000102786792806
-5.28210116731	0.000112930508382
-5.26750972763	0.000123991900045
-5.25291828794	0.000136044956419
-5.23832684825	0.000149168699038
-5.22373540856	0.000163447432523
-5.20914396887	0.000178970998209
-5.19455252918	0.000195835030301
-5.17996108949	0.000214141213493
-5.1653696498	0.000233997540879
-5.15077821012	0.000255518570882
-5.13618677043	0.000278825681768
-5.12159533074	0.000304047322233
-5.10700389105	0.000331319256389
-5.09241245136	0.000360784801373
-5.07782101167	0.000392595055675
-5.06322957198	0.000426909116159
-5.0486381323	0.000463894281643
-5.03404669261	0.000503726240787
-5.01945525292	0.000546589241946
-5.00486381323	0.000592676242553
-4.99027237354	0.000642189035513
-4.97568093385	0.000695338350022
-4.96108949416	0.000752343924188
-4.94649805447	0.00081343454678
-4.93190661479	0.000878848065441
-4.9173151751	0.000948831358677
-4.90272373541	0.00102364026901
-4.88813229572	0.00110353949468
-4.87354085603	0.00118880243748
-4.85894941634	0.00127971100424
-4.84435797665	0.00137655535982
-4.82976653696	0.0014796336295
-4.81517509728	0.00158925154896
-4.80058365759	0.00170572206024
-4.7859922179	0.0018293648523
-4.77140077821	0.00196050584525
-4.75680933852	0.00209947661746
-4.74221789883	0.00224661377538
-4.72762645914	0.00240225826606
-4.71303501945	0.00256675463289
-4.69844357977	0.00274045021559
-4.68385214008	0.00292369429593
-4.66926070039	0.00311683719099
-4.6546692607	0.00332022929658
-4.64007782101	0.00353422008357
-4.62548638132	0.00375915705091
-4.61089494163	0.00399538463898
-4.59630350194	0.00424324310805
-4.58171206226	0.00450306738672
-4.56712062257	0.00477518589577
-4.55252918288	0.00505991935339
-4.53793774319	0.00535757956807
-4.5233463035	0.0056684682258
-4.50875486381	0.00599287567858
-4.49416342412	0.00633107974149
-4.47957198444	0.00668334450578
-4.46498054475	0.00704991917555
-4.45038910506	0.0074310369358
-4.43579766537	0.00782691385926
-4.42120622568	0.00823774785998
-4.40661478599	0.00866371770072
-4.3920233463	0.00910498206169
-4.37743190661	0.00956167867738
-4.36284046693	0.0100339235481
-4.34824902724	0.0105218102321
-4.33365758755	0.0110254092245
-4.31906614786	0.0115447674271
-4.30447470817	0.0120799077141
-4.28988326848	0.0126308285973
-4.27529182879	0.0131975039931
-4.2607003891	0.013779883095
-4.24610894942	0.014377890351
-4.23151750973	0.0149914255474
-4.21692607004	0.0156203639999
-4.20233463035	0.0162645568482
-4.18774319066	0.0169238314551
-4.17315175097	0.0175979919051
-4.15856031128	0.018286819601
-4.14396887159	0.0189900739527
-4.12937743191	0.0197074931544
-4.11478599222	0.0204387950446
-4.10019455253	0.0211836780427
-4.08560311284	0.0219418221557
-4.07101167315	0.0227128900484
-4.05642023346	0.0234965281695
-4.04182879377	0.0242923679264
-4.02723735408	0.0251000269007
-4.0126459144	0.0259191100969
-3.99805447471	0.0267492112162
-3.98346303502	0.0275899139472
-3.96887159533	0.0284407932667
-3.95428015564	0.0293014167423
-3.93968871595	0.0301713458298
-3.92509727626	0.0310501371579
-3.91050583658	0.0319373437942
-3.89591439689	0.0328325164858
-3.8813229572	0.0337352048685
-3.86673151751	0.0346449586396
-3.85214007782	0.0355613286891
-3.83754863813	0.0364838681848
-3.82295719844	0.0374121336076
-3.80836575875	0.0383456857338
-3.79377431907	0.0392840905611
-3.77918287938	0.0402269201762
-3.76459143969	0.0411737535628
-3.75	0.0421241773474
-3.73540856031	0.0430777864834
-3.72081712062	0.0440341848723
-3.70622568093	0.0449929859228
-3.69163424124	0.0459538130471
-3.67704280156	0.0469163000971
-3.66245136187	0.0478800917399
-3.64785992218	0.0488448437748
-3.63326848249	0.0498102233943
-3.6186770428	0.05077590939
-3.60408560311	0.0517415923063
-3.58949416342	0.052706974544
-3.57490272373	0.0536717704174
-3.56031128405	0.0546357061651
-3.54571984436	0.0555985199211
-3.53112840467	0.0565599616447
-3.51653696498	0.0575197930157
-3.50194552529	0.0584777872959
-3.4873540856	0.0594337291601
-3.47276264591	0.0603874144992
-3.45817120623	0.0613386501991
-3.44357976654	0.0622872538973
-3.42898832685	0.0632330537197
-3.41439688716	0.0641758880006
-3.39980544747	0.0651156049888
-3.38521400778	0.0660520625404
-3.37062256809	0.066985127803
-3.3560311284	0.0679146768907
-3.34143968872	0.0688405945543
-3.32684824903	0.0697627738467
-3.31225680934	0.0706811157865
-3.29766536965	0.0715955290203
-3.28307392996	0.072505929486
-3.26848249027	0.0734122400785
-3.25389105058	0.0743143903173
-3.23929961089	0.0752123160202
-3.22470817121	0.0761059589807
-3.21011673152	0.0769952666525
-3.19552529183	0.0778801918408
-3.18093385214	0.0787606924005
-3.16634241245	0.0796367309431
-3.15175097276	0.0805082745525
-3.13715953307	0.081375294509
-3.12256809338	0.0822377660229
-3.1079766537	0.0830956679781
-3.09338521401	0.0839489826847
-3.07879377432	0.0847976956419
-3.06420233463	0.0856417953107
-3.04961089494	0.0864812728964
-3.03501945525	0.0873161221411
-3.02042801556	0.0881463391258
-3.00583657587	0.0889719220821
-2.99124513619	0.089792871214
-2.9766536965	0.0906091885281
-2.96206225681	0.0914208776737
-2.94747081712	0.0922279437914
-2.93287937743	0.0930303933702
-2.91828793774	0.0938282341138
-2.90369649805	0.0946214748138
-2.88910505837	0.0954101252321
-2.87451361868	0.0961941959894
-2.85992217899	0.0969736984624
-2.8453307393	0.0977486446868
-2.83073929961	0.0985190472679
-2.81614785992	0.0992849192967
-2.80155642023	0.100046274273
-2.78696498054	0.100803126032
-2.77237354086	0.101555488683
-2.75778210117	0.102303376542
-2.74319066148	0.10304680408
-2.72859922179	0.103785785872
-2.7140077821	0.104520336547
-2.69941634241	0.105250470749
-2.68482490272	0.105976203095
-2.67023346303	0.106697548142
-2.65564202335	0.107414520354
-2.64105058366	0.108127134076
-2.62645914397	0.108835403506
-2.61186770428	0.109539342671
-2.59727626459	0.110238965413
-2.5826848249	0.110934285365
-2.56809338521	0.111625315939
-2.55350194552	0.112312070313
-2.53891050584	0.112994561418
-2.52431906615	0.113672801931
-2.50972762646	0.114346804262
-2.49513618677	0.115016580556
-2.48054474708	0.115682142679
-2.46595330739	0.116343502221
-2.4513618677	0.117000670491
-2.43677042801	0.117653658515
-2.42217898833	0.118302477035
-2.40758754864	0.118947136513
-2.39299610895	0.119587647127
-2.37840466926	0.120224018776
-2.36381322957	0.120856261082
-2.34922178988	0.121484383393
-2.33463035019	0.122108394783
-2.32003891051	0.122728304064
-2.30544747082	0.12334411978
-2.29085603113	0.12395585022
-2.27626459144	0.124563503418
-2.26167315175	0.12516708716
-2.24708171206	0.125766608989
-2.23249027237	0.126362076209
-2.21789883268	0.126953495894
-2.203307393	0.12754087489
-2.18871595331	0.128124219822
-2.17412451362	0.1287035371
-2.15953307393	0.129278832924
-2.14494163424	0.129850113292
-2.13035019455	0.130417384003
-2.11575875486	0.130980650664
-2.10116731517	0.131539918695
-2.08657587549	0.132095193336
-2.0719844358	0.132646479652
-2.05739299611	0.133193782535
-2.04280155642	0.133737106716
-2.02821011673	0.134276456766
-2.01361867704	0.1348118371
-1.99902723735	0.135343251986
-1.98443579766	0.135870705547
-1.96984435798	0.136394201765
-1.95525291829	0.136913744492
-1.9406614786	0.137429337445
-1.92607003891	0.137940984217
-1.91147859922	0.138448688282
-1.89688715953	0.138952452995
-1.88229571984	0.139452281597
-1.86770428015	0.139948177223
-1.85311284047	0.1404401429
-1.83852140078	0.140928181556
-1.82392996109	0.141412296021
-1.8093385214	0.141892489028
-1.79474708171	0.142368763222
-1.78015564202	0.142841121161
-1.76556420233	0.143309565315
-1.75097276265	0.143774098077
-1.73638132296	0.144234721758
-1.72178988327	0.144691438596
-1.70719844358	0.145144250753
-1.69260700389	0.145593160325
-1.6780155642	0.146038169336
-1.66342412451	0.146479279748
-1.64883268482	0.146916493459
-1.63424124514	0.147349812306
-1.61964980545	0.147779238068
-1.60505836576	0.148204772467
-1.59046692607	0.148626417173
-1.57587548638	0.149044173801
-1.56128404669	0.149458043916
-1.546692607	0.149868029035
-1.53210116731	0.150274130629
-1.51750972763	0.150676350122
-1.50291828794	0.151074688895
-1.48832684825	0.151469148287
-1.47373540856	0.151859729596
-1.45914396887	0.152246434081
-1.44455252918	0.152629262964
-1.42996108949	0.153008217429
-1.4153696498	0.153383298626
-1.40077821012	0.153754507669
-1.38618677043	0.154121845642
-1.37159533074	0.154485313594
-1.35700389105	0.154844912545
-1.34241245136	0.155200643487
-1.32782101167	0.155552507379
-1.31322957198	0.155900505157
-1.29863813229	0.156244637726
-1.28404669261	0.156584905968
-1.26945525292	0.156921310738
-1.25486381323	0.157253852869
-1.24027237354	0.157582533168
-1.22568093385	0.15790735242
-1.21108949416	0.15822831139
-1.19649805447	0.158545410818
-1.18190661479	0.158858651426
-1.1673151751	0.159168033915
-1.15272373541	0.159473558967
-1.13813229572	0.159775227245
-1.12354085603	0.160073039394
-1.10894941634	0.16036699604
-1.09435797665	0.160657097794
-1.07976653696	0.160943345248
-1.06517509728	0.16122573898
-1.05058365759	0.161504279551
-1.0359922179	0.161778967506
-1.02140077821	0.162049803377
-1.00680933852	0.16231678768
-0.992217898832	0.162579920919
-0.977626459143	0.162839203581
-0.963035019454	0.163094636144
-0.948443579766	0.163346219069
-0.933852140077	0.163593952808
-0.919260700388	0.163837837798
-0.9046692607	0.164077874466
-0.890077821011	0.164314063226
-0.875486381322	0.164546404481
-0.860894941633	0.164774898625
-0.846303501945	0.164999546038
-0.831712062256	0.165220347091
-0.817120622567	0.165437302147
-0.802529182879	0.165650411555
-0.78793774319	0.165859675657
-0.773346303501	0.166065094784
-0.758754863812	0.16626666926
-0.744163424124	0.166464399397
-0.729571984435	0.166658285501
-0.714980544746	0.166848327866
-0.700389105058	0.167034526782
-0.685797665369	0.167216882526
-0.67120622568	0.167395395369
-0.656614785991	0.167570065576
-0.642023346303	0.167740893401
-0.627431906614	0.167907879092
-0.612840466925	0.16807102289
-0.598249027237	0.168230325026
-0.583657587548	0.168385785728
-0.569066147859	0.168537405213
-0.55447470817	0.168685183694
-0.539883268482	0.168829121376
-0.525291828793	0.168969218456
-0.510700389104	0.169105475127
-0.496108949416	0.169237891574
-0.481517509727	0.169366467977
-0.466926070038	0.169491204507
-0.452334630349	0.169612101333
-0.437743190661	0.169729158613
-0.423151750972	0.169842376504
-0.408560311283	0.169951755153
-0.393968871594	0.170057294705
-0.379377431906	0.170158995295
-0.364785992217	0.170256857057
-0.350194552528	0.170350880116
-0.33560311284	0.170441064593
-0.321011673151	0.170527410603
-0.306420233462	0.170609918257
-0.291828793773	0.170688587658
-0.277237354085	0.170763418907
-0.262645914396	0.170834412098
-0.248054474707	0.17090156732
-0.233463035019	0.170964884656
-0.21887159533	0.171024364186
-0.204280155641	0.171080005984
-0.189688715952	0.171131810119
-0.175097276264	0.171179776655
-0.160505836575	0.171223905651
-0.145914396886	0.171264197163
-0.131322957198	0.171300651238
-0.116731517509	0.171333267923
-0.10214007782	0.171362047257
-0.0875486381314	0.171386989275
-0.0729571984427	0.171408094008
-0.058365758754	0.171425361482
-0.0437743190653	0.171438791717
-0.0291828793766	0.171448384731
-0.0145914396879	0.171454140535
8.5975671027e-13	0.171456059135
0.0145914396896	0.171454140535
0.0291828793783	0.171448384731
0.043774319067	0.171438791717
0.0583657587557	0.171425361482
0.0729571984444	0.171408094008
0.0875486381332	0.171386989275
0.102140077822	0.171362047257
0.116731517511	0.171333267923
0.131322957199	0.171300651238
0.145914396888	0.171264197163
0.160505836577	0.171223905651
0.175097276265	0.171179776655
0.189688715954	0.171131810119
0.204280155643	0.171080005984
0.218871595332	0.171024364186
0.23346303502	0.170964884656
0.248054474709	0.17090156732
0.262645914398	0.170834412098
0.277237354086	0.170763418907
0.291828793775	0.170688587658
0.306420233464	0.170609918257
0.321011673153	0.170527410603
0.335603112841	0.170441064593
0.35019455253	0.170350880116
0.364785992219	0.170256857057
0.379377431907	0.170158995295
0.393968871596	0.170057294705
0.408560311285	0.169951755153
0.423151750974	0.169842376504
0.437743190662	0.169729158613
0.452334630351	0.169612101333
0.46692607004	0.169491204507
0.481517509729	0.169366467977
0.496108949417	0.169237891574
0.510700389106	0.169105475127
0.525291828795	0.168969218456
0.539883268483	0.168829121375
0.554474708172	0.168685183694
0.569066147861	0.168537405213
0.58365758755	0.168385785728
0.598249027238	0.168230325026
0.612840466927	0.16807102289
0.627431906616	0.167907879092
0.642023346304	0.167740893401
0.656614785993	0.167570065576
0.671206225682	0.167395395369
0.685797665371	0.167216882526
0.700389105059	0.167034526782
0.714980544748	0.166848327866
0.729571984437	0.166658285501
0.744163424125	0.166464399397
0.758754863814	0.16626666926
0.773346303503	0.166065094784
0.787937743192	0.165859675657
0.80252918288	0.165650411555
0.817120622569	0.165437302147
0.831712062258	0.165220347091
0.846303501946	0.164999546038
0.860894941635	0.164774898625
0.875486381324	0.164546404481
0.890077821013	0.164314063226
0.904669260701	0.164077874466
0.91926070039	0.163837837798
0.933852140079	0.163593952808
0.948443579767	0.163346219069
0.963035019456	0.163094636144
0.977626459145	0.162839203581
0.992217898834	0.162579920919
1.00680933852	0.16231678768
1.02140077821	0.162049803377
1.0359922179	0.161778967506
1.05058365759	0.161504279551
1.06517509728	0.16122573898
1.07976653697	0.160943345248
1.09435797665	0.160657097794
1.10894941634	0.16036699604
1.12354085603	0.160073039394
1.13813229572	0.159775227245
1.15272373541	0.159473558967
1.1673151751	0.159168033915
1.18190661479	0.158858651426
1.19649805448	0.158545410818
1.21108949416	0.15822831139
1.22568093385	0.15790735242
1.24027237354	0.157582533168
1.25486381323	0.157253852869
1.26945525292	0.156921310738
1.28404669261	0.156584905968
1.2986381323	0.156244637726
1.31322957199	0.155900505157
1.32782101167	0.155552507379
1.34241245136	0.155200643487
1.35700389105	0.154844912545
1.37159533074	0.154485313594
1.38618677043	0.154121845642
1.40077821012	0.153754507669
1.41536964981	0.153383298626
1.4299610895	0.153008217429
1.44455252918	0.152629262964
1.45914396887	0.152246434081
1.47373540856	0.151859729596
1.48832684825	0.151469148287
1.50291828794	0.151074688895
1.51750972763	0.150676350122
1.53210116732	0.150274130629
1.546692607	0.149868029035
1.56128404669	0.149458043916
1.57587548638	0.1490441738
1.59046692607	0.148626417173
1.60505836576	0.148204772467
1.61964980545	0.147779238068
1.63424124514	0.147349812306
1.64883268483	0.146916493459
1.66342412451	0.146479279748
1.6780155642	0.146038169336
1.69260700389	0.145593160325
1.70719844358	0.145144250753
1.72178988327	0.144691438596
1.73638132296	0.144234721758
1.75097276265	0.143774098077
1.76556420234	0.143309565315
1.78015564202	0.142841121161
1.79474708171	0.142368763222
1.8093385214	0.141892489028
1.82392996109	0.141412296021
1.83852140078	0.140928181556
1.85311284047	0.1404401429
1.86770428016	0.139948177223
1.88229571985	0.139452281597
1.89688715953	0.138952452995
1.91147859922	0.138448688282
1.92607003891	0.137940984217
1.9406614786	0.137429337445
1.95525291829	0.136913744492
1.96984435798	0.136394201765
1.98443579767	0.135870705547
1.99902723736	0.135343251986
2.01361867704	0.1348118371
2.02821011673	0.134276456766
2.04280155642	0.133737106716
2.05739299611	0.133193782535
2.0719844358	0.132646479652
2.08657587549	0.132095193336
2.10116731518	0.131539918695
2.11575875486	0.130980650664
2.13035019455	0.130417384003
2.14494163424	0.129850113292
2.15953307393	0.129278832924
2.17412451362	0.1287035371
2.18871595331	0.128124219822
2.203307393	0.12754087489
2.21789883269	0.126953495894
2.23249027237	0.126362076209
2.24708171206	0.125766608989
2.26167315175	0.12516708716
2.27626459144	0.124563503418
2.29085603113	0.12395585022
2.30544747082	0.12334411978
2.32003891051	0.122728304064
2.3346303502	0.122108394783
2.34922178988	0.121484383393
2.36381322957	0.120856261082
2.37840466926	0.120224018776
2.39299610895	0.119587647127
2.40758754864	0.118947136513
2.42217898833	0.118302477035
2.43677042802	0.117653658515
2.45136186771	0.117000670491
2.46595330739	0.116343502221
2.48054474708	0.115682142679
2.49513618677	0.115016580556
2.50972762646	0.114346804262
2.52431906615	0.113672801931
2.53891050584	0.112994561418
2.55350194553	0.112312070313
2.56809338522	0.111625315939
2.5826848249	0.110934285365
2.59727626459	0.110238965413
2.61186770428	0.109539342671
2.62645914397	0.108835403506
2.64105058366	0.108127134076
2.65564202335	0.107414520354
2.67023346304	0.106697548142
2.68482490272	0.105976203095
2.69941634241	0.105250470749
2.7140077821	0.104520336547
2.72859922179	0.103785785872
2.74319066148	0.10304680408
2.75778210117	0.102303376542
2.77237354086	0.101555488683
2.78696498055	0.100803126032
2.80155642023	0.100046274273
2.81614785992	0.0992849192967
2.83073929961	0.098519047268
2.8453307393	0.0977486446869
2.85992217899	0.0969736984625
2.87451361868	0.0961941959895
2.88910505837	0.0954101252322
2.90369649806	0.0946214748139
2.91828793774	0.0938282341139
2.93287937743	0.0930303933703
2.94747081712	0.0922279437915
2.96206225681	0.0914208776738
2.9766536965	0.0906091885282
2.99124513619	0.0897928712141
3.00583657588	0.0889719220822
3.02042801557	0.0881463391259
3.03501945525	0.0873161221412
3.04961089494	0.0864812728965
3.06420233463	0.0856417953108
3.07879377432	0.084797695642
3.09338521401	0.0839489826848
3.1079766537	0.0830956679783
3.12256809339	0.0822377660231
3.13715953307	0.0813752945091
3.15175097276	0.0805082745527
3.16634241245	0.0796367309432
3.18093385214	0.0787606924006
3.19552529183	0.077880191841
3.21011673152	0.0769952666527
3.22470817121	0.0761059589808
3.2392996109	0.0752123160203
3.25389105058	0.0743143903175
3.26848249027	0.0734122400786
3.28307392996	0.0725059294862
3.29766536965	0.0715955290204
3.31225680934	0.0706811157866
3.32684824903	0.0697627738469
3.34143968872	0.0688405945544
3.35603112841	0.0679146768909
3.37062256809	0.0669851278032
3.38521400778	0.0660520625406
3.39980544747	0.0651156049889
3.41439688716	0.0641758880008
3.42898832685	0.0632330537199
3.44357976654	0.0622872538975
3.45817120623	0.0613386501993
3.47276264592	0.0603874144994
3.4873540856	0.0594337291603
3.50194552529	0.0584777872961
3.51653696498	0.0575197930159
3.53112840467	0.0565599616449
3.54571984436	0.0555985199213
3.56031128405	0.0546357061654
3.57490272374	0.0536717704176
3.58949416343	0.0527069745442
3.60408560311	0.0517415923065
3.6186770428	0.0507759093902
3.63326848249	0.0498102233945
3.64785992218	0.048844843775
3.66245136187	0.0478800917401
3.67704280156	0.0469163000974
3.69163424125	0.0459538130473
3.70622568093	0.044992985923
3.72081712062	0.0440341848726
3.73540856031	0.0430777864837
3.75	0.0421241773477
3.76459143969	0.0411737535631
3.77918287938	0.0402269201765
3.79377431907	0.0392840905613
3.80836575876	0.0383456857341
3.82295719844	0.0374121336079
3.83754863813	0.0364838681851
3.85214007782	0.0355613286894
3.86673151751	0.0346449586399
3.8813229572	0.0337352048687
3.89591439689	0.032832516486
3.91050583658	0.0319373437945
3.92509727627	0.0310501371582
3.93968871595	0.0301713458301
3.95428015564	0.0293014167426
3.96887159533	0.0284407932669
3.98346303502	0.0275899139475
3.99805447471	0.0267492112165
4.0126459144	0.0259191100972
4.02723735409	0.0251000269009
4.04182879378	0.0242923679266
4.05642023346	0.0234965281697
4.07101167315	0.0227128900487
4.08560311284	0.021941822156
4.10019455253	0.021183678043
4.11478599222	0.0204387950449
4.12937743191	0.0197074931546
4.1439688716	0.018990073953
4.15856031129	0.0182868196013
4.17315175097	0.0175979919054
4.18774319066	0.0169238314553
4.20233463035	0.0162645568485
4.21692607004	0.0156203640001
4.23151750973	0.0149914255476
4.24610894942	0.0143778903512
4.26070038911	0.0137798830953
4.27529182879	0.0131975039933
4.28988326848	0.0126308285975
4.30447470817	0.0120799077144
4.31906614786	0.0115447674273
4.33365758755	0.0110254092247
4.34824902724	0.0105218102323
4.36284046693	0.0100339235483
4.37743190662	0.00956167867757
4.3920233463	0.00910498206188
4.40661478599	0.0086637177009
4.42120622568	0.00823774786016
4.43579766537	0.00782691385944
4.45038910506	0.00743103693597
4.46498054475	0.00704991917572
4.47957198444	0.00668334450594
4.49416342413	0.00633107974165
4.50875486381	0.00599287567873
4.5233463035	0.00566846822595
4.53793774319	0.00535757956821
4.55252918288	0.00505991935352
4.56712062257	0.0047751858959
4.58171206226	0.00450306738685
4.59630350195	0.00424324310818
4.61089494164	0.0039953846391
4.62548638132	0.00375915705103
4.64007782101	0.00353422008368
4.6546692607	0.00332022929668
4.66926070039	0.00311683719109
4.68385214008	0.00292369429602
4.69844357977	0.00274045021568
4.71303501946	0.00256675463297
4.72762645915	0.00240225826615
4.74221789883	0.00224661377546
4.75680933852	0.00209947661753
4.77140077821	0.00196050584532
4.7859922179	0.00182936485238
4.80058365759	0.00170572206031
4.81517509728	0.00158925154902
4.82976653697	0.00147963362956
4.84435797665	0.00137655535988
4.85894941634	0.0012797110043
4.87354085603	0.00118880243754
4.88813229572	0.00110353949473
4.90272373541	0.00102364026905
4.9173151751	0.000948831358722
4.93190661479	0.000878848065484
4.94649805448	0.00081343454682
4.96108949416	0.000752343924226
4.97568093385	0.000695338350058
4.99027237354	0.000642189035547
5.00486381323	0.000592676242585
5.01945525292	0.000546589241976
5.03404669261	0.000503726240815
5.0486381323	0.00046389428167
5.06322957199	0.000426909116185
5.07782101167	0.000392595055699
5.09241245136	0.000360784801395
5.10700389105	0.00033131925641
5.12159533074	0.000304047322253
5.13618677043	0.000278825681787
5.15077821012	0.000255518570899
5.16536964981	0.000233997540895
5.1799610895	0.000214141213508
5.19455252918	0.000195835030315
5.20914396887	0.000178970998222
5.22373540856	0.000163447432535
5.23832684825	0.00014916869905
5.25291828794	0.000136044956429
5.26750972763	0.000123991900055
5.28210116732	0.000112930508391
5.29669260701	0.000102786792815
5.31128404669	9.34915517356e-05
5.32587548638	8.49801297391e-05
5.34046692607	7.71921823874e-05
5.35505836576	7.00714472139e-05
5.36964980545	6.35655213658e-05
5.38424124514	5.76256462677e-05
5.39883268483	5.22064996004e-05
5.41342412451	4.7265994824e-05
5.4280155642	4.27650884067e-05
5.44260700389	3.86675948646e-05
5.45719844358	3.4940009663e-05
5.47178988327	3.15513399842e-05
5.48638132296	2.84729433211e-05
5.50097276265	2.5678373821e-05
5.51556420234	2.31432362671e-05
5.53015564202	2.08450475599e-05
5.54474708171	1.87631055314e-05
5.5593385214	1.68783649075e-05
5.57392996109	1.5173320213e-05
5.58852140078	1.36318954005e-05
5.60311284047	1.22393399732e-05
5.61770428016	1.0982131361e-05
5.63229571985	9.84788330351e-06
5.64688715953	8.82525999141e-06
5.66147859922	7.90389571056e-06
5.67607003891	7.07431973807e-06
5.6906614786	6.32788623696e-06
5.70525291829	5.6567089002e-06
5.71984435798	5.05360009823e-06
5.73443579767	4.51201428883e-06
5.74902723736	4.02599545385e-06
5.76361867704	3.59012833376e-06
5.77821011673	3.19949323804e-06
5.79280155642	2.84962421671e-06
5.80739299611	2.53647038642e-06
5.8219844358	2.25636021255e-06
5.83657587549	2.00596855724e-06
5.85116731518	1.78228631149e-06
5.86575875487	1.58259243832e-06
5.88035019455	1.40442826223e-06
5.89494163424	1.2455738487e-06
5.90953307393	1.10402632576e-06
5.92412451362	9.77980007882e-07
5.93871595331	8.65808190192e-07
5.953307393	7.66046488996e-07
5.96789883269	6.77377611893e-07
5.98249027237	5.98617448038e-07
5.99708171206	5.28702376122e-07
6.01167315175	4.66677694189e-07
6.02626459144	4.11687081894e-07
6.04085603113	3.62963011779e-07
6.05544747082	3.19818031999e-07
6.07003891051	2.81636848364e-07
6.0846303502	2.47869138784e-07
6.09922178988	2.18023038064e-07
6.11381322957	1.91659235673e-07
6.12840466926	1.68385633389e-07
6.14299610895	1.47852513872e-07
6.15758754864	1.29748174962e-07
6.17217898833	1.1379498816e-07
6.18677042802	9.97458430045e-08
6.20136186771	8.73809422405e-08
6.21595330739	7.65049155171e-08
6.23054474708	6.69442220896e-08
6.24513618677	5.85448154634e-08
6.25972762646	5.11700452518e-08
6.27431906615	4.46987736501e-08
6.28891050584	3.90236859134e-08
6.30350194553	3.40497760436e-08
6.31809338522	2.96929905763e-08
6.3326848249	2.58790148999e-08
6.34727626459	2.2542187969e-08
6.36186770428	1.96245325668e-08
6.37645914397	1.70748894781e-08
6.39105058366	1.48481450188e-08
6.40564202335	1.29045423774e-08
6.42023346304	1.12090681325e-08
6.43482490272	9.73090614617e-09
6.44941634241	8.44295179228e-09
6.4640077821	7.32138017336e-09
6.47859922179	6.3452626047e-09
6.49319066148	5.49622621872e-09
6.50778210117	4.75815205977e-09
6.52237354086	4.11690751003e-09
6.53696498055	3.56010931211e-09
6.55155642023	3.07691384026e-09
6.56614785992	2.65783161712e-09
6.58073929961	2.29456339077e-09
6.5953307393	1.9798553666e-09
6.60992217899	1.70737144577e-09
6.62451361868	1.47158055064e-09
6.63910505837	1.26765732481e-09
6.65369649806	1.09139468039e-09
6.66828793774	9.39126832259e-10
6.68287937743	8.07661607819e-10
6.69747081712	6.94220955454e-10
6.71206225681	5.96388693758e-10
6.7266536965	5.12064651662e-10
6.74124513619	4.39424444611e-10
6.75583657588	3.76884218037e-10
6.77042801557	3.23069765256e-10
6.78501945525	2.76789495204e-10
6.79961089494	2.37010785488e-10
6.81420233463	2.02839310934e-10
6.82879377432	1.73500984751e-10
6.84338521401	1.48326192695e-10
6.8579766537	1.26736037963e-10
6.87256809339	1.08230348317e-10
6.88715953308	9.23772263526e-11
6.90175097276	7.88039504007e-11
6.91634241245	6.71890563845e-11
6.93093385214	5.72554520618e-11
6.94552529183	4.8764432688e-11
6.96011673152	4.15104835448e-11
6.97470817121	3.53167686552e-11
6.9892996109	3.00312176663e-11
7.00389105058	2.55231336736e-11
7.01848249027	2.16802545576e-11
7.03307392996	1.84062087099e-11
7.04766536965	1.56183137287e-11
7.06225680934	1.32456729375e-11
7.07684824903	1.12275305227e-11
7.09143968872	9.51185100938e-12
7.10603112841	8.05409326308e-12
7.12062256809	6.81615300804e-12
7.13521400778	5.76545130064e-12
7.14980544747	4.87414924076e-12
7.16439688716	4.11847191946e-12
7.17898832685	3.47812671761e-12
7.19357976654	2.93580311663e-12
7.20817120623	2.47674284928e-12
7.22276264592	2.08837073662e-12
7.2373540856	1.75997782269e-12
7.25194552529	1.48244957637e-12
7.26653696498	1.24803287218e-12
7.28112840467	1.05013636364e-12
7.29571984436	8.83159542191e-13
7.31031128405	7.42346466293e-13
7.32490272374	6.23660660714e-13
7.33949416343	5.23678196576e-13
7.35408560311	4.39496358326e-13
7.3686770428	3.6865567733e-13
7.38326848249	3.0907340417e-13
7.39785992218	2.58986790649e-13
7.41245136187	2.1690475109e-13
7.42704280156	1.81566696368e-13
7.44163424125	1.51907492096e-13
7.45622568094	1.2702765264e-13
7.47081712062	1.06167997141e-13
7.48540856031	8.86881205311e-14
7.5	7.4048102465e-14
7.51459143969	6.1792989186e-14
7.52918287938	5.15396537537e-14
7.54377431907	4.29656133455e-14
7.55836575876	3.57995809697e-14
7.57295719844	2.98134659606e-14
7.58754863813	2.48155994331e-14
7.60214007782	2.06450072656e-14
7.61673151751	1.71665670667e-14
7.6313229572	1.42669190709e-14
7.64591439689	1.18510122103e-14
7.66050583658	9.839190699e-15
7.67509727627	8.16473638471e-15
7.68968871595	6.77179790488e-15
7.70428015564	5.61364582287e-15
7.71887159533	4.65120427631e-15
7.73346303502	3.85181453507e-15
7.74805447471	3.18819623946e-15
7.7626459144	2.63757375957e-15
7.77723735409	2.18094260199e-15
7.79182879378	1.80245352057e-15
7.80642023346	1.48889578069e-15
7.82101167315	1.22926370285e-15
7.83560311284	1.01439369351e-15
7.85019455253	8.36659793986e-16
7.86478599222	6.89719185765e-16
7.87937743191	5.68299020742e-16
7.8939688716	4.68018333905e-16
7.90856031129	3.8523907168e-16
7.92315175097	3.16941748568e-16
7.93774319066	2.6062158029e-16
7.95233463035	2.14201888337e-16
7.96692607004	1.75961776599e-16
7.98151750973	1.44475988803e-16
7.99610894942	1.18564710925e-16
8.01070038911	9.72518378475e-17
8.0252918288	7.9730209008e-17
8.03988326848	6.53327367736e-17
8.05447470817	5.35083758952e-17
8.06906614786	4.38022006497e-17
8.08365758755	3.58387960944e-17
8.09824902724	2.93085555941e-17
8.11284046693	2.3956262159e-17
8.12743190662	1.95716526303e-17
8.1420233463	1.59815820762e-17
8.15661478599	1.30435576353e-17
8.17120622568	1.06403621739e-17
8.18579766537	8.67563432472e-18
8.20038910506	7.07018264661e-18
8.21498054475	5.758969479e-18
8.22957198444	4.6886059201e-18
8.24416342413	3.81529163742e-18
8.25875486381	3.10310725051e-18
8.2733463035	2.52261561014e-18
8.28793774319	2.04970139828e-18
8.30252918288	1.66462307226e-18
8.31712062257	1.35122246471e-18
8.33171206226	1.09628600654e-18
8.34630350195	8.89010695248e-19
8.36089494164	7.20570350597e-19
8.37548638132	5.83756931071e-19
8.39007782101	4.72687491101e-19
8.4046692607	3.8256228609e-19
8.41926070039	3.09469455597e-19
8.43385214008	2.50219137631e-19
8.44844357977	2.02213931059e-19
8.46303501946	1.6333871955e-19
8.47762645915	1.31872812075e-19
8.49221789883	1.06416432929e-19
8.50680933852	8.58322401354e-20
8.52140077821	6.91958072087e-20
8.5359922179	5.5756960608e-20
8.55058365759	4.49062847899e-20
8.56517509728	3.61497954054e-20
8.57976653697	2.90866291016e-20
8.59435797666	2.33922135686e-20
8.60894941634	1.88034566632e-20
8.62354085603	1.51075322682e-20
8.63813229572	1.21321403396e-20
8.65272373541	9.73814105549e-21
8.6673151751	7.81277239477e-21
8.68190661479	6.26512483431e-21
8.69649805448	5.02166439572e-21
8.71108949416	4.02309235197e-21
8.72568093385	3.22154395152e-21
8.74027237354	2.57847419496e-21
8.75486381323	2.0627711917e-21
8.76945525292	1.6494675559e-21
8.78404669261	1.31835470726e-21
8.7986381323	1.05323192623e-21
8.81322957199	8.410403339e-22
8.82782101167	6.71290608844e-22
8.84241245136	5.35545642026e-22
8.85700389105	4.27057874212e-22
8.87159533074	3.40377898959e-22
8.88618677043	2.71179402542e-22
8.90077821012	2.15954073358e-22
8.91536964981	1.71907001995e-22
8.9299610895	1.3678500403e-22
8.94455252918	1.08794356546e-22
8.95914396887	8.64924434009e-23
8.97373540856	6.87343851369e-23
8.98832684825	5.45946603855e-23
9.00291828794	4.33508425138e-23
9.01750972763	3.44092021634e-23
9.03210116732	2.73036147488e-23
9.04669260701	2.16567699874e-23
9.06128404669	1.71715266914e-23
9.07587548638	1.36084836142e-23
9.09046692607	1.07810226823e-23
9.10505836576	8.53497938448e-24
9.11964980545	6.75715441112e-24
9.13424124514	5.34794668993e-24
9.14883268483	4.23251310549e-24
9.16342412452	3.34869640734e-24
9.1780155642	2.64923691852e-24
9.19260700389	2.09484035024e-24
9.20719844358	1.65615922291e-24
9.22178988327	1.30819465048e-24
9.23638132296	1.03378847444e-24
9.25097276265	8.16744934517e-25
9.26556420234	6.45710882073e-25
9.28015564202	5.10344180024e-25
9.29474708171	4.03462570111e-25
9.3093385214	3.18934518011e-25
9.32392996109	2.52134332866e-25
9.33852140078	1.98966745225e-25
9.35311284047	1.57398596433e-25
9.36770428016	1.24541106637e-25
9.38229571985	9.87661835713e-26
9.39688715953	7.83233187757e-26
9.41147859922	6.2162116303e-26
9.42607003891	4.93191671549e-26
9.4406614786	3.92087011498e-26
9.45525291829	3.10390590042e-26
9.46984435798	2.47076215462e-26
9.48443579767	1.97231396668e-26
9.49902723736	1.5829151064e-26
9.51361867704	1.26978076127e-26
9.52821011673	1.0238788713e-26
9.54280155642	8.24474768338e-27
9.55739299611	6.68291460999e-27
9.5719844358	5.36780776854e-27
9.58657587549	4.35649180033e-27
9.60116731518	3.54206749535e-27
9.61575875487	2.92526890614e-27
9.63035019455	2.41946029627e-27
9.64494163424	2.01278460539e-27
9.65953307393	1.66460167803e-27
9.67412451362	1.38942498615e-27
9.68871595331	1.14689368417e-27
9.703307393	9.70330525731e-28
9.71789883269	8.23656318516e-28
9.73249027237	7.12048005952e-28
9.74708171206	6.18060069494e-28
9.76167315175	5.37634543934e-28
9.77626459144	4.60211439461e-28
9.79085603113	4.02210368841e-28
9.80544747082	3.49489665209e-28
9.82003891051	3.15304010209e-28
9.8346303502	2.88972214263e-28
9.84922178988	2.73362908364e-28
9.86381322957	2.60312631748e-28
9.87840466926	2.51831435551e-28
9.89299610895	2.43807231953e-28
9.90758754864	2.40863946257e-28
9.92217898833	2.45720614167e-28
9.93677042802	2.48318574022e-28
9.95136186771	2.4484057287e-28
9.96595330739	2.43557441364e-28
9.98054474708	2.4405751622e-28
9.99513618677	2.41892865531e-28
10.0097276265	2.43002067821e-28
10.0243190661	2.50660805518e-28
10.0389105058	2.67284672437e-28
10.0535019455	2.76785033943e-28
10.0680933852	2.79609233228e-28
10.0826848249	2.79614145591e-28
10.0972762646	2.85501099111e-28
10.1118677043	2.87264010674e-28
10.126459144	2.89899911881e-28
10.1410505837	3.0073562231e-28
10.1556420233	3.25166441202e-28
10.170233463	3.3745025989e-28
10.1848249027	3.45936233911e-28
10.1994163424	3.4688261125e-28
10.2140077821	3.51368311702e-28
10.2285992218	3.56389901823e-28
10.2431906615	3.67666174252e-28
10.2577821012	3.83582616033e-28
10.2723735409	4.16567964714e-28
10.2869649805	4.30357514679e-28
10.3015564202	4.40090261876e-28
10.3161478599	4.42575694633e-28
10.3307392996	4.48102403483e-28
10.3453307393	4.4777073113e-28
10.359922179	4.54949278714e-28
10.3745136187	4.69862718605e-28
10.3891050584	5.01897442072e-28
10.4036964981	5.14773753792e-28
10.4182879377	5.23360797553e-28
10.4328793774	5.2557805103e-28
10.4474708171	5.3500642087e-28
10.4620622568	5.3676741493e-28
10.4766536965	5.44930211068e-28
10.4912451362	5.63050266964e-28
10.5058365759	6.06152792946e-28
10.5204280156	6.23144265072e-28
10.5350194553	6.31130330977e-28
10.5496108949	6.29014708277e-28
10.5642023346	6.33922083315e-28
10.5787937743	6.31748615146e-28
10.593385214	6.35091806776e-28
10.6079766537	6.46411911141e-28
10.6225680934	6.81498705348e-28
10.6371595331	6.87148910209e-28
10.6517509728	6.86838112823e-28
10.6663424125	6.77098221717e-28
10.6809338521	6.74213058197e-28
10.6955252918	6.67746223371e-28
10.7101167315	6.72134397087e-28
10.7247081712	6.82186905263e-28
10.7392996109	7.11463182859e-28
10.7538910506	7.16308605187e-28
10.7684824903	7.1898735367e-28
10.78307393	7.16903135313e-28
10.7976653697	7.28376764316e-28
10.8122568093	7.24393770516e-28
10.826848249	7.23788967144e-28
10.8414396887	7.35364770815e-28
10.8560311284	7.71717755752e-28
10.8706225681	7.76811873553e-28
10.8852140078	7.71956437663e-28
10.8998054475	7.59389310456e-28
10.9143968872	7.61603707339e-28
10.9289883268	7.55914884552e-28
10.9435797665	7.53183447953e-28
10.9581712062	7.53928032118e-28
10.9727626459	7.86695706194e-28
10.9873540856	7.91518919439e-28
11.0019455253	7.88059040424e-28
11.016536965	7.86563142086e-28
11.0311284047	7.97138305365e-28
11.0457198444	8.18654619801e-28
11.060311284	8.59101871908e-28
11.0749027237	9.11724426723e-28
11.0894941634	1.00949671334e-27
11.1040856031	1.11724601396e-27
11.1186770428	1.26758427729e-27
11.1332684825	1.46908950792e-27
11.1478599222	1.76475921787e-27
11.1624513619	2.16585380651e-27
11.1770428016	2.73302782242e-27
11.1916342412	3.51287107751e-27
11.2062256809	4.60371456213e-27
11.2208171206	6.00294477083e-27
11.2354085603	8.02993277146e-27
11.25	9.9221275155e-27
11.2645914397	8.06001503394e-27
11.2791828794	6.0218458511e-27
11.2937743191	4.60036163758e-27
11.3083657588	3.50219459022e-27
11.3229571984	2.68400513866e-27
11.3375486381	2.07172505388e-27
11.3521400778	1.61737498372e-27
11.3667315175	1.27213070196e-27
11.3813229572	1.01762666779e-27
11.3959143969	8.3402123797e-28
11.4105058366	7.03706609888e-28
11.4250972763	6.08912563995e-28
11.439688716	5.39186329262e-28
11.4542801556	4.89669816199e-28
11.4688715953	4.52447771839e-28
11.483463035	4.27041697114e-28
11.4980544747	4.06974977097e-28
11.5126459144	4.00386175721e-28
11.5272373541	3.90657755617e-28
11.5418287938	3.84342872956e-28
11.5564202335	3.79517156871e-28
11.5710116732	3.80827909147e-28
11.5856031128	3.78642800998e-28
11.6001945525	3.804578086e-28
11.6147859922	3.79927879556e-28
11.6293774319	3.83392773294e-28
11.6439688716	3.80790808488e-28
11.6585603113	3.76215752049e-28
11.673151751	3.60891293742e-28
11.6877431907	3.56725821813e-28
11.7023346304	3.55278602885e-28
11.71692607	3.59574620684e-28
11.7315175097	3.61292134138e-28
11.7461089494	3.70743864523e-28
11.7607003891	3.85497819778e-28
11.7752918288	4.06713033592e-28
11.7898832685	4.24637879251e-28
11.8044747082	4.46878183683e-28
11.8190661479	4.69498213161e-28
11.8336575876	4.92150341609e-28
11.8482490272	5.12435824559e-28
11.8628404669	5.41842758954e-28
11.8774319066	5.73170587284e-28
11.8920233463	6.00783616933e-28
11.906614786	6.20957209761e-28
11.9212062257	6.39451727142e-28
11.9357976654	6.5209398459e-28
11.9503891051	6.64251577623e-28
11.9649805447	6.67485822636e-28
11.9795719844	6.65182600339e-28
11.9941634241	6.60122369194e-28
12.0087548638	6.51967547497e-28
12.0233463035	6.36976283487e-28
12.0379377432	6.33747515597e-28
12.0525291829	6.26136231928e-28
12.0671206226	6.16740658325e-28
12.0817120623	6.08938089678e-28
12.0963035019	6.11163022979e-28
12.1108949416	6.14027763203e-28
12.1254863813	6.27963679223e-28
12.140077821	6.43662453193e-28
12.1546692607	6.57683289107e-28
12.1692607004	6.66000614409e-28
12.1838521401	6.72729507078e-28
12.1984435798	6.70051828002e-28
12.2130350195	6.69777690401e-28
12.2276264591	6.73655675257e-28
12.2422178988	6.78464614623e-28
12.2568093385	6.92582564317e-28
12.2714007782	7.07839202509e-28
12.2859922179	7.1828617215e-28
12.3005836576	7.3009204664e-28
12.3151750973	7.32034735058e-28
12.329766537	7.33605824286e-28
12.3443579767	7.39486028972e-28
12.3589494163	7.45795537219e-28
12.373540856	7.55113757403e-28
12.3881322957	7.71401580466e-28
12.4027237354	7.80024666814e-28
12.4173151751	7.81342350816e-28
12.4319066148	7.82308701732e-28
12.4464980545	7.82531139094e-28
12.4610894942	7.90211435001e-28
12.4756809339	8.08174024811e-28
12.4902723735	8.31716407248e-28
12.5048638132	8.51089902456e-28
12.5194552529	8.63466102188e-28
12.5340466926	8.67843225806e-28
12.5486381323	8.60615046971e-28
12.563229572	8.58480611496e-28
12.5778210117	8.53689231451e-28
12.5924124514	8.49348053278e-28
12.6070038911	8.50932955842e-28
12.6215953307	8.44852545011e-28
12.6361867704	8.34715845611e-28
12.6507782101	8.1864133816e-28
12.6653696498	8.04601730343e-28
12.6799610895	8.0168413997e-28
12.6945525292	8.09668133555e-28
12.7091439689	8.26112541506e-28
12.7237354086	8.6157000427e-28
12.7383268483	8.8559738553e-28
12.7529182879	8.90807688122e-28
12.7675097276	8.83473051206e-28
12.7821011673	8.77819469453e-28
12.796692607	8.71053462796e-28
12.8112840467	8.75987834525e-28
12.8258754864	8.93414877707e-28
12.8404669261	9.22237952127e-28
12.8550583658	9.29649762389e-28
12.8696498054	9.32054086313e-28
12.8842412451	9.21401449023e-28
12.8988326848	9.05520047365e-28
12.9134241245	8.97963095108e-28
12.9280155642	8.98995054089e-28
12.9426070039	8.97564779309e-28
12.9571984436	9.06646916473e-28
12.9717898833	9.03570382076e-28
12.986381323	8.97938992075e-28
13.0009727626	8.817077604e-28
13.0155642023	8.66703609803e-28
13.030155642	8.51183607854e-28
13.0447470817	8.46045222065e-28
13.0593385214	8.52236334364e-28
13.0739299611	8.82772739213e-28
13.0885214008	8.93659695688e-28
13.1031128405	8.91583131328e-28
13.1177042802	8.79246079994e-28
13.1322957198	8.68647562741e-28
13.1468871595	8.58482722227e-28
13.1614785992	8.6265352507e-28
13.1760700389	8.82409507383e-28
13.1906614786	9.1952466269e-28
13.2052529183	9.24322975675e-28
13.219844358	9.29099044919e-28
13.2344357977	9.15569397815e-28
13.2490272374	8.99722199582e-28
13.263618677	8.90740969978e-28
13.2782101167	8.89490424543e-28
13.2928015564	8.88396682667e-28
13.3073929961	9.15867176614e-28
13.3219844358	9.24463035105e-28
13.3365758755	9.24802476632e-28
13.3511673152	9.0612523472e-28
13.3657587549	8.92263312583e-28
13.3803501946	8.76205011981e-28
13.3949416342	8.72194217846e-28
13.4095330739	8.83214480527e-28
13.4241245136	9.19860167112e-28
13.4387159533	9.27500141906e-28
13.453307393	9.34064419527e-28
13.4678988327	9.28373201896e-28
13.4824902724	9.2754164e-28
13.4970817121	9.12107761509e-28
13.5116731518	9.16991888858e-28
13.5262645914	9.2999763392e-28
13.5408560311	9.66085991667e-28
13.5554474708	9.83459212017e-28
13.5700389105	9.96723171063e-28
13.5846303502	9.88972452281e-28
13.5992217899	9.79952358843e-28
13.6138132296	9.71089351606e-28
13.6284046693	9.78293210028e-28
13.642996109	9.84616880264e-28
13.6575875486	1.03011112778e-27
13.6721789883	1.04650409348e-27
13.686770428	1.05008291801e-27
13.7013618677	1.04565143784e-27
13.7159533074	1.05213381312e-27
13.7305447471	1.04747581617e-27
13.7451361868	1.04908232064e-27
13.7597276265	1.05836284199e-27
13.7743190661	1.09611666971e-27
13.7889105058	1.0992514891e-27
13.8035019455	1.10387186054e-27
13.8180933852	1.08491240592e-27
13.8326848249	1.07158008082e-27
13.8472762646	1.06284869997e-27
13.8618677043	1.07350388585e-27
13.876459144	1.08301253906e-27
13.8910505837	1.12016544303e-27
13.9056420233	1.1280781315e-27
13.920233463	1.13422578221e-27
13.9348249027	1.11776225236e-27
13.9494163424	1.11781706259e-27
13.9640077821	1.11453497682e-27
13.9785992218	1.12444143244e-27
13.9931906615	1.13258531457e-27
14.0077821012	1.17785964737e-27
14.0223735409	1.1840781321e-27
14.0369649805	1.17820541988e-27
14.0515564202	1.16041313337e-27
14.0661478599	1.1549354739e-27
14.0807392996	1.1371756804e-27
14.0953307393	1.14452620498e-27
14.109922179	1.15998765055e-27
14.1245136187	1.20892618273e-27
14.1391050584	1.21178051125e-27
14.1536964981	1.21244859184e-27
14.1682879377	1.19132786472e-27
14.1828793774	1.17774367996e-27
14.1974708171	1.16391387104e-27
14.2120622568	1.16654142069e-27
14.2266536965	1.16772077014e-27
14.2412451362	1.21403799515e-27
14.2558365759	1.22888111846e-27
14.2704280156	1.23546925298e-27
14.2850194553	1.21367695105e-27
14.2996108949	1.20953938884e-27
14.3142023346	1.19733502087e-27
14.3287937743	1.19901192083e-27
14.343385214	1.20625265933e-27
14.3579766537	1.25575443928e-27
14.3725680934	1.26070287739e-27
14.3871595331	1.252209418e-27
14.4017509728	1.22879404861e-27
14.4163424125	1.21727014108e-27
14.4309338521	1.19056091111e-27
14.4455252918	1.18896049873e-27
14.4601167315	1.19097521341e-27
14.4747081712	1.22533111144e-27
14.4892996109	1.22740826908e-27
14.5038910506	1.23184248966e-27
14.5184824903	1.21707353385e-27
14.53307393	1.21128371205e-27
14.5476653697	1.20271415572e-27
14.5622568093	1.20375973677e-27
14.576848249	1.19715753551e-27
14.5914396887	1.23765507276e-27
14.6060311284	1.24250908567e-27
14.6206225681	1.24038628269e-27
14.6352140078	1.20947440111e-27
14.6498054475	1.19253638957e-27
14.6643968872	1.16904629849e-27
14.6789883268	1.15482036018e-27
14.6935797665	1.13953086616e-27
14.7081712062	1.15783000365e-27
14.7227626459	1.13942819429e-27
14.7373540856	1.12372316427e-27
14.7519455253	1.08971928152e-27
14.766536965	1.07108847544e-27
14.7811284047	1.0293680128e-27
14.7957198444	1.00534763719e-27
14.810311284	9.76465776559e-28
14.8249027237	9.6191490553e-28
14.8394941634	9.13633912715e-28
14.8540856031	8.61346797544e-28
14.8686770428	7.93559284699e-28
14.8832684825	7.45435096492e-28
14.8978599222	7.05437914879e-28
14.9124513619	6.92337602212e-28
14.9270428016	7.12709506303e-28
14.9416342412	8.25748339922e-28
14.9562256809	1.02756025924e-27
14.9708171206	1.39343703167e-27
14.9854085603	2.08944359641e-27
15.0	2.84997636328e-27
