-14.9854085603	3.00545330429e-27
-14.9708171206	1.8294358586e-27
-14.9562256809	1.14101269093e-27
-14.9416342412	6.84460180219e-28
-14.9270428016	4.15613185209e-28
-14.9124513619	2.61426766807e-28
-14.8978599222	1.8405385995e-28
-14.8832684825	1.43824307448e-28
-14.8686770428	1.37070383321e-28
-14.8540856031	1.41207126779e-28
-14.8394941634	1.54936461136e-28
-14.8249027237	1.57513141285e-28
-14.810311284	1.76750723714e-28
-14.7957198444	1.93630410715e-28
-14.7811284047	2.17769158238e-28
-14.766536965	2.35712966309e-28
-14.7519455253	2.53399017643e-28
-14.7373540856	2.6478087535e-28
-14.7227626459	2.70578881114e-28
-14.7081712062	2.54516358936e-28
-14.6935797665	2.59715951997e-28
-14.6789883268	2.66058015004e-28
-14.6643968872	2.79273096541e-28
-14.6498054475	2.88007754857e-28
-14.6352140078	3.02847479647e-28
-14.6206225681	3.05051645395e-28
-14.6060311284	3.03188549396e-28
-14.5914396887	2.83458479186e-28
-14.576848249	2.82217859866e-28
-14.5622568093	2.82534355475e-28
-14.5476653696	2.94747711661e-28
-14.53307393	2.98857735394e-28
-14.5184824903	3.07821963437e-28
-14.5038910506	3.09394277448e-28
-14.4892996109	3.08895316769e-28
-14.4747081712	2.88901474456e-28
-14.4601167315	2.89003315247e-28
-14.4455252918	2.90059537179e-28
-14.4309338521	3.00608600368e-28
-14.4163424125	3.04905147647e-28
-14.4017509728	3.14909863585e-28
-14.3871595331	3.14889473855e-28
-14.3725680934	3.13748647411e-28
-14.3579766537	2.90394736265e-28
-14.343385214	2.87298793964e-28
-14.3287937743	2.85261071302e-28
-14.3142023346	2.93673817031e-28
-14.2996108949	2.97822779573e-28
-14.2850194553	3.08361343692e-28
-14.2704280156	3.0839304339e-28
-14.2558365759	3.05566062564e-28
-14.2412451362	2.82704457857e-28
-14.2266536965	2.80150788546e-28
-14.2120622568	2.76516237685e-28
-14.1974708171	2.83155755489e-28
-14.1828793774	2.84612357216e-28
-14.1682879377	2.90862229611e-28
-14.1536964981	2.86958400454e-28
-14.1391050584	2.7942879585e-28
-14.1245136187	2.51175834596e-28
-14.109922179	2.4477465767e-28
-14.0953307393	2.39458051508e-28
-14.0807392996	2.43955097367e-28
-14.0661478599	2.44953283143e-28
-14.0515564202	2.51245388532e-28
-14.0369649805	2.47842382771e-28
-14.0223735409	2.4218087502e-28
-14.0077821012	2.16189800649e-28
-13.9931906615	2.09886866052e-28
-13.9785992218	2.03613051261e-28
-13.9640077821	2.06874197509e-28
-13.9494163424	2.04058992877e-28
-13.9348249027	2.07437552099e-28
-13.920233463	2.02170536493e-28
-13.9056420233	1.94695217737e-28
-13.8910505837	1.71023503866e-28
-13.876459144	1.64884346047e-28
-13.8618677043	1.59537000478e-28
-13.8472762646	1.6286519683e-28
-13.8326848249	1.62449728988e-28
-13.8180933852	1.6709149065e-28
-13.8035019455	1.64027624065e-28
-13.7889105058	1.56975611892e-28
-13.7743190661	1.34994174386e-28
-13.7597276265	1.2962154247e-28
-13.7451361868	1.25447730658e-28
-13.7305447471	1.27921796256e-28
-13.7159533074	1.26731465116e-28
-13.7013618677	1.30004773796e-28
-13.686770428	1.2444238539e-28
-13.6721789883	1.18768973588e-28
-13.6575875486	9.98173341967e-29
-13.6429961089	9.45859900972e-29
-13.6284046693	9.11184656583e-29
-13.6138132296	9.27732139885e-29
-13.5992217899	9.25761705375e-29
-13.5846303502	9.70766104249e-29
-13.5700389105	9.48780916247e-29
-13.5554474708	9.11591271119e-29
-13.5408560311	7.64771065806e-29
-13.5262645914	7.34509229217e-29
-13.5116731518	7.14914897838e-29
-13.4970817121	7.41463822262e-29
-13.4824902724	7.44668988094e-29
-13.4678988327	7.78441039865e-29
-13.453307393	7.62590238071e-29
-13.4387159533	7.3201832749e-29
-13.4241245136	6.02022731645e-29
-13.4095330739	5.63968980568e-29
-13.3949416342	5.38697365558e-29
-13.3803501946	5.52532475607e-29
-13.3657587549	5.56942919663e-29
-13.3511673152	5.91817835218e-29
-13.3365758755	5.9665145678e-29
-13.3219844358	6.0470305177e-29
-13.3073929961	5.51827930759e-29
-13.2928015564	5.52763867035e-29
-13.2782101167	5.69194057925e-29
-13.263618677	5.86419173318e-29
-13.2490272374	5.76281229055e-29
-13.2344357977	5.92211459711e-29
-13.219844358	5.77473523681e-29
-13.2052529183	5.62549645195e-29
-13.1906614786	5.06196741208e-29
-13.1760700389	4.84608890559e-29
-13.1614785992	4.75956569451e-29
-13.1468871595	4.71750505848e-29
-13.1322957198	4.53055560885e-29
-13.1177042802	4.48215126057e-29
-13.1031128405	4.3500249289e-29
-13.0885214008	4.14882924835e-29
-13.0739299611	3.65432923832e-29
-13.0593385214	3.47781010241e-29
-13.0447470817	3.36834520377e-29
-13.030155642	3.20473870969e-29
-13.0155642023	3.10829812954e-29
-13.0009727626	3.07820977039e-29
-12.986381323	2.98839262622e-29
-12.9717898833	3.00699134864e-29
-12.9571984436	2.92028138463e-29
-12.9426070039	2.83605740706e-29
-12.9280155642	2.949338963e-29
-12.9134241245	2.85764569205e-29
-12.8988326848	2.86367910352e-29
-12.8842412451	2.91589510305e-29
-12.8696498054	3.13234645543e-29
-12.8550583658	3.57572168244e-29
-12.8404669261	4.38880028448e-29
-12.8258754864	4.95954656721e-29
-12.8112840467	5.49951508557e-29
-12.796692607	5.71652165851e-29
-12.7821011673	5.94036021978e-29
-12.7675097276	5.96503870053e-29
-12.7529182879	6.29180672039e-29
-12.7383268482	6.79609654872e-29
-12.7237354086	7.68755906709e-29
-12.7091439689	7.89649371077e-29
-12.6945525292	8.31820415912e-29
-12.6799610895	8.18436217675e-29
-12.6653696498	8.18650767357e-29
-12.6507782101	8.05921330347e-29
-12.6361867704	8.46009855512e-29
-12.6215953307	9.08337740229e-29
-12.6070038911	1.03931817242e-28
-12.5924124514	1.07542672032e-28
-12.5778210117	1.13239502039e-28
-12.563229572	1.11198102823e-28
-12.5486381323	1.1131164766e-28
-12.5340466926	1.09804115585e-28
-12.5194552529	1.14845642136e-28
-12.5048638132	1.23329122329e-28
-12.4902723735	1.4556586091e-28
-12.4756809339	1.53840549573e-28
-12.4610894942	1.6367405595e-28
-12.4464980545	1.65894354253e-28
-12.4319066148	1.68801221181e-28
-12.4173151751	1.69029466272e-28
-12.4027237354	1.78506607922e-28
-12.3881322957	1.91666968309e-28
-12.373540856	2.21699757818e-28
-12.3589494163	2.34625132971e-28
-12.3443579767	2.48149591952e-28
-12.329766537	2.51214311482e-28
-12.3151750973	2.59485570917e-28
-12.3005836576	2.62892297259e-28
-12.2859922179	2.77218876572e-28
-12.2714007782	2.94734729359e-28
-12.2568093385	3.32718514659e-28
-12.2422178988	3.50674480644e-28
-12.2276264591	3.66058497588e-28
-12.2130350195	3.67396955516e-28
-12.1984435798	3.73829048381e-28
-12.1838521401	3.75117194592e-28
-12.1692607004	3.85854410867e-28
-12.1546692607	3.9777894813e-28
-12.140077821	4.34238425722e-28
-12.1254863813	4.44599844951e-28
-12.1108949416	4.51148168745e-28
-12.0963035019	4.41748443985e-28
-12.0817120623	4.4040199364e-28
-12.0671206226	4.36743255826e-28
-12.0525291829	4.47382963867e-28
-12.0379377432	4.60533531256e-28
-12.0233463035	5.00696219003e-28
-12.0087548638	5.14557068624e-28
-11.9941634241	5.29441918192e-28
-11.9795719844	5.30131154134e-28
-11.9649805447	5.33589794268e-28
-11.9503891051	5.31065035994e-28
-11.9357976654	5.45823671734e-28
-11.9212062257	5.65624308556e-28
-11.906614786	6.13166124823e-28
-11.8920233463	6.28661453975e-28
-11.8774319066	6.42986440529e-28
-11.8628404669	6.39431111017e-28
-11.8482490272	6.42087553001e-28
-11.8336575875	6.3951137755e-28
-11.8190661479	6.50414255637e-28
-11.8044747082	6.65340639393e-28
-11.7898832685	7.12332924353e-28
-11.7752918288	7.19744860993e-28
-11.7607003891	7.25494159707e-28
-11.7461089494	7.14534461098e-28
-11.7315175097	7.14383245646e-28
-11.71692607	7.12992807445e-28
-11.7023346304	7.30657284808e-28
-11.6877431907	7.4383484765e-28
-11.673151751	7.87065038721e-28
-11.6585603113	7.96257652729e-28
-11.6439688716	7.96023920521e-28
-11.6293774319	7.780321115e-28
-11.6147859922	7.68082100837e-28
-11.6001945525	7.4551418973e-28
-11.5856031128	7.45382185991e-28
-11.5710116732	7.45506951518e-28
-11.5564202335	7.70675656317e-28
-11.5418287938	7.48963200577e-28
-11.5272373541	7.26942075416e-28
-11.5126459144	6.8504275236e-28
-11.4980544747	6.45624551427e-28
-11.483463035	6.08520722639e-28
-11.4688715953	5.8905313906e-28
-11.4542801556	5.79834708092e-28
-11.439688716	6.00924880637e-28
-11.4250972763	5.92828422666e-28
-11.4105058366	6.01911400105e-28
-11.3959143969	6.25213228186e-28
-11.3813229572	7.06749436235e-28
-11.3667315175	8.53860933833e-28
-11.3521400778	1.1108807132e-27
-11.3375486381	1.49299231491e-27
-11.3229571984	2.05451046173e-27
-11.3083657588	2.8285532548e-27
-11.2937743191	3.94887107442e-27
-11.2791828794	5.45604289802e-27
-11.2645914397	7.71183453822e-27
-11.25	9.80787098425e-27
-11.2354085603	7.59121645389e-27
-11.2208171206	5.26008902123e-27
-11.2062256809	3.6874817804e-27
-11.1916342412	2.51956483527e-27
-11.1770428016	1.71199012455e-27
-11.1624513619	1.14657755387e-27
-11.1478599222	7.63212481498e-28
-11.1332684825	5.05781567466e-28
-11.1186770428	3.39725222916e-28
-11.1040856031	2.39325275941e-28
-11.0894941634	1.71785038665e-28
-11.0749027237	1.5049754232e-28
-11.060311284	1.48235541309e-28
-11.0457198444	1.59278607837e-28
-11.0311284047	1.69780722662e-28
-11.016536965	1.83337481275e-28
-11.0019455253	1.82572230993e-28
-10.9873540856	1.79396073545e-28
-10.9727626459	1.5328558576e-28
-10.9581712062	1.39076283761e-28
-10.9435797665	1.26851710882e-28
-10.9289883268	1.22385028967e-28
-10.9143968872	1.16643690866e-28
-10.8998054475	1.25831332471e-28
-10.8852140078	1.52793272208e-28
-10.8706225681	2.15381036981e-28
-10.8560311284	3.26547852437e-28
-10.8414396887	5.24264160348e-28
-10.826848249	8.29053363186e-28
-10.8122568093	1.28553343256e-27
-10.7976653696	1.94258261254e-27
-10.78307393	2.87714302648e-27
-10.7684824903	4.19321233796e-27
-10.7538910506	6.01993268841e-27
-10.7392996109	8.56719424351e-27
-10.7247081712	1.19897800361e-26
-10.7101167315	1.65762279213e-26
-10.6955252918	2.26442997417e-26
-10.6809338521	3.0735864929e-26
-10.6663424125	4.14281884649e-26
-10.6517509728	5.55698685047e-26
-10.6371595331	7.42562101622e-26
-10.6225680934	9.88560734193e-26
-10.6079766537	1.30681353441e-25
-10.593385214	1.72102089845e-25
-10.5787937743	2.25731755051e-25
-10.5642023346	2.95373284331e-25
-10.5496108949	3.85773550166e-25
-10.5350194553	5.02787406447e-25
-10.5204280156	6.5425069912e-25
-10.5058365759	8.50360329625e-25
-10.4912451362	1.10264541722e-24
-10.4766536965	1.42780224075e-24
-10.4620622568	1.84634058985e-24
-10.4474708171	2.38486742896e-24
-10.4328793774	3.07671395129e-24
-10.4182879377	3.96585310911e-24
-10.4036964981	5.10789567314e-24
-10.3891050584	6.57437913653e-24
-10.3745136187	8.45155728405e-24
-10.359922179	1.08542026059e-23
-10.3453307393	1.39263093215e-23
-10.3307392996	1.7853930187e-23
-10.3161478599	2.28704967198e-23
-10.3015564202	2.92767594806e-23
-10.2869649805	3.7453292153e-23
-10.2723735409	4.78863534212e-23
-10.2577821012	6.11773728796e-23
-10.2431906615	7.81103930582e-23
-10.2285992218	9.96672142116e-23
-10.2140077821	1.27097867222e-22
-10.1994163424	1.61984253306e-22
-10.1848249027	2.06326076122e-22
-10.170233463	2.62656860187e-22
-10.1556420233	3.34191772266e-22
-10.1410505837	4.24944963557e-22
-10.126459144	5.40038896426e-22
-10.1118677043	6.85922369304e-22
-10.0972762646	8.70732364935e-22
-10.0826848249	1.10471691068e-21
-10.0680933852	1.40082301144e-21
-10.0535019455	1.77535257462e-21
-10.0389105058	2.24883947179e-21
-10.0243190661	2.84702637109e-21
-10.0097276265	3.60238764835e-21
-9.99513618677	4.55570260759e-21
-9.98054474708	5.75822317603e-21
-9.96595330739	7.27424555675e-21
-9.9513618677	9.18450705361e-21
-9.93677042802	1.15902827541e-20
-9.92217898833	1.46184401692e-20
-9.90758754864	1.84277402738e-20
-9.89299610895	2.32172832976e-20
-9.87840466926	2.92359165694e-20
-9.86381322957	3.67951242509e-20
-9.84922178988	4.62841140255e-20
-9.83463035019	5.81891595058e-20
-9.82003891051	7.31174410152e-20
-9.80544747082	9.18266648512e-20
-9.79085603113	1.15261227169e-19
-9.77626459144	1.445989088e-19
-9.76167315175	1.81306727844e-19
-9.74708171206	2.2721124557e-19
-9.73249027237	2.84585340868e-19
-9.71789883268	3.56256334887e-19
-9.703307393	4.45737867857e-19
-9.68871595331	5.57395521692e-19
-9.67412451362	6.96647855408e-19
-9.65953307393	8.70220312955e-19
-9.64494163424	1.08645322963e-18
-9.63035019455	1.35568484508e-18
-9.61575875486	1.69072125767e-18
-9.60116731517	2.10741908708e-18
-9.58657587549	2.625398089e-18
-9.5719844358	3.26892265688e-18
-9.55739299611	4.06797902416e-18
-9.54280155642	5.05961378739e-18
-9.52821011673	6.28956143654e-18
-9.51361867704	7.8142558632e-18
-9.49902723735	9.70328781971e-18
-9.48443579767	1.20424270853e-17
-9.46984435798	1.4937321888e-17
-9.45525291829	1.85180342506e-17
-9.4406614786	2.29445766949e-17
-9.42607003891	2.84137221919e-17
-9.41147859922	3.51672875214e-17
-9.39688715953	4.35022855787e-17
-9.38229571984	5.37833050706e-17
-9.36770428016	6.64576387088e-17
-9.35311284047	8.2073715711e-17
-9.33852140078	1.0130358841e-16
-9.32392996109	1.24970295552e-16
-9.3093385214	1.54081246347e-16
-9.29474708171	1.89868771061e-16
-9.28015564202	2.33839489409e-16
-9.26556420233	2.87834243526e-16
-9.25097276265	3.54100977018e-16
-9.23638132296	4.35383130061e-16
-9.22178988327	5.35026912883e-16
-9.20719844358	6.57111283051e-16
-9.19260700389	8.06605632631e-16
-9.1780155642	9.89560487642e-16
-9.16342412451	1.21333844402e-15
-9.14883268482	1.48689335195e-15
-9.13424124514	1.82110786621e-15
-9.11964980545	2.22920106458e-15
-9.10505836576	2.72722060755e-15
-9.09046692607	3.33463625128e-15
-9.07587548638	4.07505586115e-15
-9.06128404669	4.97708765395e-15
-9.046692607	6.07537881949e-15
-9.03210116731	7.41186507744e-15
-9.01750972763	9.03727371388e-15
-9.00291828794	1.10129297457e-14
-8.98832684825	1.34129257038e-14
-8.97373540856	1.6326725409e-14
-8.95914396887	1.98622886971e-14
-8.94455252918	2.4149816091e-14
-8.92996108949	2.93462360933e-14
-8.91536964981	3.56405771188e-14
-8.90077821012	4.32603959414e-14
-8.88618677043	5.24794636925e-14
-8.87159533074	6.36269516107e-14
-8.85700389105	7.70983993822e-14
-8.84241245136	9.3368807984e-14
-8.82782101167	1.13008252314e-13
-8.81322957198	1.36700492126e-13
-8.7986381323	1.65265138623e-13
-8.78404669261	1.99684042157e-13
-8.76945525292	2.41132680248e-13
-8.75486381323	2.91017473726e-13
-8.74027237354	3.51020115886e-13
-8.72568093385	4.23150206327e-13
-8.71108949416	5.09807692382e-13
-8.69649805447	6.13856907977e-13
-8.68190661479	7.38714295695e-13
-8.6673151751	8.88452281998e-13
-8.65272373541	1.06792218543e-12
-8.63813229572	1.28289956106e-12
-8.62354085603	1.54025594695e-12
-8.60894941634	1.84816169225e-12
-8.59435797665	2.21632530072e-12
-8.57976653696	2.65627570288e-12
-8.56517509728	3.1816949046e-12
-8.55058365759	3.8088097545e-12
-8.5359922179	4.55685300599e-12
-8.52140077821	5.4486055736e-12
-8.50680933852	6.51103381514e-12
-8.49221789883	7.7760380284e-12
-8.47762645914	9.28133088811e-12
-8.46303501945	1.10714677318e-11
-8.44844357977	1.31990540526e-11
-8.43385214008	1.57261597178e-11
-8.41926070039	1.87259741185e-11
-8.4046692607	2.22847419611e-11
-8.39007782101	2.65040256297e-11
-8.37548638132	3.1503347427e-11
-8.36089494163	3.74232731615e-11
-8.34630350195	4.44290083432e-11
-8.33171206226	5.27145890946e-11
-8.31712062257	6.25077626981e-11
-8.30252918288	7.40756670583e-11
-8.28793774319	8.77314351681e-11
-8.2733463035	1.03841869495e-10
-8.25875486381	1.22836353291e-10
-8.24416342412	1.45217190311e-10
-8.22957198444	1.71571593337e-10
-8.21498054475	2.02585573891e-10
-8.20038910506	2.39060022864e-10
-8.18579766537	2.81929313556e-10
-8.17120622568	3.32282806834e-10
-8.15661478599	3.91389692143e-10
-8.1420233463	4.60727660534e-10
-8.12743190661	5.42015975104e-10
-8.11284046693	6.37253584605e-10
-8.09824902724	7.48763015238e-10
-8.08365758755	8.79240877884e-10
-8.06906614786	1.03181594251e-09
-8.05447470817	1.21011586191e-09
-8.03988326848	1.41834377231e-09
-8.02529182879	1.66136616466e-09
-8.0107003891	1.9448136039e-09
-7.99610894942	2.27519608416e-09
-7.98151750973	2.66003504012e-09
-7.96692607004	3.10801429884e-09
-7.95233463035	3.62915254921e-09
-7.93774319066	4.23500023702e-09
-7.92315175097	4.93886415996e-09
-7.90856031128	5.7560634502e-09
-7.89396887159	6.70422108746e-09
-7.87937743191	7.80359560028e-09
-7.86478599222	9.07745817733e-09
-7.85019455253	1.05525210459e-08
-7.83560311284	1.22594236725e-08
-7.82101167315	1.42332841205e-08
-7.80642023346	1.6514323757e-08
-7.79182879377	1.9148574457e-08
-7.77723735409	2.21886784975e-08
-7.7626459144	2.56947924975e-08
-7.74805447471	2.9735608033e-08
-7.73346303502	3.43895029605e-08
-7.71887159533	3.974583902e-08
-7.70428015564	4.59064229811e-08
-7.68968871595	5.29871504404e-08
-7.67509727626	6.11198534056e-08
-7.66050583658	7.04543749984e-08
-7.64591439689	8.11608970192e-08
-7.6313229572	9.34325487262e-08
-7.61673151751	1.07488328022e-07
-7.60214007782	1.23576369312e-07
-7.58754863813	1.41977595636e-07
-7.57295719844	1.63009796255e-07
-7.55836575875	1.8703217476e-07
-7.54377431907	2.14450416932e-07
-7.52918287938	2.45722332026e-07
-7.51459143969	2.81364126002e-07
-7.5	3.21957370231e-07
-7.48540856031	3.68156734769e-07
-7.47081712062	4.20698561061e-07
-7.45622568093	4.80410354872e-07
-7.44163424124	5.48221287066e-07
-7.42704280156	6.25173796442e-07
-7.41245136187	7.12436396089e-07
-7.39785992218	8.11317792212e-07
-7.38326848249	9.23282432256e-07
-7.3686770428	1.04996760723e-06
-7.35408560311	1.19320224158e-06
-7.33949416342	1.35502751259e-06
-7.32490272373	1.53771945018e-06
-7.31031128405	1.74381367689e-06
-7.29571984436	1.97613245704e-06
-7.28112840467	2.23781423306e-06
-7.26653696498	2.5323458363e-06
-7.25194552529	2.86359756808e-06
-7.2373540856	3.23586135603e-06
-7.22276264591	3.65389219848e-06
-7.20817120623	4.12295311785e-06
-7.19357976654	4.64886385086e-06
-7.17898832685	5.23805350988e-06
-7.16439688716	5.89761745487e-06
-7.14980544747	6.63537861955e-06
-7.13521400778	7.45995353789e-06
-7.12062256809	8.38082331846e-06
-7.1060311284	9.40840981248e-06
-7.09143968872	1.05541572191e-05
-7.07684824903	1.18306193654e-05
-7.06225680934	1.32515528893e-05
-7.04766536965	1.4832016545e-05
-7.03307392996	1.6588476831e-05
-7.01848249027	1.85389201265e-05
-7.00389105058	2.07029714961e-05
-6.98929961089	2.31020202971e-05
-6.97470817121	2.57593526898e-05
-6.96011673152	2.87002911156e-05
-6.94552529183	3.19523407642e-05
-6.93093385214	3.55453430003e-05
-6.91634241245	3.95116356701e-05
-6.90175097276	4.38862201407e-05
-6.88715953307	4.87069348637e-05
-6.87256809338	5.40146351731e-05
-6.8579766537	5.98533789531e-05
-6.84338521401	6.62706177163e-05
-6.82879377432	7.33173925427e-05
-6.81420233463	8.10485342247e-05
-6.79961089494	8.95228668555e-05
-6.78501945525	9.88034139846e-05
-6.77042801556	0.000108957606343
-6.75583657588	0.000120057490016
-6.74124513619	0.000132179933812
-6.7266536965	0.000145406834438
-6.71206225681	0.000159825317978
-6.69747081712	0.000175527936001
-6.68287937743	0.000192612854521
-6.66828793774	0.000211184033891
-6.65369649805	0.000231351397573
-6.63910505837	0.000253230987628
-6.62451361868	0.000276945104623
-6.60992217899	0.000302622429599
-6.5953307393	0.000330398125606
-6.58073929961	0.000360413916263
-6.56614785992	0.000392818138766
-6.55155642023	0.000427765768685
-6.53696498054	0.000465418413944
-6.52237354086	0.000505944275349
-6.50778210117	0.000549518071104
-6.49319066148	0.00059632092284
-6.47859922179	0.000646540200784
-6.4640077821	0.000700369325848
-6.44941634241	0.00075800752664
-6.43482490272	0.000819659549577
-6.42023346303	0.000885535320617
-6.40564202335	0.000955849557363
-6.39105058366	0.00103082133072
-6.37645914397	0.00111067357563
-6.36186770428	0.0011956325508
-6.34727626459	0.00128592724795
-6.3326848249	0.00138178875138
-6.31809338521	0.00148344954935
-6.30350194552	0.00159114279927
-6.28891050584	0.00170510154914
-6.27431906615	0.0018255579184
-6.25972762646	0.00195274224184
-6.24513618677	0.00208688218075
-6.23054474708	0.00222820180611
-6.21595330739	0.00237692065905
-6.2013618677	0.00253325279437
-6.18677042802	0.00269740581336
-6.17217898833	0.00286957989248
-6.15758754864	0.00304996681491
-6.14299610895	0.00323874901208
-6.12840466926	0.00343609862275
-6.11381322957	0.00364217657703
-6.09922178988	0.00385713171304
-6.08463035019	0.00408109993356
-6.07003891051	0.0043142034102
-6.05544747082	0.00455654984213
-6.04085603113	0.00480823177605
-6.02626459144	0.00506932599401
-6.01167315175	0.00533989297469
-5.99708171206	0.00561997643345
-5.98249027237	0.00590960294584
-5.96789883268	0.00620878165828
-5.953307393	0.00651750408907
-5.93871595331	0.00683574402184
-5.92412451362	0.00716345749295
-5.90953307393	0.00750058287315
-5.89494163424	0.00784704104314
-5.88035019455	0.00820273566172
-5.86575875486	0.00856755352423
-5.85116731517	0.00894136500836
-5.83657587549	0.00932402460332
-5.8219844358	0.00971537151793
-5.80739299611	0.0101152303622
-5.79280155642	0.0105234118967
-5.77821011673	0.0109397138428
-5.76361867704	0.0113639217476
-5.74902723735	0.011795809896
-5.73443579766	0.012235142262
-5.71984435798	0.0126816734923
-5.70525291829	0.0131351499137
-5.6906614786	0.0135953105576
-5.67607003891	0.0140618881925
-5.66147859922	0.0145346103589
-5.64688715953	0.0150132003972
-5.63229571984	0.0154973784643
-5.61770428016	0.0159868625298
-5.60311284047	0.0164813693483
-5.58852140078	0.0169806154002
-5.57392996109	0.0174843177972
-5.5593385214	0.0179921951479
-5.54474708171	0.0185039683791
-5.53015564202	0.0190193615103
-5.51556420233	0.0195381023777
-5.50097276265	0.0200599233067
-5.48638132296	0.0205845617304
-5.47178988327	0.0211117607531
-5.45719844358	0.0216412696594
-5.44260700389	0.022172844367
-5.4280155642	0.0227062478253
-5.41342412451	0.02324125036
-5.39883268482	0.0237776299639
-5.38424124514	0.0243151725378
-5.36964980545	0.0248536720808
-5.35505836576	0.0253929308335
-5.34046692607	0.0259327593767
-5.32587548638	0.0264729766865
-5.31128404669	0.0270134101501
-5.296692607	0.0275538955443
-5.28210116731	0.0280942769795
-5.26750972763	0.0286344068115
-5.25291828794	0.0291741455255
-5.23832684825	0.029713361593
-5.22373540856	0.0302519313065
-5.20914396887	0.0307897385929
-5.19455252918	0.0313266748093
-5.17996108949	0.0318626385237
-5.1653696498	0.0323975352819
-5.15077821012	0.0329312773648
-5.13618677043	0.0334637835366
-5.12159533074	0.0339949787864
-5.10700389105	0.0345247940658
-5.09241245136	0.0350531660232
-5.07782101167	0.0355800367372
-5.06322957198	0.0361053534501
-5.0486381323	0.0366290683032
-5.03404669261	0.0371511380748
-5.01945525292	0.0376715239221
-5.00486381323	0.038190191128
-4.99027237354	0.0387071088536
-4.97568093385	0.0392222498968
-4.96108949416	0.0397355904587
-4.94649805447	0.0402471099162
-4.93190661479	0.0407567906036
-4.9173151751	0.0412646176021
-4.90272373541	0.0417705785374
-4.88813229572	0.0422746633864
-4.87354085603	0.0427768642928
-4.85894941634	0.0432771753904
-4.84435797665	0.0437755926366
-4.82976653696	0.0442721136535
-4.81517509728	0.0447667375783
-4.80058365759	0.0452594649215
-4.7859922179	0.0457502974341
-4.77140077821	0.0462392379822
-4.75680933852	0.0467262904298
-4.74221789883	0.0472114595295
-4.72762645914	0.0476947508195
-4.71303501945	0.048176170529
-4.69844357977	0.0486557254895
-4.68385214008	0.0491334230526
-4.66926070039	0.0496092710145
-4.6546692607	0.0500832775461
-4.64007782101	0.0505554511286
-4.62548638132	0.0510258004947
-4.61089494163	0.0514943345744
-4.59630350194	0.0519610624461
-4.58171206226	0.0524259932919
-4.56712062257	0.0528891363568
-4.55252918288	0.0533505009123
-4.53793774319	0.0538100962234
-4.5233463035	0.0542679315193
-4.50875486381	0.054724015967
-4.49416342412	0.0551783586478
-4.47957198444	0.0556309685371
-4.46498054475	0.0560818544862
-4.45038910506	0.0565310252064
-4.43579766537	0.0569784892561
-4.42120622568	0.057424255029
-4.40661478599	0.0578683307441
-4.3920233463	0.0583107244384
-4.37743190661	0.0587514439598
-4.36284046693	0.0591904969624
-4.34824902724	0.0596278909025
-4.33365758755	0.0600636330359
-4.31906614786	0.0604977304165
-4.30447470817	0.0609301898951
-4.28988326848	0.0613610181196
-4.27529182879	0.0617902215361
-4.2607003891	0.0622178063899
-4.24610894942	0.0626437787279
-4.23151750973	0.0630681444008
-4.21692607004	0.0634909090661
-4.20233463035	0.0639120781915
-4.18774319066	0.0643316570584
-4.17315175097	0.064749650766
-4.15856031128	0.0651660642351
-4.14396887159	0.0655809022127
-4.12937743191	0.0659941692761
-4.11478599222	0.0664058698378
-4.10019455253	0.0668160081498
-4.08560311284	0.0672245883086
-4.07101167315	0.0676316142596
-4.05642023346	0.0680370898019
-4.04182879377	0.0684410185929
-4.02723735408	0.0688434041534
-4.0126459144	0.0692442498715
-3.99805447471	0.0696435590078
-3.98346303502	0.0700413346994
-3.96887159533	0.0704375799645
-3.95428015564	0.070832297707
-3.93968871595	0.0712254907201
-3.92509727626	0.071617161691
-3.91050583658	0.0720073132046
-3.89591439689	0.0723959477474
-3.8813229572	0.0727830677115
-3.86673151751	0.073168675398
-3.85214007782	0.0735527730211
-3.83754863813	0.0739353627107
-3.82295719844	0.0743164465167
-3.80836575875	0.0746960264114
-3.79377431907	0.0750741042932
-3.77918287938	0.0754506819894
-3.76459143969	0.0758257612589
-3.75	0.0761993437954
-3.73540856031	0.0765714312296
-3.72081712062	0.0769420251323
-3.70622568093	0.0773111270165
-3.69163424124	0.0776787383398
-3.67704280156	0.078044860507
-3.66245136187	0.0784094948719
-3.64785992218	0.0787726427396
-3.63326848249	0.0791343053685
-3.6186770428	0.0794944839722
-3.60408560311	0.0798531797214
-3.58949416342	0.0802103937457
-3.57490272373	0.0805661271349
-3.56031128405	0.0809203809415
-3.54571984436	0.0812731561812
-3.53112840467	0.0816244538351
-3.51653696498	0.081974274851
-3.50194552529	0.0823226201445
-3.4873540856	0.0826694906005
-3.47276264591	0.0830148870745
-3.45817120623	0.0833588103936
-3.44357976654	0.0837012613577
-3.42898832685	0.0840422407407
-3.41439688716	0.0843817492914
-3.39980544747	0.0847197877345
-3.38521400778	0.0850563567716
-3.37062256809	0.0853914570821
-3.3560311284	0.085725089324
-3.34143968872	0.0860572541349
-3.32684824903	0.0863879521326
-3.31225680934	0.0867171839158
-3.29766536965	0.087044950065
-3.28307392996	0.0873712511433
-3.26848249027	0.0876960876967
-3.25389105058	0.088019460255
-3.23929961089	0.0883413693322
-3.22470817121	0.0886618154275
-3.21011673152	0.0889807990251
-3.19552529183	0.0892983205957
-3.18093385214	0.089614380596
-3.16634241245	0.0899289794701
-3.15175097276	0.0902421176493
-3.13715953307	0.0905537955528
-3.12256809338	0.0908640135881
-3.1079766537	0.0911727721515
-3.09338521401	0.0914800716284
-3.07879377432	0.0917859123935
-3.06420233463	0.0920902948116
-3.04961089494	0.0923932192376
-3.03501945525	0.0926946860167
-3.02042801556	0.0929946954853
-3.00583657587	0.0932932479706
-2.99124513619	0.0935903437915
-2.9766536965	0.0938859832584
-2.96206225681	0.0941801666737
-2.94747081712	0.0944728943322
-2.93287937743	0.0947641665211
-2.91828793774	0.0950539835202
-2.90369649805	0.0953423456023
-2.88910505837	0.0956292530336
-2.87451361868	0.0959147060734
-2.85992217899	0.0961987049747
-2.8453307393	0.0964812499843
-2.83073929961	0.096762341343
-2.81614785992	0.0970419792856
-2.80155642023	0.0973201640415
-2.78696498054	0.0975968958343
-2.77237354086	0.0978721748825
-2.75778210117	0.0981460013994
-2.74319066148	0.0984183755931
-2.72859922179	0.0986892976669
-2.7140077821	0.0989587678195
-2.69941634241	0.0992267862448
-2.68482490272	0.0994933531324
-2.67023346303	0.0997584686674
-2.65564202335	0.100022133031
-2.64105058366	0.100284346399
-2.62645914397	0.100545108946
-2.61186770428	0.100804420839
-2.59727626459	0.101062282245
-2.5826848249	0.101318693325
-2.56809338521	0.101573654236
-2.55350194552	0.101827165133
-2.53891050584	0.102079226167
-2.52431906615	0.102329837486
-2.50972762646	0.102578999235
-2.49513618677	0.102826711555
-2.48054474708	0.103072974584
-2.46595330739	0.103317788458
-2.4513618677	0.103561153309
-2.43677042801	0.103803069267
-2.42217898833	0.10404353646
-2.40758754864	0.10428255501
-2.39299610895	0.104520125041
-2.37840466926	0.104756246671
-2.36381322957	0.104990920018
-2.34922178988	0.105224145194
-2.33463035019	0.105455922313
-2.32003891051	0.105686251484
-2.30544747082	0.105915132814
-2.29085603113	0.106142566409
-2.27626459144	0.106368552371
-2.26167315175	0.106593090802
-2.24708171206	0.1068161818
-2.23249027237	0.107037825463
-2.21789883268	0.107258021886
-2.203307393	0.107476771161
-2.18871595331	0.107694073381
-2.17412451362	0.107909928634
-2.15953307393	0.108124337008
-2.14494163424	0.108337298589
-2.13035019455	0.108548813463
-2.11575875486	0.10875888171
-2.10116731517	0.108967503413
-2.08657587549	0.109174678651
-2.0719844358	0.109380407501
-2.05739299611	0.109584690041
-2.04280155642	0.109787526345
-2.02821011673	0.109988916487
-2.01361867704	0.110188860539
-1.99902723735	0.110387358572
-1.98443579766	0.110584410655
-1.96984435798	0.110780016856
-1.95525291829	0.110974177243
-1.9406614786	0.11116689188
-1.92607003891	0.111358160832
-1.91147859922	0.111547984162
-1.89688715953	0.111736361933
-1.88229571984	0.111923294204
-1.86770428015	0.112108781036
-1.85311284047	0.112292822487
-1.83852140078	0.112475418614
-1.82392996109	0.112656569475
-1.8093385214	0.112836275124
-1.79474708171	0.113014535615
-1.78015564202	0.113191351003
-1.76556420233	0.113366721338
-1.75097276265	0.113540646674
-1.73638132296	0.113713127059
-1.72178988327	0.113884162544
-1.70719844358	0.114053753178
-1.69260700389	0.114221899007
-1.6780155642	0.11438860008
-1.66342412451	0.114553856441
-1.64883268482	0.114717668136
-1.63424124514	0.11488003521
-1.61964980545	0.115040957706
-1.60505836576	0.115200435666
-1.59046692607	0.115358469133
-1.57587548638	0.115515058148
-1.56128404669	0.115670202751
-1.546692607	0.115823902983
-1.53210116731	0.115976158881
-1.51750972763	0.116126970485
-1.50291828794	0.116276337832
-1.48832684825	0.116424260959
-1.47373540856	0.116570739903
-1.45914396887	0.116715774698
-1.44455252918	0.11685936538
-1.42996108949	0.117001511983
-1.4153696498	0.117142214541
-1.40077821012	0.117281473087
-1.38618677043	0.117419287653
-1.37159533074	0.117555658272
-1.35700389105	0.117690584975
-1.34241245136	0.117824067792
-1.32782101167	0.117956106753
-1.31322957198	0.118086701889
-1.29863813229	0.118215853229
-1.28404669261	0.1183435608
-1.26945525292	0.118469824631
-1.25486381323	0.11859464475
-1.24027237354	0.118718021184
-1.22568093385	0.118839953958
-1.21108949416	0.1189604431
-1.19649805447	0.119079488634
-1.18190661479	0.119197090586
-1.1673151751	0.11931324898
-1.15272373541	0.119427963841
-1.13813229572	0.119541235192
-1.12354085603	0.119653063056
-1.10894941634	0.119763447456
-1.09435797665	0.119872388415
-1.07976653696	0.119979885954
-1.06517509728	0.120085940095
-1.05058365759	0.120190550859
-1.0359922179	0.120293718266
-1.02140077821	0.120395442338
-1.00680933852	0.120495723093
-0.992217898832	0.120594560551
-0.977626459143	0.120691954732
-0.963035019454	0.120787905654
-0.948443579766	0.120882413335
-0.933852140077	0.120975477794
-0.919260700388	0.121067099048
-0.9046692607	0.121157277113
-0.890077821011	0.121246012008
-0.875486381322	0.121333303748
-0.860894941633	0.121419152351
-0.846303501945	0.12150355783
-0.831712062256	0.121586520203
-0.817120622567	0.121668039484
-0.802529182879	0.121748115688
-0.78793774319	0.121826748829
-0.773346303501	0.121903938922
-0.758754863812	0.121979685981
-0.744163424124	0.122053990019
-0.729571984435	0.122126851048
-0.714980544746	0.122198269084
-0.700389105058	0.122268244136
-0.685797665369	0.122336776219
-0.67120622568	0.122403865344
-0.656614785991	0.122469511523
-0.642023346303	0.122533714767
-0.627431906614	0.122596475087
-0.612840466925	0.122657792494
-0.598249027237	0.122717666999
-0.583657587548	0.122776098612
-0.569066147859	0.122833087342
-0.55447470817	0.1228886332
-0.539883268482	0.122942736196
-0.525291828793	0.122995396337
-0.510700389104	0.123046613633
-0.496108949416	0.123096388093
-0.481517509727	0.123144719725
-0.466926070038	0.123191608537
-0.452334630349	0.123237054537
-0.437743190661	0.123281057733
-0.423151750972	0.123323618131
-0.408560311283	0.123364735739
-0.393968871594	0.123404410563
-0.379377431906	0.123442642611
-0.364785992217	0.123479431888
-0.350194552528	0.1235147784
-0.33560311284	0.123548682154
-0.321011673151	0.123581143154
-0.306420233462	0.123612161407
-0.291828793773	0.123641736917
-0.277237354085	0.123669869688
-0.262645914396	0.123696559726
-0.248054474707	0.123721807035
-0.233463035019	0.123745611619
-0.21887159533	0.123767973482
-0.204280155641	0.123788892627
-0.189688715952	0.123808369058
-0.175097276264	0.123826402777
-0.160505836575	0.123842993789
-0.145914396886	0.123858142095
-0.131322957198	0.123871847697
-0.116731517509	0.123884110599
-0.10214007782	0.123894930802
-0.0875486381314	0.123904308308
-0.0729571984427	0.123912243118
-0.058365758754	0.123918735233
-0.0437743190653	0.123923784655
-0.0291828793766	0.123927391385
-0.0145914396879	0.123929555422
8.5975671027e-13	0.123930276768
0.0145914396896	0.123929555422
0.0291828793783	0.123927391385
0.043774319067	0.123923784655
0.0583657587557	0.123918735233
0.0729571984444	0.123912243118
0.0875486381332	0.123904308308
0.102140077822	0.123894930802
0.116731517511	0.123884110599
0.131322957199	0.123871847697
0.145914396888	0.123858142095
0.160505836577	0.123842993789
0.175097276265	0.123826402777
0.189688715954	0.123808369058
0.204280155643	0.123788892627
0.218871595332	0.123767973482
0.23346303502	0.123745611619
0.248054474709	0.123721807035
0.262645914398	0.123696559726
0.277237354086	0.123669869688
0.291828793775	0.123641736917
0.306420233464	0.123612161407
0.321011673153	0.123581143154
0.335603112841	0.123548682154
0.35019455253	0.1235147784
0.364785992219	0.123479431888
0.379377431907	0.123442642611
0.393968871596	0.123404410563
0.408560311285	0.123364735739
0.423151750974	0.123323618131
0.437743190662	0.123281057732
0.452334630351	0.123237054537
0.46692607004	0.123191608537
0.481517509729	0.123144719725
0.496108949417	0.123096388093
0.510700389106	0.123046613633
0.525291828795	0.122995396337
0.539883268483	0.122942736196
0.554474708172	0.1228886332
0.569066147861	0.122833087342
0.58365758755	0.122776098612
0.598249027238	0.122717666999
0.612840466927	0.122657792494
0.627431906616	0.122596475087
0.642023346304	0.122533714767
0.656614785993	0.122469511523
0.671206225682	0.122403865344
0.685797665371	0.122336776219
0.700389105059	0.122268244136
0.714980544748	0.122198269084
0.729571984437	0.122126851048
0.744163424125	0.122053990019
0.758754863814	0.121979685981
0.773346303503	0.121903938922
0.787937743192	0.121826748829
0.80252918288	0.121748115688
0.817120622569	0.121668039484
0.831712062258	0.121586520203
0.846303501946	0.12150355783
0.860894941635	0.121419152351
0.875486381324	0.121333303748
0.890077821013	0.121246012008
0.904669260701	0.121157277113
0.91926070039	0.121067099047
0.933852140079	0.120975477794
0.948443579767	0.120882413335
0.963035019456	0.120787905654
0.977626459145	0.120691954732
0.992217898834	0.120594560551
1.00680933852	0.120495723093
1.02140077821	0.120395442338
1.0359922179	0.120293718266
1.05058365759	0.120190550859
1.06517509728	0.120085940095
1.07976653697	0.119979885954
1.09435797665	0.119872388415
1.10894941634	0.119763447456
1.12354085603	0.119653063056
1.13813229572	0.119541235192
1.15272373541	0.119427963841
1.1673151751	0.11931324898
1.18190661479	0.119197090586
1.19649805448	0.119079488634
1.21108949416	0.1189604431
1.22568093385	0.118839953958
1.24027237354	0.118718021184
1.25486381323	0.11859464475
1.26945525292	0.118469824631
1.28404669261	0.1183435608
1.2986381323	0.118215853229
1.31322957199	0.118086701889
1.32782101167	0.117956106753
1.34241245136	0.117824067792
1.35700389105	0.117690584975
1.37159533074	0.117555658272
1.38618677043	0.117419287653
1.40077821012	0.117281473087
1.41536964981	0.117142214541
1.4299610895	0.117001511983
1.44455252918	0.11685936538
1.45914396887	0.116715774698
1.47373540856	0.116570739903
1.48832684825	0.116424260959
1.50291828794	0.116276337832
1.51750972763	0.116126970485
1.53210116732	0.115976158881
1.546692607	0.115823902983
1.56128404669	0.115670202751
1.57587548638	0.115515058148
1.59046692607	0.115358469133
1.60505836576	0.115200435666
1.61964980545	0.115040957706
1.63424124514	0.11488003521
1.64883268483	0.114717668136
1.66342412451	0.114553856441
1.6780155642	0.11438860008
1.69260700389	0.114221899007
1.70719844358	0.114053753178
1.72178988327	0.113884162544
1.73638132296	0.113713127059
1.75097276265	0.113540646674
1.76556420234	0.113366721338
1.78015564202	0.113191351003
1.79474708171	0.113014535615
1.8093385214	0.112836275124
1.82392996109	0.112656569475
1.83852140078	0.112475418614
1.85311284047	0.112292822487
1.86770428016	0.112108781036
1.88229571985	0.111923294204
1.89688715953	0.111736361933
1.91147859922	0.111547984162
1.92607003891	0.111358160832
1.9406614786	0.11116689188
1.95525291829	0.110974177243
1.96984435798	0.110780016856
1.98443579767	0.110584410655
1.99902723736	0.110387358572
2.01361867704	0.110188860539
2.02821011673	0.109988916487
2.04280155642	0.109787526345
2.05739299611	0.109584690041
2.0719844358	0.109380407501
2.08657587549	0.109174678651
2.10116731518	0.108967503413
2.11575875486	0.10875888171
2.13035019455	0.108548813463
2.14494163424	0.108337298589
2.15953307393	0.108124337008
2.17412451362	0.107909928634
2.18871595331	0.107694073381
2.203307393	0.107476771161
2.21789883269	0.107258021886
2.23249027237	0.107037825463
2.24708171206	0.1068161818
2.26167315175	0.106593090802
2.27626459144	0.106368552371
2.29085603113	0.106142566409
2.30544747082	0.105915132814
2.32003891051	0.105686251484
2.3346303502	0.105455922313
2.34922178988	0.105224145194
2.36381322957	0.104990920018
2.37840466926	0.104756246671
2.39299610895	0.104520125041
2.40758754864	0.10428255501
2.42217898833	0.10404353646
2.43677042802	0.103803069267
2.45136186771	0.103561153309
2.46595330739	0.103317788458
2.48054474708	0.103072974584
2.49513618677	0.102826711555
2.50972762646	0.102578999235
2.52431906615	0.102329837486
2.53891050584	0.102079226167
2.55350194553	0.101827165133
2.56809338522	0.101573654236
2.5826848249	0.101318693325
2.59727626459	0.101062282245
2.61186770428	0.100804420839
2.62645914397	0.100545108946
2.64105058366	0.100284346399
2.65564202335	0.100022133031
2.67023346304	0.0997584686674
2.68482490272	0.0994933531324
2.69941634241	0.0992267862448
2.7140077821	0.0989587678195
2.72859922179	0.0986892976669
2.74319066148	0.098418375593
2.75778210117	0.0981460013994
2.77237354086	0.0978721748825
2.78696498055	0.0975968958343
2.80155642023	0.0973201640415
2.81614785992	0.0970419792856
2.83073929961	0.096762341343
2.8453307393	0.0964812499843
2.85992217899	0.0961987049747
2.87451361868	0.0959147060734
2.88910505837	0.0956292530336
2.90369649806	0.0953423456023
2.91828793774	0.0950539835202
2.93287937743	0.0947641665211
2.94747081712	0.0944728943322
2.96206225681	0.0941801666737
2.9766536965	0.0938859832584
2.99124513619	0.0935903437915
3.00583657588	0.0932932479706
3.02042801557	0.0929946954853
3.03501945525	0.0926946860167
3.04961089494	0.0923932192376
3.06420233463	0.0920902948116
3.07879377432	0.0917859123935
3.09338521401	0.0914800716284
3.1079766537	0.0911727721515
3.12256809339	0.0908640135881
3.13715953307	0.0905537955528
3.15175097276	0.0902421176493
3.16634241245	0.0899289794701
3.18093385214	0.089614380596
3.19552529183	0.0892983205957
3.21011673152	0.0889807990251
3.22470817121	0.0886618154274
3.2392996109	0.0883413693322
3.25389105058	0.088019460255
3.26848249027	0.0876960876967
3.28307392996	0.0873712511433
3.29766536965	0.087044950065
3.31225680934	0.0867171839158
3.32684824903	0.0863879521326
3.34143968872	0.0860572541349
3.35603112841	0.085725089324
3.37062256809	0.0853914570821
3.38521400778	0.0850563567716
3.39980544747	0.0847197877345
3.41439688716	0.0843817492914
3.42898832685	0.0840422407407
3.44357976654	0.0837012613577
3.45817120623	0.0833588103936
3.47276264592	0.0830148870745
3.4873540856	0.0826694906005
3.50194552529	0.0823226201445
3.51653696498	0.081974274851
3.53112840467	0.0816244538351
3.54571984436	0.0812731561812
3.56031128405	0.0809203809415
3.57490272374	0.0805661271349
3.58949416343	0.0802103937457
3.60408560311	0.0798531797214
3.6186770428	0.0794944839722
3.63326848249	0.0791343053685
3.64785992218	0.0787726427396
3.66245136187	0.0784094948719
3.67704280156	0.078044860507
3.69163424125	0.0776787383398
3.70622568093	0.0773111270165
3.72081712062	0.0769420251323
3.73540856031	0.0765714312296
3.75	0.0761993437954
3.76459143969	0.0758257612589
3.77918287938	0.0754506819894
3.79377431907	0.0750741042932
3.80836575876	0.0746960264114
3.82295719844	0.0743164465167
3.83754863813	0.0739353627107
3.85214007782	0.0735527730211
3.86673151751	0.073168675398
3.8813229572	0.0727830677115
3.89591439689	0.0723959477474
3.91050583658	0.0720073132046
3.92509727627	0.071617161691
3.93968871595	0.0712254907201
3.95428015564	0.070832297707
3.96887159533	0.0704375799645
3.98346303502	0.0700413346994
3.99805447471	0.0696435590078
4.0126459144	0.0692442498715
4.02723735409	0.0688434041534
4.04182879378	0.0684410185929
4.05642023346	0.0680370898019
4.07101167315	0.0676316142596
4.08560311284	0.0672245883086
4.10019455253	0.0668160081498
4.11478599222	0.0664058698378
4.12937743191	0.0659941692761
4.1439688716	0.0655809022127
4.15856031129	0.0651660642351
4.17315175097	0.064749650766
4.18774319066	0.0643316570584
4.20233463035	0.0639120781915
4.21692607004	0.0634909090661
4.23151750973	0.0630681444008
4.24610894942	0.0626437787279
4.26070038911	0.0622178063899
4.27529182879	0.0617902215361
4.28988326848	0.0613610181196
4.30447470817	0.0609301898951
4.31906614786	0.0604977304165
4.33365758755	0.0600636330359
4.34824902724	0.0596278909025
4.36284046693	0.0591904969624
4.37743190662	0.0587514439598
4.3920233463	0.0583107244384
4.40661478599	0.0578683307441
4.42120622568	0.057424255029
4.43579766537	0.0569784892562
4.45038910506	0.0565310252064
4.46498054475	0.0560818544862
4.47957198444	0.0556309685372
4.49416342413	0.0551783586479
4.50875486381	0.054724015967
4.5233463035	0.0542679315193
4.53793774319	0.0538100962234
4.55252918288	0.0533505009123
4.56712062257	0.0528891363568
4.58171206226	0.0524259932919
4.59630350195	0.0519610624462
4.61089494164	0.0514943345744
4.62548638132	0.0510258004947
4.64007782101	0.0505554511287
4.6546692607	0.0500832775461
4.66926070039	0.0496092710145
4.68385214008	0.0491334230526
4.69844357977	0.0486557254895
4.71303501946	0.0481761705291
4.72762645915	0.0476947508195
4.74221789883	0.0472114595295
4.75680933852	0.0467262904299
4.77140077821	0.0462392379822
4.7859922179	0.0457502974341
4.80058365759	0.0452594649216
4.81517509728	0.0447667375783
4.82976653697	0.0442721136535
4.84435797665	0.0437755926366
4.85894941634	0.0432771753904
4.87354085603	0.0427768642928
4.88813229572	0.0422746633865
4.90272373541	0.0417705785374
4.9173151751	0.0412646176021
4.93190661479	0.0407567906037
4.94649805448	0.0402471099163
4.96108949416	0.0397355904588
4.97568093385	0.0392222498969
4.99027237354	0.0387071088536
5.00486381323	0.0381901911281
5.01945525292	0.0376715239222
5.03404669261	0.0371511380749
5.0486381323	0.0366290683033
5.06322957199	0.0361053534502
5.07782101167	0.0355800367372
5.09241245136	0.0350531660232
5.10700389105	0.0345247940658
5.12159533074	0.0339949787864
5.13618677043	0.0334637835366
5.15077821012	0.0329312773648
5.16536964981	0.0323975352819
5.1799610895	0.0318626385237
5.19455252918	0.0313266748094
5.20914396887	0.0307897385929
5.22373540856	0.0302519313066
5.23832684825	0.0297133615931
5.25291828794	0.0291741455256
5.26750972763	0.0286344068116
5.28210116732	0.0280942769796
5.29669260701	0.0275538955444
5.31128404669	0.0270134101501
5.32587548638	0.0264729766865
5.34046692607	0.0259327593768
5.35505836576	0.0253929308336
5.36964980545	0.0248536720809
5.38424124514	0.0243151725379
5.39883268483	0.023777629964
5.41342412451	0.0232412503601
5.4280155642	0.0227062478254
5.44260700389	0.022172844367
5.45719844358	0.0216412696595
5.47178988327	0.0211117607532
5.48638132296	0.0205845617305
5.50097276265	0.0200599233068
5.51556420234	0.0195381023778
5.53015564202	0.0190193615104
5.54474708171	0.0185039683792
5.5593385214	0.017992195148
5.57392996109	0.0174843177973
5.58852140078	0.0169806154003
5.60311284047	0.0164813693484
5.61770428016	0.0159868625299
5.63229571985	0.0154973784644
5.64688715953	0.0150132003973
5.66147859922	0.014534610359
5.67607003891	0.0140618881926
5.6906614786	0.0135953105577
5.70525291829	0.0131351499138
5.71984435798	0.0126816734924
5.73443579767	0.0122351422621
5.74902723736	0.0117958098961
5.76361867704	0.0113639217477
5.77821011673	0.0109397138429
5.79280155642	0.0105234118968
5.80739299611	0.0101152303623
5.8219844358	0.00971537151804
5.83657587549	0.00932402460342
5.85116731518	0.00894136500846
5.86575875487	0.00856755352433
5.88035019455	0.00820273566182
5.89494163424	0.00784704104324
5.90953307393	0.00750058287325
5.92412451362	0.00716345749305
5.93871595331	0.00683574402194
5.953307393	0.00651750408916
5.96789883269	0.00620878165837
5.98249027237	0.00590960294593
5.99708171206	0.00561997643354
6.01167315175	0.00533989297477
6.02626459144	0.0050693259941
6.04085603113	0.00480823177613
6.05544747082	0.00455654984221
6.07003891051	0.00431420341028
6.0846303502	0.00408109993363
6.09922178988	0.00385713171311
6.11381322957	0.00364217657711
6.12840466926	0.00343609862282
6.14299610895	0.00323874901215
6.15758754864	0.00304996681498
6.17217898833	0.00286957989255
6.18677042802	0.00269740581342
6.20136186771	0.00253325279443
6.21595330739	0.00237692065911
6.23054474708	0.00222820180617
6.24513618677	0.0020868821808
6.25972762646	0.00195274224189
6.27431906615	0.00182555791845
6.28891050584	0.00170510154919
6.30350194553	0.00159114279932
6.31809338522	0.0014834495494
6.3326848249	0.00138178875142
6.34727626459	0.00128592724799
6.36186770428	0.00119563255084
6.37645914397	0.00111067357567
6.39105058366	0.00103082133076
6.40564202335	0.000955849557397
6.42023346304	0.000885535320649
6.43482490272	0.000819659549608
6.44941634241	0.000758007526668
6.4640077821	0.000700369325876
6.47859922179	0.00064654020081
6.49319066148	0.000596320922865
6.50778210117	0.000549518071126
6.52237354086	0.00050594427537
6.53696498055	0.000465418413965
6.55155642023	0.000427765768704
6.56614785992	0.000392818138784
6.58073929961	0.00036041391628
6.5953307393	0.000330398125622
6.60992217899	0.000302622429614
6.62451361868	0.000276945104637
6.63910505837	0.000253230987641
6.65369649806	0.000231351397586
6.66828793774	0.000211184033902
6.68287937743	0.000192612854532
6.69747081712	0.000175527936011
6.71206225681	0.000159825317988
6.7266536965	0.000145406834447
6.74124513619	0.00013217993382
6.75583657588	0.000120057490024
6.77042801557	0.00010895760635
6.78501945525	9.88034139914e-05
6.79961089494	8.95228668619e-05
6.81420233463	8.10485342307e-05
6.82879377432	7.33173925483e-05
6.84338521401	6.62706177214e-05
6.8579766537	5.98533789579e-05
6.87256809339	5.40146351776e-05
6.88715953308	4.87069348678e-05
6.90175097276	4.38862201445e-05
6.91634241245	3.95116356736e-05
6.93093385214	3.55453430036e-05
6.94552529183	3.19523407672e-05
6.96011673152	2.87002911184e-05
6.97470817121	2.57593526923e-05
6.9892996109	2.31020202994e-05
7.00389105058	2.07029714983e-05
7.01848249027	1.85389201285e-05
7.03307392996	1.65884768328e-05
7.04766536965	1.48320165467e-05
7.06225680934	1.32515528909e-05
7.07684824903	1.18306193668e-05
7.09143968872	1.05541572204e-05
7.10603112841	9.40840981367e-06
7.12062256809	8.38082331955e-06
7.13521400778	7.4599535389e-06
7.14980544747	6.63537862047e-06
7.16439688716	5.89761745572e-06
7.17898832685	5.23805351065e-06
7.19357976654	4.64886385157e-06
7.20817120623	4.1229531185e-06
7.22276264592	3.65389219908e-06
7.2373540856	3.23586135658e-06
7.25194552529	2.86359756858e-06
7.26653696498	2.53234583676e-06
7.28112840467	2.23781423349e-06
7.29571984436	1.97613245743e-06
7.31031128405	1.74381367725e-06
7.32490272374	1.53771945051e-06
7.33949416343	1.35502751288e-06
7.35408560311	1.19320224184e-06
7.3686770428	1.04996760747e-06
7.38326848249	9.23282432481e-07
7.39785992218	8.11317792417e-07
7.41245136187	7.12436396275e-07
7.42704280156	6.25173796612e-07
7.44163424125	5.48221287219e-07
7.45622568094	4.80410355012e-07
7.47081712062	4.20698561188e-07
7.48540856031	3.68156734886e-07
7.5	3.21957370337e-07
7.51459143969	2.81364126098e-07
7.52918287938	2.45722332114e-07
7.54377431907	2.14450417011e-07
7.55836575876	1.87032174832e-07
7.57295719844	1.63009796319e-07
7.58754863813	1.41977595694e-07
7.60214007782	1.23576369365e-07
7.61673151751	1.07488328071e-07
7.6313229572	9.34325487704e-08
7.64591439689	8.11608970589e-08
7.66050583658	7.04543750342e-08
7.67509727627	6.11198534375e-08
7.68968871595	5.29871504689e-08
7.70428015564	4.59064230062e-08
7.71887159533	3.97458390428e-08
7.73346303502	3.43895029809e-08
7.74805447471	2.97356080513e-08
7.7626459144	2.56947925137e-08
7.77723735409	2.2188678512e-08
7.79182879378	1.91485744698e-08
7.80642023346	1.65143237684e-08
7.82101167315	1.42332841305e-08
7.83560311284	1.22594236816e-08
7.85019455253	1.05525210541e-08
7.86478599222	9.07745818475e-09
7.87937743191	7.80359560691e-09
7.8939688716	6.70422109343e-09
7.90856031129	5.75606345551e-09
7.92315175097	4.93886416473e-09
7.93774319066	4.2350002412e-09
7.95233463035	3.62915255305e-09
7.96692607004	3.10801430234e-09
7.98151750973	2.66003504332e-09
7.99610894942	2.27519608703e-09
8.01070038911	1.94481360651e-09
8.0252918288	1.661366167e-09
8.03988326848	1.41834377443e-09
8.05447470817	1.21011586378e-09
8.06906614786	1.03181594425e-09
8.08365758755	8.79240879466e-10
8.09824902724	7.48763016678e-10
8.11284046693	6.37253585888e-10
8.12743190662	5.42015976257e-10
8.1420233463	4.60727661545e-10
8.15661478599	3.91389693031e-10
8.17120622568	3.32282807584e-10
8.18579766537	2.81929314232e-10
8.20038910506	2.39060023463e-10
8.21498054475	2.02585574428e-10
8.22957198444	1.71571593806e-10
8.24416342413	1.45217190729e-10
8.25875486381	1.22836353655e-10
8.2733463035	1.03841869816e-10
8.28793774319	8.77314354373e-11
8.30252918288	7.40756673045e-11
8.31712062257	6.2507762917e-11
8.33171206226	5.27145892921e-11
8.34630350195	4.4429008516e-11
8.36089494164	3.74232733158e-11
8.37548638132	3.15033475605e-11
8.39007782101	2.6504025748e-11
8.4046692607	2.22847420595e-11
8.41926070039	1.87259742101e-11
8.43385214008	1.57261597999e-11
8.44844357977	1.31990541279e-11
8.46303501946	1.10714677988e-11
8.47762645915	9.28133094952e-12
8.49221789883	7.77603808226e-12
8.50680933852	6.51103386396e-12
8.52140077821	5.448605615e-12
8.5359922179	4.55685304619e-12
8.55058365759	3.80880979125e-12
8.56517509728	3.18169493865e-12
8.57976653697	2.65627573307e-12
8.59435797666	2.2163253281e-12
8.60894941634	1.84816171578e-12
8.62354085603	1.54025596742e-12
8.63813229572	1.28289957738e-12
8.65272373541	1.06792220068e-12
8.6673151751	8.88452295463e-13
8.68190661479	7.38714307916e-13
8.69649805448	6.1385691845e-13
8.71108949416	5.09807701784e-13
8.72568093385	4.23150214246e-13
8.74027237354	3.51020122808e-13
8.75486381323	2.91017479132e-13
8.76945525292	2.41132685539e-13
8.78404669261	1.99684046998e-13
8.7986381323	1.65265143127e-13
8.81322957199	1.36700496005e-13
8.82782101167	1.13008255832e-13
8.84241245136	9.33688109325e-14
8.85700389105	7.70984019444e-14
8.87159533074	6.36269534975e-14
8.88618677043	5.24794655335e-14
8.90077821012	4.32603976045e-14
8.91536964981	3.56405786986e-14
8.9299610895	2.93462374768e-14
8.94455252918	2.41498173927e-14
8.95914396887	1.98622898439e-14
8.97373540856	1.63267264947e-14
8.98832684825	1.3412926606e-14
9.00291828794	1.10129307154e-14
9.01750972763	9.03727465171e-15
9.03210116732	7.4118660105e-15
9.04669260701	6.07537968272e-15
9.06128404669	4.97708846588e-15
9.07587548638	4.07505657635e-15
9.09046692607	3.33463690679e-15
9.10505836576	2.72722114567e-15
9.11964980545	2.22920159638e-15
9.13424124514	1.82110835626e-15
9.14883268483	1.48689381412e-15
9.16342412452	1.21333885804e-15
9.1780155642	9.89560876052e-16
9.19260700389	8.06605975367e-16
9.20719844358	6.57111596972e-16
9.22178988327	5.3502717773e-16
9.23638132296	4.35383394505e-16
9.25097276265	3.54101222147e-16
9.26556420234	2.87834473891e-16
9.28015564202	2.33839694809e-16
9.29474708171	1.89868961639e-16
9.3093385214	1.54081414149e-16
9.32392996109	1.24970447074e-16
9.33852140078	1.01303715556e-16
9.35311284047	8.20738410637e-17
9.36770428016	6.64577551635e-17
9.38229571985	5.37834143471e-17
9.39688715953	4.35023832274e-17
9.41147859922	3.51673768206e-17
9.42607003891	2.8413800322e-17
9.4406614786	2.29446471455e-17
9.45525291829	1.85180922875e-17
9.46984435798	1.49373764976e-17
9.48443579767	1.20424772077e-17
9.49902723736	9.70333457737e-18
9.51361867704	7.81429727476e-18
9.52821011673	6.28959914404e-18
9.54280155642	5.0596465203e-18
9.55739299611	4.06800882473e-18
9.5719844358	3.26894807295e-18
9.58657587549	2.62542252335e-18
9.60116731518	2.10744153298e-18
9.61575875487	1.69074224798e-18
9.63035019455	1.35570359349e-18
9.64494163424	1.08647029798e-18
9.65953307393	8.70235228966e-19
9.67412451362	6.96661273173e-19
9.68871595331	5.57406815275e-19
9.703307393	4.45748546429e-19
9.71789883269	3.56266035943e-19
9.73249027237	2.84594287558e-19
9.74708171206	2.27219192823e-19
9.76167315175	1.81313948294e-19
9.77626459144	1.44605236774e-19
9.79085603113	1.15266894909e-19
9.80544747082	9.18314558764e-20
9.82003891051	7.31219348017e-20
9.8346303502	5.81932562235e-20
9.84922178988	4.62879046973e-20
9.86381322957	3.67984915753e-20
9.87840466926	2.92389775756e-20
9.89299610895	2.3219983573e-20
9.90758754864	1.84301952827e-20
9.92217898833	1.46205482351e-20
9.93677042802	1.1592270355e-20
9.95136186771	9.18631998116e-21
9.96595330739	7.27590847911e-21
9.98054474708	5.75969775905e-21
9.99513618677	4.5570375735e-21
10.0097276265	3.60355978543e-21
10.0243190661	2.84807248031e-21
10.0389105058	2.24971866751e-21
10.0535019455	1.77615470028e-21
10.0680933852	1.40154239567e-21
10.0826848249	1.10537115081e-21
10.0972762646	8.7131538337e-22
10.1118677043	6.86450890284e-22
10.126459144	5.40507019597e-22
10.1410505837	4.25373112993e-22
10.1556420233	3.34563082622e-22
10.170233463	2.63004681904e-22
10.1848249027	2.06643262294e-22
10.1994163424	1.62273849785e-22
10.2140077821	1.27355928633e-22
10.2285992218	9.99007579629e-23
10.2431906615	7.83150852997e-23
10.2577821012	6.1359580178e-23
10.2723735409	4.80403788613e-23
10.2869649805	3.75930499177e-23
10.3015564202	2.94012120381e-23
10.3161478599	2.29830014751e-23
10.3307392996	1.79533851912e-23
10.3453307393	1.40156853095e-23
10.359922179	1.09330195783e-23
10.3745136187	8.52252614215e-24
10.3891050584	6.63628270181e-24
10.4036964981	5.16565165623e-24
10.4182879377	4.01813275044e-24
10.4328793774	3.12381533101e-24
10.4474708171	2.4261614419e-24
10.4620622568	1.88259492909e-24
10.4766536965	1.45884637397e-24
10.4912451362	1.1295150219e-24
10.5058365759	8.72522587589e-25
10.5204280156	6.73770644413e-25
10.5350194553	5.1979111908e-25
10.5496108949	4.00712386567e-25
10.5642023346	3.08379739337e-25
10.5787937743	2.37329936416e-25
10.593385214	1.82250289626e-25
10.6079766537	1.39742158403e-25
10.6225680934	1.06818359741e-25
10.6371595331	8.15665351082e-26
10.6517509728	6.22365835843e-26
10.6663424125	4.75183544243e-26
10.6809338521	3.62204233029e-26
10.6955252918	2.76219267666e-26
10.7101167315	2.10330867796e-26
10.7247081712	1.60582345035e-26
10.7392996109	1.22344920025e-26
10.7538910506	9.40580299167e-27
10.7684824903	7.30802055286e-27
10.78307393	5.74974728049e-27
10.7976653697	4.5887604849e-27
10.8122568093	3.72921540683e-27
10.826848249	3.08570586969e-27
10.8414396887	2.64350064959e-27
10.8560311284	2.35082166802e-27
10.8706225681	2.12726807482e-27
10.8852140078	1.97021510062e-27
10.8998054475	1.84835558217e-27
10.9143968872	1.77946815464e-27
10.9289883268	1.72596192615e-27
10.9435797665	1.69511128838e-27
10.9581712062	1.67920670843e-27
10.9727626459	1.73021328647e-27
10.9873540856	1.74109845429e-27
11.0019455253	1.74142584015e-27
11.016536965	1.74063437562e-27
11.0311284047	1.74865945497e-27
11.0457198444	1.77099049421e-27
11.060311284	1.82891116048e-27
11.0749027237	1.89623799523e-27
11.0894941634	2.0385131066e-27
11.1040856031	2.18641297056e-27
11.1186770428	2.40322256008e-27
11.1332684825	2.68049095279e-27
11.1478599222	3.09267989226e-27
11.1624513619	3.64576011729e-27
11.1770428016	4.42956335931e-27
11.1916342412	5.51460218079e-27
11.2062256809	7.03915638055e-27
11.2208171206	8.96474298627e-27
11.2354085603	1.17764434714e-26
11.25	1.43320444088e-26
11.2645914397	1.16379965328e-26
11.2791828794	8.68959959115e-27
11.2937743191	6.61149721508e-27
11.3083657588	5.00019281213e-27
11.3229571984	3.8055539363e-27
11.3375486381	2.8870334175e-27
11.3521400778	2.2043961447e-27
11.3667315175	1.67240378007e-27
11.3813229572	1.2700335197e-27
11.3959143969	9.75407219485e-28
11.4105058366	7.54360675357e-28
11.4250972763	5.92432253586e-28
11.439688716	4.72189065542e-28
11.4542801556	3.83825803462e-28
11.4688715953	3.19757422127e-28
11.483463035	2.72266778333e-28
11.4980544747	2.32765005695e-28
11.5126459144	2.06671924863e-28
11.5272373541	1.81414725513e-28
11.5418287938	1.64023447894e-28
11.5564202335	1.48263460066e-28
11.5710116732	1.36663454102e-28
11.5856031128	1.27895420187e-28
11.6001945525	1.24241595654e-28
11.6147859922	1.20941631285e-28
11.6293774319	1.20697194267e-28
11.6439688716	1.19716795291e-28
11.6585603113	1.19721067914e-28
11.673151751	1.10696571774e-28
11.6877431907	1.10477215463e-28
11.7023346304	1.10785183891e-28
11.71692607	1.12291295442e-28
11.7315175097	1.11934842038e-28
11.7461089494	1.15873612149e-28
11.7607003891	1.21109567441e-28
11.7752918288	1.31232832591e-28
11.7898832685	1.36380254611e-28
11.8044747082	1.43931090251e-28
11.8190661479	1.52350137425e-28
11.8336575876	1.612849989e-28
11.8482490272	1.68164590598e-28
11.8628404669	1.80293331533e-28
11.8774319066	1.90402820313e-28
11.8920233463	1.99067972425e-28
11.906614786	1.99416709337e-28
11.9212062257	2.01150813209e-28
11.9357976654	2.03110356938e-28
11.9503891051	2.06530763075e-28
11.9649805447	2.03664339046e-28
11.9795719844	2.02677208827e-28
11.9941634241	2.0053178604e-28
12.0087548638	1.9946367505e-28
12.0233463035	1.94759687643e-28
12.0379377432	1.96861005154e-28
12.0525291829	1.99710337269e-28
12.0671206226	1.98872940925e-28
12.0817120623	1.94323067376e-28
12.0963035019	1.94296251367e-28
12.1108949416	1.95601568936e-28
12.1254863813	2.04655783415e-28
12.140077821	2.18155859137e-28
12.1546692607	2.29164678051e-28
12.1692607004	2.3747677319e-28
12.1838521401	2.3987702219e-28
12.1984435798	2.38902234032e-28
12.2130350195	2.3830129659e-28
12.2276264591	2.45142672823e-28
12.2422178988	2.53943861155e-28
12.2568093385	2.68439201753e-28
12.2714007782	2.81918410962e-28
12.2859922179	2.94815782493e-28
12.3005836576	3.05223235226e-28
12.3151750973	3.06586245318e-28
12.329766537	3.08574736948e-28
12.3443579767	3.16191507024e-28
12.3589494163	3.21014462075e-28
12.373540856	3.36097503928e-28
12.3881322957	3.48531896566e-28
12.4027237354	3.58314380995e-28
12.4173151751	3.57940072713e-28
12.4319066148	3.55504233802e-28
12.4464980545	3.52019831165e-28
12.4610894942	3.57106522978e-28
12.4756809339	3.68481365622e-28
12.4902723735	3.90594829318e-28
12.5048638132	4.0320152234e-28
12.5194552529	4.18519049423e-28
12.5340466926	4.23762383512e-28
12.5486381323	4.2375709727e-28
12.563229572	4.27460905298e-28
12.5778210117	4.36773688312e-28
12.5924124514	4.4863488178e-28
12.6070038911	4.77243023715e-28
12.6215953307	4.8706958417e-28
12.6361867704	4.94481176953e-28
12.6507782101	4.88534237461e-28
12.6653696498	4.84489103939e-28
12.6799610895	4.84984064326e-28
12.6945525292	4.96743286685e-28
12.7091439689	5.14455676912e-28
12.7237354086	5.56390604282e-28
12.7383268483	5.79561466519e-28
12.7529182879	5.89011125404e-28
12.7675097276	5.82491910275e-28
12.7821011673	5.81301691767e-28
12.796692607	5.7522931805e-28
12.8112840467	5.86023298856e-28
12.8258754864	6.07776352259e-28
12.8404669261	6.44812420803e-28
12.8550583658	6.56580036766e-28
12.8696498054	6.65915235867e-28
12.8842412451	6.56582398111e-28
12.8988326848	6.46289878449e-28
12.9134241245	6.4225632036e-28
12.9280155642	6.52364008028e-28
12.9426070039	6.64464478559e-28
12.9571984436	6.93916604963e-28
12.9717898833	7.00240860971e-28
12.986381323	7.06093739427e-28
13.0009727626	6.98270417529e-28
13.0155642023	6.91166448755e-28
13.030155642	6.83734655916e-28
13.0447470817	6.88461353227e-28
13.0593385214	7.00748242213e-28
13.0739299611	7.44077256219e-28
13.0885214008	7.62306602511e-28
13.1031128405	7.68200057827e-28
13.1177042802	7.58965441186e-28
13.1322957198	7.51401426193e-28
13.1468871595	7.43082516497e-28
13.1614785992	7.53985344678e-28
13.1760700389	7.77440947688e-28
13.1906614786	8.22685654277e-28
13.2052529183	8.31918133078e-28
13.219844358	8.45666510451e-28
13.2344357977	8.36679878178e-28
13.2490272374	8.26546812645e-28
13.263618677	8.25358902691e-28
13.2782101167	8.35072042875e-28
13.2928015564	8.44685815732e-28
13.3073929961	8.8608912641e-28
13.3219844358	9.05216777522e-28
13.3365758755	9.16557298079e-28
13.3511673152	9.03221322545e-28
13.3657587549	8.90845418255e-28
13.3803501946	8.74271376154e-28
13.3949416342	8.73137985645e-28
13.4095330739	8.86344362674e-28
13.4241245136	9.28750220695e-28
13.4387159533	9.36026703877e-28
13.453307393	9.44221918935e-28
13.4678988327	9.38287895614e-28
13.4824902724	9.33774289836e-28
13.4970817121	9.17492448555e-28
13.5116731518	9.25441257206e-28
13.5262645914	9.43213167617e-28
13.5408560311	9.90637361238e-28
13.5554474708	1.01028968197e-27
13.5700389105	1.02524786073e-27
13.5846303502	1.01509579876e-27
13.5992217899	1.00253782718e-27
13.6138132296	9.93199764185e-28
13.6284046693	1.00011921646e-27
13.642996109	1.0063568904e-27
13.6575875486	1.05658687265e-27
13.6721789883	1.07362671293e-27
13.686770428	1.0785741194e-27
13.7013618677	1.06951314658e-27
13.7159533074	1.07017027468e-27
13.7305447471	1.06332021447e-27
13.7451361868	1.06705024176e-27
13.7597276265	1.07810056675e-27
13.7743190661	1.12432270471e-27
13.7889105058	1.13082568768e-27
13.8035019455	1.13814066037e-27
13.8180933852	1.11828648794e-27
13.8326848249	1.10354583041e-27
13.8472762646	1.09380309534e-27
13.8618677043	1.10760643496e-27
13.876459144	1.12179233456e-27
13.8910505837	1.16880498495e-27
13.9056420233	1.18353301562e-27
13.920233463	1.19394315742e-27
13.9348249027	1.17838553275e-27
13.9494163424	1.17594185492e-27
13.9640077821	1.17178224174e-27
13.9785992218	1.18292357487e-27
13.9931906615	1.19419007301e-27
14.0077821012	1.24968326288e-27
14.0223735409	1.26144274652e-27
14.0369649805	1.25761302644e-27
14.0515564202	1.23799815859e-27
14.0661478599	1.22876036135e-27
14.0807392996	1.20736648116e-27
14.0953307393	1.21166517605e-27
14.109922179	1.2260627528e-27
14.1245136187	1.28061745131e-27
14.1391050584	1.28672008163e-27
14.1536964981	1.28655400771e-27
14.1682879377	1.26236761521e-27
14.1828793774	1.24625308332e-27
14.1974708171	1.22581610544e-27
14.2120622568	1.22423629592e-27
14.2266536965	1.22467582165e-27
14.2412451362	1.27736116117e-27
14.2558365759	1.29200509956e-27
14.2704280156	1.29514331059e-27
14.2850194553	1.26957242204e-27
14.2996108949	1.25775716368e-27
14.3142023346	1.23805606295e-27
14.3287937743	1.23498646709e-27
14.343385214	1.23946181697e-27
14.3579766537	1.2927614328e-27
14.3725680934	1.2958589809e-27
14.3871595331	1.28193468265e-27
14.4017509728	1.25231800409e-27
14.4163424125	1.23502359602e-27
14.4309338521	1.20404601717e-27
14.4455252918	1.19808442365e-27
14.4601167315	1.19671088384e-27
14.4747081712	1.23464265868e-27
14.4892996109	1.23392228745e-27
14.5038910506	1.23276642003e-27
14.5184824903	1.21206988696e-27
14.53307393	1.20362310069e-27
14.5476653697	1.1956985936e-27
14.5622568093	1.19410179781e-27
14.576848249	1.18872989617e-27
14.5914396887	1.23564558351e-27
14.6060311284	1.23900332019e-27
14.6206225681	1.23467966293e-27
14.6352140078	1.20073498979e-27
14.6498054475	1.17875693687e-27
14.6643968872	1.15399567656e-27
14.6789883268	1.13910618101e-27
14.6935797665	1.12240420572e-27
14.7081712062	1.14406466983e-27
14.7227626459	1.12689924434e-27
14.7373540856	1.10558939121e-27
14.7519455253	1.06051222691e-27
14.766536965	1.03302744154e-27
14.7811284047	9.87037852602e-28
14.7957198444	9.61638634974e-28
14.810311284	9.33045718994e-28
14.8249027237	9.23039595458e-28
14.8394941634	8.74343159746e-28
14.8540856031	8.22999066546e-28
14.8686770428	7.6238083301e-28
14.8832684825	7.28411387046e-28
14.8978599222	7.17305643034e-28
14.9124513619	7.53211599564e-28
14.9270428016	8.52691366224e-28
14.9416342412	1.0789523939e-27
14.9562256809	1.45058078501e-27
14.9708171206	2.05218130705e-27
14.9854085603	3.12671606893e-27
15.0	4.25039167919e-27
