-14.9854085603	2.56772500441e-27
-14.9708171206	1.54313487406e-27
-14.9562256809	9.44410164689e-28
-14.9416342412	5.60397711536e-28
-14.9270428016	3.37533393081e-28
-14.9124513619	2.08032537501e-28
-14.8978599222	1.46910309766e-28
-14.8832684825	1.17549082414e-28
-14.8686770428	1.16498921273e-28
-14.8540856031	1.23554071945e-28
-14.8394941634	1.38135187317e-28
-14.8249027237	1.415880441e-28
-14.810311284	1.58782322108e-28
-14.7957198444	1.74013544789e-28
-14.7811284047	1.94564510035e-28
-14.766536965	2.10101297919e-28
-14.7519455253	2.26663103552e-28
-14.7373540856	2.3493912127e-28
-14.7227626459	2.40699572717e-28
-14.7081712062	2.24914009164e-28
-14.6935797665	2.28722617498e-28
-14.6789883268	2.35111208068e-28
-14.6643968872	2.45566277784e-28
-14.6498054475	2.53214925443e-28
-14.6352140078	2.67455055048e-28
-14.6206225681	2.69091662023e-28
-14.6060311284	2.69329901891e-28
-14.5914396887	2.51030888531e-28
-14.576848249	2.48691407012e-28
-14.5622568093	2.50456397208e-28
-14.5476653696	2.61159900387e-28
-14.53307393	2.65455685128e-28
-14.5184824903	2.74620198559e-28
-14.5038910506	2.74794677639e-28
-14.4892996109	2.75506230777e-28
-14.4747081712	2.57364885011e-28
-14.4601167315	2.57235987266e-28
-14.4455252918	2.60096460804e-28
-14.4309338521	2.70014060056e-28
-14.4163424125	2.74219457749e-28
-14.4017509728	2.82900304635e-28
-14.3871595331	2.82219747013e-28
-14.3725680934	2.81908318428e-28
-14.3579766537	2.59166617854e-28
-14.343385214	2.54654899914e-28
-14.3287937743	2.5342486177e-28
-14.3142023346	2.61218221929e-28
-14.2996108949	2.6515331302e-28
-14.2850194553	2.73888737222e-28
-14.2704280156	2.72507979383e-28
-14.2558365759	2.70751294834e-28
-14.2412451362	2.49574835119e-28
-14.2266536965	2.4712026445e-28
-14.2120622568	2.451676981e-28
-14.1974708171	2.51557193482e-28
-14.1828793774	2.53502505541e-28
-14.1682879377	2.59406770263e-28
-14.1536964981	2.55726863903e-28
-14.1391050584	2.505593614e-28
-14.1245136187	2.24550549526e-28
-14.109922179	2.18484351978e-28
-14.0953307393	2.14761898834e-28
-14.0807392996	2.20014811896e-28
-14.0661478599	2.21744910893e-28
-14.0515564202	2.27712222262e-28
-14.0369649805	2.25293651112e-28
-14.0223735409	2.21339989419e-28
-14.0077821012	1.97486133483e-28
-13.9931906615	1.91033648909e-28
-13.9785992218	1.8586645261e-28
-13.9640077821	1.89360959892e-28
-13.9494163424	1.8824841501e-28
-13.9348249027	1.92186353684e-28
-13.920233463	1.88372631207e-28
-13.9056420233	1.8224967059e-28
-13.8910505837	1.60316139992e-28
-13.876459144	1.54372339418e-28
-13.8618677043	1.49517723578e-28
-13.8472762646	1.52848665887e-28
-13.8326848249	1.53149094618e-28
-13.8180933852	1.580109079e-28
-13.8035019455	1.56467701721e-28
-13.7889105058	1.50625351888e-28
-13.7743190661	1.30467362887e-28
-13.7597276265	1.25906008632e-28
-13.7451361868	1.22512123431e-28
-13.7305447471	1.25703961598e-28
-13.7159533074	1.25703130061e-28
-13.7013618677	1.2848408933e-28
-13.686770428	1.25169091627e-28
-13.6721789883	1.19560996471e-28
-13.6575875486	1.01668979215e-28
-13.6429961089	9.60448606788e-29
-13.6284046693	9.2149703688e-29
-13.6138132296	9.42796465119e-29
-13.5992217899	9.41213402635e-29
-13.5846303502	9.76100698821e-29
-13.5700389105	9.5770261666e-29
-13.5554474708	9.08202013482e-29
-13.5408560311	7.57318845328e-29
-13.5262645914	7.20126924735e-29
-13.5116731518	6.96359364743e-29
-13.4970817121	7.26234117572e-29
-13.4824902724	7.37606737216e-29
-13.4678988327	7.66468739805e-29
-13.453307393	7.58126119831e-29
-13.4387159533	7.14998497551e-29
-13.4241245136	5.9062403854e-29
-13.4095330739	5.58089100941e-29
-13.3949416342	5.29686366746e-29
-13.3803501946	5.50482011085e-29
-13.3657587549	5.59939690629e-29
-13.3511673152	5.94179666662e-29
-13.3365758755	6.06510176432e-29
-13.3219844358	5.98740974673e-29
-13.3073929961	5.33599591785e-29
-13.2928015564	5.30442975058e-29
-13.2782101167	5.32847591613e-29
-13.263618677	5.59338409713e-29
-13.2490272374	5.5587204127e-29
-13.2344357977	5.73046746203e-29
-13.219844358	5.66002015942e-29
-13.2052529183	5.33037788652e-29
-13.1906614786	4.81058372325e-29
-13.1760700389	4.71940091131e-29
-13.1614785992	4.55109344492e-29
-13.1468871595	4.652963483e-29
-13.1322957198	4.51725339414e-29
-13.1177042802	4.48134295015e-29
-13.1031128405	4.45681910552e-29
-13.0885214008	4.01811895117e-29
-13.0739299611	3.45783476686e-29
-13.0593385214	3.36439308489e-29
-13.0447470817	3.2326289669e-29
-13.030155642	3.20960672271e-29
-13.0155642023	3.15756633652e-29
-13.0009727626	3.13052514296e-29
-12.986381323	3.11937116095e-29
-12.9717898833	2.98063131517e-29
-12.9571984436	2.87582644943e-29
-12.9426070039	2.89580113579e-29
-12.9280155642	2.91546902487e-29
-12.9134241245	2.87657056959e-29
-12.8988326848	2.87483063646e-29
-12.8842412451	2.97352265865e-29
-12.8696498054	3.30962262575e-29
-12.8550583658	3.59193171116e-29
-12.8404669261	4.341580475e-29
-12.8258754864	4.91712429261e-29
-12.8112840467	5.31750580859e-29
-12.796692607	5.67435370696e-29
-12.7821011673	5.90835176931e-29
-12.7675097276	6.014113406e-29
-12.7529182879	6.39526187889e-29
-12.7383268482	6.54425868096e-29
-12.7237354086	7.20963658975e-29
-12.7091439689	7.5789056234e-29
-12.6945525292	7.91594247636e-29
-12.6799610895	7.95540800079e-29
-12.6653696498	8.02793484879e-29
-12.6507782101	8.06578109118e-29
-12.6361867704	8.61724786021e-29
-12.6215953307	9.13801178443e-29
-12.6070038911	1.04883255325e-28
-12.5924124514	1.11751645974e-28
-12.5778210117	1.17522899773e-28
-12.563229572	1.18151985306e-28
-12.5486381323	1.19307892756e-28
-12.5340466926	1.20311419209e-28
-12.5194552529	1.2716069282e-28
-12.5048638132	1.35804220272e-28
-12.4902723735	1.60370798867e-28
-12.4756809339	1.7441319806e-28
-12.4610894942	1.85122355007e-28
-12.4464980545	1.89829640156e-28
-12.4319066148	1.94384688328e-28
-12.4173151751	1.96970024713e-28
-12.4027237354	2.08689279799e-28
-12.3881322957	2.20651428332e-28
-12.373540856	2.51293732706e-28
-12.3589494163	2.68064173745e-28
-12.3443579767	2.79827328217e-28
-12.329766537	2.8517071647e-28
-12.3151750973	2.93655107334e-28
-12.3005836576	2.9633567427e-28
-12.2859922179	3.09867495191e-28
-12.2714007782	3.25840372087e-28
-12.2568093385	3.65979894522e-28
-12.2422178988	3.8681389826e-28
-12.2276264591	4.04359282496e-28
-12.2130350195	4.07570013817e-28
-12.1984435798	4.14316586551e-28
-12.1838521401	4.17080009217e-28
-12.1692607004	4.29211681881e-28
-12.1546692607	4.39258600349e-28
-12.140077821	4.76517356635e-28
-12.1254863813	4.90722113364e-28
-12.1108949416	4.96852897809e-28
-12.0963035019	4.89149564647e-28
-12.0817120623	4.87972977878e-28
-12.0671206226	4.88941716409e-28
-12.0525291829	5.01042694616e-28
-12.0379377432	5.12596509537e-28
-12.0233463035	5.52621488443e-28
-12.0087548638	5.69619893798e-28
-11.9941634241	5.81746454605e-28
-11.9795719844	5.80901573359e-28
-11.9649805447	5.85223424953e-28
-11.9503891051	5.84331934972e-28
-11.9357976654	6.01315632233e-28
-11.9212062257	6.21362410224e-28
-11.906614786	6.71051806764e-28
-11.8920233463	6.92650495656e-28
-11.8774319066	7.0621875871e-28
-11.8628404669	6.98426169022e-28
-11.8482490272	6.92598638388e-28
-11.8336575875	6.87374974265e-28
-11.8190661479	6.95450160398e-28
-11.8044747082	7.05656930458e-28
-11.7898832685	7.50286167723e-28
-11.7752918288	7.58139785298e-28
-11.7607003891	7.55830060173e-28
-11.7461089494	7.40486233181e-28
-11.7315175097	7.35027006022e-28
-11.71692607	7.30989677947e-28
-11.7023346304	7.4778392239e-28
-11.6877431907	7.57348470908e-28
-11.673151751	7.96798599583e-28
-11.6585603113	8.07996765557e-28
-11.6439688716	8.0465856182e-28
-11.6293774319	7.84278520055e-28
-11.6147859922	7.69048227266e-28
-11.6001945525	7.50114302469e-28
-11.5856031128	7.49342090183e-28
-11.5710116732	7.49991389022e-28
-11.5564202335	7.77926416752e-28
-11.5418287938	7.63414749421e-28
-11.5272373541	7.4390666661e-28
-11.5126459144	7.06358001278e-28
-11.4980544747	6.68594859962e-28
-11.483463035	6.38934606902e-28
-11.4688715953	6.22852582098e-28
-11.4542801556	6.13667401765e-28
-11.439688716	6.38311990575e-28
-11.4250972763	6.3051421889e-28
-11.4105058366	6.2830790064e-28
-11.3959143969	6.39872507125e-28
-11.3813229572	6.97773723504e-28
-11.3667315175	8.10849733917e-28
-11.3521400778	1.01833919408e-27
-11.3375486381	1.32202665775e-27
-11.3229571984	1.79480561452e-27
-11.3083657588	2.44461808024e-27
-11.2937743191	3.37491538459e-27
-11.2791828794	4.63377650685e-27
-11.2645914397	6.55607661009e-27
-11.25	8.34848073254e-27
-11.2354085603	6.410013809e-27
-11.2208171206	4.37050205512e-27
-11.2062256809	3.02676476366e-27
-11.1916342412	2.04067780963e-27
-11.1770428016	1.35291191087e-27
-11.1624513619	8.74312625767e-28
-11.1478599222	5.56882649307e-28
-11.1332684825	3.45841880382e-28
-11.1186770428	2.22988024649e-28
-11.1040856031	1.52996257427e-28
-11.0894941634	1.1464938699e-28
-11.0749027237	1.18182803838e-28
-11.060311284	1.43050036897e-28
-11.0457198444	1.83981729023e-28
-11.0311284047	2.27737729997e-28
-11.016536965	2.77510421081e-28
-11.0019455253	3.16357056699e-28
-10.9873540856	3.54604256888e-28
-10.9727626459	3.70902329328e-28
-10.9581712062	4.01233701468e-28
-10.9435797665	4.34061997748e-28
-10.9289883268	4.75448406128e-28
-10.9143968872	5.02698625763e-28
-10.8998054475	5.29642182827e-28
-10.8852140078	5.41911034641e-28
-10.8706225681	5.42843751169e-28
-10.8560311284	5.12757247875e-28
-10.8414396887	5.04547987794e-28
-10.826848249	4.98827052453e-28
-10.8122568093	5.00252385873e-28
-10.7976653696	4.96062763502e-28
-10.78307393	4.89075286753e-28
-10.7684824903	4.63544233023e-28
-10.7538910506	4.31502577041e-28
-10.7392996109	3.74307833999e-28
-10.7247081712	3.35819301096e-28
-10.7101167315	3.0003500217e-28
-10.6955252918	2.74140801798e-28
-10.6809338521	2.44920695065e-28
-10.6663424125	2.1966338387e-28
-10.6517509728	1.92338470104e-28
-10.6371595331	1.74668864258e-28
-10.6225680934	1.62400735937e-28
-10.6079766537	1.89011979113e-28
-10.593385214	2.52910345737e-28
-10.5787937743	3.6860140596e-28
-10.5642023346	5.45160451267e-28
-10.5496108949	8.14445198646e-28
-10.5350194553	1.20569458456e-27
-10.5204280156	1.75588157624e-27
-10.5058365759	2.54749046485e-27
-10.4912451362	3.63124278304e-27
-10.4766536965	5.10293373489e-27
-10.4620622568	7.10223041359e-27
-10.4474708171	9.78094651117e-27
-10.4328793774	1.33304108936e-26
-10.4182879377	1.80947249149e-26
-10.4036964981	2.44285261405e-26
-10.3891050584	3.29429610359e-26
-10.3745136187	4.40187880637e-26
-10.359922179	5.84021982674e-26
-10.3453307393	7.69646474289e-26
-10.3307392996	1.01084864759e-25
-10.3161478599	1.32192776324e-25
-10.3015564202	1.72499896583e-25
-10.2869649805	2.24651810055e-25
-10.2723735409	2.92347168648e-25
-10.2577821012	3.79125585425e-25
-10.2431906615	4.90805794128e-25
-10.2285992218	6.34443520387e-25
-10.2140077821	8.19050627565e-25
-10.1994163424	1.05608514358e-24
-10.1848249027	1.36042988089e-24
-10.170233463	1.75060225954e-24
-10.1556420233	2.25182862288e-24
-10.1410505837	2.89210825618e-24
-10.126459144	3.71041855957e-24
-10.1118677043	4.75688535013e-24
-10.0972762646	6.09360262848e-24
-10.0826848249	7.79894816577e-24
-10.0680933852	9.97581350375e-24
-10.0535019455	1.27526594145e-23
-10.0389105058	1.62960397151e-23
-10.0243190661	2.0807763524e-23
-10.0097276265	2.65503720995e-23
-9.99513618677	3.38585721772e-23
-9.98054474708	4.31544759059e-23
-9.96595330739	5.49685608901e-23
-9.9513618677	6.99798748092e-23
-9.93677042802	8.90453573974e-23
-9.92217898833	1.13246526134e-22
-9.90758754864	1.43930023906e-22
-9.89299610895	1.82823781132e-22
-9.87840466926	2.32093374173e-22
-9.86381322957	2.94484163043e-22
-9.84922178988	3.73447179865e-22
-9.83463035019	4.73341280463e-22
-9.82003891051	5.99648363815e-22
-9.80544747082	7.59282254605e-22
-9.79085603113	9.60878680509e-22
-9.77626459144	1.21535141596e-21
-9.76167315175	1.53640808096e-21
-9.74708171206	1.9412469658e-21
-9.73249027237	2.45145218828e-21
-9.71789883268	3.09416591321e-21
-9.703307393	3.90334956616e-21
-9.68871595331	4.92162884267e-21
-9.67412451362	6.20223538607e-21
-9.65953307393	7.81191911509e-21
-9.64494163424	9.83419060488e-21
-9.63035019455	1.23735209476e-20
-9.61575875486	1.5560378612e-20
-9.60116731517	1.9557859362e-20
-9.58657587549	2.4569497833e-20
-9.5719844358	3.0849372596e-20
-9.55739299611	3.87138042405e-20
-9.54280155642	4.85575984981e-20
-9.52821011673	6.08723958601e-20
-9.51361867704	7.62704838942e-20
-9.49902723735	9.55135198044e-20
-9.48443579767	1.19548914189e-19
-9.46984435798	1.49554217856e-19
-9.45525291829	1.86992653074e-19
-9.4406614786	2.33679732596e-19
-9.42607003891	2.91869773607e-19
-9.41147859922	3.64358248116e-19
-9.39688715953	4.54610477043e-19
-9.38229571984	5.66919303651e-19
-9.36770428016	7.06601172925e-19
-9.35311284047	8.80234620814e-19
-9.33852140078	1.09595687505e-18
-9.32392996109	1.36382457737e-18
-9.3093385214	1.69626496077e-18
-9.29474708171	2.10862226896e-18
-9.28015564202	2.61983472814e-18
-9.26556420233	3.2532589009e-18
-9.25097276265	4.03769017544e-18
-9.23638132296	5.00860456454e-18
-9.22178988327	6.2096878981e-18
-9.20719844358	7.69469742889e-18
-9.19260700389	9.52976136626e-18
-9.1780155642	1.17961702521e-17
-9.16342412451	1.45938005453e-17
-9.14883268482	1.80452926771e-17
-9.13424124514	2.23011605417e-17
-9.11964980545	2.75460143306e-17
-9.10505836576	3.40061670729e-17
-9.09046692607	4.19588775535e-17
-9.07587548638	5.17436599709e-17
-9.06128404669	6.37760054882e-17
-9.046692607	7.8564110051e-17
-9.03210116731	9.67291895836e-17
-9.01750972763	1.19030207537e-16
-9.00291828794	1.46393865739e-16
-8.98832684825	1.79951065569e-16
-8.97373540856	2.21081055681e-16
-8.95914396887	2.71465104945e-16
-8.94455252918	3.33151392247e-16
-8.92996108949	4.0863370553e-16
-8.91536964981	5.00946595993e-16
-8.90077821012	6.13780585917e-16
-8.88618677043	7.51621336297e-16
-8.87159533074	9.19917880749e-16
-8.85700389105	1.1252855986e-15
-8.84241245136	1.37575144543e-15
-8.82782101167	1.68104937357e-15
-8.81322957198	2.05297658751e-15
-8.7986381323	2.50582255101e-15
-8.78404669261	3.05688556665e-15
-8.76945525292	3.72709400705e-15
-8.75486381323	4.54175355219e-15
-8.74027237354	5.53144460363e-15
-8.72568093385	6.73310069993e-15
-8.71108949416	8.19130189634e-15
-8.69649805447	9.95982670679e-15
-8.68190661479	1.21035117218e-14
-8.6673151751	1.47004799192e-14
-8.65272373541	1.78448075878e-14
-8.63813229572	2.16497157678e-14
-8.62354085603	2.62513853059e-14
-8.60894941634	3.18135171387e-14
-8.59435797665	3.85327761847e-14
-8.57976653696	4.66452899727e-14
-8.56517509728	5.64343982481e-14
-8.55058365759	6.82398910051e-14
-8.5359922179	8.24690120533e-14
-8.52140077821	9.96095590548e-14
-8.50680933852	1.20245466129e-13
-8.49221789883	1.45075334976e-13
-8.47762645914	1.74934448611e-13
-8.46303501945	2.10820913923e-13
-8.44844357977	2.53926682368e-13
-8.43385214008	3.05674339141e-13
-8.41926070039	3.67760701469e-13
-8.4046692607	4.42208459145e-13
-8.39007782101	5.31427291614e-13
-8.37548638132	6.38286168583e-13
-8.36089494163	7.66198807466e-13
-8.34630350195	9.19224632199e-13
-8.33171206226	1.10218795448e-12
-8.31712062257	1.3208185871e-12
-8.30252918288	1.58191762043e-12
-8.28793774319	1.89355275359e-12
-8.2733463035	2.26528827716e-12
-8.25875486381	2.70845570441e-12
-8.24416342412	3.23647198708e-12
-8.22957198444	3.86521347026e-12
-8.21498054475	4.61345502832e-12
-8.20038910506	5.50338542136e-12
-8.18579766537	6.56121167377e-12
-8.17120622568	7.81786740249e-12
-8.15661478599	9.30984237306e-12
-8.1420233463	1.10801534432e-11
-8.12743190661	1.31794801285e-11
-8.11284046693	1.56674918786e-11
-8.09824902724	1.86143983172e-11
-8.08365758755	2.21027586957e-11
-8.06906614786	2.62295924035e-11
-8.05447470817	3.11088389989e-11
-8.03988326848	3.68742235602e-11
-8.02529182879	4.36825919549e-11
-8.0107003891	5.17177902241e-11
-7.99610894942	6.11951738386e-11
-7.98151750973	7.23668452907e-11
-7.96692607004	8.55277334949e-11
-7.95233463035	1.0102264518e-10
-7.93774319066	1.19254437992e-10
-7.92315175097	1.40693486856e-10
-7.90856031128	1.65888640603e-10
-7.89396887159	1.95479894023e-10
-7.87937743191	2.30213033716e-10
-7.86478599222	2.70956552603e-10
-7.85019455253	3.18721170571e-10
-7.83560311284	3.74682346105e-10
-7.82101167315	4.40206218352e-10
-7.80642023346	5.1687948011e-10
-7.79182879377	6.06543752364e-10
-7.77723735409	7.11335108669e-10
-7.7626459144	8.33729487505e-10
-7.74805447471	9.76594830327e-10
-7.73346303502	1.14325089656e-09
-7.71887159533	1.33753783344e-09
-7.70428015564	1.56389472303e-09
-7.68968871595	1.8274494885e-09
-7.67509727626	2.13412172433e-09
-7.66050583658	2.4907402164e-09
-7.64591439689	2.90517714681e-09
-7.6313229572	3.38650123244e-09
-7.61673151751	3.94515233139e-09
-7.60214007782	4.59314036965e-09
-7.58754863813	5.34427179575e-09
-7.57295719844	6.21440716679e-09
-7.55836575875	7.22175391149e-09
-7.54377431907	8.38719880384e-09
-7.52918287938	9.7346852287e-09
-7.51459143969	1.12916409235e-08
-7.5	1.30894625494e-08
-7.48540856031	1.51640641887e-08
-7.47081712062	1.75564976993e-08
-7.45622568093	2.03136537148e-08
-7.44163424124	2.34890531426e-08
-7.42704280156	2.7143740071e-08
-7.41245136187	3.13472882123e-08
-7.39785992218	3.61789343455e-08
-7.38326848249	4.17288536745e-08
-7.3686770428	4.80995936145e-08
-7.35408560311	5.54076842704e-08
-7.33949416342	6.37854457682e-08
-7.32490272373	7.33830146956e-08
-7.31031128405	8.43706141528e-08
-7.29571984436	9.69410943937e-08
-7.28112840467	1.11312773696e-07
-7.26653696498	1.27732612004e-07
-7.25194552529	1.46479753001e-07
-7.2373540856	1.67869473665e-07
-7.22276264591	1.92257583991e-07
-7.20817120623	2.20045323478e-07
-7.19357976654	2.51684805177e-07
-7.17898832685	2.87685062612e-07
-7.16439688716	3.28618759668e-07
-7.14980544747	3.7512962869e-07
-7.13521400778	4.27940707476e-07
-7.12062256809	4.87863451631e-07
-7.1060311284	5.55807804874e-07
-7.09143968872	6.32793316365e-07
-7.07684824903	7.19961400858e-07
-7.06225680934	8.18588844693e-07
-7.04766536965	9.30102667999e-07
-7.03307392996	1.05609646131e-06
-7.01848249027	1.19834832277e-06
-7.00389105058	1.35884053049e-06
-6.98929961089	1.53978109304e-06
-6.97470817121	1.74362732992e-06
-6.96011673152	1.9731116426e-06
-6.94552529183	2.23126964583e-06
-6.93093385214	2.52147083776e-06
-6.91634241245	2.84745199635e-06
-6.90175097276	3.21335349863e-06
-6.88715953307	3.6237587674e-06
-6.87256809338	4.08373705873e-06
-6.8579766537	4.59888981091e-06
-6.84338521401	5.17540078285e-06
-6.82879377432	5.82009021619e-06
-6.81420233463	6.54047326071e-06
-6.79961089494	7.34482290699e-06
-6.78501945525	8.24223767305e-06
-6.77042801556	9.24271429318e-06
-6.75583657588	1.03572256566e-05
-6.74124513619	1.1597804241e-05
-6.7266536965	1.2977631282e-05
-6.71206225681	1.45111319101e-05
-6.69747081712	1.62140764789e-05
-6.68287937743	1.81036882939e-05
-6.66828793774	2.01987579318e-05
-6.65369649805	2.25197643239e-05
-6.63910505837	2.50890027475e-05
-6.62451361868	2.79307198422e-05
-6.60992217899	3.1071255733e-05
-6.5953307393	3.45391933015e-05
-6.58073929961	3.83655146019e-05
-6.56614785992	4.25837643686e-05
-6.55155642023	4.72302205025e-05
-6.53696498054	5.23440713626e-05
-6.52237354086	5.79675996181e-05
-6.50778210117	6.41463723413e-05
-6.49319066148	7.09294369357e-05
-6.47859922179	7.83695224089e-05
-6.4640077821	8.65232453988e-05
-6.44941634241	9.54513202626e-05
-6.43482490272	0.000105218772427
-6.42023346303	0.000115895154086
-6.40564202335	0.00012755476121
-6.39105058366	0.00014027685071
-6.37645914397	0.000154145856466
-6.36186770428	0.000169251602807
-6.34727626459	0.000185689513892
-6.3326848249	0.000203560817303
-6.31809338521	0.000222972740043
-6.30350194552	0.000244038694998
-6.28891050584	0.000266878455774
-6.27431906615	0.000291618317759
-6.25972762646	0.000318391243071
-6.24513618677	0.000347336987029
-6.23054474708	0.000378602203655
-6.21595330739	0.000412340527649
-6.2013618677	0.000448712630238
-6.18677042802	0.000487886246276
-6.17217898833	0.000530036169931
-6.15758754864	0.00057534421635
-6.14299610895	0.00062399914673
-6.12840466926	0.000676196554273
-6.11381322957	0.000732138708665
-6.09922178988	0.00079203435681
-6.08463035019	0.000856098477787
-6.07003891051	0.000924551990157
-6.05544747082	0.000997621410069
-6.04085603113	0.00107553845886
-6.02626459144	0.0011585396192
-6.01167315175	0.00124686563925
-5.99708171206	0.00134076098456
-5.98249027237	0.00144047323814
-5.96789883268	0.00154625244931
-5.953307393	0.00165835043265
-5.93871595331	0.00177702001881
-5.92412451362	0.00190251425954
-5.90953307393	0.00203508558966
-5.89494163424	0.00217498494959
-5.88035019455	0.00232246087221
-5.86575875486	0.00247775853876
-5.85116731517	0.00264111880861
-5.83657587549	0.00281277722858
-5.8219844358	0.00299296302778
-5.80739299611	0.00318189810431
-5.79280155642	0.00337979601067
-5.77821011673	0.0035868609449
-5.76361867704	0.00380328675487
-5.74902723735	0.00402925596306
-5.73443579766	0.00426493881954
-5.71984435798	0.00451049239063
-5.70525291829	0.00476605969081
-5.6906614786	0.00503176886516
-5.67607003891	0.00530773242932
-5.66147859922	0.00559404657389
-5.64688715953	0.00589079053924
-5.63229571984	0.00619802606674
-5.61770428016	0.00651579693146
-5.60311284047	0.00684412856078
-5.58852140078	0.00718302774276
-5.57392996109	0.00753248242721
-5.5593385214	0.00789246162154
-5.54474708171	0.00826291538286
-5.53015564202	0.00864377490659
-5.51556420233	0.00903495271114
-5.50097276265	0.00943634291741
-5.48638132296	0.00984782162088
-5.47178988327	0.0102692473531
-5.45719844358	0.0107004616293
-5.44260700389	0.0111412895765
-5.4280155642	0.011591540638
-5.41342412451	0.0120510093483
-5.39883268482	0.0125194761708
-5.38424124514	0.0129967083932
-5.36964980545	0.0134824610721
-5.35505836576	0.01397647802
-5.34046692607	0.0144784928271
-5.32587548638	0.0149882299092
-5.31128404669	0.0155054055756
-5.296692607	0.0160297291074
-5.28210116731	0.0165609038403
-5.26750972763	0.0170986282436
-5.25291828794	0.0176425969892
-5.23832684825	0.0181925020025
-5.22373540856	0.0187480334915
-5.20914396887	0.0193088809457
-5.19455252918	0.0198747341008
-5.17996108949	0.0204452838654
-5.1653696498	0.0210202232033
-5.15077821012	0.0215992479699
-5.13618677043	0.0221820576985
-5.12159533074	0.0227683563344
-5.10700389105	0.0233578529152
-5.09241245136	0.0239502621951
-5.07782101167	0.024545305213
-5.06322957198	0.0251427098046
-5.0486381323	0.0257422110569
-5.03404669261	0.0263435517077
-5.01945525292	0.026946482489
-5.00486381323	0.0275507624181
-4.99027237354	0.0281561590349
-4.97568093385	0.0287624485909
-4.96108949416	0.029369416188
-4.94649805447	0.0299768558736
-4.93190661479	0.0305845706915
-4.9173151751	0.0311923726922
-4.90272373541	0.0318000829058
-4.88813229572	0.0324075312797
-4.87354085603	0.0330145565843
-4.85894941634	0.0336210062892
-4.84435797665	0.0342267364131
-4.82976653696	0.0348316113496
-4.81517509728	0.0354355036725
-4.80058365759	0.0360382939222
-4.7859922179	0.0366398703768
-4.77140077821	0.0372401288094
-4.75680933852	0.0378389722341
-4.74221789883	0.0384363106437
-4.72762645914	0.0390320607403
-4.71303501945	0.0396261456602
-4.69844357977	0.040218494697
-4.68385214008	0.0408090430222
-4.66926070039	0.0413977314059
-4.6546692607	0.0419845059391
-4.64007782101	0.0425693177587
-4.62548638132	0.0431521227757
-4.61089494163	0.0437328814083
-4.59630350194	0.0443115583212
-4.58171206226	0.0448881221699
-4.56712062257	0.0454625453532
-4.55252918288	0.0460348037723
-4.53793774319	0.0466048765985
-4.5233463035	0.0471727460483
-4.50875486381	0.0477383971685
-4.49416342412	0.0483018176284
-4.47957198444	0.0488629975221
-4.46498054475	0.0494219291791
-4.45038910506	0.0499786069845
-4.43579766537	0.0505330272074
-4.42120622568	0.051085187839
-4.40661478599	0.0516350884385
-4.3920233463	0.0521827299884
-4.37743190661	0.052728114758
-4.36284046693	0.0532712461745
-4.34824902724	0.053812128703
-4.33365758755	0.0543507677336
-4.31906614786	0.0548871694759
-4.30447470817	0.0554213408612
-4.28988326848	0.0559532894509
-4.27529182879	0.0564830233517
-4.2607003891	0.0570105511377
-4.24610894942	0.0575358817774
-4.23151750973	0.0580590245675
-4.21692607004	0.0585799890712
-4.20233463035	0.0590987850622
-4.18774319066	0.0596154224734
-4.17315175097	0.06012991135
-4.15856031128	0.060642261807
-4.14396887159	0.0611524839909
-4.12937743191	0.0616605880449
-4.11478599222	0.0621665840775
-4.10019455253	0.062670482135
-4.08560311284	0.0631722921766
-4.07101167315	0.0636720240522
-4.05642023346	0.0641696874833
-4.04182879377	0.064665292046
-4.02723735408	0.0651588471564
-4.0126459144	0.065650362058
-3.99805447471	0.0661398458114
-3.98346303502	0.0666273072847
-3.96887159533	0.0671127551469
-3.95428015564	0.0675961978618
-3.93968871595	0.0680776436833
-3.92509727626	0.0685571006525
-3.91050583658	0.0690345765952
-3.89591439689	0.0695100791208
-3.8813229572	0.0699836156217
-3.86673151751	0.0704551932743
-3.85214007782	0.0709248190396
-3.83754863813	0.071392499665
-3.82295719844	0.0718582416872
-3.80836575875	0.0723220514341
-3.79377431907	0.0727839350288
-3.77918287938	0.0732438983925
-3.76459143969	0.073701947249
-3.75	0.0741580871284
-3.73540856031	0.0746123233714
-3.72081712062	0.0750646611341
-3.70622568093	0.0755151053926
-3.69163424124	0.0759636609474
-3.67704280156	0.0764103324288
-3.66245136187	0.0768551243012
-3.64785992218	0.0772980408683
-3.63326848249	0.077739086278
-3.6186770428	0.0781782645272
-3.60408560311	0.0786155794667
-3.58949416342	0.079051034806
-3.57490272373	0.0794846341181
-3.56031128405	0.0799163808438
-3.54571984436	0.080346278297
-3.53112840467	0.0807743296686
-3.51653696498	0.0812005380309
-3.50194552529	0.0816249063425
-3.4873540856	0.0820474374519
-3.47276264591	0.0824681341018
-3.45817120623	0.0828869989332
-3.44357976654	0.0833040344889
-3.42898832685	0.0837192432177
-3.41439688716	0.0841326274778
-3.39980544747	0.0845441895403
-3.38521400778	0.0849539315928
-3.37062256809	0.0853618557423
-3.3560311284	0.0857679640188
-3.34143968872	0.086172258378
-3.32684824903	0.0865747407048
-3.31225680934	0.0869754128152
-3.29766536965	0.0873742764601
-3.28307392996	0.0877713333273
-3.26848249027	0.088166585044
-3.25389105058	0.0885600331797
-3.23929961089	0.0889516792481
-3.22470817121	0.0893415247093
-3.21011673152	0.0897295709726
-3.19552529183	0.0901158193976
-3.18093385214	0.0905002712972
-3.16634241245	0.0908829279386
-3.15175097276	0.0912637905457
-3.13715953307	0.0916428603008
-3.12256809338	0.0920201383457
-3.1079766537	0.0923956257842
-3.09338521401	0.092769323683
-3.07879377432	0.0931412330733
-3.06420233463	0.0935113549523
-3.04961089494	0.0938796902845
-3.03501945525	0.0942462400029
-3.02042801556	0.0946110050105
-3.00583657587	0.0949739861811
-2.99124513619	0.0953351843608
-2.9766536965	0.0956946003688
-2.96206225681	0.0960522349984
-2.94747081712	0.0964080890185
-2.93287937743	0.0967621631738
-2.91828793774	0.0971144581863
-2.90369649805	0.0974649747559
-2.88910505837	0.0978137135611
-2.87451361868	0.0981606752603
-2.85992217899	0.098505860492
-2.8453307393	0.0988492698757
-2.83073929961	0.0991909040129
-2.81614785992	0.0995307634872
-2.80155642023	0.0998688488655
-2.78696498054	0.100205160698
-2.77237354086	0.10053969952
-2.75778210117	0.100872465851
-2.74319066148	0.101203460195
-2.72859922179	0.101532683043
-2.7140077821	0.101860134873
-2.69941634241	0.102185816148
-2.68482490272	0.10250972732
-2.67023346303	0.102831868827
-2.65564202335	0.103152241096
-2.64105058366	0.103470844543
-2.62645914397	0.103787679573
-2.61186770428	0.104102746578
-2.59727626459	0.104416045944
-2.5826848249	0.104727578042
-2.56809338521	0.105037343237
-2.55350194552	0.105345341882
-2.53891050584	0.105651574324
-2.52431906615	0.105956040897
-2.50972762646	0.106258741932
-2.49513618677	0.106559677745
-2.48054474708	0.106858848651
-2.46595330739	0.107156254951
-2.4513618677	0.107451896944
-2.43677042801	0.107745774917
-2.42217898833	0.108037889153
-2.40758754864	0.108328239927
-2.39299610895	0.108616827507
-2.37840466926	0.108903652156
-2.36381322957	0.109188714129
-2.34922178988	0.109472013676
-2.33463035019	0.109753551042
-2.32003891051	0.110033326463
-2.30544747082	0.110311340173
-2.29085603113	0.1105875924
-2.27626459144	0.110862083363
-2.26167315175	0.111134813282
-2.24708171206	0.111405782367
-2.23249027237	0.111674990825
-2.21789883268	0.11194243886
-2.203307393	0.112208126668
-2.18871595331	0.112472054442
-2.17412451362	0.112734222373
-2.15953307393	0.112994630645
-2.14494163424	0.113253279438
-2.13035019455	0.113510168929
-2.11575875486	0.113765299292
-2.10116731517	0.114018670695
-2.08657587549	0.114270283304
-2.0719844358	0.11452013728
-2.05739299611	0.114768232782
-2.04280155642	0.115014569964
-2.02821011673	0.11525914898
-2.01361867704	0.115501969976
-1.99902723735	0.115743033098
-1.98443579766	0.115982338489
-1.96984435798	0.116219886287
-1.95525291829	0.116455676629
-1.9406614786	0.116689709648
-1.92607003891	0.116921985475
-1.91147859922	0.117152504238
-1.89688715953	0.117381266061
-1.88229571984	0.117608271069
-1.86770428015	0.11783351938
-1.85311284047	0.118057011113
-1.83852140078	0.118278746384
-1.82392996109	0.118498725303
-1.8093385214	0.118716947984
-1.79474708171	0.118933414533
-1.78015564202	0.119148125058
-1.76556420233	0.119361079662
-1.75097276265	0.119572278447
-1.73638132296	0.119781721513
-1.72178988327	0.119989408959
-1.70719844358	0.120195340879
-1.69260700389	0.120399517369
-1.6780155642	0.120601938521
-1.66342412451	0.120802604424
-1.64883268482	0.121001515167
-1.63424124514	0.121198670838
-1.61964980545	0.121394071521
-1.60505836576	0.121587717301
-1.59046692607	0.121779608258
-1.57587548638	0.121969744472
-1.56128404669	0.122158126024
-1.546692607	0.122344752989
-1.53210116731	0.122529625443
-1.51750972763	0.122712743461
-1.50291828794	0.122894107114
-1.48832684825	0.123073716475
-1.47373540856	0.123251571613
-1.45914396887	0.123427672597
-1.44455252918	0.123602019494
-1.42996108949	0.12377461237
-1.4153696498	0.123945451289
-1.40077821012	0.124114536314
-1.38618677043	0.124281867508
-1.37159533074	0.124447444932
-1.35700389105	0.124611268646
-1.34241245136	0.124773338707
-1.32782101167	0.124933655174
-1.31322957198	0.125092218103
-1.29863813229	0.125249027548
-1.28404669261	0.125404083564
-1.26945525292	0.125557386205
-1.25486381323	0.125708935521
-1.24027237354	0.125858731565
-1.22568093385	0.126006774386
-1.21108949416	0.126153064033
-1.19649805447	0.126297600554
-1.18190661479	0.126440383997
-1.1673151751	0.126581414407
-1.15272373541	0.12672069183
-1.13813229572	0.126858216311
-1.12354085603	0.126993987891
-1.10894941634	0.127128006616
-1.09435797665	0.127260272525
-1.07976653696	0.12739078566
-1.06517509728	0.127519546062
-1.05058365759	0.127646553769
-1.0359922179	0.127771808819
-1.02140077821	0.127895311252
-1.00680933852	0.128017061102
-0.992217898832	0.128137058408
-0.977626459143	0.128255303203
-0.963035019454	0.128371795524
-0.948443579766	0.128486535403
-0.933852140077	0.128599522874
-0.919260700388	0.128710757969
-0.9046692607	0.128820240721
-0.890077821011	0.12892797116
-0.875486381322	0.129033949317
-0.860894941633	0.129138175222
-0.846303501945	0.129240648903
-0.831712062256	0.12934137039
-0.817120622567	0.12944033971
-0.802529182879	0.129537556891
-0.78793774319	0.129633021959
-0.773346303501	0.129726734939
-0.758754863812	0.129818695858
-0.744163424124	0.129908904741
-0.729571984435	0.129997361611
-0.714980544746	0.130084066492
-0.700389105058	0.130169019407
-0.685797665369	0.130252220378
-0.67120622568	0.130333669428
-0.656614785991	0.130413366578
-0.642023346303	0.130491311849
-0.627431906614	0.130567505261
-0.612840466925	0.130641946833
-0.598249027237	0.130714636585
-0.583657587548	0.130785574536
-0.569066147859	0.130854760704
-0.55447470817	0.130922195106
-0.539883268482	0.130987877759
-0.525291828793	0.131051808681
-0.510700389104	0.131113987887
-0.496108949416	0.131174415393
-0.481517509727	0.131233091214
-0.466926070038	0.131290015365
-0.452334630349	0.131345187859
-0.437743190661	0.131398608712
-0.423151750972	0.131450277935
-0.408560311283	0.131500195542
-0.393968871594	0.131548361545
-0.379377431906	0.131594775956
-0.364785992217	0.131639438786
-0.350194552528	0.131682350046
-0.33560311284	0.131723509747
-0.321011673151	0.131762917898
-0.306420233462	0.13180057451
-0.291828793773	0.131836479591
-0.277237354085	0.131870633149
-0.262645914396	0.131903035194
-0.248054474707	0.131933685733
-0.233463035019	0.131962584774
-0.21887159533	0.131989732323
-0.204280155641	0.132015128387
-0.189688715952	0.132038772972
-0.175097276264	0.132060666083
-0.160505836575	0.132080807726
-0.145914396886	0.132099197906
-0.131322957198	0.132115836628
-0.116731517509	0.132130723894
-0.10214007782	0.132143859708
-0.0875486381314	0.132155244075
-0.0729571984427	0.132164876996
-0.058365758754	0.132172758474
-0.0437743190653	0.13217888851
-0.0291828793766	0.132183267106
-0.0145914396879	0.132185894263
8.5975671027e-13	0.132186769982
0.0145914396896	0.132185894263
0.0291828793783	0.132183267106
0.043774319067	0.13217888851
0.0583657587557	0.132172758474
0.0729571984444	0.132164876996
0.0875486381332	0.132155244075
0.102140077822	0.132143859708
0.116731517511	0.132130723894
0.131322957199	0.132115836628
0.145914396888	0.132099197906
0.160505836577	0.132080807726
0.175097276265	0.132060666083
0.189688715954	0.132038772972
0.204280155643	0.132015128387
0.218871595332	0.131989732323
0.23346303502	0.131962584774
0.248054474709	0.131933685733
0.262645914398	0.131903035194
0.277237354086	0.131870633149
0.291828793775	0.131836479591
0.306420233464	0.13180057451
0.321011673153	0.131762917898
0.335603112841	0.131723509747
0.35019455253	0.131682350046
0.364785992219	0.131639438786
0.379377431907	0.131594775956
0.393968871596	0.131548361545
0.408560311285	0.131500195542
0.423151750974	0.131450277935
0.437743190662	0.131398608712
0.452334630351	0.131345187859
0.46692607004	0.131290015365
0.481517509729	0.131233091214
0.496108949417	0.131174415393
0.510700389106	0.131113987887
0.525291828795	0.131051808681
0.539883268483	0.130987877759
0.554474708172	0.130922195106
0.569066147861	0.130854760704
0.58365758755	0.130785574536
0.598249027238	0.130714636585
0.612840466927	0.130641946833
0.627431906616	0.130567505261
0.642023346304	0.130491311849
0.656614785993	0.130413366578
0.671206225682	0.130333669428
0.685797665371	0.130252220378
0.700389105059	0.130169019407
0.714980544748	0.130084066492
0.729571984437	0.129997361611
0.744163424125	0.129908904741
0.758754863814	0.129818695858
0.773346303503	0.129726734939
0.787937743192	0.129633021959
0.80252918288	0.129537556891
0.817120622569	0.12944033971
0.831712062258	0.12934137039
0.846303501946	0.129240648903
0.860894941635	0.129138175222
0.875486381324	0.129033949317
0.890077821013	0.12892797116
0.904669260701	0.128820240721
0.91926070039	0.128710757969
0.933852140079	0.128599522874
0.948443579767	0.128486535403
0.963035019456	0.128371795524
0.977626459145	0.128255303203
0.992217898834	0.128137058408
1.00680933852	0.128017061102
1.02140077821	0.127895311252
1.0359922179	0.127771808819
1.05058365759	0.127646553769
1.06517509728	0.127519546062
1.07976653697	0.12739078566
1.09435797665	0.127260272525
1.10894941634	0.127128006616
1.12354085603	0.126993987891
1.13813229572	0.126858216311
1.15272373541	0.12672069183
1.1673151751	0.126581414407
1.18190661479	0.126440383997
1.19649805448	0.126297600554
1.21108949416	0.126153064033
1.22568093385	0.126006774386
1.24027237354	0.125858731565
1.25486381323	0.125708935521
1.26945525292	0.125557386205
1.28404669261	0.125404083564
1.2986381323	0.125249027548
1.31322957199	0.125092218103
1.32782101167	0.124933655174
1.34241245136	0.124773338707
1.35700389105	0.124611268646
1.37159533074	0.124447444932
1.38618677043	0.124281867508
1.40077821012	0.124114536314
1.41536964981	0.123945451289
1.4299610895	0.12377461237
1.44455252918	0.123602019494
1.45914396887	0.123427672597
1.47373540856	0.123251571613
1.48832684825	0.123073716475
1.50291828794	0.122894107114
1.51750972763	0.122712743461
1.53210116732	0.122529625443
1.546692607	0.122344752989
1.56128404669	0.122158126024
1.57587548638	0.121969744472
1.59046692607	0.121779608258
1.60505836576	0.121587717301
1.61964980545	0.121394071521
1.63424124514	0.121198670838
1.64883268483	0.121001515167
1.66342412451	0.120802604424
1.6780155642	0.120601938521
1.69260700389	0.120399517369
1.70719844358	0.120195340879
1.72178988327	0.119989408959
1.73638132296	0.119781721513
1.75097276265	0.119572278447
1.76556420234	0.119361079662
1.78015564202	0.119148125058
1.79474708171	0.118933414533
1.8093385214	0.118716947984
1.82392996109	0.118498725303
1.83852140078	0.118278746383
1.85311284047	0.118057011113
1.86770428016	0.11783351938
1.88229571985	0.117608271069
1.89688715953	0.117381266061
1.91147859922	0.117152504238
1.92607003891	0.116921985475
1.9406614786	0.116689709648
1.95525291829	0.116455676629
1.96984435798	0.116219886287
1.98443579767	0.115982338489
1.99902723736	0.115743033098
2.01361867704	0.115501969976
2.02821011673	0.11525914898
2.04280155642	0.115014569964
2.05739299611	0.114768232782
2.0719844358	0.11452013728
2.08657587549	0.114270283304
2.10116731518	0.114018670695
2.11575875486	0.113765299292
2.13035019455	0.113510168929
2.14494163424	0.113253279438
2.15953307393	0.112994630645
2.17412451362	0.112734222373
2.18871595331	0.112472054442
2.203307393	0.112208126667
2.21789883269	0.11194243886
2.23249027237	0.111674990825
2.24708171206	0.111405782367
2.26167315175	0.111134813282
2.27626459144	0.110862083363
2.29085603113	0.1105875924
2.30544747082	0.110311340173
2.32003891051	0.110033326463
2.3346303502	0.109753551042
2.34922178988	0.109472013676
2.36381322957	0.109188714129
2.37840466926	0.108903652156
2.39299610895	0.108616827507
2.40758754864	0.108328239927
2.42217898833	0.108037889153
2.43677042802	0.107745774917
2.45136186771	0.107451896944
2.46595330739	0.107156254951
2.48054474708	0.106858848651
2.49513618677	0.106559677745
2.50972762646	0.106258741932
2.52431906615	0.105956040897
2.53891050584	0.105651574324
2.55350194553	0.105345341882
2.56809338522	0.105037343237
2.5826848249	0.104727578042
2.59727626459	0.104416045944
2.61186770428	0.104102746578
2.62645914397	0.103787679573
2.64105058366	0.103470844543
2.65564202335	0.103152241096
2.67023346304	0.102831868827
2.68482490272	0.10250972732
2.69941634241	0.102185816148
2.7140077821	0.101860134873
2.72859922179	0.101532683043
2.74319066148	0.101203460195
2.75778210117	0.100872465851
2.77237354086	0.10053969952
2.78696498055	0.100205160698
2.80155642023	0.0998688488654
2.81614785992	0.0995307634872
2.83073929961	0.0991909040129
2.8453307393	0.0988492698757
2.85992217899	0.098505860492
2.87451361868	0.0981606752603
2.88910505837	0.0978137135611
2.90369649806	0.0974649747558
2.91828793774	0.0971144581863
2.93287937743	0.0967621631738
2.94747081712	0.0964080890185
2.96206225681	0.0960522349984
2.9766536965	0.0956946003688
2.99124513619	0.0953351843608
3.00583657588	0.0949739861811
3.02042801557	0.0946110050105
3.03501945525	0.0942462400029
3.04961089494	0.0938796902845
3.06420233463	0.0935113549523
3.07879377432	0.0931412330733
3.09338521401	0.092769323683
3.1079766537	0.0923956257842
3.12256809339	0.0920201383457
3.13715953307	0.0916428603007
3.15175097276	0.0912637905457
3.16634241245	0.0908829279386
3.18093385214	0.0905002712972
3.19552529183	0.0901158193976
3.21011673152	0.0897295709725
3.22470817121	0.0893415247093
3.2392996109	0.088951679248
3.25389105058	0.0885600331797
3.26848249027	0.088166585044
3.28307392996	0.0877713333273
3.29766536965	0.0873742764601
3.31225680934	0.0869754128152
3.32684824903	0.0865747407047
3.34143968872	0.086172258378
3.35603112841	0.0857679640188
3.37062256809	0.0853618557423
3.38521400778	0.0849539315928
3.39980544747	0.0845441895403
3.41439688716	0.0841326274778
3.42898832685	0.0837192432177
3.44357976654	0.0833040344888
3.45817120623	0.0828869989332
3.47276264592	0.0824681341018
3.4873540856	0.0820474374519
3.50194552529	0.0816249063425
3.51653696498	0.0812005380309
3.53112840467	0.0807743296686
3.54571984436	0.080346278297
3.56031128405	0.0799163808438
3.57490272374	0.0794846341181
3.58949416343	0.079051034806
3.60408560311	0.0786155794667
3.6186770428	0.0781782645272
3.63326848249	0.077739086278
3.64785992218	0.0772980408683
3.66245136187	0.0768551243012
3.67704280156	0.0764103324288
3.69163424125	0.0759636609474
3.70622568093	0.0755151053926
3.72081712062	0.0750646611341
3.73540856031	0.0746123233714
3.75	0.0741580871284
3.76459143969	0.073701947249
3.77918287938	0.0732438983925
3.79377431907	0.0727839350288
3.80836575876	0.0723220514341
3.82295719844	0.0718582416872
3.83754863813	0.0713924996651
3.85214007782	0.0709248190396
3.86673151751	0.0704551932743
3.8813229572	0.0699836156217
3.89591439689	0.0695100791208
3.91050583658	0.0690345765953
3.92509727627	0.0685571006526
3.93968871595	0.0680776436833
3.95428015564	0.0675961978618
3.96887159533	0.0671127551469
3.98346303502	0.0666273072847
3.99805447471	0.0661398458114
4.0126459144	0.065650362058
4.02723735409	0.0651588471564
4.04182879378	0.064665292046
4.05642023346	0.0641696874833
4.07101167315	0.0636720240523
4.08560311284	0.0631722921767
4.10019455253	0.0626704821351
4.11478599222	0.0621665840775
4.12937743191	0.0616605880449
4.1439688716	0.0611524839909
4.15856031129	0.060642261807
4.17315175097	0.06012991135
4.18774319066	0.0596154224734
4.20233463035	0.0590987850622
4.21692607004	0.0585799890712
4.23151750973	0.0580590245675
4.24610894942	0.0575358817774
4.26070038911	0.0570105511377
4.27529182879	0.0564830233517
4.28988326848	0.0559532894509
4.30447470817	0.0554213408613
4.31906614786	0.054887169476
4.33365758755	0.0543507677336
4.34824902724	0.053812128703
4.36284046693	0.0532712461745
4.37743190662	0.052728114758
4.3920233463	0.0521827299885
4.40661478599	0.0516350884385
4.42120622568	0.0510851878391
4.43579766537	0.0505330272075
4.45038910506	0.0499786069845
4.46498054475	0.0494219291791
4.47957198444	0.0488629975221
4.49416342413	0.0483018176285
4.50875486381	0.0477383971686
4.5233463035	0.0471727460484
4.53793774319	0.0466048765985
4.55252918288	0.0460348037724
4.56712062257	0.0454625453533
4.58171206226	0.04488812217
4.59630350195	0.0443115583213
4.61089494164	0.0437328814084
4.62548638132	0.0431521227757
4.64007782101	0.0425693177588
4.6546692607	0.0419845059392
4.66926070039	0.041397731406
4.68385214008	0.0408090430223
4.69844357977	0.0402184946971
4.71303501946	0.0396261456602
4.72762645915	0.0390320607403
4.74221789883	0.0384363106438
4.75680933852	0.0378389722341
4.77140077821	0.0372401288094
4.7859922179	0.0366398703769
4.80058365759	0.0360382939223
4.81517509728	0.0354355036725
4.82976653697	0.0348316113497
4.84435797665	0.0342267364132
4.85894941634	0.0336210062893
4.87354085603	0.0330145565844
4.88813229572	0.0324075312798
4.90272373541	0.0318000829059
4.9173151751	0.0311923726923
4.93190661479	0.0305845706916
4.94649805448	0.0299768558737
4.96108949416	0.0293694161881
4.97568093385	0.028762448591
4.99027237354	0.028156159035
5.00486381323	0.0275507624182
5.01945525292	0.0269464824891
5.03404669261	0.0263435517078
5.0486381323	0.0257422110571
5.06322957199	0.0251427098047
5.07782101167	0.0245453052131
5.09241245136	0.0239502621952
5.10700389105	0.0233578529153
5.12159533074	0.0227683563345
5.13618677043	0.0221820576986
5.15077821012	0.02159924797
5.16536964981	0.0210202232035
5.1799610895	0.0204452838656
5.19455252918	0.019874734101
5.20914396887	0.0193088809458
5.22373540856	0.0187480334917
5.23832684825	0.0181925020026
5.25291828794	0.0176425969893
5.26750972763	0.0170986282438
5.28210116732	0.0165609038404
5.29669260701	0.0160297291076
5.31128404669	0.0155054055758
5.32587548638	0.0149882299094
5.34046692607	0.0144784928272
5.35505836576	0.0139764780201
5.36964980545	0.0134824610722
5.38424124514	0.0129967083933
5.39883268483	0.0125194761709
5.41342412451	0.0120510093484
5.4280155642	0.0115915406381
5.44260700389	0.0111412895766
5.45719844358	0.0107004616294
5.47178988327	0.0102692473533
5.48638132296	0.009847821621
5.50097276265	0.00943634291753
5.51556420234	0.00903495271126
5.53015564202	0.00864377490671
5.54474708171	0.00826291538298
5.5593385214	0.00789246162165
5.57392996109	0.00753248242732
5.58852140078	0.00718302774287
5.60311284047	0.00684412856089
5.61770428016	0.00651579693157
5.63229571985	0.00619802606684
5.64688715953	0.00589079053934
5.66147859922	0.00559404657399
5.67607003891	0.00530773242942
5.6906614786	0.00503176886525
5.70525291829	0.0047660596909
5.71984435798	0.00451049239072
5.73443579767	0.00426493881963
5.74902723736	0.00402925596315
5.76361867704	0.00380328675496
5.77821011673	0.00358686094498
5.79280155642	0.00337979601075
5.80739299611	0.00318189810439
5.8219844358	0.00299296302786
5.83657587549	0.00281277722865
5.85116731518	0.00264111880868
5.86575875487	0.00247775853883
5.88035019455	0.00232246087228
5.89494163424	0.00217498494965
5.90953307393	0.00203508558972
5.92412451362	0.0019025142596
5.93871595331	0.00177702001887
5.953307393	0.0016583504327
5.96789883269	0.00154625244936
5.98249027237	0.00144047323819
5.99708171206	0.0013407609846
6.01167315175	0.00124686563929
6.02626459144	0.00115853961924
6.04085603113	0.0010755384589
6.05544747082	0.000997621410106
6.07003891051	0.000924551990192
6.0846303502	0.00085609847782
6.09922178988	0.000792034356842
6.11381322957	0.000732138708695
6.12840466926	0.000676196554302
6.14299610895	0.000623999146757
6.15758754864	0.000575344216376
6.17217898833	0.000530036169955
6.18677042802	0.000487886246299
6.20136186771	0.00044871263026
6.21595330739	0.000412340527669
6.23054474708	0.000378602203674
6.24513618677	0.000347336987047
6.25972762646	0.000318391243087
6.27431906615	0.000291618317775
6.28891050584	0.000266878455789
6.30350194553	0.000244038695012
6.31809338522	0.000222972740057
6.3326848249	0.000203560817315
6.34727626459	0.000185689513904
6.36186770428	0.000169251602818
6.37645914397	0.000154145856476
6.39105058366	0.000140276850719
6.40564202335	0.000127554761219
6.42023346304	0.000115895154094
6.43482490272	0.000105218772434
6.44941634241	9.54513202695e-05
6.4640077821	8.65232454052e-05
6.47859922179	7.83695224149e-05
6.49319066148	7.09294369412e-05
6.50778210117	6.41463723464e-05
6.52237354086	5.79675996229e-05
6.53696498055	5.23440713669e-05
6.55155642023	4.72302205066e-05
6.56614785992	4.25837643724e-05
6.58073929961	3.83655146054e-05
6.5953307393	3.45391933047e-05
6.60992217899	3.1071255736e-05
6.62451361868	2.79307198449e-05
6.63910505837	2.508900275e-05
6.65369649806	2.25197643262e-05
6.66828793774	2.01987579339e-05
6.68287937743	1.81036882958e-05
6.69747081712	1.62140764807e-05
6.71206225681	1.45111319117e-05
6.7266536965	1.29776312836e-05
6.74124513619	1.15978042425e-05
6.75583657588	1.03572256579e-05
6.77042801557	9.2427142944e-06
6.78501945525	8.24223767417e-06
6.79961089494	7.34482290802e-06
6.81420233463	6.54047326166e-06
6.82879377432	5.82009021706e-06
6.84338521401	5.17540078365e-06
6.8579766537	4.59888981164e-06
6.87256809339	4.0837370594e-06
6.88715953308	3.62375876801e-06
6.90175097276	3.21335349919e-06
6.91634241245	2.84745199686e-06
6.93093385214	2.52147083823e-06
6.94552529183	2.23126964626e-06
6.96011673152	1.97311164299e-06
6.97470817121	1.74362733027e-06
6.9892996109	1.53978109336e-06
7.00389105058	1.35884053078e-06
7.01848249027	1.19834832304e-06
7.03307392996	1.05609646155e-06
7.04766536965	9.30102668218e-07
7.06225680934	8.18588844891e-07
7.07684824903	7.19961401038e-07
7.09143968872	6.32793316527e-07
7.10603112841	5.55807805022e-07
7.12062256809	4.87863451764e-07
7.13521400778	4.27940707598e-07
7.14980544747	3.75129628801e-07
7.16439688716	3.28618759768e-07
7.17898832685	2.87685062703e-07
7.19357976654	2.5168480526e-07
7.20817120623	2.20045323554e-07
7.22276264592	1.92257584061e-07
7.2373540856	1.67869473728e-07
7.25194552529	1.46479753059e-07
7.26653696498	1.27732612057e-07
7.28112840467	1.11312773745e-07
7.29571984436	9.69410944376e-08
7.31031128405	8.43706141927e-08
7.32490272374	7.33830147316e-08
7.33949416343	6.37854458007e-08
7.35408560311	5.54076842993e-08
7.3686770428	4.8099593641e-08
7.38326848249	4.17288536984e-08
7.39785992218	3.61789343673e-08
7.41245136187	3.13472882318e-08
7.42704280156	2.71437400887e-08
7.44163424125	2.34890531585e-08
7.45622568094	2.03136537291e-08
7.47081712062	1.75564977122e-08
7.48540856031	1.51640642006e-08
7.5	1.30894625603e-08
7.51459143969	1.12916409333e-08
7.52918287938	9.73468523745e-09
7.54377431907	8.38719881172e-09
7.55836575876	7.22175391851e-09
7.57295719844	6.21440717312e-09
7.58754863813	5.34427180137e-09
7.60214007782	4.59314037483e-09
7.61673151751	3.94515233607e-09
7.6313229572	3.38650123666e-09
7.64591439689	2.90517715056e-09
7.66050583658	2.49074021974e-09
7.67509727627	2.13412172726e-09
7.68968871595	1.82744949107e-09
7.70428015564	1.56389472524e-09
7.71887159533	1.33753783543e-09
7.73346303502	1.14325089832e-09
7.74805447471	9.76594831888e-10
7.7626459144	8.33729488856e-10
7.77723735409	7.11335109853e-10
7.79182879378	6.06543753379e-10
7.80642023346	5.16879480992e-10
7.82101167315	4.40206219093e-10
7.83560311284	3.74682346782e-10
7.85019455253	3.18721171176e-10
7.86478599222	2.7095655315e-10
7.87937743191	2.30213034196e-10
7.8939688716	1.95479894453e-10
7.90856031129	1.65888640977e-10
7.92315175097	1.4069348719e-10
7.93774319066	1.19254438279e-10
7.95233463035	1.01022645454e-10
7.96692607004	8.5527733748e-11
7.98151750973	7.23668455271e-11
7.99610894942	6.11951740508e-11
8.01070038911	5.17177904185e-11
8.0252918288	4.36825921273e-11
8.03988326848	3.68742237165e-11
8.05447470817	3.11088391353e-11
8.06906614786	2.62295925357e-11
8.08365758755	2.21027588168e-11
8.09824902724	1.86143984291e-11
8.11284046693	1.56674919776e-11
8.12743190662	1.31794802171e-11
8.1420233463	1.10801535189e-11
8.15661478599	9.30984243799e-12
8.17120622568	7.81786745395e-12
8.18579766537	6.56121172043e-12
8.20038910506	5.503385462e-12
8.21498054475	4.61345506479e-12
8.22957198444	3.86521350137e-12
8.24416342413	3.23647201458e-12
8.25875486381	2.70845572757e-12
8.2733463035	2.26528829729e-12
8.28793774319	1.8935527695e-12
8.30252918288	1.58191763571e-12
8.31712062257	1.32081860063e-12
8.33171206226	1.102187967e-12
8.34630350195	9.19224642932e-13
8.36089494164	7.66198817026e-13
8.37548638132	6.38286176608e-13
8.39007782101	5.31427298666e-13
8.4046692607	4.4220846456e-13
8.41926070039	3.67760706873e-13
8.43385214008	3.05674344063e-13
8.44844357977	2.53926687128e-13
8.46303501946	2.1082091821e-13
8.47762645915	1.7493445268e-13
8.49221789883	1.45075338531e-13
8.50680933852	1.20245469427e-13
8.52140077821	9.9609561851e-14
8.5359922179	8.24690150658e-14
8.55058365759	6.82398938505e-14
8.56517509728	5.64344010008e-14
8.57976653697	4.66452924321e-14
8.59435797666	3.8532778433e-14
8.60894941634	3.18135190432e-14
8.62354085603	2.62513869641e-14
8.63813229572	2.16497170386e-14
8.65272373541	1.78448088242e-14
8.6673151751	1.47004810127e-14
8.68190661479	1.21035127431e-14
8.69649805448	9.95982758695e-15
8.71108949416	8.19130271101e-15
8.72568093385	6.73310138584e-15
8.74027237354	5.53144521815e-15
8.75486381323	4.54175404577e-15
8.76945525292	3.72709452981e-15
8.78404669261	3.05688605904e-15
8.7986381323	2.50582302715e-15
8.81322957199	2.05297701045e-15
8.82782101167	1.68104976636e-15
8.84241245136	1.37575178422e-15
8.85700389105	1.1252859014e-15
8.87159533074	9.19918122249e-16
8.88618677043	7.51621584683e-16
8.90077821012	6.13780818276e-16
8.91536964981	5.00946821337e-16
8.9299610895	4.08633910075e-16
8.94455252918	3.33151588208e-16
8.95914396887	2.71465281446e-16
8.97373540856	2.21081223949e-16
8.98832684825	1.7995121513e-16
9.00291828794	1.46394021717e-16
9.01750972763	1.19030357051e-16
9.03210116732	9.67293359527e-17
9.04669260701	7.85642454391e-17
9.06128404669	6.37761328371e-17
9.07587548638	5.17437739582e-17
9.09046692607	4.19589813494e-17
9.10505836576	3.40062559838e-17
9.11964980545	2.75461004144e-17
9.13424124514	2.23012393833e-17
9.14883268483	1.80453664338e-17
9.16342412452	1.45938665988e-17
9.1780155642	1.17962308306e-17
9.19260700389	9.52981511877e-18
9.20719844358	7.69474591883e-18
9.22178988327	6.20973015223e-18
9.23638132296	5.0086454441e-18
9.25097276265	4.03772756311e-18
9.26556420234	3.25329390278e-18
9.28015564202	2.61986591402e-18
9.29474708171	2.10865097075e-18
9.3093385214	1.69629042038e-18
9.32392996109	1.36384767594e-18
9.33852140078	1.09597689706e-18
9.35311284047	8.80253834587e-19
9.36770428016	7.06618813389e-19
9.38229571985	5.66935648305e-19
9.39688715953	4.54624990309e-19
9.41147859922	3.64371298382e-19
9.42607003891	2.91881304882e-19
9.4406614786	2.33690020349e-19
9.45525291829	1.87001398624e-19
9.46984435798	1.4956235276e-19
9.48443579767	1.19556214609e-19
9.49902723736	9.55201805668e-20
9.51361867704	7.62763695071e-20
9.52821011673	6.08776908075e-20
9.54280155642	4.85622284917e-20
9.55739299611	3.87179655065e-20
9.5719844358	3.08529804384e-20
9.58657587549	2.45728895991e-20
9.60116731518	1.95609035872e-20
9.61575875487	1.55631716602e-20
9.63035019455	1.23760042114e-20
9.64494163424	9.83642396789e-21
9.65953307393	7.81387308164e-21
9.67412451362	6.20397524647e-21
9.68871595331	4.92312595801e-21
9.703307393	3.9047399452e-21
9.71789883269	3.09540793221e-21
9.73249027237	2.45257750679e-21
9.74708171206	1.94223566592e-21
9.76167315175	1.53728905194e-21
9.77626459144	1.21611688688e-21
9.79085603113	9.61549444091e-22
9.80544747082	7.59851034404e-22
9.82003891051	6.00170362305e-22
9.8346303502	4.73804644275e-22
9.84922178988	3.73866620084e-22
9.86381322957	2.94851169415e-22
9.87840466926	2.32421404576e-22
9.89299610895	1.83111127686e-22
9.90758754864	1.44185916483e-22
9.92217898833	1.13467977556e-22
9.93677042802	8.92530067979e-23
9.95136186771	7.01664420764e-23
9.96595330739	5.51377348258e-23
9.98054474708	4.33021351294e-23
9.99513618677	3.39897472181e-23
10.0097276265	2.66640460808e-23
10.0243190661	2.09067142498e-23
10.0389105058	1.63788418962e-23
10.0535019455	1.28273958401e-23
10.0680933852	1.00410734293e-23
10.0826848249	7.85754611823e-24
10.0972762646	6.1449493113e-24
10.1118677043	4.80260399795e-24
10.126459144	3.75066019339e-24
10.1410505837	2.92808300721e-24
10.1556420233	2.28327710403e-24
10.170233463	1.7800082031e-24
10.1848249027	1.38686212574e-24
10.1994163424	1.08013779181e-24
10.2140077821	8.40343529072e-25
10.2285992218	6.53652073066e-25
10.2431906615	5.0784112532e-25
10.2577821012	3.94235127789e-25
10.2723735409	3.0542867867e-25
10.2869649805	2.36672987685e-25
10.3015564202	1.83271110587e-25
10.3161478599	1.42031388225e-25
10.3307392996	1.09851081199e-25
10.3453307393	8.48989689991e-26
10.359922179	6.54945416767e-26
10.3745136187	5.04628854837e-26
10.3891050584	3.87519463066e-26
10.4036964981	2.98739536935e-26
10.4182879377	2.30528126239e-26
10.4328793774	1.78587058189e-26
10.4474708171	1.38440152475e-26
10.4620622568	1.07411277641e-26
10.4766536965	8.36767144516e-27
10.4912451362	6.5756474582e-27
10.5058365759	5.21934663259e-27
10.5204280156	4.21639790511e-27
10.5350194553	3.47381427447e-27
10.5496108949	2.92839942086e-27
10.5642023346	2.52508527763e-27
10.5787937743	2.22384412416e-27
10.593385214	2.02136191074e-27
10.6079766537	1.88655397014e-27
10.6225680934	1.83427262236e-27
10.6371595331	1.75776613859e-27
10.6517509728	1.71139617358e-27
10.6663424125	1.66733032713e-27
10.6809338521	1.64054393872e-27
10.6955252918	1.60525428839e-27
10.7101167315	1.60867065679e-27
10.7247081712	1.61307996782e-27
10.7392996109	1.6572096519e-27
10.7538910506	1.65853466072e-27
10.7684824903	1.66970260881e-27
10.78307393	1.66624136705e-27
10.7976653697	1.67955223512e-27
10.8122568093	1.65593501406e-27
10.826848249	1.65080420149e-27
10.8414396887	1.65900532932e-27
10.8560311284	1.71609933819e-27
10.8706225681	1.71505724976e-27
10.8852140078	1.70507888689e-27
10.8998054475	1.67042488418e-27
10.9143968872	1.66670675922e-27
10.9289883268	1.63440598188e-27
10.9435797665	1.61449057741e-27
10.9581712062	1.5928253943e-27
10.9727626459	1.63257846278e-27
10.9873540856	1.61945159019e-27
11.0019455253	1.60090327417e-27
11.016536965	1.57936307333e-27
11.0311284047	1.56865361585e-27
11.0457198444	1.56160787074e-27
11.060311284	1.59233929649e-27
11.0749027237	1.62359062754e-27
11.0894941634	1.73139214263e-27
11.1040856031	1.83390441454e-27
11.1186770428	1.99950834264e-27
11.1332684825	2.21557751661e-27
11.1478599222	2.55416472072e-27
11.1624513619	3.00383404381e-27
11.1770428016	3.66849836576e-27
11.1916342412	4.59157068379e-27
11.2062256809	5.90455565855e-27
11.2208171206	7.56883656145e-27
11.2354085603	1.00075885714e-26
11.25	1.22624553272e-26
11.2645914397	9.95245840481e-27
11.2791828794	7.40129646209e-27
11.2937743191	5.6377033406e-27
11.3083657588	4.25732083476e-27
11.3229571984	3.24458295267e-27
11.3375486381	2.47151731981e-27
11.3521400778	1.89353311191e-27
11.3667315175	1.44444192415e-27
11.3813229572	1.11201581138e-27
11.3959143969	8.67492010432e-28
11.4105058366	6.87799385877e-28
11.4250972763	5.51016979859e-28
11.439688716	4.53699469155e-28
11.4542801556	3.8038765283e-28
11.4688715953	3.24878440414e-28
11.483463035	2.85253350302e-28
11.4980544747	2.52779001949e-28
11.5126459144	2.32301710664e-28
11.5272373541	2.15012655346e-28
11.5418287938	2.00545859e-28
11.5564202335	1.92164852074e-28
11.5710116732	1.87197819213e-28
11.5856031128	1.81558965813e-28
11.6001945525	1.83269077896e-28
11.6147859922	1.8363230684e-28
11.6293774319	1.86487584477e-28
11.6439688716	1.87607306492e-28
11.6585603113	1.84572342264e-28
11.673151751	1.77097505211e-28
11.6877431907	1.79772003283e-28
11.7023346304	1.7949568453e-28
11.71692607	1.83106675149e-28
11.7315175097	1.86073426811e-28
11.7461089494	1.94398860997e-28
11.7607003891	2.06292715901e-28
11.7752918288	2.19955922543e-28
11.7898832685	2.30772868559e-28
11.8044747082	2.46758973644e-28
11.8190661479	2.61644363738e-28
11.8336575876	2.74774790544e-28
11.8482490272	2.86482675027e-28
11.8628404669	3.02621603454e-28
11.8774319066	3.2131974658e-28
11.8920233463	3.30053226634e-28
11.906614786	3.33030970618e-28
11.9212062257	3.37988502389e-28
11.9357976654	3.36128335774e-28
11.9503891051	3.41101238746e-28
11.9649805447	3.37587157559e-28
11.9795719844	3.32964357001e-28
11.9941634241	3.30977724022e-28
12.0087548638	3.26966594802e-28
12.0233463035	3.21949851373e-28
12.0379377432	3.23454822741e-28
12.0525291829	3.21068914769e-28
12.0671206226	3.15735185745e-28
12.0817120623	3.08687351453e-28
12.0963035019	3.05411883225e-28
12.1108949416	3.07855907784e-28
12.1254863813	3.15351858381e-28
12.140077821	3.28610737916e-28
12.1546692607	3.37372494804e-28
12.1692607004	3.41908414993e-28
12.1838521401	3.44373737209e-28
12.1984435798	3.40697041815e-28
12.2130350195	3.35042681099e-28
12.2276264591	3.38763495193e-28
12.2422178988	3.40835634246e-28
12.2568093385	3.51796088836e-28
12.2714007782	3.6289418271e-28
12.2859922179	3.71009315668e-28
12.3005836576	3.78533973305e-28
12.3151750973	3.79973737582e-28
12.329766537	3.7737338187e-28
12.3443579767	3.82441692663e-28
12.3589494163	3.82789151475e-28
12.373540856	3.94915156546e-28
12.3881322957	4.04973419099e-28
12.4027237354	4.10506837645e-28
12.4173151751	4.08148342912e-28
12.4319066148	4.03014617422e-28
12.4464980545	3.95601159543e-28
12.4610894942	4.0008724685e-28
12.4756809339	4.06645353042e-28
12.4902723735	4.26843115588e-28
12.5048638132	4.37776997578e-28
12.5194552529	4.49536966416e-28
12.5340466926	4.53040315129e-28
12.5486381323	4.52564399525e-28
12.563229572	4.5111940647e-28
12.5778210117	4.57570382256e-28
12.5924124514	4.61996754752e-28
12.6070038911	4.84588379245e-28
12.6215953307	4.91068817704e-28
12.6361867704	4.93678155445e-28
12.6507782101	4.85741928464e-28
12.6653696498	4.79620178146e-28
12.6799610895	4.77735462041e-28
12.6945525292	4.89572412144e-28
12.7091439689	5.03397753966e-28
12.7237354086	5.40937431136e-28
12.7383268483	5.62061907734e-28
12.7529182879	5.69402314837e-28
12.7675097276	5.63194367674e-28
12.7821011673	5.60349094653e-28
12.796692607	5.50277334355e-28
12.8112840467	5.60385932246e-28
12.8258754864	5.76495148498e-28
12.8404669261	6.11195937557e-28
12.8550583658	6.20644366329e-28
12.8696498054	6.27764796669e-28
12.8842412451	6.20680623448e-28
12.8988326848	6.108890594e-28
12.9134241245	6.06086008477e-28
12.9280155642	6.19468057106e-28
12.9426070039	6.27735540544e-28
12.9571984436	6.56098985711e-28
12.9717898833	6.63285745072e-28
12.986381323	6.70065389125e-28
13.0009727626	6.64256830373e-28
13.0155642023	6.57250071668e-28
13.030155642	6.46172367246e-28
13.0447470817	6.50917092977e-28
13.0593385214	6.6001082841e-28
13.0739299611	7.01495872034e-28
13.0885214008	7.19122892722e-28
13.1031128405	7.2441805469e-28
13.1177042802	7.15728224837e-28
13.1322957198	7.11086668894e-28
13.1468871595	7.02924064365e-28
13.1614785992	7.15847966404e-28
13.1760700389	7.36325542409e-28
13.1906614786	7.80995481419e-28
13.2052529183	7.91429271848e-28
13.219844358	8.04809341468e-28
13.2344357977	7.99644514928e-28
13.2490272374	7.92654872988e-28
13.263618677	7.88775232005e-28
13.2782101167	7.98528629788e-28
13.2928015564	8.03242794019e-28
13.3073929961	8.42988981811e-28
13.3219844358	8.61122311029e-28
13.3365758755	8.70406218312e-28
13.3511673152	8.57278567943e-28
13.3657587549	8.46074162199e-28
13.3803501946	8.29023560117e-28
13.3949416342	8.28805717253e-28
13.4095330739	8.38472398722e-28
13.4241245136	8.78374936294e-28
13.4387159533	8.87237644026e-28
13.453307393	8.96691865323e-28
13.4678988327	8.93134078014e-28
13.4824902724	8.93216662285e-28
13.4970817121	8.76947299767e-28
13.5116731518	8.8558753694e-28
13.5262645914	9.01484115087e-28
13.5408560311	9.48923832637e-28
13.5554474708	9.69126637349e-28
13.5700389105	9.86440149087e-28
13.5846303502	9.8100402278e-28
13.5992217899	9.7272806902e-28
13.6138132296	9.63635187251e-28
13.6284046693	9.75297282826e-28
13.642996109	9.81762795653e-28
13.6575875486	1.03249517863e-27
13.6721789883	1.04964030107e-27
13.686770428	1.05514752311e-27
13.7013618677	1.04797782501e-27
13.7159533074	1.05137264224e-27
13.7305447471	1.04373453385e-27
13.7451361868	1.04910311023e-27
13.7597276265	1.05900752619e-27
13.7743190661	1.10458934872e-27
13.7889105058	1.10956506553e-27
13.8035019455	1.1151300131e-27
13.8180933852	1.09624970701e-27
13.8326848249	1.08330161321e-27
13.8472762646	1.07361291827e-27
13.8618677043	1.08941986595e-27
13.876459144	1.10381161612e-27
13.8910505837	1.15073952727e-27
13.9056420233	1.16357031234e-27
13.920233463	1.17407534929e-27
13.9348249027	1.15898350135e-27
13.9494163424	1.15844393614e-27
13.9640077821	1.15321523713e-27
13.9785992218	1.16599097942e-27
13.9931906615	1.17708968828e-27
14.0077821012	1.23161609421e-27
14.0223735409	1.24230334494e-27
14.0369649805	1.23759702391e-27
14.0515564202	1.22047772959e-27
14.0661478599	1.21302053825e-27
14.0807392996	1.19077975746e-27
14.0953307393	1.19632420536e-27
14.109922179	1.20990725614e-27
14.1245136187	1.2625859033e-27
14.1391050584	1.26622355582e-27
14.1536964981	1.26640743653e-27
14.1682879377	1.24408731549e-27
14.1828793774	1.22987855345e-27
14.1974708171	1.20935204979e-27
14.2120622568	1.20924369308e-27
14.2266536965	1.20915668049e-27
14.2412451362	1.25967484975e-27
14.2558365759	1.27253459532e-27
14.2704280156	1.27724812593e-27
14.2850194553	1.25383499381e-27
14.2996108949	1.24648218604e-27
14.3142023346	1.22925240852e-27
14.3287937743	1.22921339435e-27
14.343385214	1.23590846579e-27
14.3579766537	1.28781482844e-27
14.3725680934	1.29111764284e-27
14.3871595331	1.27878503335e-27
14.4017509728	1.25043443323e-27
14.4163424125	1.23648700725e-27
14.4309338521	1.20579699917e-27
14.4455252918	1.19970277756e-27
14.4601167315	1.19896765806e-27
14.4747081712	1.23439532871e-27
14.4892996109	1.23253770941e-27
14.5038910506	1.23240959058e-27
14.5184824903	1.21125611263e-27
14.53307393	1.20416770114e-27
14.5476653697	1.19467059491e-27
14.5622568093	1.19420875604e-27
14.576848249	1.18890074005e-27
14.5914396887	1.23441581361e-27
14.6060311284	1.23551533388e-27
14.6206225681	1.2312804255e-27
14.6352140078	1.19657973716e-27
14.6498054475	1.17497543712e-27
14.6643968872	1.15143671277e-27
14.6789883268	1.13748871502e-27
14.6935797665	1.12191616423e-27
14.7081712062	1.14358469221e-27
14.7227626459	1.12563955772e-27
14.7373540856	1.10573083874e-27
14.7519455253	1.06393227817e-27
14.766536965	1.03909011341e-27
14.7811284047	9.95394109017e-28
14.7957198444	9.72913689939e-28
14.810311284	9.45583078318e-28
14.8249027237	9.34962408563e-28
14.8394941634	8.85264668363e-28
14.8540856031	8.32221756172e-28
14.8686770428	7.68039962811e-28
14.8832684825	7.27752218687e-28
14.8978599222	7.04017393004e-28
14.9124513619	7.22286318297e-28
14.9270428016	7.87672574278e-28
14.9416342412	9.73317307646e-28
14.9562256809	1.27724458289e-27
14.9708171206	1.77044315311e-27
14.9854085603	2.69121879658e-27
15.0	3.67086169658e-27
