-14.9854085603	2.94415042065e-27
-14.9708171206	1.78656921009e-27
-14.9562256809	1.10966149026e-27
-14.9416342412	6.62558083179e-28
-14.9270428016	4.0184732043e-28
-14.9124513619	2.5128547552e-28
-14.8978599222	1.77122464324e-28
-14.8832684825	1.40155729264e-28
-14.8686770428	1.33959463879e-28
-14.8540856031	1.38865550079e-28
-14.8394941634	1.5260861792e-28
-14.8249027237	1.55331372567e-28
-14.810311284	1.74385308267e-28
-14.7957198444	1.92064430543e-28
-14.7811284047	2.16729429314e-28
-14.766536965	2.35214993952e-28
-14.7519455253	2.54515975268e-28
-14.7373540856	2.65992313859e-28
-14.7227626459	2.70405073953e-28
-14.7081712062	2.53117368253e-28
-14.6935797665	2.58096282718e-28
-14.6789883268	2.63743156633e-28
-14.6643968872	2.76952649113e-28
-14.6498054475	2.8484483951e-28
-14.6352140078	3.00302155471e-28
-14.6206225681	3.03695156324e-28
-14.6060311284	3.03102586226e-28
-14.5914396887	2.8354712525e-28
-14.576848249	2.84947774946e-28
-14.5622568093	2.87087701516e-28
-14.5476653696	3.00344515755e-28
-14.53307393	3.06337810784e-28
-14.5184824903	3.1750588514e-28
-14.5038910506	3.19648563618e-28
-14.4892996109	3.19899524998e-28
-14.4747081712	2.99937647339e-28
-14.4601167315	3.00736915344e-28
-14.4455252918	3.02334704084e-28
-14.4309338521	3.13442104905e-28
-14.4163424125	3.17487093275e-28
-14.4017509728	3.26607376019e-28
-14.3871595331	3.26662301903e-28
-14.3725680934	3.23918729584e-28
-14.3579766537	2.99606788561e-28
-14.343385214	2.96316160454e-28
-14.3287937743	2.94784154318e-28
-14.3142023346	3.03803246516e-28
-14.2996108949	3.07297155598e-28
-14.2850194553	3.17144765417e-28
-14.2704280156	3.17589533805e-28
-14.2558365759	3.15233720258e-28
-14.2412451362	2.91699524487e-28
-14.2266536965	2.89126564278e-28
-14.2120622568	2.86064288699e-28
-14.1974708171	2.93036292987e-28
-14.1828793774	2.94765891621e-28
-14.1682879377	3.01597923063e-28
-14.1536964981	2.98227229781e-28
-14.1391050584	2.91595545524e-28
-14.1245136187	2.63149960794e-28
-14.109922179	2.56826115623e-28
-14.0953307393	2.51168888554e-28
-14.0807392996	2.5590441543e-28
-14.0661478599	2.56974557099e-28
-14.0515564202	2.63476164303e-28
-14.0369649805	2.59408143089e-28
-14.0223735409	2.53133112383e-28
-14.0077821012	2.26338845292e-28
-13.9931906615	2.19430768149e-28
-13.9785992218	2.13426349534e-28
-13.9640077821	2.16877313507e-28
-13.9494163424	2.14346150026e-28
-13.9348249027	2.17589255972e-28
-13.920233463	2.11892866923e-28
-13.9056420233	2.04463592949e-28
-13.8910505837	1.80155996468e-28
-13.876459144	1.73929070401e-28
-13.8618677043	1.68788370508e-28
-13.8472762646	1.72067219485e-28
-13.8326848249	1.7140415255e-28
-13.8180933852	1.75768583031e-28
-13.8035019455	1.72559214784e-28
-13.7889105058	1.64874767731e-28
-13.7743190661	1.42111544441e-28
-13.7597276265	1.3649968564e-28
-13.7451361868	1.31471000362e-28
-13.7305447471	1.33181308761e-28
-13.7159533074	1.31663622517e-28
-13.7013618677	1.34118517559e-28
-13.686770428	1.28410718308e-28
-13.6721789883	1.21911073729e-28
-13.6575875486	1.02353247618e-28
-13.6429961089	9.63795765643e-29
-13.6284046693	9.26731371277e-29
-13.6138132296	9.39438697837e-29
-13.5992217899	9.31086714256e-29
-13.5846303502	9.68673335729e-29
-13.5700389105	9.43219133378e-29
-13.5554474708	8.99120879792e-29
-13.5408560311	7.47356684191e-29
-13.5262645914	7.11155667295e-29
-13.5116731518	6.88556989642e-29
-13.4970817121	7.15149325595e-29
-13.4824902724	7.20239570634e-29
-13.4678988327	7.46783954337e-29
-13.453307393	7.29382098374e-29
-13.4387159533	6.95420545396e-29
-13.4241245136	5.67485317815e-29
-13.4095330739	5.3323346023e-29
-13.3949416342	5.04337130517e-29
-13.3803501946	5.17672848891e-29
-13.3657587549	5.17303797883e-29
-13.3511673152	5.43542444473e-29
-13.3365758755	5.46537353362e-29
-13.3219844358	5.47423922188e-29
-13.3073929961	4.89779941925e-29
-13.2928015564	4.84586772337e-29
-13.2782101167	4.90895204463e-29
-13.263618677	5.06400531419e-29
-13.2490272374	4.96240788018e-29
-13.2344357977	5.12014463861e-29
-13.219844358	4.95869324605e-29
-13.2052529183	4.75129246966e-29
-13.1906614786	4.25923762381e-29
-13.1760700389	4.03344538881e-29
-13.1614785992	3.86023471113e-29
-13.1468871595	3.94606954597e-29
-13.1322957198	3.79410876829e-29
-13.1177042802	3.75508246083e-29
-13.1031128405	3.56174240185e-29
-13.0885214008	3.3260043555e-29
-13.0739299611	2.84807588999e-29
-13.0593385214	2.69485590644e-29
-13.0447470817	2.58382162861e-29
-13.030155642	2.55002684997e-29
-13.0155642023	2.47247448293e-29
-13.0009727626	2.43717890898e-29
-12.986381323	2.39443690258e-29
-12.9717898833	2.39806906812e-29
-12.9571984436	2.39650379629e-29
-12.9426070039	2.3427305446e-29
-12.9280155642	2.44830120948e-29
-12.9134241245	2.41504798528e-29
-12.8988326848	2.45127418665e-29
-12.8842412451	2.52622026643e-29
-12.8696498054	2.76106037953e-29
-12.8550583658	3.20200060025e-29
-12.8404669261	4.08523336678e-29
-12.8258754864	4.67036959034e-29
-12.8112840467	5.18328358337e-29
-12.796692607	5.48944650132e-29
-12.7821011673	5.75803883421e-29
-12.7675097276	5.90087465202e-29
-12.7529182879	6.32386650264e-29
-12.7383268482	6.87705542409e-29
-12.7237354086	7.83175743169e-29
-12.7091439689	8.21974602971e-29
-12.6945525292	8.67970686235e-29
-12.6799610895	8.62870871293e-29
-12.6653696498	8.61171899174e-29
-12.6507782101	8.49778696788e-29
-12.6361867704	8.8205847568e-29
-12.6215953307	9.53027408996e-29
-12.6070038911	1.09553973767e-28
-12.5924124514	1.15741681784e-28
-12.5778210117	1.22181884439e-28
-12.563229572	1.2061771638e-28
-12.5486381323	1.2136648431e-28
-12.5340466926	1.20622467583e-28
-12.5194552529	1.27492400437e-28
-12.5048638132	1.36914799115e-28
-12.4902723735	1.61707980281e-28
-12.4756809339	1.7373108763e-28
-12.4610894942	1.84549500095e-28
-12.4464980545	1.87106858767e-28
-12.4319066148	1.90815039147e-28
-12.4173151751	1.91596196622e-28
-12.4027237354	2.02980310914e-28
-12.3881322957	2.1753972072e-28
-12.373540856	2.5211162926e-28
-12.3589494163	2.68202791346e-28
-12.3443579767	2.82884670646e-28
-12.329766537	2.8666244257e-28
-12.3151750973	2.96890530323e-28
-12.3005836576	2.99983307724e-28
-12.2859922179	3.16424119519e-28
-12.2714007782	3.37056824902e-28
-12.2568093385	3.7949112303e-28
-12.2422178988	3.98799747595e-28
-12.2276264591	4.15780462589e-28
-12.2130350195	4.17192045324e-28
-12.1984435798	4.24208166249e-28
-12.1838521401	4.2396761976e-28
-12.1692607004	4.3378146228e-28
-12.1546692607	4.45507781224e-28
-12.140077821	4.84161910806e-28
-12.1254863813	4.96855940236e-28
-12.1108949416	5.04833718069e-28
-12.0963035019	4.96152251358e-28
-12.0817120623	4.96152925505e-28
-12.0671206226	4.94368049305e-28
-12.0525291829	5.06015429378e-28
-12.0379377432	5.17960757961e-28
-12.0233463035	5.6097204872e-28
-12.0087548638	5.74969831401e-28
-11.9941634241	5.90472747364e-28
-11.9795719844	5.89835723473e-28
-11.9649805447	5.95879531428e-28
-11.9503891051	5.9625637058e-28
-11.9357976654	6.14516359945e-28
-11.9212062257	6.39155769994e-28
-11.906614786	6.949445785e-28
-11.8920233463	7.14752947747e-28
-11.8774319066	7.29452641029e-28
-11.8628404669	7.21068501197e-28
-11.8482490272	7.21144275345e-28
-11.8336575875	7.16399632151e-28
-11.8190661479	7.28573342092e-28
-11.8044747082	7.44346630983e-28
-11.7898832685	7.95334113559e-28
-11.7752918288	8.04334965384e-28
-11.7607003891	8.08074905623e-28
-11.7461089494	7.95757174582e-28
-11.7315175097	7.95270276213e-28
-11.71692607	7.95313383553e-28
-11.7023346304	8.14111817791e-28
-11.6877431907	8.26637296919e-28
-11.673151751	8.70688636597e-28
-11.6585603113	8.81589741751e-28
-11.6439688716	8.82032085412e-28
-11.6293774319	8.6109103836e-28
-11.6147859922	8.47438894325e-28
-11.6001945525	8.2204620388e-28
-11.5856031128	8.24219585495e-28
-11.5710116732	8.26320659336e-28
-11.5564202335	8.52046956918e-28
-11.5418287938	8.29291815464e-28
-11.5272373541	8.05324276975e-28
-11.5126459144	7.58626486854e-28
-11.4980544747	7.16096788344e-28
-11.483463035	6.78565938708e-28
-11.4688715953	6.57106780382e-28
-11.4542801556	6.4629783593e-28
-11.439688716	6.73146511909e-28
-11.4250972763	6.64796635962e-28
-11.4105058366	6.68610464313e-28
-11.3959143969	6.87199910349e-28
-11.3813229572	7.63245862433e-28
-11.3667315175	9.01021788922e-28
-11.3521400778	1.1416089701e-27
-11.3375486381	1.50910629202e-27
-11.3229571984	2.06745084127e-27
-11.3083657588	2.82633948608e-27
-11.2937743191	3.913847126e-27
-11.2791828794	5.38579105003e-27
-11.2645914397	7.5927649014e-27
-11.25	9.66120259052e-27
-11.2354085603	7.46594163655e-27
-11.2208171206	5.15765631919e-27
-11.2062256809	3.60972217471e-27
-11.1916342412	2.46025517914e-27
-11.1770428016	1.66129557435e-27
-11.1624513619	1.09742485034e-27
-11.1478599222	7.16128792018e-28
-11.1332684825	4.60711899172e-28
-11.1186770428	2.94616462305e-28
-11.1040856031	1.94281396581e-28
-11.0894941634	1.30507158911e-28
-11.0749027237	1.11178294658e-28
-11.060311284	1.12222126432e-28
-11.0457198444	1.27790293347e-28
-11.0311284047	1.44177569931e-28
-11.016536965	1.62774237759e-28
-11.0019455253	1.68231276428e-28
-10.9873540856	1.69167009475e-28
-10.9727626459	1.48938705471e-28
-10.9581712062	1.37706284055e-28
-10.9435797665	1.25871216942e-28
-10.9289883268	1.189323162e-28
-10.9143968872	1.0650824949e-28
-10.8998054475	9.99274705509e-29
-10.8852140078	9.86111146899e-29
-10.8706225681	1.14523988475e-28
-10.8560311284	1.53513274736e-28
-10.8414396887	2.50053356842e-28
-10.826848249	4.08640803835e-28
-10.8122568093	6.66111409487e-28
-10.7976653696	1.0482517046e-27
-10.78307393	1.609906628e-27
-10.7684824903	2.41943291751e-27
-10.7538910506	3.56914282125e-27
-10.7392996109	5.20892160398e-27
-10.7247081712	7.42963051224e-27
-10.7101167315	1.04058569614e-26
-10.6955252918	1.44007377794e-26
-10.6809338521	1.97610418846e-26
-10.6663424125	2.68678443702e-26
-10.6517509728	3.63370443669e-26
-10.6371595331	4.88913157177e-26
-10.6225680934	6.5502469577e-26
-10.6079766537	8.70280717848e-26
-10.593385214	1.15086566242e-25
-10.5787937743	1.51502328837e-25
-10.5642023346	1.98868824468e-25
-10.5496108949	2.60482276489e-25
-10.5350194553	3.40415096334e-25
-10.5204280156	4.43902299887e-25
-10.5058365759	5.7822125173e-25
-10.4912451362	7.51299868883e-25
-10.4766536965	9.74415751707e-25
-10.4620622568	1.26198007747e-24
-10.4474708171	1.63250522379e-24
-10.4328793774	2.10895584249e-24
-10.4182879377	2.72213630423e-24
-10.4036964981	3.5103785363e-24
-10.3891050584	4.52366193486e-24
-10.3745136187	5.82186625021e-24
-10.359922179	7.48419132967e-24
-10.3453307393	9.61159521586e-24
-10.3307392996	1.23330283352e-23
-10.3161478599	1.58118211142e-23
-10.3015564202	2.02572282158e-23
-10.2869649805	2.59349547124e-23
-10.2723735409	3.31847462854e-23
-10.2577821012	4.24269202087e-23
-10.2431906615	5.42079739017e-23
-10.2285992218	6.92165298315e-23
-10.2140077821	8.8325445528e-23
-10.1994163424	1.12641863313e-22
-10.1848249027	1.43569619397e-22
-10.170233463	1.82884649077e-22
-10.1556420233	2.32841246261e-22
-10.1410505837	2.96257219299e-22
-10.126459144	3.76726497815e-22
-10.1118677043	4.7878844455e-22
-10.0972762646	6.08163376235e-22
-10.0826848249	7.7205378372e-22
-10.0680933852	9.79590124313e-22
-10.0535019455	1.24224747916e-21
-10.0389105058	1.57451600319e-21
-10.0243190661	1.9945521858e-21
-10.0097276265	2.5252607092e-21
-9.99513618677	3.19546503116e-21
-9.98054474708	4.04138428935e-21
-9.96595330739	5.1084956762e-21
-9.9513618677	6.45394131695e-21
-9.93677042802	8.14944066102e-21
-9.92217898833	1.0284870023e-20
-9.90758754864	1.29727982031e-20
-9.89299610895	1.63544669117e-20
-9.87840466926	2.06065848433e-20
-9.86381322957	2.59504179463e-20
-9.84922178988	3.26626138051e-20
-9.83463035019	4.10890671696e-20
-9.82003891051	5.16620009621e-20
-9.80544747082	6.49211174921e-20
-9.79085603113	8.15394559092e-20
-9.77626459144	1.02356938218e-19
-9.76167315175	1.28420531571e-19
-9.74708171206	1.61034586822e-19
-9.73249027237	2.01823182857e-19
-9.71789883268	2.52808080498e-19
-9.703307393	3.16503376104e-19
-9.68871595331	3.96034892896e-19
-9.67412451362	4.95284778737e-19
-9.65953307393	6.19074842855e-19
-9.64494163424	7.73388719395e-19
-9.63035019455	9.65648544746e-19
-9.61575875486	1.20505404119e-18
-9.60116731517	1.50300428361e-18
-9.58657587549	1.8736131975e-18
-9.5719844358	2.33434785671e-18
-9.55739299611	2.90680852178e-18
-9.54280155642	3.61769955116e-18
-9.52821011673	4.50001101627e-18
-9.51361867704	5.59447824172e-18
-9.49902723735	6.95136796043e-18
-9.48443579767	8.63267669696e-18
-9.46984435798	1.07148221874e-17
-9.45525291829	1.32919471447e-17
-9.4406614786	1.64799520625e-17
-9.42607003891	2.04214639009e-17
-9.41147859922	2.52918828371e-17
-9.39688715953	3.13067964677e-17
-9.38229571984	3.87310267361e-17
-9.36770428016	4.78896999137e-17
-9.35311284047	5.91817379523e-17
-9.33852140078	7.3096333259e-17
-9.32392996109	9.02330055286e-17
-9.3093385214	1.11326101002e-16
-9.29474708171	1.37274566293e-16
-9.28015564202	1.69178223672e-16
-9.26556420233	2.08381845387e-16
-9.25097276265	2.56528788577e-16
-9.23638132296	3.15626096232e-16
-9.22178988327	3.88123569959e-16
-9.20719844358	4.77009643604e-16
-9.19260700389	5.85927789688e-16
-9.1780155642	7.19317417767e-16
-9.16342412451	8.82584617501e-16
-9.14883268482	1.08230873559e-15
-9.13424124514	1.32649236562e-15
-9.11964980545	1.62486341585e-15
-9.10505836576	1.98924018303e-15
-9.09046692607	2.43397189722e-15
-9.07587548638	2.97647066116e-15
-9.06128404669	3.63785254302e-15
-9.046692607	4.44371040199e-15
-9.03210116731	5.42504441311e-15
-9.01750972763	6.6193823616e-15
-9.00291828794	8.07212683282e-15
-8.98832684825	9.83817504276e-15
-8.97373540856	1.1983864228e-14
-8.95914396887	1.45893082185e-14
-8.94455252918	1.77511998572e-14
-8.92996108949	2.158617203e-14
-8.91536964981	2.62348246327e-14
-8.90077821012	3.18665475901e-14
-8.88618677043	3.86852922695e-14
-8.87159533074	4.69364748134e-14
-8.85700389105	5.69152261189e-14
-8.84241245136	6.89762484337e-14
-8.82782101167	8.35455787902e-14
-8.81322957198	1.01134623552e-13
-8.7986381323	1.22356888917e-13
-8.78404669261	1.4794791467e-13
-8.76945525292	1.78789005653e-13
-8.75486381323	2.15935470568e-13
-8.74027237354	2.60650196502e-13
-8.72568093385	3.14443549791e-13
-8.71108949416	3.79120752904e-13
-8.69649805447	4.56838111413e-13
-8.68190661479	5.50169691651e-13
-8.6673151751	6.62186348094e-13
-8.65272373541	7.96549315236e-13
-8.63813229572	9.57620984199e-13
-8.62354085603	1.15059592224e-12
-8.60894941634	1.38165574557e-12
-8.59435797665	1.65815204204e-12
-8.57976653696	1.98882230331e-12
-8.56517509728	2.38404462999e-12
-8.55058365759	2.85613798537e-12
-8.5359922179	3.41971588797e-12
-8.52140077821	4.09210278446e-12
-8.50680933852	4.89382385262e-12
-8.49221789883	5.84918083098e-12
-8.47762645914	6.98692846405e-12
-8.46303501945	8.34106864153e-12
-8.44844357977	9.9517820305e-12
-8.43385214008	1.1866520274e-11
-8.41926070039	1.41412855073e-11
-8.4046692607	1.6842128303e-11
-8.39007782101	2.00469000517e-11
-8.37548638132	2.38473016349e-11
-8.36089494163	2.83512766885e-11
-8.34630350195	3.36858055284e-11
-8.33171206226	4.00001644132e-11
-8.31712062257	4.74697250146e-11
-8.30252918288	5.63003803541e-11
-8.28793774319	6.67336968959e-11
-8.2733463035	7.9052907486e-11
-8.25875486381	9.35898774599e-11
-8.24416342412	1.10733195851e-10
-8.22957198444	1.30937566742e-10
-8.21498054475	1.547347015e-10
-8.20038910506	1.82745942605e-10
-8.18579766537	2.15696883341e-10
-8.17120622568	2.54434286515e-10
-8.15661478599	2.99945648852e-10
-8.1420233463	3.53381808224e-10
-8.12743190661	4.16083046777e-10
-8.11284046693	4.89609208164e-10
-8.09824902724	5.75774419474e-10
-8.08365758755	6.76687091539e-10
-8.06906614786	7.94795964356e-10
-8.05447470817	9.32943070762e-10
-8.03988326848	1.09442461006e-09
-8.02529182879	1.28306085924e-09
-8.0107003891	1.50327639968e-09
-7.99610894942	1.76019210998e-09
-7.98151750973	2.05973056632e-09
-7.96692607004	2.40873670911e-09
-7.95233463035	2.81511587608e-09
-7.93774319066	3.2879915749e-09
-7.92315175097	3.83788567182e-09
-7.90856031128	4.47692401485e-09
-7.89396887159	5.21907088833e-09
-7.87937743191	6.08039612339e-09
-7.86478599222	7.07937915938e-09
-7.85019455253	8.23725488118e-09
-7.83560311284	9.57840664136e-09
-7.82101167315	1.11308125295e-08
-7.80642023346	1.29265516713e-08
-7.79182879377	1.50023781445e-08
-7.77723735409	1.74003709781e-08
-7.7626459144	2.01686696883e-08
-7.74805447471	2.33623058775e-08
-7.73346303502	2.70441426206e-08
-7.71887159533	3.12859346664e-08
-7.70428015564	3.61695239291e-08
-7.68968871595	4.17881863207e-08
-7.67509727626	4.82481477109e-08
-7.66050583658	5.56702886943e-08
-7.64591439689	6.41920599157e-08
-7.6313229572	7.39696319643e-08
-7.61673151751	8.51803063058e-08
-7.60214007782	9.8025216394e-08
-7.58754863813	1.12732351007e-07
-7.57295719844	1.2955993499e-07
-7.55836575875	1.48800205995e-07
-7.54377431907	1.7078362946e-07
-7.52918287938	1.95883598023e-07
-7.51459143969	2.24521665825e-07
-7.5	2.57173372669e-07
-7.48540856031	2.94374717905e-07
-7.47081712062	3.36729349162e-07
-7.45622568093	3.84916536348e-07
-7.44163424124	4.39700007548e-07
-7.42704280156	5.0193772943e-07
-7.41245136187	5.72592721436e-07
-7.39785992218	6.52744999922e-07
-7.38326848249	7.43604755688e-07
-7.3686770428	8.46526875917e-07
-7.35408560311	9.6302692945e-07
-7.33949416342	1.09479874252e-06
-7.32490272373	1.24373370052e-06
-7.31031128405	1.41194192013e-06
-7.29571984436	1.60177544492e-06
-7.28112840467	1.81585362667e-06
-7.26653696498	2.05709086362e-06
-7.25194552529	2.32872687625e-06
-7.2373540856	2.63435970979e-06
-7.22276264591	2.97798166189e-06
-7.20817120623	3.36401834234e-06
-7.19357976654	3.79737107979e-06
-7.17898832685	4.28346289824e-06
-7.16439688716	4.8282882928e-06
-7.14980544747	5.4384670405e-06
-7.13521400778	6.12130228677e-06
-7.12062256809	6.88484315197e-06
-7.1060311284	7.73795210479e-06
-7.09143968872	8.69037734969e-06
-7.07684824903	9.75283047416e-06
-7.06225680934	1.0937069598e-05
-7.04766536965	1.22559882605e-05
-7.03307392996	1.3723710272e-05
-7.01848249027	1.53556907449e-05
-7.00389105058	1.71688235027e-05
-6.98929961089	1.91815550449e-05
-6.97470817121	2.14140052255e-05
-6.96011673152	2.38880947693e-05
-6.94552529183	2.66276797213e-05
-6.93093385214	2.96586928833e-05
-6.91634241245	3.30092922489e-05
-6.90175097276	3.67100163973e-05
-6.88715953307	4.07939467511e-05
-6.87256809338	4.52968765399e-05
-6.8579766537	5.0257486242e-05
-6.84338521401	5.57175252013e-05
-6.82879377432	6.17219990336e-05
-6.81420233463	6.83193623457e-05
-6.79961089494	7.55617161943e-05
-6.78501945525	8.35050096101e-05
-6.77042801556	9.22092444003e-05
-6.75583657588	0.000101738682328
-6.74124513619	0.000112162053649
-6.7266536965	0.000123552765852
-6.71206225681	0.000135989111328
-6.69747081712	0.000149554472561
-6.68287937743	0.000164337523285
-6.66828793774	0.000180432423935
-6.65369649805	0.000197939009576
-6.63910505837	0.000216962968356
-6.62451361868	0.000237616008423
-6.60992217899	0.000260016011106
-6.5953307393	0.000284287168059
-6.58073929961	0.000310560099968
-6.56614785992	0.000338971954328
-6.55155642023	0.000369666479743
-6.53696498054	0.000402794074142
-6.52237354086	0.000438511804269
-6.50778210117	0.000476983393829
-6.49319066148	0.00051837917767
-6.47859922179	0.000562876019447
-6.4640077821	0.000610657190314
-6.44941634241	0.000661912206289
-6.43482490272	0.000716836622113
-6.42023346303	0.000775631779627
-6.40564202335	0.000838504508908
-6.39105058366	0.000905666780704
-6.37645914397	0.000977335309014
-6.36186770428	0.00105373110301
-6.34727626459	0.00113507896795
-6.3326848249	0.00122160695499
-6.31809338521	0.00131354576061
-6.30350194552	0.00141112807642
-6.28891050584	0.00151458789099
-6.27431906615	0.00162415974578
-6.25972762646	0.0017400779477
-6.24513618677	0.0018625757415
-6.23054474708	0.00199188444582
-6.21595330739	0.00212823255708
-6.2013618677	0.00227184482606
-6.18677042802	0.00242294131266
-6.17217898833	0.00258173642448
-6.15758754864	0.00274843794563
-6.14299610895	0.0029232460624
-6.12840466926	0.00310635239273
-6.11381322957	0.00329793902687
-6.09922178988	0.00349817758644
-6.08463035019	0.00370722830971
-6.07003891051	0.00392523917045
-6.05544747082	0.00415234503794
-6.04085603113	0.00438866688547
-6.02626459144	0.0046343110544
-6.01167315175	0.00488936858049
-5.99708171206	0.00515391458888
-5.98249027237	0.00542800776336
-5.96789883268	0.00571168989526
-5.953307393	0.00600498551629
-5.93871595331	0.00630790161926
-5.92412451362	0.00662042746945
-5.90953307393	0.00694253450894
-5.89494163424	0.00727417635503
-5.88035019455	0.00761528889306
-5.86575875486	0.00796579046332
-5.85116731517	0.00832558214029
-5.83657587549	0.0086945481022
-5.8219844358	0.00907255608761
-5.80739299611	0.00945945793508
-5.79280155642	0.00985509020131
-5.77821011673	0.0102592748523
-5.76361867704	0.0106718200219
-5.74902723735	0.0110925208302
-5.73443579766	0.0115211602568
-5.71984435798	0.0119575100596
-5.70525291829	0.0124013317329
-5.6906614786	0.0128523774965
-5.67607003891	0.0133103913086
-5.66147859922	0.0137751098944
-5.64688715953	0.0142462637825
-5.63229571984	0.0147235783426
-5.61770428016	0.0152067748162
-5.60311284047	0.0156955713346
-5.58852140078	0.0161896839168
-5.57392996109	0.0166888274422
-5.5593385214	0.0171927165917
-5.54474708171	0.0177010667531
-5.53015564202	0.0182135948857
-5.51556420233	0.0187300203414
-5.50097276265	0.0192500656368
-5.48638132296	0.0197734571769
-5.47178988327	0.0202999259248
-5.45719844358	0.0208292080187
-5.44260700389	0.0213610453334
-5.4280155642	0.0218951859869
-5.41342412451	0.022431384791
-5.39883268482	0.0229694036477
-5.38424124514	0.0235090118911
-5.36964980545	0.0240499865763
-5.35505836576	0.0245921127174
-5.34046692607	0.0251351834761
-5.32587548638	0.0256790003021
-5.31128404669	0.0262233730298
-5.296692607	0.0267681199315
-5.28210116731	0.0273130677307
-5.26750972763	0.0278580515793
-5.25291828794	0.0284029149986
-5.23832684825	0.0289475097908
-5.22373540856	0.02949169592
-5.20914396887	0.0300353413683
-5.19455252918	0.0305783219687
-5.17996108949	0.0311205212169
-5.1653696498	0.0316618300662
-5.15077821012	0.0322021467062
-5.13618677043	0.0327413763294
-5.12159533074	0.0332794308866
-5.10700389105	0.0338162288344
-5.09241245136	0.0343516948757
-5.07782101167	0.0348857596962
-5.06322957198	0.0354183596979
-5.0486381323	0.0359494367318
-5.03404669261	0.0364789378301
-5.01945525292	0.0370068149412
-5.00486381323	0.0375330246667
-4.99027237354	0.0380575280024
-4.97568093385	0.0385802900848
-4.96108949416	0.0391012799425
-4.94649805447	0.0396204702548
-4.93190661479	0.0401378371163
-4.9173151751	0.0406533598101
-4.90272373541	0.0411670205882
-4.88813229572	0.0416788044605
-4.87354085603	0.0421886989919
-4.85894941634	0.0426966941084
-4.84435797665	0.043202781912
-4.82976653696	0.0437069565041
-4.81517509728	0.0442092138176
-4.80058365759	0.0447095514583
-4.7859922179	0.0452079685543
-4.77140077821	0.0457044656141
-4.75680933852	0.0461990443931
-4.74221789883	0.0466917077678
-4.72762645914	0.0471824596184
-4.71303501945	0.0476713047187
-4.69844357977	0.0481582486334
-4.68385214008	0.0486432976221
-4.66926070039	0.049126458551
-4.6546692607	0.0496077388103
-4.64007782101	0.0500871462382
-4.62548638132	0.0505646890505
-4.61089494163	0.0510403757761
-4.59630350194	0.051514215198
-4.58171206226	0.0519862162988
-4.56712062257	0.0524563882111
-4.55252918288	0.0529247401732
-4.53793774319	0.0533912814875
-4.5233463035	0.0538560214844
-4.50875486381	0.0543189694886
-4.49416342412	0.0547801347899
-4.47957198444	0.0552395266163
-4.46498054475	0.055697154111
-4.45038910506	0.056153026311
-4.43579766537	0.0566071521296
-4.42120622568	0.0570595403403
-4.40661478599	0.0575101995633
-4.3920233463	0.0579591382537
-4.37743190661	0.0584063646918
-4.36284046693	0.0588518869751
-4.34824902724	0.0592957130118
-4.33365758755	0.0597378505154
-4.31906614786	0.0601783070008
-4.30447470817	0.0606170897818
-4.28988326848	0.0610542059692
-4.27529182879	0.0614896624699
-4.2607003891	0.0619234659871
-4.24610894942	0.0623556230208
-4.23151750973	0.0627861398695
-4.21692607004	0.063215022632
-4.20233463035	0.0636422772099
-4.18774319066	0.0640679093105
-4.17315175097	0.0644919244502
-4.15856031128	0.0649143279578
-4.14396887159	0.0653351249789
-4.12937743191	0.0657543204795
-4.11478599222	0.0661719192506
-4.10019455253	0.0665879259124
-4.08560311284	0.0670023449192
-4.07101167315	0.0674151805637
-4.05642023346	0.0678264369816
-4.04182879377	0.0682361181568
-4.02723735408	0.0686442279257
-4.0126459144	0.0690507699819
-3.99805447471	0.0694557478812
-3.98346303502	0.0698591650459
-3.96887159533	0.0702610247695
-3.95428015564	0.0706613302211
-3.93968871595	0.0710600844503
-3.92509727626	0.0714572903906
-3.91050583658	0.0718529508645
-3.89591439689	0.0722470685875
-3.8813229572	0.0726396461716
-3.86673151751	0.0730306861299
-3.85214007782	0.0734201908799
-3.83754863813	0.0738081627477
-3.82295719844	0.0741946039712
-3.80836575875	0.0745795167036
-3.79377431907	0.074962903017
-3.77918287938	0.0753447649056
-3.76459143969	0.0757251042885
-3.75	0.0761039230134
-3.73540856031	0.0764812228587
-3.72081712062	0.0768570055369
-3.70622568093	0.0772312726973
-3.69163424124	0.0776040259282
-3.67704280156	0.0779752667597
-3.66245136187	0.078344996666
-3.64785992218	0.0787132170677
-3.63326848249	0.0790799293342
-3.6186770428	0.0794451347855
-3.60408560311	0.0798088346944
-3.58949416342	0.0801710302885
-3.57490272373	0.080531722752
-3.56031128405	0.0808909132274
-3.54571984436	0.0812486028175
-3.53112840467	0.0816047925866
-3.51653696498	0.0819594835625
-3.50194552529	0.0823126767377
-3.4873540856	0.0826643730709
-3.47276264591	0.0830145734886
-3.45817120623	0.0833632788859
-3.44357976654	0.0837104901284
-3.42898832685	0.084056208053
-3.41439688716	0.0844004334688
-3.39980544747	0.084743167159
-3.38521400778	0.0850844098812
-3.37062256809	0.0854241623685
-3.3560311284	0.0857624253309
-3.34143968872	0.0860991994558
-3.32684824903	0.0864344854091
-3.31225680934	0.0867682838357
-3.29766536965	0.0871005953608
-3.28307392996	0.0874314205903
-3.26848249027	0.0877607601116
-3.25389105058	0.0880886144943
-3.23929961089	0.088414984291
-3.22470817121	0.0887398700377
-3.21011673152	0.0890632722546
-3.19552529183	0.0893851914467
-3.18093385214	0.0897056281042
-3.16634241245	0.0900245827031
-3.15175097276	0.0903420557058
-3.13715953307	0.0906580475614
-3.12256809338	0.0909725587065
-3.1079766537	0.0912855895652
-3.09338521401	0.0915971405499
-3.07879377432	0.0919072120617
-3.06420233463	0.0922158044904
-3.04961089494	0.0925229182153
-3.03501945525	0.0928285536055
-3.02042801556	0.09313271102
-3.00583657587	0.0934353908084
-2.99124513619	0.0937365933108
-2.9766536965	0.0940363188584
-2.96206225681	0.0943345677739
-2.94747081712	0.0946313403714
-2.93287937743	0.0949266369569
-2.91828793774	0.0952204578288
-2.90369649805	0.0955128032774
-2.88910505837	0.0958036735861
-2.87451361868	0.0960930690311
-2.85992217899	0.0963809898813
-2.8453307393	0.0966674363994
-2.83073929961	0.0969524088413
-2.81614785992	0.0972359074569
-2.80155642023	0.0975179324895
-2.78696498054	0.0977984841771
-2.77237354086	0.0980775627516
-2.75778210117	0.0983551684393
-2.74319066148	0.0986313014612
-2.72859922179	0.0989059620333
-2.7140077821	0.099179150366
-2.69941634241	0.0994508666652
-2.68482490272	0.0997211111318
-2.67023346303	0.0999898839621
-2.65564202335	0.100257185348
-2.64105058366	0.100523015476
-2.62645914397	0.100787374531
-2.61186770428	0.10105026269
-2.59727626459	0.101311680129
-2.5826848249	0.101571627019
-2.56809338521	0.101830103526
-2.55350194552	0.102087109815
-2.53891050584	0.102342646045
-2.52431906615	0.102596712372
-2.50972762646	0.102849308949
-2.49513618677	0.103100435926
-2.48054474708	0.103350093449
-2.46595330739	0.103598281661
-2.4513618677	0.103845000701
-2.43677042801	0.104090250709
-2.42217898833	0.104334031816
-2.40758754864	0.104576344155
-2.39299610895	0.104817187854
-2.37840466926	0.105056563038
-2.36381322957	0.105294469832
-2.34922178988	0.105530908355
-2.33463035019	0.105765878725
-2.32003891051	0.105999381059
-2.30544747082	0.10623141547
-2.29085603113	0.106461982067
-2.27626459144	0.106691080961
-2.26167315175	0.106918712257
-2.24708171206	0.10714487606
-2.23249027237	0.107369572472
-2.21789883268	0.107592801593
-2.203307393	0.107814563521
-2.18871595331	0.108034858352
-2.17412451362	0.108253686181
-2.15953307393	0.1084710471
-2.14494163424	0.108686941199
-2.13035019455	0.108901368567
-2.11575875486	0.109114329291
-2.10116731517	0.109325823457
-2.08657587549	0.109535851148
-2.0719844358	0.109744412446
-2.05739299611	0.109951507431
-2.04280155642	0.110157136182
-2.02821011673	0.110361298777
-2.01361867704	0.110563995292
-1.99902723735	0.1107652258
-1.98443579766	0.110964990375
-1.96984435798	0.111163289088
-1.95525291829	0.11136012201
-1.9406614786	0.111555489209
-1.92607003891	0.111749390754
-1.91147859922	0.111941826709
-1.89688715953	0.112132797141
-1.88229571984	0.112322302113
-1.86770428015	0.112510341688
-1.85311284047	0.112696915927
-1.83852140078	0.11288202489
-1.82392996109	0.113065668637
-1.8093385214	0.113247847226
-1.79474708171	0.113428560714
-1.78015564202	0.113607809156
-1.76556420233	0.113785592608
-1.75097276265	0.113961911123
-1.73638132296	0.114136764755
-1.72178988327	0.114310153556
-1.70719844358	0.114482077575
-1.69260700389	0.114652536864
-1.6780155642	0.114821531471
-1.66342412451	0.114989061445
-1.64883268482	0.115155126833
-1.63424124514	0.115319727682
-1.61964980545	0.115482864036
-1.60505836576	0.115644535942
-1.59046692607	0.115804743442
-1.57587548638	0.115963486581
-1.56128404669	0.1161207654
-1.546692607	0.11627657994
-1.53210116731	0.116430930244
-1.51750972763	0.116583816351
-1.50291828794	0.1167352383
-1.48832684825	0.116885196131
-1.47373540856	0.11703368988
-1.45914396887	0.117180719586
-1.44455252918	0.117326285284
-1.42996108949	0.117470387012
-1.4153696498	0.117613024803
-1.40077821012	0.117754198694
-1.38618677043	0.117893908717
-1.37159533074	0.118032154906
-1.35700389105	0.118168937294
-1.34241245136	0.118304255913
-1.32782101167	0.118438110795
-1.31322957198	0.118570501971
-1.29863813229	0.11870142947
-1.28404669261	0.118830893324
-1.26945525292	0.118958893561
-1.25486381323	0.11908543021
-1.24027237354	0.119210503299
-1.22568093385	0.119334112856
-1.21108949416	0.119456258909
-1.19649805447	0.119576941483
-1.18190661479	0.119696160605
-1.1673151751	0.119813916302
-1.15272373541	0.119930208597
-1.13813229572	0.120045037516
-1.12354085603	0.120158403083
-1.10894941634	0.120270305322
-1.09435797665	0.120380744256
-1.07976653696	0.120489719909
-1.06517509728	0.120597232301
-1.05058365759	0.120703281457
-1.0359922179	0.120807867396
-1.02140077821	0.120910990141
-1.00680933852	0.121012649712
-0.992217898832	0.12111284613
-0.977626459143	0.121211579413
-0.963035019454	0.121308849583
-0.948443579766	0.121404656658
-0.933852140077	0.121499000656
-0.919260700388	0.121591881597
-0.9046692607	0.121683299498
-0.890077821011	0.121773254377
-0.875486381322	0.12186174625
-0.860894941633	0.121948775136
-0.846303501945	0.12203434105
-0.831712062256	0.122118444008
-0.817120622567	0.122201084027
-0.802529182879	0.122282261122
-0.78793774319	0.122361975307
-0.773346303501	0.122440226599
-0.758754863812	0.12251701501
-0.744163424124	0.122592340556
-0.729571984435	0.12266620325
-0.714980544746	0.122738603106
-0.700389105058	0.122809540136
-0.685797665369	0.122879014354
-0.67120622568	0.122947025772
-0.656614785991	0.123013574402
-0.642023346303	0.123078660256
-0.627431906614	0.123142283346
-0.612840466925	0.123204443683
-0.598249027237	0.123265141278
-0.583657587548	0.123324376141
-0.569066147859	0.123382148284
-0.55447470817	0.123438457716
-0.539883268482	0.123493304447
-0.525291828793	0.123546688487
-0.510700389104	0.123598609845
-0.496108949416	0.123649068529
-0.481517509727	0.123698064549
-0.466926070038	0.123745597913
-0.452334630349	0.123791668629
-0.437743190661	0.123836276706
-0.423151750972	0.123879422149
-0.408560311283	0.123921104968
-0.393968871594	0.123961325169
-0.379377431906	0.124000082759
-0.364785992217	0.124037377744
-0.350194552528	0.124073210131
-0.33560311284	0.124107579926
-0.321011673151	0.124140487134
-0.306420233462	0.124171931761
-0.291828793773	0.124201913813
-0.277237354085	0.124230433294
-0.262645914396	0.124257490209
-0.248054474707	0.124283084562
-0.233463035019	0.124307216359
-0.21887159533	0.124329885602
-0.204280155641	0.124351092296
-0.189688715952	0.124370836444
-0.175097276264	0.12438911805
-0.160505836575	0.124405937116
-0.145914396886	0.124421293645
-0.131322957198	0.124435187641
-0.116731517509	0.124447619104
-0.10214007782	0.124458588037
-0.0875486381314	0.124468094442
-0.0729571984427	0.124476138321
-0.058365758754	0.124482719674
-0.0437743190653	0.124487838504
-0.0291828793766	0.12449149481
-0.0145914396879	0.124493688593
8.5975671027e-13	0.124494419854
0.0145914396896	0.124493688593
0.0291828793783	0.12449149481
0.043774319067	0.124487838504
0.0583657587557	0.124482719674
0.0729571984444	0.124476138321
0.0875486381332	0.124468094442
0.102140077822	0.124458588037
0.116731517511	0.124447619104
0.131322957199	0.124435187641
0.145914396888	0.124421293645
0.160505836577	0.124405937116
0.175097276265	0.12438911805
0.189688715954	0.124370836444
0.204280155643	0.124351092296
0.218871595332	0.124329885602
0.23346303502	0.124307216359
0.248054474709	0.124283084562
0.262645914398	0.124257490209
0.277237354086	0.124230433294
0.291828793775	0.124201913813
0.306420233464	0.124171931761
0.321011673153	0.124140487134
0.335603112841	0.124107579926
0.35019455253	0.124073210131
0.364785992219	0.124037377744
0.379377431907	0.124000082759
0.393968871596	0.123961325169
0.408560311285	0.123921104968
0.423151750974	0.123879422149
0.437743190662	0.123836276706
0.452334630351	0.123791668629
0.46692607004	0.123745597913
0.481517509729	0.123698064549
0.496108949417	0.123649068529
0.510700389106	0.123598609845
0.525291828795	0.123546688487
0.539883268483	0.123493304447
0.554474708172	0.123438457716
0.569066147861	0.123382148284
0.58365758755	0.123324376141
0.598249027238	0.123265141278
0.612840466927	0.123204443683
0.627431906616	0.123142283346
0.642023346304	0.123078660256
0.656614785993	0.123013574402
0.671206225682	0.122947025772
0.685797665371	0.122879014354
0.700389105059	0.122809540136
0.714980544748	0.122738603106
0.729571984437	0.12266620325
0.744163424125	0.122592340556
0.758754863814	0.12251701501
0.773346303503	0.122440226599
0.787937743192	0.122361975307
0.80252918288	0.122282261122
0.817120622569	0.122201084027
0.831712062258	0.122118444008
0.846303501946	0.12203434105
0.860894941635	0.121948775136
0.875486381324	0.12186174625
0.890077821013	0.121773254377
0.904669260701	0.121683299498
0.91926070039	0.121591881597
0.933852140079	0.121499000656
0.948443579767	0.121404656658
0.963035019456	0.121308849583
0.977626459145	0.121211579413
0.992217898834	0.12111284613
1.00680933852	0.121012649712
1.02140077821	0.120910990141
1.0359922179	0.120807867396
1.05058365759	0.120703281457
1.06517509728	0.120597232301
1.07976653697	0.120489719909
1.09435797665	0.120380744256
1.10894941634	0.120270305322
1.12354085603	0.120158403083
1.13813229572	0.120045037516
1.15272373541	0.119930208597
1.1673151751	0.119813916302
1.18190661479	0.119696160605
1.19649805448	0.119576941483
1.21108949416	0.119456258909
1.22568093385	0.119334112856
1.24027237354	0.119210503299
1.25486381323	0.11908543021
1.26945525292	0.118958893561
1.28404669261	0.118830893324
1.2986381323	0.11870142947
1.31322957199	0.118570501971
1.32782101167	0.118438110795
1.34241245136	0.118304255913
1.35700389105	0.118168937294
1.37159533074	0.118032154906
1.38618677043	0.117893908717
1.40077821012	0.117754198694
1.41536964981	0.117613024803
1.4299610895	0.117470387012
1.44455252918	0.117326285284
1.45914396887	0.117180719586
1.47373540856	0.11703368988
1.48832684825	0.116885196131
1.50291828794	0.1167352383
1.51750972763	0.116583816351
1.53210116732	0.116430930244
1.546692607	0.11627657994
1.56128404669	0.1161207654
1.57587548638	0.115963486581
1.59046692607	0.115804743442
1.60505836576	0.115644535942
1.61964980545	0.115482864036
1.63424124514	0.115319727682
1.64883268483	0.115155126833
1.66342412451	0.114989061445
1.6780155642	0.114821531471
1.69260700389	0.114652536864
1.70719844358	0.114482077575
1.72178988327	0.114310153556
1.73638132296	0.114136764755
1.75097276265	0.113961911123
1.76556420234	0.113785592608
1.78015564202	0.113607809156
1.79474708171	0.113428560714
1.8093385214	0.113247847226
1.82392996109	0.113065668637
1.83852140078	0.11288202489
1.85311284047	0.112696915927
1.86770428016	0.112510341688
1.88229571985	0.112322302113
1.89688715953	0.112132797141
1.91147859922	0.111941826709
1.92607003891	0.111749390754
1.9406614786	0.111555489209
1.95525291829	0.11136012201
1.96984435798	0.111163289088
1.98443579767	0.110964990375
1.99902723736	0.1107652258
2.01361867704	0.110563995291
2.02821011673	0.110361298777
2.04280155642	0.110157136182
2.05739299611	0.109951507431
2.0719844358	0.109744412446
2.08657587549	0.109535851148
2.10116731518	0.109325823457
2.11575875486	0.109114329291
2.13035019455	0.108901368567
2.14494163424	0.108686941199
2.15953307393	0.1084710471
2.17412451362	0.108253686181
2.18871595331	0.108034858352
2.203307393	0.107814563521
2.21789883269	0.107592801593
2.23249027237	0.107369572472
2.24708171206	0.10714487606
2.26167315175	0.106918712257
2.27626459144	0.106691080961
2.29085603113	0.106461982067
2.30544747082	0.10623141547
2.32003891051	0.105999381059
2.3346303502	0.105765878725
2.34922178988	0.105530908355
2.36381322957	0.105294469832
2.37840466926	0.105056563038
2.39299610895	0.104817187854
2.40758754864	0.104576344155
2.42217898833	0.104334031816
2.43677042802	0.104090250709
2.45136186771	0.103845000701
2.46595330739	0.10359828166
2.48054474708	0.103350093449
2.49513618677	0.103100435926
2.50972762646	0.102849308949
2.52431906615	0.102596712372
2.53891050584	0.102342646045
2.55350194553	0.102087109815
2.56809338522	0.101830103526
2.5826848249	0.101571627019
2.59727626459	0.101311680129
2.61186770428	0.10105026269
2.62645914397	0.100787374531
2.64105058366	0.100523015476
2.65564202335	0.100257185348
2.67023346304	0.0999898839621
2.68482490272	0.0997211111318
2.69941634241	0.0994508666652
2.7140077821	0.099179150366
2.72859922179	0.0989059620332
2.74319066148	0.0986313014612
2.75778210117	0.0983551684392
2.77237354086	0.0980775627515
2.78696498055	0.0977984841771
2.80155642023	0.0975179324895
2.81614785992	0.0972359074568
2.83073929961	0.0969524088413
2.8453307393	0.0966674363994
2.85992217899	0.0963809898813
2.87451361868	0.096093069031
2.88910505837	0.0958036735861
2.90369649806	0.0955128032774
2.91828793774	0.0952204578287
2.93287937743	0.0949266369569
2.94747081712	0.0946313403714
2.96206225681	0.0943345677739
2.9766536965	0.0940363188584
2.99124513619	0.0937365933107
3.00583657588	0.0934353908084
3.02042801557	0.09313271102
3.03501945525	0.0928285536055
3.04961089494	0.0925229182153
3.06420233463	0.0922158044904
3.07879377432	0.0919072120617
3.09338521401	0.0915971405499
3.1079766537	0.0912855895652
3.12256809339	0.0909725587065
3.13715953307	0.0906580475614
3.15175097276	0.0903420557057
3.16634241245	0.0900245827031
3.18093385214	0.0897056281042
3.19552529183	0.0893851914467
3.21011673152	0.0890632722546
3.22470817121	0.0887398700377
3.2392996109	0.088414984291
3.25389105058	0.0880886144943
3.26848249027	0.0877607601116
3.28307392996	0.0874314205903
3.29766536965	0.0871005953608
3.31225680934	0.0867682838357
3.32684824903	0.086434485409
3.34143968872	0.0860991994558
3.35603112841	0.0857624253309
3.37062256809	0.0854241623685
3.38521400778	0.0850844098811
3.39980544747	0.084743167159
3.41439688716	0.0844004334688
3.42898832685	0.084056208053
3.44357976654	0.0837104901284
3.45817120623	0.0833632788859
3.47276264592	0.0830145734886
3.4873540856	0.0826643730709
3.50194552529	0.0823126767377
3.51653696498	0.0819594835625
3.53112840467	0.0816047925866
3.54571984436	0.0812486028175
3.56031128405	0.0808909132274
3.57490272374	0.0805317227519
3.58949416343	0.0801710302885
3.60408560311	0.0798088346944
3.6186770428	0.0794451347855
3.63326848249	0.0790799293342
3.64785992218	0.0787132170677
3.66245136187	0.078344996666
3.67704280156	0.0779752667597
3.69163424125	0.0776040259282
3.70622568093	0.0772312726973
3.72081712062	0.0768570055369
3.73540856031	0.0764812228587
3.75	0.0761039230134
3.76459143969	0.0757251042885
3.77918287938	0.0753447649056
3.79377431907	0.074962903017
3.80836575876	0.0745795167036
3.82295719844	0.0741946039712
3.83754863813	0.0738081627477
3.85214007782	0.0734201908799
3.86673151751	0.0730306861299
3.8813229572	0.0726396461716
3.89591439689	0.0722470685875
3.91050583658	0.0718529508645
3.92509727627	0.0714572903906
3.93968871595	0.0710600844503
3.95428015564	0.0706613302211
3.96887159533	0.0702610247695
3.98346303502	0.0698591650459
3.99805447471	0.0694557478812
4.0126459144	0.0690507699819
4.02723735409	0.0686442279257
4.04182879378	0.0682361181568
4.05642023346	0.0678264369816
4.07101167315	0.0674151805637
4.08560311284	0.0670023449192
4.10019455253	0.0665879259124
4.11478599222	0.0661719192506
4.12937743191	0.0657543204795
4.1439688716	0.0653351249789
4.15856031129	0.0649143279578
4.17315175097	0.0644919244502
4.18774319066	0.0640679093105
4.20233463035	0.0636422772099
4.21692607004	0.063215022632
4.23151750973	0.0627861398695
4.24610894942	0.0623556230208
4.26070038911	0.0619234659871
4.27529182879	0.0614896624699
4.28988326848	0.0610542059692
4.30447470817	0.0606170897818
4.31906614786	0.0601783070008
4.33365758755	0.0597378505154
4.34824902724	0.0592957130118
4.36284046693	0.0588518869751
4.37743190662	0.0584063646918
4.3920233463	0.0579591382537
4.40661478599	0.0575101995633
4.42120622568	0.0570595403403
4.43579766537	0.0566071521296
4.45038910506	0.056153026311
4.46498054475	0.055697154111
4.47957198444	0.0552395266163
4.49416342413	0.0547801347899
4.50875486381	0.0543189694886
4.5233463035	0.0538560214844
4.53793774319	0.0533912814875
4.55252918288	0.0529247401732
4.56712062257	0.0524563882111
4.58171206226	0.0519862162988
4.59630350195	0.0515142151981
4.61089494164	0.0510403757762
4.62548638132	0.0505646890505
4.64007782101	0.0500871462382
4.6546692607	0.0496077388104
4.66926070039	0.049126458551
4.68385214008	0.0486432976221
4.69844357977	0.0481582486334
4.71303501946	0.0476713047188
4.72762645915	0.0471824596184
4.74221789883	0.0466917077678
4.75680933852	0.0461990443931
4.77140077821	0.0457044656142
4.7859922179	0.0452079685544
4.80058365759	0.0447095514584
4.81517509728	0.0442092138176
4.82976653697	0.0437069565041
4.84435797665	0.0432027819121
4.85894941634	0.0426966941085
4.87354085603	0.0421886989919
4.88813229572	0.0416788044606
4.90272373541	0.0411670205883
4.9173151751	0.0406533598101
4.93190661479	0.0401378371163
4.94649805448	0.0396204702548
4.96108949416	0.0391012799426
4.97568093385	0.0385802900848
4.99027237354	0.0380575280024
5.00486381323	0.0375330246667
5.01945525292	0.0370068149413
5.03404669261	0.0364789378302
5.0486381323	0.0359494367318
5.06322957199	0.035418359698
5.07782101167	0.0348857596962
5.09241245136	0.0343516948758
5.10700389105	0.0338162288345
5.12159533074	0.0332794308867
5.13618677043	0.0327413763294
5.15077821012	0.0322021467062
5.16536964981	0.0316618300662
5.1799610895	0.031120521217
5.19455252918	0.0305783219687
5.20914396887	0.0300353413684
5.22373540856	0.0294916959201
5.23832684825	0.0289475097909
5.25291828794	0.0284029149987
5.26750972763	0.0278580515793
5.28210116732	0.0273130677308
5.29669260701	0.0267681199315
5.31128404669	0.0262233730299
5.32587548638	0.0256790003022
5.34046692607	0.0251351834761
5.35505836576	0.0245921127175
5.36964980545	0.0240499865763
5.38424124514	0.0235090118912
5.39883268483	0.0229694036478
5.41342412451	0.0224313847911
5.4280155642	0.021895185987
5.44260700389	0.0213610453335
5.45719844358	0.0208292080188
5.47178988327	0.0202999259249
5.48638132296	0.019773457177
5.50097276265	0.0192500656369
5.51556420234	0.0187300203415
5.53015564202	0.0182135948858
5.54474708171	0.0177010667532
5.5593385214	0.0171927165918
5.57392996109	0.0166888274423
5.58852140078	0.0161896839169
5.60311284047	0.0156955713347
5.61770428016	0.0152067748163
5.63229571985	0.0147235783427
5.64688715953	0.0142462637827
5.66147859922	0.0137751098945
5.67607003891	0.0133103913088
5.6906614786	0.0128523774966
5.70525291829	0.012401331733
5.71984435798	0.0119575100597
5.73443579767	0.0115211602569
5.74902723736	0.0110925208303
5.76361867704	0.010671820022
5.77821011673	0.0102592748524
5.79280155642	0.00985509020141
5.80739299611	0.00945945793518
5.8219844358	0.00907255608771
5.83657587549	0.00869454810231
5.85116731518	0.00832558214039
5.86575875487	0.00796579046342
5.88035019455	0.00761528889316
5.89494163424	0.00727417635512
5.90953307393	0.00694253450904
5.92412451362	0.00662042746954
5.93871595331	0.00630790161935
5.953307393	0.00600498551639
5.96789883269	0.00571168989535
5.98249027237	0.00542800776345
5.99708171206	0.00515391458896
6.01167315175	0.00488936858057
6.02626459144	0.00463431105448
6.04085603113	0.00438866688555
6.05544747082	0.00415234503802
6.07003891051	0.00392523917053
6.0846303502	0.00370722830978
6.09922178988	0.00349817758651
6.11381322957	0.00329793902694
6.12840466926	0.0031063523928
6.14299610895	0.00292324606246
6.15758754864	0.0027484379457
6.17217898833	0.00258173642454
6.18677042802	0.00242294131272
6.20136186771	0.00227184482612
6.21595330739	0.00212823255713
6.23054474708	0.00199188444587
6.24513618677	0.00186257574155
6.25972762646	0.00174007794775
6.27431906615	0.00162415974583
6.28891050584	0.00151458789104
6.30350194553	0.00141112807646
6.31809338522	0.00131354576065
6.3326848249	0.00122160695503
6.34727626459	0.00113507896799
6.36186770428	0.00105373110305
6.37645914397	0.000977335309048
6.39105058366	0.000905666780737
6.40564202335	0.000838504508939
6.42023346304	0.000775631779656
6.43482490272	0.000716836622141
6.44941634241	0.000661912206315
6.4640077821	0.000610657190339
6.47859922179	0.00056287601947
6.49319066148	0.000518379177692
6.50778210117	0.00047698339385
6.52237354086	0.000438511804289
6.53696498055	0.000402794074161
6.55155642023	0.000369666479761
6.56614785992	0.000338971954344
6.58073929961	0.000310560099983
6.5953307393	0.000284287168074
6.60992217899	0.000260016011119
6.62451361868	0.000237616008435
6.63910505837	0.000216962968368
6.65369649806	0.000197939009587
6.66828793774	0.000180432423946
6.68287937743	0.000164337523294
6.69747081712	0.00014955447257
6.71206225681	0.000135989111336
6.7266536965	0.00012355276586
6.74124513619	0.000112162053657
6.75583657588	0.000101738682335
6.77042801557	9.22092444067e-05
6.78501945525	8.35050096162e-05
6.79961089494	7.55617161999e-05
6.81420233463	6.8319362351e-05
6.82879377432	6.17219990385e-05
6.84338521401	5.57175252058e-05
6.8579766537	5.02574862462e-05
6.87256809339	4.52968765438e-05
6.88715953308	4.07939467547e-05
6.90175097276	3.67100164006e-05
6.91634241245	3.3009292252e-05
6.93093385214	2.96586928862e-05
6.94552529183	2.66276797239e-05
6.96011673152	2.38880947717e-05
6.97470817121	2.14140052277e-05
6.9892996109	1.91815550469e-05
7.00389105058	1.71688235046e-05
7.01848249027	1.53556907467e-05
7.03307392996	1.37237102735e-05
7.04766536965	1.22559882619e-05
7.06225680934	1.09370695993e-05
7.07684824903	9.75283047539e-06
7.09143968872	8.69037735082e-06
7.10603112841	7.73795210582e-06
7.12062256809	6.88484315291e-06
7.13521400778	6.12130228763e-06
7.14980544747	5.4384670413e-06
7.16439688716	4.82828829353e-06
7.17898832685	4.28346289891e-06
7.19357976654	3.79737108041e-06
7.20817120623	3.36401834291e-06
7.22276264592	2.97798166241e-06
7.2373540856	2.63435971027e-06
7.25194552529	2.32872687669e-06
7.26653696498	2.05709086402e-06
7.28112840467	1.81585362703e-06
7.29571984436	1.60177544526e-06
7.31031128405	1.41194192044e-06
7.32490272374	1.24373370079e-06
7.33949416343	1.09479874277e-06
7.35408560311	9.6302692968e-07
7.3686770428	8.46526876127e-07
7.38326848249	7.4360475588e-07
7.39785992218	6.52745000097e-07
7.41245136187	5.72592721595e-07
7.42704280156	5.01937729574e-07
7.44163424125	4.39700007679e-07
7.45622568094	3.84916536468e-07
7.47081712062	3.36729349269e-07
7.48540856031	2.94374718004e-07
7.5	2.5717337276e-07
7.51459143969	2.24521665908e-07
7.52918287938	1.95883598097e-07
7.54377431907	1.70783629527e-07
7.55836575876	1.48800206056e-07
7.57295719844	1.29559935045e-07
7.58754863813	1.12732351057e-07
7.60214007782	9.80252164395e-08
7.61673151751	8.5180306347e-08
7.6313229572	7.39696320017e-08
7.64591439689	6.41920599494e-08
7.66050583658	5.56702887246e-08
7.67509727627	4.82481477379e-08
7.68968871595	4.17881863448e-08
7.70428015564	3.61695239504e-08
7.71887159533	3.12859346856e-08
7.73346303502	2.70441426378e-08
7.74805447471	2.33623058929e-08
7.7626459144	2.0168669702e-08
7.77723735409	1.74003709903e-08
7.79182879378	1.50023781552e-08
7.80642023346	1.29265516808e-08
7.82101167315	1.11308125378e-08
7.83560311284	9.57840664896e-09
7.85019455253	8.23725488802e-09
7.86478599222	7.07937916557e-09
7.87937743191	6.08039612892e-09
7.8939688716	5.21907089331e-09
7.90856031129	4.47692401927e-09
7.92315175097	3.83788567578e-09
7.93774319066	3.28799157837e-09
7.95233463035	2.81511587928e-09
7.96692607004	2.40873671202e-09
7.98151750973	2.05973056898e-09
7.99610894942	1.76019211237e-09
8.01070038911	1.50327640185e-09
8.0252918288	1.28306086118e-09
8.03988326848	1.09442461182e-09
8.05447470817	9.32943072313e-10
8.06906614786	7.94795965805e-10
8.08365758755	6.76687092852e-10
8.09824902724	5.7577442067e-10
8.11284046693	4.89609209229e-10
8.12743190662	4.16083047734e-10
8.1420233463	3.53381809062e-10
8.15661478599	2.99945649587e-10
8.17120622568	2.54434287135e-10
8.18579766537	2.15696883902e-10
8.20038910506	1.827459431e-10
8.21498054475	1.54734701943e-10
8.22957198444	1.30937567129e-10
8.24416342413	1.10733196195e-10
8.25875486381	9.35898777585e-11
8.2733463035	7.9052907748e-11
8.28793774319	6.67336971153e-11
8.30252918288	5.63003805549e-11
8.31712062257	4.74697251925e-11
8.33171206226	4.00001645736e-11
8.34630350195	3.36858056685e-11
8.36089494164	2.83512768139e-11
8.37548638132	2.38473017436e-11
8.39007782101	2.00469001476e-11
8.4046692607	1.68421283826e-11
8.41926070039	1.41412855817e-11
8.43385214008	1.18665203404e-11
8.44844357977	9.95178209155e-12
8.46303501946	8.34106869622e-12
8.47762645915	6.98692851431e-12
8.49221789883	5.84918087479e-12
8.50680933852	4.89382389208e-12
8.52140077821	4.09210281825e-12
8.5359922179	3.41971592111e-12
8.55058365759	2.85613801568e-12
8.56517509728	2.3840446583e-12
8.57976653697	1.98882232842e-12
8.59435797666	1.65815206481e-12
8.60894941634	1.38165576508e-12
8.62354085603	1.15059593921e-12
8.63813229572	9.57620997746e-13
8.65272373541	7.96549327966e-13
8.6673151751	6.62186359287e-13
8.68190661479	5.50169701762e-13
8.69649805448	4.56838120093e-13
8.71108949416	3.79120760743e-13
8.72568093385	3.14443556447e-13
8.74027237354	2.60650202309e-13
8.75486381323	2.15935475135e-13
8.76945525292	1.7878901013e-13
8.78404669261	1.47947918735e-13
8.7986381323	1.22356892716e-13
8.81322957199	1.01134626845e-13
8.82782101167	8.35455817656e-14
8.84241245136	6.89762509353e-14
8.85700389105	5.69152282657e-14
8.87159533074	4.69364763948e-14
8.88618677043	3.8685293824e-14
8.90077821012	3.18665489823e-14
8.91536964981	2.62348259513e-14
8.9299610895	2.15861731827e-14
8.94455252918	1.77512009431e-14
8.95914396887	1.45893091791e-14
8.97373540856	1.19838651337e-14
8.98832684825	9.83817579816e-15
9.00291828794	8.07212765289e-15
9.01750972763	6.61938315971e-15
9.03210116732	5.42504520844e-15
9.04669260701	4.44371113355e-15
9.06128404669	3.63785323673e-15
9.07587548638	2.97647126703e-15
9.09046692607	2.4339724489e-15
9.10505836576	1.98924063975e-15
9.11964980545	1.62486386948e-15
9.13424124514	1.32649278208e-15
9.14883268483	1.08230913177e-15
9.16342412452	8.82584974554e-16
9.1780155642	7.19317749942e-16
9.19260700389	5.85928081835e-16
9.20719844358	4.77009907803e-16
9.22178988327	3.88123793455e-16
9.23638132296	3.1562631853e-16
9.25097276265	2.56528994013e-16
9.26556420234	2.08382041405e-16
9.28015564202	1.69178399787e-16
9.29474708171	1.37274729834e-16
9.3093385214	1.11326245815e-16
9.32392996109	9.02331367094e-17
9.33852140078	7.30964434906e-17
9.35311284047	5.91818475603e-17
9.36770428016	4.78898016746e-17
9.38229571985	3.87311222606e-17
9.39688715953	3.13068820354e-17
9.41147859922	2.52919609507e-17
9.42607003891	2.04215322484e-17
9.4406614786	1.64800133687e-17
9.45525291829	1.32919981219e-17
9.46984435798	1.07148707463e-17
9.48443579767	8.63272079038e-18
9.49902723736	6.95140886582e-18
9.51361867704	5.59451454461e-18
9.52821011673	4.50004407948e-18
9.54280155642	3.61772852226e-18
9.55739299611	2.90683470741e-18
9.5719844358	2.33437021395e-18
9.58657587549	1.87363466112e-18
9.60116731518	1.5030237055e-18
9.61575875487	1.205072199e-18
9.63035019455	9.65664797553e-19
9.64494163424	7.73403494519e-19
9.65953307393	6.19087732535e-19
9.67412451362	4.9529637917e-19
9.68871595331	3.96044700373e-19
9.703307393	3.16512634067e-19
9.71789883269	2.5281645676e-19
9.73249027237	2.01830894598e-19
9.74708171206	1.61041461301e-19
9.76167315175	1.28426808389e-19
9.77626459144	1.02362446492e-19
9.79085603113	8.1544354554e-20
9.80544747082	6.49252929679e-20
9.82003891051	5.16659233299e-20
9.8346303502	4.1092594643e-20
9.84922178988	3.26658591346e-20
9.86381322957	2.59532940754e-20
9.87840466926	2.06092028138e-20
9.89299610895	1.63567834222e-20
9.90758754864	1.29748867622e-20
9.92217898833	1.02866611817e-20
9.93677042802	8.15112704519e-21
9.95136186771	6.4554826015e-21
9.96595330739	5.10991992895e-21
9.98054474708	4.04265435371e-21
9.99513618677	3.19660874834e-21
10.0097276265	2.52626001663e-21
10.0243190661	1.99543785567e-21
10.0389105058	1.57526262178e-21
10.0535019455	1.24292834615e-21
10.0680933852	9.80192085297e-22
10.0826848249	7.72604602109e-22
10.0972762646	6.08649782061e-22
10.1118677043	4.7923137654e-22
10.126459144	3.77119394767e-22
10.1410505837	2.96613346757e-22
10.1556420233	2.33151683336e-22
10.170233463	1.83174934333e-22
10.1848249027	1.43832639532e-22
10.1994163424	1.12881869706e-22
10.2140077821	8.8537829759e-23
10.2285992218	6.94083611212e-23
10.2431906615	5.43774962862e-23
10.2577821012	4.25771341478e-23
10.2723735409	3.33125020287e-23
10.2869649805	2.60508983431e-23
10.3015564202	2.03605303325e-23
10.3161478599	1.59057216455e-23
10.3307392996	1.24165119378e-23
10.3453307393	9.68672841221e-24
10.359922179	7.5506252126e-24
10.3745136187	5.88161092191e-24
10.3891050584	4.57605113098e-24
10.4036964981	3.55912505568e-24
10.4182879377	2.76615412527e-24
10.4328793774	2.14873660782e-24
10.4474708171	1.66718573139e-24
10.4620622568	1.29238066515e-24
10.4766536965	1.00044050837e-24
10.4912451362	7.7373746053e-25
10.5058365759	5.96799323258e-25
10.5204280156	4.60302225979e-25
10.5350194553	3.54667246146e-25
10.5496108949	2.73110822332e-25
10.5642023346	2.09892654776e-25
10.5787937743	1.61293740442e-25
10.593385214	1.2373993287e-25
10.6079766537	9.47740048054e-26
10.6225680934	7.23121815642e-26
10.6371595331	5.51631041697e-26
10.6517509728	4.20398257966e-26
10.6663424125	3.20897546998e-26
10.6809338521	2.44562895419e-26
10.6955252918	1.86505684595e-26
10.7101167315	1.42375742669e-26
10.7247081712	1.09168697594e-26
10.7392996109	8.36801506731e-27
10.7538910506	6.50430871146e-27
10.7684824903	5.11739976672e-27
10.78307393	4.10403839623e-27
10.7976653697	3.36141387092e-27
10.8122568093	2.81055089985e-27
10.826848249	2.39995943347e-27
10.8414396887	2.12714432673e-27
10.8560311284	1.96134751168e-27
10.8706225681	1.82935043992e-27
10.8852140078	1.73023697538e-27
10.8998054475	1.65441543122e-27
10.9143968872	1.6175565126e-27
10.9289883268	1.57659271559e-27
10.9435797665	1.55716983836e-27
10.9581712062	1.54753511425e-27
10.9727626459	1.59921506105e-27
10.9873540856	1.61200392326e-27
11.0019455253	1.61084072987e-27
11.016536965	1.60963464897e-27
11.0311284047	1.61883144369e-27
11.0457198444	1.63633139246e-27
11.060311284	1.68617416116e-27
11.0749027237	1.74935886023e-27
11.0894941634	1.88776250929e-27
11.1040856031	2.03329097195e-27
11.1186770428	2.24668346898e-27
11.1332684825	2.52714608254e-27
11.1478599222	2.9374302552e-27
11.1624513619	3.48605043557e-27
11.1770428016	4.26871954247e-27
11.1916342412	5.35054662179e-27
11.2062256809	6.85021027959e-27
11.2208171206	8.75719054573e-27
11.2354085603	1.15284198247e-26
11.25	1.4073881624e-26
11.2645914397	1.1424536081e-26
11.2791828794	8.51212314394e-27
11.2937743191	6.46375744978e-27
11.3083657588	4.88104659055e-27
11.3229571984	3.71153332577e-27
11.3375486381	2.81344909108e-27
11.3521400778	2.14550066775e-27
11.3667315175	1.63269954782e-27
11.3813229572	1.24353462168e-27
11.3959143969	9.59962689688e-28
11.4105058366	7.46413790775e-28
11.4250972763	5.88456248346e-28
11.439688716	4.67609198333e-28
11.4542801556	3.7886671722e-28
11.4688715953	3.15329937358e-28
11.483463035	2.70668484066e-28
11.4980544747	2.34368898092e-28
11.5126459144	2.10707929706e-28
11.5272373541	1.87699766425e-28
11.5418287938	1.72328837711e-28
11.5564202335	1.57393391843e-28
11.5710116732	1.48823603616e-28
11.5856031128	1.42038397429e-28
11.6001945525	1.4159151185e-28
11.6147859922	1.39292027105e-28
11.6293774319	1.39986712407e-28
11.6439688716	1.37424437032e-28
11.6585603113	1.36175485299e-28
11.673151751	1.23859694519e-28
11.6877431907	1.23334102216e-28
11.7023346304	1.22626819775e-28
11.71692607	1.25710900266e-28
11.7315175097	1.26595927174e-28
11.7461089494	1.33032030364e-28
11.7607003891	1.40261584908e-28
11.7752918288	1.49904943545e-28
11.7898832685	1.51509604354e-28
11.8044747082	1.60329777651e-28
11.8190661479	1.70258780541e-28
11.8336575876	1.80814674669e-28
11.8482490272	1.89114745392e-28
11.8628404669	2.0255979615e-28
11.8774319066	2.13441562202e-28
11.8920233463	2.19489468991e-28
11.906614786	2.17324414424e-28
11.9212062257	2.18548962482e-28
11.9357976654	2.18698952809e-28
11.9503891051	2.23512989256e-28
11.9649805447	2.21605768879e-28
11.9795719844	2.19243448548e-28
11.9941634241	2.15498946099e-28
12.0087548638	2.1350258142e-28
12.0233463035	2.07586970664e-28
12.0379377432	2.08531769751e-28
12.0525291829	2.0754689161e-28
12.0671206226	2.0556855681e-28
12.0817120623	2.01158241374e-28
12.0963035019	2.00909432952e-28
12.1108949416	2.00661282062e-28
12.1254863813	2.0890957713e-28
12.140077821	2.19687776215e-28
12.1546692607	2.28642492091e-28
12.1692607004	2.34551585657e-28
12.1838521401	2.40281329779e-28
12.1984435798	2.40498310627e-28
12.2130350195	2.42635445342e-28
12.2276264591	2.48909374633e-28
12.2422178988	2.57071570718e-28
12.2568093385	2.71242047234e-28
12.2714007782	2.86545652351e-28
12.2859922179	2.98474658485e-28
12.3005836576	3.08371567278e-28
12.3151750973	3.11905335658e-28
12.329766537	3.12096323229e-28
12.3443579767	3.16651820444e-28
12.3589494163	3.22131441013e-28
12.373540856	3.35779634776e-28
12.3881322957	3.47029419149e-28
12.4027237354	3.55532903119e-28
12.4173151751	3.54763468722e-28
12.4319066148	3.52869779473e-28
12.4464980545	3.48414722326e-28
12.4610894942	3.51998505585e-28
12.4756809339	3.6179076989e-28
12.4902723735	3.82785311421e-28
12.5048638132	3.96779494118e-28
12.5194552529	4.11621196051e-28
12.5340466926	4.18907683568e-28
12.5486381323	4.21974896664e-28
12.563229572	4.2530524726e-28
12.5778210117	4.34332554563e-28
12.5924124514	4.45405787099e-28
12.6070038911	4.72551072643e-28
12.6215953307	4.83756729475e-28
12.6361867704	4.90830595162e-28
12.6507782101	4.84911689149e-28
12.6653696498	4.79531948245e-28
12.6799610895	4.78718408156e-28
12.6945525292	4.92026994957e-28
12.7091439689	5.10616114438e-28
12.7237354086	5.51977545619e-28
12.7383268483	5.74632546504e-28
12.7529182879	5.8326988408e-28
12.7675097276	5.77864532181e-28
12.7821011673	5.76609123203e-28
12.796692607	5.68443992583e-28
12.8112840467	5.75896043584e-28
12.8258754864	5.94393592526e-28
12.8404669261	6.31437296367e-28
12.8550583658	6.42567987702e-28
12.8696498054	6.50723321624e-28
12.8842412451	6.43973814485e-28
12.8988326848	6.34890486641e-28
12.9134241245	6.30317398464e-28
12.9280155642	6.40572751431e-28
12.9426070039	6.54575283221e-28
12.9571984436	6.86176868774e-28
12.9717898833	6.94501140801e-28
12.986381323	7.01698392361e-28
13.0009727626	6.95325494364e-28
13.0155642023	6.89644130322e-28
13.030155642	6.79750987601e-28
13.0447470817	6.83110010847e-28
13.0593385214	6.94822572205e-28
13.0739299611	7.37178422352e-28
13.0885214008	7.55348984104e-28
13.1031128405	7.59780374101e-28
13.1177042802	7.49880934575e-28
13.1322957198	7.43446278024e-28
13.1468871595	7.33379475486e-28
13.1614785992	7.43630104378e-28
13.1760700389	7.66625877436e-28
13.1906614786	8.11296767595e-28
13.2052529183	8.19810309714e-28
13.219844358	8.32399509887e-28
13.2344357977	8.25913890552e-28
13.2490272374	8.17292887804e-28
13.263618677	8.15393769478e-28
13.2782101167	8.25973318477e-28
13.2928015564	8.35118551252e-28
13.3073929961	8.75351208357e-28
13.3219844358	8.91975668163e-28
13.3365758755	9.01471025294e-28
13.3511673152	8.89666824481e-28
13.3657587549	8.78865962596e-28
13.3803501946	8.62559319191e-28
13.3949416342	8.6190825764e-28
13.4095330739	8.74837325574e-28
13.4241245136	9.15336281719e-28
13.4387159533	9.2434798026e-28
13.453307393	9.34034388726e-28
13.4678988327	9.29268660716e-28
13.4824902724	9.26502016437e-28
13.4970817121	9.10041155831e-28
13.5116731518	9.17567309171e-28
13.5262645914	9.35871347659e-28
13.5408560311	9.84217282229e-28
13.5554474708	1.00519701563e-27
13.5700389105	1.02067071492e-27
13.5846303502	1.01252820841e-27
13.5992217899	1.0015005356e-27
13.6138132296	9.91717453602e-28
13.6284046693	1.00070650712e-27
13.642996109	1.00712611927e-27
13.6575875486	1.05726247211e-27
13.6721789883	1.07608062525e-27
13.686770428	1.08325474531e-27
13.7013618677	1.07816384088e-27
13.7159533074	1.08172396297e-27
13.7305447471	1.0761637856e-27
13.7451361868	1.08129200688e-27
13.7597276265	1.09484231067e-27
13.7743190661	1.1433390696e-27
13.7889105058	1.15139660059e-27
13.8035019455	1.15900713083e-27
13.8180933852	1.14028438511e-27
13.8326848249	1.12740047553e-27
13.8472762646	1.11739218661e-27
13.8618677043	1.13182845279e-27
13.876459144	1.14753546072e-27
13.8910505837	1.1956213218e-27
13.9056420233	1.20933324555e-27
13.920233463	1.21908388747e-27
13.9348249027	1.20394153724e-27
13.9494163424	1.20249748868e-27
13.9640077821	1.19887857996e-27
13.9785992218	1.21047602196e-27
13.9931906615	1.22225504715e-27
14.0077821012	1.27786771073e-27
14.0223735409	1.28865653253e-27
14.0369649805	1.28552623937e-27
14.0515564202	1.26686643996e-27
14.0661478599	1.25720597268e-27
14.0807392996	1.23450556024e-27
14.0953307393	1.23839329402e-27
14.109922179	1.25292429546e-27
14.1245136187	1.30705585192e-27
14.1391050584	1.31083855399e-27
14.1536964981	1.31000766802e-27
14.1682879377	1.2859881148e-27
14.1828793774	1.26968831584e-27
14.1974708171	1.24939062013e-27
14.2120622568	1.24714215899e-27
14.2266536965	1.2472723629e-27
14.2412451362	1.30043446763e-27
14.2558365759	1.31607761802e-27
14.2704280156	1.31932714232e-27
14.2850194553	1.29239584456e-27
14.2996108949	1.28027246553e-27
14.3142023346	1.26153138937e-27
14.3287937743	1.25990400826e-27
14.343385214	1.26517872269e-27
14.3579766537	1.31763486621e-27
14.3725680934	1.32106048615e-27
14.3871595331	1.30822083473e-27
14.4017509728	1.27761174516e-27
14.4163424125	1.26169589893e-27
14.4309338521	1.2320250041e-27
14.4455252918	1.22690906797e-27
14.4601167315	1.22496296924e-27
14.4747081712	1.26156471198e-27
14.4892996109	1.26076119943e-27
14.5038910506	1.25861282586e-27
14.5184824903	1.23628186467e-27
14.53307393	1.22600511589e-27
14.5476653697	1.2160737367e-27
14.5622568093	1.21327897322e-27
14.576848249	1.20322773147e-27
14.5914396887	1.2463301873e-27
14.6060311284	1.24733722841e-27
14.6206225681	1.24068912482e-27
14.6352140078	1.2052578593e-27
14.6498054475	1.18260097917e-27
14.6643968872	1.15713363137e-27
14.6789883268	1.1416031952e-27
14.6935797665	1.12418078676e-27
14.7081712062	1.14539367154e-27
14.7227626459	1.12859332051e-27
14.7373540856	1.1083729467e-27
14.7519455253	1.06322556723e-27
14.766536965	1.03457682344e-27
14.7811284047	9.87443214409e-28
14.7957198444	9.61065750836e-28
14.810311284	9.31349056957e-28
14.8249027237	9.20532116857e-28
14.8394941634	8.7127467891e-28
14.8540856031	8.19461557039e-28
14.8686770428	7.57799769373e-28
14.8832684825	7.22812353522e-28
14.8978599222	7.07653253734e-28
14.9124513619	7.39947933474e-28
14.9270428016	8.35724643929e-28
14.9416342412	1.05777146065e-27
14.9562256809	1.4224599229e-27
14.9708171206	2.01224150448e-27
14.9854085603	3.06892017741e-27
15.0	4.18105800443e-27
