-14.9854085603	2.16702767332e-27
-14.9708171206	1.27355889714e-27
-14.9562256809	7.64223888158e-28
-14.9416342412	4.39884760819e-28
-14.9270428016	2.5801039529e-28
-14.9124513619	1.55855563042e-28
-14.8978599222	1.09876391385e-28
-14.8832684825	9.06686936737e-29
-14.8686770428	9.5666706797e-29
-14.8540856031	1.05735027372e-28
-14.8394941634	1.21822899584e-28
-14.8249027237	1.26839667653e-28
-14.810311284	1.44059070134e-28
-14.7957198444	1.58302339956e-28
-14.7811284047	1.76481373539e-28
-14.766536965	1.9197044972e-28
-14.7519455253	2.07414660935e-28
-14.7373540856	2.1579166238e-28
-14.7227626459	2.21055134781e-28
-14.7081712062	2.06692172734e-28
-14.6935797665	2.10237815355e-28
-14.6789883268	2.15032247395e-28
-14.6643968872	2.24532681293e-28
-14.6498054475	2.31548908447e-28
-14.6352140078	2.42587858598e-28
-14.6206225681	2.43163717078e-28
-14.6060311284	2.42242283264e-28
-14.5914396887	2.24728466565e-28
-14.576848249	2.24129757679e-28
-14.5622568093	2.25228054835e-28
-14.5476653696	2.36384515805e-28
-14.53307393	2.41299462447e-28
-14.5184824903	2.49718026268e-28
-14.5038910506	2.503001044e-28
-14.4892996109	2.51378977376e-28
-14.4747081712	2.34535584142e-28
-14.4601167315	2.34050844494e-28
-14.4455252918	2.3507909675e-28
-14.4309338521	2.44197451948e-28
-14.4163424125	2.47204073323e-28
-14.4017509728	2.54590372199e-28
-14.3871595331	2.53590077652e-28
-14.3725680934	2.52189177124e-28
-14.3579766537	2.31146271095e-28
-14.343385214	2.26730687314e-28
-14.3287937743	2.23830358891e-28
-14.3142023346	2.30787382484e-28
-14.2996108949	2.33327773766e-28
-14.2850194553	2.41129930134e-28
-14.2704280156	2.40239740816e-28
-14.2558365759	2.38403123038e-28
-14.2412451362	2.19529254925e-28
-14.2266536965	2.16582792812e-28
-14.2120622568	2.13499852983e-28
-14.1974708171	2.19564052494e-28
-14.1828793774	2.20630498079e-28
-14.1682879377	2.25788938248e-28
-14.1536964981	2.22825932741e-28
-14.1391050584	2.17944731063e-28
-14.1245136187	1.95795264679e-28
-14.109922179	1.90993415725e-28
-14.0953307393	1.87578479221e-28
-14.0807392996	1.9290275017e-28
-14.0661478599	1.94815963748e-28
-14.0515564202	2.00752790891e-28
-14.0369649805	1.98055454489e-28
-14.0223735409	1.9411028251e-28
-14.0077821012	1.73087816036e-28
-13.9931906615	1.67799259621e-28
-13.9785992218	1.63470472335e-28
-13.9640077821	1.67220686313e-28
-13.9494163424	1.6629234254e-28
-13.9348249027	1.70277604966e-28
-13.920233463	1.6669495064e-28
-13.9056420233	1.6203759125e-28
-13.8910505837	1.43392162748e-28
-13.876459144	1.38511825246e-28
-13.8618677043	1.35273477173e-28
-13.8472762646	1.40209777334e-28
-13.8326848249	1.40776984008e-28
-13.8180933852	1.45606663856e-28
-13.8035019455	1.44001906661e-28
-13.7889105058	1.39583599763e-28
-13.7743190661	1.23307808181e-28
-13.7597276265	1.20279133382e-28
-13.7451361868	1.18319958501e-28
-13.7305447471	1.22863942597e-28
-13.7159533074	1.23898877689e-28
-13.7013618677	1.27937079787e-28
-13.686770428	1.25590661192e-28
-13.6721789883	1.21400573385e-28
-13.6575875486	1.06501528204e-28
-13.6429961089	1.01408255712e-28
-13.6284046693	9.76139110371e-29
-13.6138132296	9.95305145128e-29
-13.5992217899	9.87368477332e-29
-13.5846303502	1.01918141254e-28
-13.5700389105	9.9998300165e-29
-13.5554474708	9.60606458645e-29
-13.5408560311	8.22593286009e-29
-13.5262645914	7.86992120471e-29
-13.5116731518	7.64694874301e-29
-13.4970817121	7.92024168279e-29
-13.4824902724	7.95246152474e-29
-13.4678988327	8.24386711687e-29
-13.453307393	8.13559317068e-29
-13.4387159533	7.7997684185e-29
-13.4241245136	6.7189158112e-29
-13.4095330739	6.45783895605e-29
-13.3949416342	6.23663886762e-29
-13.3803501946	6.51130033356e-29
-13.3657587549	6.56637931527e-29
-13.3511673152	6.95864899544e-29
-13.3365758755	7.09370031506e-29
-13.3219844358	7.02096896337e-29
-13.3073929961	6.43861575045e-29
-13.2928015564	6.41506619146e-29
-13.2782101167	6.43288486211e-29
-13.263618677	6.72803686819e-29
-13.2490272374	6.75627089211e-29
-13.2344357977	7.06037846743e-29
-13.219844358	7.08756588881e-29
-13.2052529183	6.89614399782e-29
-13.1906614786	6.57646738412e-29
-13.1760700389	6.64836017609e-29
-13.1614785992	6.56263387855e-29
-13.1468871595	6.64579844438e-29
-13.1322957198	6.52838095407e-29
-13.1177042802	6.61328920724e-29
-13.1031128405	6.47631356479e-29
-13.0885214008	6.1397805481e-29
-13.0739299611	5.66090400141e-29
-13.0593385214	5.45903571344e-29
-13.0447470817	5.3231467716e-29
-13.030155642	5.32666039198e-29
-13.0155642023	5.27614490333e-29
-13.0009727626	5.33089290824e-29
-12.986381323	5.31942275109e-29
-12.9717898833	5.2619549364e-29
-12.9571984436	5.27971161809e-29
-12.9426070039	5.40482511677e-29
-12.9280155642	5.48890548113e-29
-12.9134241245	5.58273501702e-29
-12.8988326848	5.59845785815e-29
-12.8842412451	5.78020627226e-29
-12.8696498054	6.18620937778e-29
-12.8550583658	6.65701424185e-29
-12.8404669261	7.55657457449e-29
-12.8258754864	8.31650091805e-29
-12.8112840467	9.03625717936e-29
-12.796692607	9.53893437884e-29
-12.7821011673	9.81316361938e-29
-12.7675097276	1.00696810656e-28
-12.7529182879	1.05495083977e-28
-12.7383268482	1.07883709517e-28
-12.7237354086	1.13630412083e-28
-12.7091439689	1.17459599734e-28
-12.6945525292	1.20827864541e-28
-12.6799610895	1.1994149217e-28
-12.6653696498	1.19665740837e-28
-12.6507782101	1.20814606507e-28
-12.6361867704	1.25640136251e-28
-12.6215953307	1.30736987611e-28
-12.6070038911	1.44936285894e-28
-12.5924124514	1.53305883915e-28
-12.5778210117	1.59970477442e-28
-12.563229572	1.5947111467e-28
-12.5486381323	1.60974567475e-28
-12.5340466926	1.63758057088e-28
-12.5194552529	1.73209218214e-28
-12.5048638132	1.83204416946e-28
-12.4902723735	2.09080905281e-28
-12.4756809339	2.27601891791e-28
-12.4610894942	2.41475745657e-28
-12.4464980545	2.47703133657e-28
-12.4319066148	2.51996550756e-28
-12.4173151751	2.57542895607e-28
-12.4027237354	2.69214634899e-28
-12.3881322957	2.77826592287e-28
-12.373540856	3.04725539844e-28
-12.3589494163	3.20259712227e-28
-12.3443579767	3.33150117888e-28
-12.329766537	3.34391635667e-28
-12.3151750973	3.41068579777e-28
-12.3005836576	3.43550297423e-28
-12.2859922179	3.5527645805e-28
-12.2714007782	3.70123258883e-28
-12.2568093385	4.06649154601e-28
-12.2422178988	4.28065754977e-28
-12.2276264591	4.45363077154e-28
-12.2130350195	4.47111765982e-28
-12.1984435798	4.5156481285e-28
-12.1838521401	4.54104077355e-28
-12.1692607004	4.6473390391e-28
-12.1546692607	4.74846032286e-28
-12.140077821	5.09974923848e-28
-12.1254863813	5.22578828625e-28
-12.1108949416	5.2803623246e-28
-12.0963035019	5.1950933921e-28
-12.0817120623	5.16740054206e-28
-12.0671206226	5.15429807921e-28
-12.0525291829	5.28356646931e-28
-12.0379377432	5.40764098821e-28
-12.0233463035	5.78638530625e-28
-12.0087548638	5.96789088302e-28
-11.9941634241	6.09343287683e-28
-11.9795719844	6.08053009716e-28
-11.9649805447	6.10309868378e-28
-11.9503891051	6.09178477926e-28
-11.9357976654	6.21539669007e-28
-11.9212062257	6.41138039935e-28
-11.906614786	6.91501979538e-28
-11.8920233463	7.11771157499e-28
-11.8774319066	7.24343760809e-28
-11.8628404669	7.10847901928e-28
-11.8482490272	7.00096573404e-28
-11.8336575875	6.89054088713e-28
-11.8190661479	6.88836680775e-28
-11.8044747082	6.94225813001e-28
-11.7898832685	7.31326214069e-28
-11.7752918288	7.34154769822e-28
-11.7607003891	7.3248490632e-28
-11.7461089494	7.12721338971e-28
-11.7315175097	7.04110873206e-28
-11.71692607	6.97769146354e-28
-11.7023346304	7.10379784316e-28
-11.6877431907	7.14571474069e-28
-11.673151751	7.46791649181e-28
-11.6585603113	7.53782950654e-28
-11.6439688716	7.47933302897e-28
-11.6293774319	7.26348213841e-28
-11.6147859922	7.13128099889e-28
-11.6001945525	6.95966282638e-28
-11.5856031128	7.01696797535e-28
-11.5710116732	7.07219096053e-28
-11.5564202335	7.35979194762e-28
-11.5418287938	7.28655069675e-28
-11.5272373541	7.1610370741e-28
-11.5126459144	6.85904769106e-28
-11.4980544747	6.55299119381e-28
-11.483463035	6.31110494706e-28
-11.4688715953	6.21882011929e-28
-11.4542801556	6.19011057287e-28
-11.439688716	6.45310288708e-28
-11.4250972763	6.44329257732e-28
-11.4105058366	6.46061463961e-28
-11.3959143969	6.58630369192e-28
-11.3813229572	7.12668410581e-28
-11.3667315175	8.16189114409e-28
-11.3521400778	1.00019008634e-27
-11.3375486381	1.26853403976e-27
-11.3229571984	1.68858398216e-27
-11.3083657588	2.25999433213e-27
-11.2937743191	3.0877472996e-27
-11.2791828794	4.20830846907e-27
-11.2645914397	5.90962037791e-27
-11.25	7.51077124809e-27
-11.2354085603	5.77500614232e-27
-11.2208171206	3.96494104106e-27
-11.2062256809	2.77632816258e-27
-11.1916342412	1.89216199222e-27
-11.1770428016	1.27823347884e-27
-11.1624513619	8.44898579416e-28
-11.1478599222	5.52308825612e-28
-11.1332684825	3.55362757157e-28
-11.1186770428	2.31430705841e-28
-11.1040856031	1.58889428617e-28
-11.0894941634	1.15927567388e-28
-11.0749027237	1.08182126647e-28
-11.060311284	1.20286768503e-28
-11.0457198444	1.48973983106e-28
-11.0311284047	1.8225399975e-28
-11.016536965	2.21785985308e-28
-11.0019455253	2.53854497737e-28
-10.9873540856	2.87213010952e-28
-10.9727626459	3.00119550416e-28
-10.9581712062	3.25875020147e-28
-10.9435797665	3.57276393993e-28
-10.9289883268	3.99431760068e-28
-10.9143968872	4.32821578418e-28
-10.8998054475	4.63803232696e-28
-10.8852140078	4.83654267902e-28
-10.8706225681	4.92025475916e-28
-10.8560311284	4.70548045214e-28
-10.8414396887	4.76034571044e-28
-10.826848249	4.88474853908e-28
-10.8122568093	5.11199776034e-28
-10.7976653696	5.29272378132e-28
-10.78307393	5.47398339654e-28
-10.7684824903	5.55653990113e-28
-10.7538910506	5.59153406997e-28
-10.7392996109	5.32201522734e-28
-10.7247081712	5.26687890137e-28
-10.7101167315	5.27373798959e-28
-10.6955252918	5.40663915436e-28
-10.6809338521	5.4809344942e-28
-10.6663424125	5.54164889805e-28
-10.6517509728	5.48001053753e-28
-10.6371595331	5.34171802124e-28
-10.6225680934	4.9139341276e-28
-10.6079766537	4.74123006793e-28
-10.593385214	4.64221492637e-28
-10.5787937743	4.70318510879e-28
-10.5642023346	4.73443447304e-28
-10.5496108949	4.78530966016e-28
-10.5350194553	4.73424403285e-28
-10.5204280156	4.64854233222e-28
-10.5058365759	4.31309438455e-28
-10.4912451362	4.17643826535e-28
-10.4766536965	4.05198249801e-28
-10.4620622568	4.00785137271e-28
-10.4474708171	3.91112669124e-28
-10.4328793774	3.80530643484e-28
-10.4182879377	3.56148313689e-28
-10.4036964981	3.27614227499e-28
-10.3891050584	2.74888857553e-28
-10.3745136187	2.47458087784e-28
-10.359922179	2.32160363521e-28
-10.3453307393	2.33759771877e-28
-10.3307392996	2.39300208109e-28
-10.3161478599	2.56589551769e-28
-10.3015564202	2.78846003274e-28
-10.2869649805	3.16307357001e-28
-10.2723735409	3.75056883791e-28
-10.2577821012	4.72673657909e-28
-10.2431906615	6.1749567403e-28
-10.2285992218	8.2619259685e-28
-10.2140077821	1.10839861137e-27
-10.1994163424	1.49130606803e-27
-10.1848249027	1.99752930698e-27
-10.170233463	2.66697675184e-27
-10.1556420233	3.59797286165e-27
-10.1410505837	4.79211090577e-27
-10.126459144	6.33843117051e-27
-10.1118677043	8.36631844003e-27
-10.0972762646	1.09931779547e-26
-10.0826848249	1.43496928225e-26
-10.0680933852	1.8711748464e-26
-10.0535019455	2.44041846525e-26
-10.0389105058	3.1920529531e-26
-10.0243190661	4.15575438788e-26
-10.0097276265	5.39320915587e-26
-9.99513618677	6.99056228895e-26
-9.98054474708	9.05349624887e-26
-9.96595330739	1.17016380599e-25
-9.9513618677	1.51152051436e-25
-9.93677042802	1.95286761722e-25
-9.92217898833	2.52202117189e-25
-9.90758754864	3.24641490748e-25
-9.89299610895	4.17346113961e-25
-9.87840466926	5.35469730846e-25
-9.86381322957	6.86474041105e-25
-9.84922178988	8.79442724475e-25
-9.83463035019	1.12609540931e-24
-9.82003891051	1.4414498677e-24
-9.80544747082	1.84528566685e-24
-9.79085603113	2.3595520007e-24
-9.77626459144	3.01457184488e-24
-9.76167315175	3.84879329898e-24
-9.74708171206	4.91042338941e-24
-9.73249027237	6.26030312138e-24
-9.71789883268	7.97846419539e-24
-9.703307393	1.01631862597e-23
-9.68871595331	1.294177412e-23
-9.67412451362	1.64675914048e-23
-9.65953307393	2.09404569491e-23
-9.64494163424	2.66116411417e-23
-9.63035019455	3.38014790053e-23
-9.61575875486	4.29092458026e-23
-9.60116731517	5.44463056371e-23
-9.58657587549	6.90521774002e-23
-9.5719844358	8.75385606911e-23
-9.55739299611	1.1090402958e-22
-9.54280155642	1.4042695243e-22
-9.52821011673	1.77712121163e-22
-9.51361867704	2.24784598143e-22
-9.49902723735	2.84182026736e-22
-9.48443579767	3.59093197726e-22
-9.46984435798	4.53522805244e-22
-9.45525291829	5.72514534897e-22
-9.4406614786	7.22330649295e-22
-9.42607003891	9.10880933138e-22
-9.41147859922	1.14805860649e-21
-9.39688715953	1.44626377869e-21
-9.38229571984	1.82099408676e-21
-9.36770428016	2.2916875259e-21
-9.35311284047	2.8825911014e-21
-9.33852140078	3.62407258557e-21
-9.32392996109	4.55390254052e-21
-9.3093385214	5.71933943988e-21
-9.29474708171	7.17934076146e-21
-9.28015564202	9.00750119344e-21
-9.26556420233	1.12954150965e-20
-9.25097276265	1.41573004458e-20
-9.23638132296	1.77353021884e-20
-9.22178988327	2.22063918459e-20
-9.20719844358	2.77902803797e-20
-9.19260700389	3.47604595702e-20
-9.1780155642	4.34566060214e-20
-9.16342412451	5.43006532967e-20
-9.14883268482	6.78160103248e-20
-9.13424124514	8.465217674e-20
-9.11964980545	1.05614230918e-19
-9.10505836576	1.31699994891e-19
-9.09046692607	1.64144258314e-19
-9.07587548638	2.04476204125e-19
-9.06128404669	2.54587434746e-19
-9.046692607	3.16817042009e-19
-9.03210116731	3.94055150743e-19
-9.01750972763	4.8987226824e-19
-9.00291828794	6.08675100661e-19
-8.98832684825	7.55901559561e-19
-8.97373540856	9.38254979306e-19
-8.95914396887	1.16399927832e-18
-8.94455252918	1.44331267829e-18
-8.92996108949	1.78872742544e-18
-8.91536964981	2.21566291409e-18
-8.90077821012	2.74308367697e-18
-8.88618677043	3.39429765501e-18
-8.87159533074	4.1979406927e-18
-8.85700389105	5.18916605731e-18
-8.84241245136	6.41111776391e-18
-8.82782101167	7.91670825252e-18
-8.81322957198	9.77080080901e-18
-8.7986381323	1.20528587835e-17
-8.78404669261	1.48601881431e-17
-8.76945525292	1.83118671311e-17
-8.75486381323	2.25535499339e-17
-8.74027237354	2.77632809306e-17
-8.72568093385	3.4158608648e-17
-8.71108949416	4.20051801134e-17
-8.69649805447	5.16272155595e-17
-8.68190661479	6.34201829288e-17
-8.6673151751	7.78662190975e-17
-8.65272373541	9.55527659192e-17
-8.63813229572	1.17195207434e-16
-8.62354085603	1.43664211288e-16
-8.60894941634	1.76018912337e-16
-8.59435797665	2.15546934512e-16
-8.57976653696	2.63812873455e-16
-8.56517509728	3.22716761884e-16
-8.55058365759	3.94564745151e-16
-8.5359922179	4.82154288411e-16
-8.52140077821	5.8887701946e-16
-8.50680933852	7.18842501592e-16
-8.49221789883	8.77027609815e-16
-8.47762645914	1.06945607658e-15
-8.46303501945	1.30341467478e-15
-8.44844357977	1.58771304687e-15
-8.43385214008	1.93299606633e-15
-8.41926070039	2.3521188036e-15
-8.4046692607	2.86059685564e-15
-8.39007782101	3.47714616253e-15
-8.37548638132	4.22433072375e-15
-8.36089494163	5.12933812955e-15
-8.34630350195	6.22490863413e-15
-8.33171206226	7.55044661585e-15
-8.31712062257	9.15335040738e-15
-8.30252918288	1.10906012026e-14
-8.28793774319	1.34306619281e-14
-8.2733463035	1.62557433338e-14
-8.25875486381	1.9664509095e-14
-8.24416342412	2.37753000965e-14
-8.22957198444	2.87299780103e-14
-8.21498054475	3.46985021337e-14
-8.20038910506	4.18843780382e-14
-8.18579766537	5.05311379233e-14
-8.17120622568	6.09300462372e-14
-8.15661478599	7.34292525605e-14
-8.1420233463	8.84446629095e-14
-8.12743190661	1.06472837126e-13
-8.11284046693	1.2810628651e-13
-8.09824902724	1.54051603315e-13
-8.08365758755	1.85150936074e-13
-8.06906614786	2.22407408512e-13
-8.05447470817	2.67015194197e-13
-8.03988326848	3.20395067799e-13
-8.02529182879	3.84236418125e-13
-8.0107003891	4.60546850106e-13
-7.99610894942	5.51710724048e-13
-7.98151750973	6.60558188191e-13
-7.96692607004	7.90446545058e-13
-7.95233463035	9.45356083099e-13
-7.93774319066	1.13000288749e-12
-7.92315175097	1.34997153916e-12
-7.90856031128	1.61187113063e-12
-7.89396887159	1.92351854906e-12
-7.87937743191	2.29415368768e-12
-7.86478599222	2.73469195702e-12
-7.85019455253	3.25802039705e-12
-7.83560311284	3.87934466993e-12
-7.82101167315	4.61659543921e-12
-7.80642023346	5.49090396537e-12
-7.79182879377	6.52715838893e-12
-7.77723735409	7.75465390831e-12
-7.7626459144	9.20785225605e-12
-7.74805447471	1.09272682383e-11
-7.73346303502	1.2960503951e-11
-7.71887159533	1.53634544173e-11
-7.70428015564	1.82017122196e-11
-7.68968871595	2.15522027921e-11
-7.67509727626	2.55050871021e-11
-7.66050583658	3.01659738535e-11
-7.64591439689	3.5658489926e-11
-7.6313229572	4.21272650163e-11
-7.61673151751	4.97413949461e-11
-7.60214007782	5.86984576371e-11
-7.58754863813	6.92291668641e-11
-7.57295719844	8.1602761317e-11
-7.55836575875	9.61332410671e-11
-7.54377431907	1.1318657955e-10
-7.52918287938	1.33189058091e-10
-7.51459143969	1.5663689104e-10
-7.5	1.84107333487e-10
-7.48540856031	2.16271491141e-10
-7.47081712062	2.53909084627e-10
-7.45622568093	2.97925450025e-10
-7.44163424124	3.49371105302e-10
-7.42704280156	4.09464252033e-10
-7.41245136187	4.79616634533e-10
-7.39785992218	5.61463236392e-10
-7.38326848249	6.56896359609e-10
-7.3686770428	7.68104704939e-10
-7.35408560311	8.97618155525e-10
-7.33949416342	1.04835905854e-09
-7.32490272373	1.22370090596e-09
-7.31031128405	1.4275354321e-09
-7.29571984436	1.66434927992e-09
-7.28112840467	1.9393115356e-09
-7.26653696498	2.25837359898e-09
-7.25194552529	2.62838304299e-09
-7.2373540856	3.05721332546e-09
-7.22276264591	3.55391144881e-09
-7.20817120623	4.12886592578e-09
-7.19357976654	4.79399769722e-09
-7.17898832685	5.56297697479e-09
-7.16439688716	6.45146933924e-09
-7.14980544747	7.47741482754e-09
-7.13521400778	8.66134418514e-09
-7.12062256809	1.00267369549e-08
-7.1060311284	1.16004266186e-08
-7.09143968872	1.34130586146e-08
-7.07684824903	1.54996077221e-08
-7.06225680934	1.78999620408e-08
-7.04766536965	2.06595816107e-08
-7.03307392996	2.38302406128e-08
-7.01848249027	2.74708630787e-08
-7.00389105058	3.16484631212e-08
-6.98929961089	3.64392018877e-08
-6.97470817121	4.19295747467e-08
-6.96011673152	4.82177436362e-08
-6.94552529183	5.54150310739e-08
-6.93093385214	6.36475940231e-08
-6.91634241245	7.30582976721e-08
-6.90175097276	8.3808811199e-08
-6.88715953307	9.6081949795e-08
-6.87256809338	1.10084289595e-07
-6.8579766537	1.26049084761e-07
-6.84338521401	1.44239518725e-07
-6.82879377432	1.64952324659e-07
-6.81420233463	1.88521813439e-07
-6.79961089494	2.15324350911e-07
-6.78501945525	2.4578332999e-07
-6.77042801556	2.80374687185e-07
-6.75583657588	3.196330174e-07
-6.74124513619	3.64158345534e-07
-6.7266536965	4.1462361823e-07
-6.71206225681	4.71782984385e-07
-6.69747081712	5.36480938539e-07
-6.68287937743	6.09662407111e-07
-6.66828793774	6.92383863619e-07
-6.65369649805	7.85825565516e-07
-6.63910505837	8.91305012063e-07
-6.62451361868	1.01029172984e-06
-6.60992217899	1.14442349983e-06
-6.5953307393	1.29552414786e-06
-6.58073929961	1.46562302793e-06
-6.56614785992	1.65697633656e-06
-6.55155642023	1.87209040429e-06
-6.53696498054	2.11374711933e-06
-6.52237354086	2.38503164719e-06
-6.50778210117	2.68936261848e-06
-6.49319066148	3.03052496645e-06
-6.47859922179	3.41270560415e-06
-6.4640077821	3.84053213985e-06
-6.44941634241	4.31911483775e-06
-6.43482490272	4.85409203903e-06
-6.42023346303	5.45167926559e-06
-6.40564202335	6.11872223617e-06
-6.39105058366	6.86275403038e-06
-6.37645914397	7.69205664163e-06
-6.36186770428	8.61572716413e-06
-6.34727626459	9.64374886207e-06
-6.3326848249	1.07870673705e-05
-6.31809338521	1.20576722773e-05
-6.30350194552	1.34686843333e-05
-6.28891050584	1.50344485338e-05
-6.27431906615	1.67706333067e-05
-6.25972762646	1.86943360349e-05
-6.24513618677	2.08241951263e-05
-6.23054474708	2.31805088302e-05
-6.21595330739	2.57853609782e-05
-6.2013618677	2.86627538071e-05
-6.18677042802	3.183874799e-05
-6.17217898833	3.53416099728e-05
-6.15758754864	3.92019666759e-05
-6.14299610895	4.34529675776e-05
-6.12840466926	4.81304541501e-05
-6.11381322957	5.32731365657e-05
-6.09922178988	5.89227775301e-05
-6.08463035019	6.51243830385e-05
-6.07003891051	7.19263997758e-05
-6.05544747082	7.9380918806e-05
-6.04085603113	8.75438851137e-05
-6.02626459144	9.6475312468e-05
-6.01167315175	0.000106239502985
-5.99708171206	0.000116905270663
-5.98249027237	0.000128546168052
-5.96789883268	0.000141240715117
-5.953307393	0.00015507262922
-5.93871595331	0.000170131055044
-5.92412451362	0.000186510793135
-5.90953307393	0.000204312525623
-5.89494163424	0.00022364303756
-5.88035019455	0.000244615432161
-5.86575875486	0.000267349338124
-5.85116731517	0.000291971107082
-5.83657587549	0.000318613999092
-5.8219844358	0.000347418353983
-5.80739299611	0.000378531746264
-5.79280155642	0.000412109121173
-5.77821011673	0.00044831290942
-5.76361867704	0.000487313118033
-5.74902723735	0.00052928739473
-5.73443579766	0.000574421063157
-5.71984435798	0.000622907126357
-5.70525291829	0.000674946235807
-5.6906614786	0.000730746623446
-5.67607003891	0.000790523994136
-5.66147859922	0.000854501376135
-5.64688715953	0.000922908927271
-5.63229571984	0.000995983694671
-5.61770428016	0.00107396932611
-5.60311284047	0.00115711573127
-5.58852140078	0.00124567869148
-5.57392996109	0.00133991941684
-5.5593385214	0.00144010404988
-5.54474708171	0.00154650311546
-5.53015564202	0.00165939091684
-5.51556420233	0.00177904487847
-5.50097276265	0.00190574483635
-5.48638132296	0.00203977227748
-5.47178988327	0.00218140953026
-5.45719844358	0.00233093890841
-5.44260700389	0.00248864181136
-5.4280155642	0.00265479778474
-5.41342412451	0.00282968354496
-5.39883268482	0.00301357197266
-5.38424124514	0.00320673107996
-5.36964980545	0.00340942295735
-5.35505836576	0.0036219027061
-5.34046692607	0.00384441736266
-5.32587548638	0.00407720482203
-5.31128404669	0.00432049276698
-5.296692607	0.00457449761065
-5.28210116731	0.00483942345991
-5.26750972763	0.00511546110715
-5.25291828794	0.00540278705813
-5.23832684825	0.00570156260327
-5.22373540856	0.00601193294
-5.20914396887	0.00633402635307
-5.19455252918	0.00666795345982
-5.17996108949	0.00701380652669
-5.1653696498	0.00737165886293
-5.15077821012	0.00774156429692
-5.13618677043	0.00812355673971
-5.12159533074	0.00851764983991
-5.10700389105	0.00892383673322
-5.09241245136	0.00934208988899
-5.07782101167	0.00977236105568
-5.06322957198	0.0102145813058
-5.0486381323	0.0106686611806
-5.03404669261	0.0111344909334
-5.01945525292	0.0116119408695
-5.00486381323	0.0121008617815
-4.99027237354	0.0126010854745
-4.97568093385	0.0131124253789
-4.96108949416	0.0136346772452
-4.94649805447	0.0141676199153
-4.93190661479	0.0147110161647
-4.9173151751	0.0152646136084
-4.90272373541	0.0158281456645
-4.88813229572	0.0164013325672
-4.87354085603	0.0169838824223
-4.85894941634	0.0175754922974
-4.84435797665	0.0181758493388
-4.82976653696	0.0187846319076
-4.81517509728	0.0194015107271
-4.80058365759	0.020026150034
-4.7859922179	0.020658208726
-4.77140077821	0.0212973414988
-4.75680933852	0.0219431999664
-4.74221789883	0.0225954337571
-4.72762645914	0.0232536915807
-4.71303501945	0.0239176222615
-4.69844357977	0.0245868757304
-4.68385214008	0.0252611039749
-4.66926070039	0.0259399619409
-4.6546692607	0.0266231083834
-4.64007782101	0.0273102066648
-4.62548638132	0.0280009254971
-4.61089494163	0.0286949396278
-4.59630350194	0.0293919304677
-4.58171206226	0.0300915866595
-4.56712062257	0.0307936045893
-4.55252918288	0.0314976888386
-4.53793774319	0.0322035525795
-4.5233463035	0.0329109179137
-4.50875486381	0.0336195161565
-4.49416342412	0.0343290880677
-4.47957198444	0.0350393840319
-4.46498054475	0.0357501641894
-4.45038910506	0.0364611985215
-4.43579766537	0.0371722668909
-4.42120622568	0.0378831590425
-4.40661478599	0.0385936745646
-4.3920233463	0.0393036228152
-4.37743190661	0.0400128228154
-4.36284046693	0.0407211031135
-4.34824902724	0.0414283016212
-4.33365758755	0.0421342654263
-4.31906614786	0.0428388505842
-4.30447470817	0.0435419218892
-4.28988326848	0.0442433526312
-4.27529182879	0.0449430243369
-4.2607003891	0.045640826501
-4.24610894942	0.0463366563066
-4.23151750973	0.0470304183394
-4.21692607004	0.0477220242958
-4.20233463035	0.0484113926881
-4.18774319066	0.0490984485472
-4.17315175097	0.0497831231255
-4.15856031128	0.0504653536007
-4.14396887159	0.0511450827817
-4.12937743191	0.0518222588183
-4.11478599222	0.0524968349154
-4.10019455253	0.0531687690524
-4.08560311284	0.0538380237091
-4.07101167315	0.0545045655983
-4.05642023346	0.055168365406
-4.04182879377	0.0558293975395
-4.02723735408	0.0564876398838
-4.0126459144	0.0571430735673
-3.99805447471	0.0577956827355
-3.98346303502	0.0584454543343
-3.96887159533	0.0590923779028
-3.95428015564	0.059736445375
-3.93968871595	0.0603776508907
-3.92509727626	0.061015990616
-3.91050583658	0.0616514625723
-3.89591439689	0.0622840664752
-3.8813229572	0.0629138035814
-3.86673151751	0.0635406765444
-3.85214007782	0.0641646892793
-3.83754863813	0.0647858468347
-3.82295719844	0.0654041552733
-3.80836575875	0.0660196215602
-3.79377431907	0.0666322534577
-3.77918287938	0.0672420594285
-3.76459143969	0.0678490485448
-3.75	0.0684532304039
-3.73540856031	0.0690546150506
-3.72081712062	0.0696532129051
-3.70622568093	0.0702490346967
-3.69163424124	0.0708420914026
-3.67704280156	0.0714323941919
-3.66245136187	0.0720199543747
-3.64785992218	0.0726047833552
-3.63326848249	0.0731868925893
-3.6186770428	0.0737662935459
-3.60408560311	0.0743429976727
-3.58949416342	0.0749170163643
-3.57490272373	0.0754883609348
-3.56031128405	0.0760570425924
-3.54571984436	0.0766230724177
-3.53112840467	0.077186461344
-3.51653696498	0.0777472201402
-3.50194552529	0.078305359396
-3.4873540856	0.0788608895095
-3.47276264591	0.0794138206762
-3.45817120623	0.0799641628796
-3.44357976654	0.0805119258846
-3.42898832685	0.0810571192306
-3.41439688716	0.0815997522276
-3.39980544747	0.0821398339526
-3.38521400778	0.0826773732472
-3.37062256809	0.0832123787162
-3.3560311284	0.0837448587277
-3.34143968872	0.0842748214132
-3.32684824903	0.0848022746685
-3.31225680934	0.0853272261562
-3.29766536965	0.0858496833073
-3.28307392996	0.0863696533247
-3.26848249027	0.086887143186
-3.25389105058	0.0874021596474
-3.23929961089	0.0879147092478
-3.22470817121	0.0884247983129
-3.21011673152	0.0889324329597
-3.19552529183	0.0894376191015
-3.18093385214	0.0899403624524
-3.16634241245	0.0904406685325
-3.15175097276	0.0909385426727
-3.13715953307	0.0914339900202
-3.12256809338	0.0919270155434
-3.1079766537	0.0924176240371
-3.09338521401	0.092905820128
-3.07879377432	0.0933916082792
-3.06420233463	0.0938749927958
-3.04961089494	0.0943559778301
-3.03501945525	0.094834567386
-3.02042801556	0.0953107653244
-3.00583657587	0.0957845753678
-2.99124513619	0.0962560011054
-2.9766536965	0.0967250459971
-2.96206225681	0.0971917133787
-2.94747081712	0.0976560064658
-2.93287937743	0.0981179283586
-2.91828793774	0.0985774820457
-2.90369649805	0.0990346704084
-2.88910505837	0.0994894962246
-2.87451361868	0.0999419621728
-2.85992217899	0.100392070836
-2.8453307393	0.100839824703
-2.83073929961	0.101285226178
-2.81614785992	0.101728277576
-2.80155642023	0.102168981131
-2.78696498054	0.102607339
-2.77237354086	0.103043353262
-2.75778210117	0.103477025924
-2.74319066148	0.103908358922
-2.72859922179	0.104337354127
-2.7140077821	0.104764013343
-2.69941634241	0.105188338312
-2.68482490272	0.105610330717
-2.67023346303	0.106029992184
-2.65564202335	0.106447324282
-2.64105058366	0.106862328529
-2.62645914397	0.10727500639
-2.61186770428	0.107685359283
-2.59727626459	0.108093388578
-2.5826848249	0.108499095599
-2.56809338521	0.108902481628
-2.55350194552	0.109303547904
-2.53891050584	0.109702295625
-2.52431906615	0.110098725953
-2.50972762646	0.11049284001
-2.49513618677	0.110884638885
-2.48054474708	0.11127412363
-2.46595330739	0.111661295264
-2.4513618677	0.112046154777
-2.43677042801	0.112428703125
-2.42217898833	0.112808941237
-2.40758754864	0.113186870012
-2.39299610895	0.113562490321
-2.37840466926	0.113935803012
-2.36381322957	0.114306808904
-2.34922178988	0.114675508793
-2.33463035019	0.115041903452
-2.32003891051	0.115405993631
-2.30544747082	0.115767780057
-2.29085603113	0.116127263437
-2.27626459144	0.116484444457
-2.26167315175	0.116839323785
-2.24708171206	0.117191902068
-2.23249027237	0.117542179935
-2.21789883268	0.117890157998
-2.203307393	0.118235836853
-2.18871595331	0.118579217078
-2.17412451362	0.118920299235
-2.15953307393	0.119259083871
-2.14494163424	0.119595571518
-2.13035019455	0.119929762695
-2.11575875486	0.120261657906
-2.10116731517	0.120591257641
-2.08657587549	0.120918562378
-2.0719844358	0.121243572582
-2.05739299611	0.121566288707
-2.04280155642	0.121886711192
-2.02821011673	0.122204840469
-2.01361867704	0.122520676956
-1.99902723735	0.122834221062
-1.98443579766	0.123145473183
-1.96984435798	0.123454433708
-1.95525291829	0.123761103015
-1.9406614786	0.124065481472
-1.92607003891	0.12436756944
-1.91147859922	0.124667367268
-1.89688715953	0.124964875298
-1.88229571984	0.125260093865
-1.86770428015	0.125553023294
-1.85311284047	0.125843663903
-1.83852140078	0.126132016001
-1.82392996109	0.126418079892
-1.8093385214	0.12670185587
-1.79474708171	0.126983344225
-1.78015564202	0.127262545238
-1.76556420233	0.127539459184
-1.75097276265	0.127814086332
-1.73638132296	0.128086426943
-1.72178988327	0.128356481275
-1.70719844358	0.128624249578
-1.69260700389	0.128889732097
-1.6780155642	0.12915292907
-1.66342412451	0.12941384073
-1.64883268482	0.129672467307
-1.63424124514	0.129928809024
-1.61964980545	0.130182866098
-1.60505836576	0.130434638743
-1.59046692607	0.130684127166
-1.57587548638	0.130931331573
-1.56128404669	0.131176252161
-1.546692607	0.131418889126
-1.53210116731	0.131659242659
-1.51750972763	0.131897312945
-1.50291828794	0.132133100166
-1.48832684825	0.132366604501
-1.47373540856	0.132597826125
-1.45914396887	0.132826765206
-1.44455252918	0.133053421913
-1.42996108949	0.133277796409
-1.4153696498	0.133499888852
-1.40077821012	0.133719699399
-1.38618677043	0.133937228202
-1.37159533074	0.134152475412
-1.35700389105	0.134365441173
-1.34241245136	0.13457612563
-1.32782101167	0.134784528922
-1.31322957198	0.134990651186
-1.29863813229	0.135194492557
-1.28404669261	0.135396053164
-1.26945525292	0.135595333136
-1.25486381323	0.1357923326
-1.24027237354	0.135987051677
-1.22568093385	0.136179490488
-1.21108949416	0.13636964915
-1.19649805447	0.136557527779
-1.18190661479	0.136743126488
-1.1673151751	0.136926445385
-1.15272373541	0.137107484579
-1.13813229572	0.137286244176
-1.12354085603	0.137462724279
-1.10894941634	0.137636924988
-1.09435797665	0.137808846403
-1.07976653696	0.13797848862
-1.06517509728	0.138145851733
-1.05058365759	0.138310935835
-1.0359922179	0.138473741017
-1.02140077821	0.138634267366
-1.00680933852	0.13879251497
-0.992217898832	0.138948483913
-0.977626459143	0.139102174277
-0.963035019454	0.139253586144
-0.948443579766	0.139402719592
-0.933852140077	0.139549574698
-0.919260700388	0.13969415154
-0.9046692607	0.139836450189
-0.890077821011	0.139976470718
-0.875486381322	0.140114213198
-0.860894941633	0.140249677698
-0.846303501945	0.140382864284
-0.831712062256	0.140513773023
-0.817120622567	0.140642403978
-0.802529182879	0.140768757212
-0.78793774319	0.140892832787
-0.773346303501	0.141014630762
-0.758754863812	0.141134151194
-0.744163424124	0.141251394141
-0.729571984435	0.141366359659
-0.714980544746	0.1414790478
-0.700389105058	0.141589458618
-0.685797665369	0.141697592164
-0.67120622568	0.141803448488
-0.656614785991	0.141907027638
-0.642023346303	0.142008329662
-0.627431906614	0.142107354605
-0.612840466925	0.142204102513
-0.598249027237	0.142298573429
-0.583657587548	0.142390767395
-0.569066147859	0.142480684452
-0.55447470817	0.142568324641
-0.539883268482	0.142653688
-0.525291828793	0.142736774566
-0.510700389104	0.142817584376
-0.496108949416	0.142896117465
-0.481517509727	0.142972373868
-0.466926070038	0.143046353616
-0.452334630349	0.143118056743
-0.437743190661	0.14318748328
-0.423151750972	0.143254633254
-0.408560311283	0.143319506697
-0.393968871594	0.143382103634
-0.379377431906	0.143442424093
-0.364785992217	0.143500468099
-0.350194552528	0.143556235676
-0.33560311284	0.143609726849
-0.321011673151	0.143660941639
-0.306420233462	0.143709880067
-0.291828793773	0.143756542155
-0.277237354085	0.143800927922
-0.262645914396	0.143843037386
-0.248054474707	0.143882870564
-0.233463035019	0.143920427474
-0.21887159533	0.143955708129
-0.204280155641	0.143988712546
-0.189688715952	0.144019440738
-0.175097276264	0.144047892717
-0.160505836575	0.144074068495
-0.145914396886	0.144097968082
-0.131322957198	0.144119591489
-0.116731517509	0.144138938724
-0.10214007782	0.144156009795
-0.0875486381314	0.144170804709
-0.0729571984427	0.144183323473
-0.058365758754	0.144193566091
-0.0437743190653	0.144201532567
-0.0291828793766	0.144207222905
-0.0145914396879	0.144210637106
8.5975671027e-13	0.144211775174
0.0145914396896	0.144210637106
0.0291828793783	0.144207222905
0.043774319067	0.144201532567
0.0583657587557	0.144193566091
0.0729571984444	0.144183323473
0.0875486381332	0.144170804709
0.102140077822	0.144156009795
0.116731517511	0.144138938724
0.131322957199	0.144119591489
0.145914396888	0.144097968082
0.160505836577	0.144074068495
0.175097276265	0.144047892717
0.189688715954	0.144019440738
0.204280155643	0.143988712546
0.218871595332	0.143955708129
0.23346303502	0.143920427474
0.248054474709	0.143882870564
0.262645914398	0.143843037386
0.277237354086	0.143800927922
0.291828793775	0.143756542155
0.306420233464	0.143709880067
0.321011673153	0.143660941639
0.335603112841	0.143609726849
0.35019455253	0.143556235676
0.364785992219	0.143500468099
0.379377431907	0.143442424093
0.393968871596	0.143382103634
0.408560311285	0.143319506697
0.423151750974	0.143254633254
0.437743190662	0.14318748328
0.452334630351	0.143118056743
0.46692607004	0.143046353616
0.481517509729	0.142972373868
0.496108949417	0.142896117465
0.510700389106	0.142817584376
0.525291828795	0.142736774566
0.539883268483	0.142653687999
0.554474708172	0.142568324641
0.569066147861	0.142480684452
0.58365758755	0.142390767395
0.598249027238	0.142298573429
0.612840466927	0.142204102513
0.627431906616	0.142107354605
0.642023346304	0.142008329662
0.656614785993	0.141907027638
0.671206225682	0.141803448488
0.685797665371	0.141697592164
0.700389105059	0.141589458618
0.714980544748	0.1414790478
0.729571984437	0.141366359659
0.744163424125	0.141251394141
0.758754863814	0.141134151194
0.773346303503	0.141014630762
0.787937743192	0.140892832787
0.80252918288	0.140768757212
0.817120622569	0.140642403978
0.831712062258	0.140513773023
0.846303501946	0.140382864284
0.860894941635	0.140249677698
0.875486381324	0.140114213198
0.890077821013	0.139976470718
0.904669260701	0.139836450189
0.91926070039	0.13969415154
0.933852140079	0.139549574698
0.948443579767	0.139402719592
0.963035019456	0.139253586144
0.977626459145	0.139102174277
0.992217898834	0.138948483913
1.00680933852	0.13879251497
1.02140077821	0.138634267366
1.0359922179	0.138473741017
1.05058365759	0.138310935835
1.06517509728	0.138145851733
1.07976653697	0.13797848862
1.09435797665	0.137808846403
1.10894941634	0.137636924988
1.12354085603	0.137462724279
1.13813229572	0.137286244176
1.15272373541	0.137107484579
1.1673151751	0.136926445385
1.18190661479	0.136743126487
1.19649805448	0.136557527779
1.21108949416	0.13636964915
1.22568093385	0.136179490488
1.24027237354	0.135987051677
1.25486381323	0.1357923326
1.26945525292	0.135595333136
1.28404669261	0.135396053164
1.2986381323	0.135194492557
1.31322957199	0.134990651186
1.32782101167	0.134784528922
1.34241245136	0.13457612563
1.35700389105	0.134365441173
1.37159533074	0.134152475412
1.38618677043	0.133937228202
1.40077821012	0.133719699399
1.41536964981	0.133499888852
1.4299610895	0.133277796408
1.44455252918	0.133053421913
1.45914396887	0.132826765206
1.47373540856	0.132597826125
1.48832684825	0.132366604501
1.50291828794	0.132133100166
1.51750972763	0.131897312945
1.53210116732	0.131659242659
1.546692607	0.131418889126
1.56128404669	0.131176252161
1.57587548638	0.130931331573
1.59046692607	0.130684127166
1.60505836576	0.130434638743
1.61964980545	0.130182866098
1.63424124514	0.129928809024
1.64883268483	0.129672467307
1.66342412451	0.12941384073
1.6780155642	0.12915292907
1.69260700389	0.128889732097
1.70719844358	0.128624249578
1.72178988327	0.128356481275
1.73638132296	0.128086426943
1.75097276265	0.127814086332
1.76556420234	0.127539459184
1.78015564202	0.127262545238
1.79474708171	0.126983344225
1.8093385214	0.12670185587
1.82392996109	0.126418079892
1.83852140078	0.126132016001
1.85311284047	0.125843663903
1.86770428016	0.125553023294
1.88229571985	0.125260093865
1.89688715953	0.124964875298
1.91147859922	0.124667367268
1.92607003891	0.12436756944
1.9406614786	0.124065481472
1.95525291829	0.123761103015
1.96984435798	0.123454433708
1.98443579767	0.123145473183
1.99902723736	0.122834221062
2.01361867704	0.122520676956
2.02821011673	0.122204840469
2.04280155642	0.121886711192
2.05739299611	0.121566288707
2.0719844358	0.121243572582
2.08657587549	0.120918562378
2.10116731518	0.120591257641
2.11575875486	0.120261657906
2.13035019455	0.119929762695
2.14494163424	0.119595571518
2.15953307393	0.119259083871
2.17412451362	0.118920299235
2.18871595331	0.118579217078
2.203307393	0.118235836853
2.21789883269	0.117890157998
2.23249027237	0.117542179935
2.24708171206	0.117191902068
2.26167315175	0.116839323785
2.27626459144	0.116484444457
2.29085603113	0.116127263437
2.30544747082	0.115767780057
2.32003891051	0.115405993631
2.3346303502	0.115041903452
2.34922178988	0.114675508793
2.36381322957	0.114306808904
2.37840466926	0.113935803012
2.39299610895	0.113562490321
2.40758754864	0.113186870012
2.42217898833	0.112808941237
2.43677042802	0.112428703125
2.45136186771	0.112046154777
2.46595330739	0.111661295264
2.48054474708	0.11127412363
2.49513618677	0.110884638885
2.50972762646	0.11049284001
2.52431906615	0.110098725953
2.53891050584	0.109702295625
2.55350194553	0.109303547904
2.56809338522	0.108902481628
2.5826848249	0.108499095599
2.59727626459	0.108093388578
2.61186770428	0.107685359283
2.62645914397	0.10727500639
2.64105058366	0.106862328529
2.65564202335	0.106447324282
2.67023346304	0.106029992184
2.68482490272	0.105610330717
2.69941634241	0.105188338312
2.7140077821	0.104764013343
2.72859922179	0.104337354127
2.74319066148	0.103908358922
2.75778210117	0.103477025924
2.77237354086	0.103043353262
2.78696498055	0.102607339
2.80155642023	0.102168981131
2.81614785992	0.101728277576
2.83073929961	0.101285226178
2.8453307393	0.100839824703
2.85992217899	0.100392070836
2.87451361868	0.0999419621728
2.88910505837	0.0994894962246
2.90369649806	0.0990346704084
2.91828793774	0.0985774820457
2.93287937743	0.0981179283586
2.94747081712	0.0976560064658
2.96206225681	0.0971917133787
2.9766536965	0.0967250459971
2.99124513619	0.0962560011054
3.00583657588	0.0957845753678
3.02042801557	0.0953107653244
3.03501945525	0.094834567386
3.04961089494	0.0943559778301
3.06420233463	0.0938749927958
3.07879377432	0.0933916082792
3.09338521401	0.092905820128
3.1079766537	0.0924176240371
3.12256809339	0.0919270155434
3.13715953307	0.0914339900202
3.15175097276	0.0909385426727
3.16634241245	0.0904406685325
3.18093385214	0.0899403624524
3.19552529183	0.0894376191015
3.21011673152	0.0889324329597
3.22470817121	0.0884247983129
3.2392996109	0.0879147092478
3.25389105058	0.0874021596474
3.26848249027	0.086887143186
3.28307392996	0.0863696533247
3.29766536965	0.0858496833074
3.31225680934	0.0853272261562
3.32684824903	0.0848022746685
3.34143968872	0.0842748214132
3.35603112841	0.0837448587277
3.37062256809	0.0832123787162
3.38521400778	0.0826773732472
3.39980544747	0.0821398339527
3.41439688716	0.0815997522277
3.42898832685	0.0810571192306
3.44357976654	0.0805119258846
3.45817120623	0.0799641628797
3.47276264592	0.0794138206762
3.4873540856	0.0788608895096
3.50194552529	0.078305359396
3.51653696498	0.0777472201402
3.53112840467	0.077186461344
3.54571984436	0.0766230724178
3.56031128405	0.0760570425924
3.57490272374	0.0754883609348
3.58949416343	0.0749170163643
3.60408560311	0.0743429976727
3.6186770428	0.073766293546
3.63326848249	0.0731868925893
3.64785992218	0.0726047833553
3.66245136187	0.0720199543748
3.67704280156	0.0714323941919
3.69163424125	0.0708420914026
3.70622568093	0.0702490346968
3.72081712062	0.0696532129052
3.73540856031	0.0690546150507
3.75	0.068453230404
3.76459143969	0.0678490485449
3.77918287938	0.0672420594286
3.79377431907	0.0666322534577
3.80836575876	0.0660196215602
3.82295719844	0.0654041552734
3.83754863813	0.0647858468348
3.85214007782	0.0641646892794
3.86673151751	0.0635406765445
3.8813229572	0.0629138035814
3.89591439689	0.0622840664753
3.91050583658	0.0616514625724
3.92509727627	0.0610159906161
3.93968871595	0.0603776508908
3.95428015564	0.0597364453751
3.96887159533	0.0590923779028
3.98346303502	0.0584454543343
3.99805447471	0.0577956827355
4.0126459144	0.0571430735674
4.02723735409	0.0564876398839
4.04182879378	0.0558293975395
4.05642023346	0.0551683654061
4.07101167315	0.0545045655984
4.08560311284	0.0538380237092
4.10019455253	0.0531687690524
4.11478599222	0.0524968349154
4.12937743191	0.0518222588183
4.1439688716	0.0511450827818
4.15856031129	0.0504653536008
4.17315175097	0.0497831231256
4.18774319066	0.0490984485473
4.20233463035	0.0484113926882
4.21692607004	0.0477220242959
4.23151750973	0.0470304183395
4.24610894942	0.0463366563067
4.26070038911	0.0456408265011
4.27529182879	0.044943024337
4.28988326848	0.0442433526313
4.30447470817	0.0435419218893
4.31906614786	0.0428388505843
4.33365758755	0.0421342654264
4.34824902724	0.0414283016213
4.36284046693	0.0407211031136
4.37743190662	0.0400128228156
4.3920233463	0.0393036228153
4.40661478599	0.0385936745647
4.42120622568	0.0378831590426
4.43579766537	0.037172266891
4.45038910506	0.0364611985216
4.46498054475	0.0357501641896
4.47957198444	0.035039384032
4.49416342413	0.0343290880678
4.50875486381	0.0336195161566
4.5233463035	0.0329109179138
4.53793774319	0.0322035525796
4.55252918288	0.0314976888387
4.56712062257	0.0307936045895
4.58171206226	0.0300915866597
4.59630350195	0.0293919304678
4.61089494164	0.028694939628
4.62548638132	0.0280009254972
4.64007782101	0.0273102066649
4.6546692607	0.0266231083836
4.66926070039	0.0259399619411
4.68385214008	0.0252611039751
4.69844357977	0.0245868757305
4.71303501946	0.0239176222616
4.72762645915	0.0232536915809
4.74221789883	0.0225954337572
4.75680933852	0.0219431999666
4.77140077821	0.021297341499
4.7859922179	0.0206582087262
4.80058365759	0.0200261500342
4.81517509728	0.0194015107273
4.82976653697	0.0187846319077
4.84435797665	0.0181758493389
4.85894941634	0.0175754922975
4.87354085603	0.0169838824225
4.88813229572	0.0164013325674
4.90272373541	0.0158281456647
4.9173151751	0.0152646136086
4.93190661479	0.0147110161649
4.94649805448	0.0141676199155
4.96108949416	0.0136346772454
4.97568093385	0.0131124253791
4.99027237354	0.0126010854747
5.00486381323	0.0121008617817
5.01945525292	0.0116119408697
5.03404669261	0.0111344909335
5.0486381323	0.0106686611808
5.06322957199	0.010214581306
5.07782101167	0.00977236105582
5.09241245136	0.00934208988913
5.10700389105	0.00892383673336
5.12159533074	0.00851764984005
5.13618677043	0.00812355673985
5.15077821012	0.00774156429706
5.16536964981	0.00737165886306
5.1799610895	0.00701380652681
5.19455252918	0.00666795345994
5.20914396887	0.00633402635319
5.22373540856	0.00601193294012
5.23832684825	0.00570156260339
5.25291828794	0.00540278705824
5.26750972763	0.00511546110726
5.28210116732	0.00483942346001
5.29669260701	0.00457449761075
5.31128404669	0.00432049276708
5.32587548638	0.00407720482212
5.34046692607	0.00384441736275
5.35505836576	0.00362190270619
5.36964980545	0.00340942295744
5.38424124514	0.00320673108004
5.39883268483	0.00301357197274
5.41342412451	0.00282968354504
5.4280155642	0.00265479778481
5.44260700389	0.00248864181143
5.45719844358	0.00233093890848
5.47178988327	0.00218140953033
5.48638132296	0.00203977227755
5.50097276265	0.00190574483641
5.51556420234	0.00177904487853
5.53015564202	0.00165939091689
5.54474708171	0.00154650311551
5.5593385214	0.00144010404993
5.57392996109	0.00133991941689
5.58852140078	0.00124567869153
5.60311284047	0.00115711573131
5.61770428016	0.00107396932615
5.63229571985	0.000995983694712
5.64688715953	0.00092290892731
5.66147859922	0.000854501376172
5.67607003891	0.000790523994171
5.6906614786	0.000730746623479
5.70525291829	0.000674946235839
5.71984435798	0.000622907126386
5.73443579767	0.000574421063185
5.74902723736	0.000529287394756
5.76361867704	0.000487313118058
5.77821011673	0.000448312909444
5.79280155642	0.000412109121195
5.80739299611	0.000378531746284
5.8219844358	0.000347418354003
5.83657587549	0.00031861399911
5.85116731518	0.000291971107099
5.86575875487	0.00026734933814
5.88035019455	0.000244615432176
5.89494163424	0.000223643037574
5.90953307393	0.000204312525636
5.92412451362	0.000186510793148
5.93871595331	0.000170131055056
5.953307393	0.000155072629231
5.96789883269	0.000141240715127
5.98249027237	0.000128546168062
5.99708171206	0.000116905270672
6.01167315175	0.000106239502994
6.02626459144	9.64753124756e-05
6.04085603113	8.75438851207e-05
6.05544747082	7.93809188125e-05
6.07003891051	7.19263997818e-05
6.0846303502	6.51243830441e-05
6.09922178988	5.89227775353e-05
6.11381322957	5.32731365705e-05
6.12840466926	4.81304541546e-05
6.14299610895	4.34529675817e-05
6.15758754864	3.92019666797e-05
6.17217898833	3.53416099763e-05
6.18677042802	3.18387479933e-05
6.20136186771	2.86627538101e-05
6.21595330739	2.5785360981e-05
6.23054474708	2.31805088327e-05
6.24513618677	2.08241951287e-05
6.25972762646	1.86943360371e-05
6.27431906615	1.67706333087e-05
6.28891050584	1.50344485356e-05
6.30350194553	1.3468684335e-05
6.31809338522	1.20576722788e-05
6.3326848249	1.07870673719e-05
6.34727626459	9.64374886341e-06
6.36186770428	8.61572716536e-06
6.37645914397	7.69205664276e-06
6.39105058366	6.86275403142e-06
6.40564202335	6.11872223712e-06
6.42023346304	5.45167926645e-06
6.43482490272	4.85409203982e-06
6.44941634241	4.31911483847e-06
6.4640077821	3.8405321405e-06
6.47859922179	3.41270560475e-06
6.49319066148	3.03052496699e-06
6.50778210117	2.68936261896e-06
6.52237354086	2.38503164763e-06
6.53696498055	2.11374711973e-06
6.55155642023	1.87209040465e-06
6.56614785992	1.6569763369e-06
6.58073929961	1.46562302823e-06
6.5953307393	1.29552414813e-06
6.60992217899	1.14442350008e-06
6.62451361868	1.01029173007e-06
6.63910505837	8.91305012269e-07
6.65369649806	7.85825565703e-07
6.66828793774	6.92383863791e-07
6.68287937743	6.09662407267e-07
6.69747081712	5.36480938682e-07
6.71206225681	4.71782984516e-07
6.7266536965	4.1462361835e-07
6.74124513619	3.64158345643e-07
6.75583657588	3.19633017499e-07
6.77042801557	2.80374687275e-07
6.78501945525	2.45783330074e-07
6.79961089494	2.15324350987e-07
6.81420233463	1.88521813509e-07
6.82879377432	1.64952324723e-07
6.84338521401	1.44239518783e-07
6.8579766537	1.26049084813e-07
6.87256809339	1.10084289643e-07
6.88715953308	9.60819498371e-08
6.90175097276	8.38088112374e-08
6.91634241245	7.30582977068e-08
6.93093385214	6.36475940545e-08
6.94552529183	5.54150311021e-08
6.96011673152	4.82177436616e-08
6.97470817121	4.19295747693e-08
6.9892996109	3.6439201908e-08
7.00389105058	3.16484631391e-08
7.01848249027	2.7470863095e-08
7.03307392996	2.38302406273e-08
7.04766536965	2.06595816236e-08
7.06225680934	1.78999620523e-08
7.07684824903	1.54996077323e-08
7.09143968872	1.34130586237e-08
7.10603112841	1.16004266267e-08
7.12062256809	1.0026736962e-08
7.13521400778	8.6613441916e-09
7.14980544747	7.4774148333e-09
7.16439688716	6.45146934443e-09
7.17898832685	5.56297697942e-09
7.19357976654	4.79399770142e-09
7.20817120623	4.12886592956e-09
7.22276264592	3.55391145226e-09
7.2373540856	3.05721332857e-09
7.25194552529	2.62838304594e-09
7.26653696498	2.25837360169e-09
7.28112840467	1.93931153809e-09
7.29571984436	1.66434928214e-09
7.31031128405	1.4275354341e-09
7.32490272374	1.22370090772e-09
7.33949416343	1.04835906011e-09
7.35408560311	8.97618156872e-10
7.3686770428	7.68104706176e-10
7.38326848249	6.56896360713e-10
7.39785992218	5.61463237391e-10
7.41245136187	4.79616635411e-10
7.42704280156	4.0946425282e-10
7.44163424125	3.49371105996e-10
7.45622568094	2.97925450656e-10
7.47081712062	2.53909085186e-10
7.48540856031	2.1627149168e-10
7.5	1.84107333986e-10
7.51459143969	1.56636891491e-10
7.52918287938	1.33189058482e-10
7.54377431907	1.13186579897e-10
7.55836575876	9.61332413693e-11
7.57295719844	8.16027615849e-11
7.58754863813	6.92291670958e-11
7.60214007782	5.86984578556e-11
7.61673151751	4.97413951405e-11
7.6313229572	4.21272651908e-11
7.64591439689	3.56584900761e-11
7.66050583658	3.01659739837e-11
7.67509727627	2.5505087211e-11
7.68968871595	2.15522028838e-11
7.70428015564	1.82017122928e-11
7.71887159533	1.53634544855e-11
7.73346303502	1.29605040096e-11
7.74805447471	1.09272682896e-11
7.7626459144	9.20785229729e-12
7.77723735409	7.75465394283e-12
7.79182879378	6.52715841524e-12
7.80642023346	5.490903986e-12
7.82101167315	4.61659545325e-12
7.83560311284	3.87934468386e-12
7.85019455253	3.25802040968e-12
7.86478599222	2.73469196903e-12
7.87937743191	2.29415369769e-12
7.8939688716	1.92351855815e-12
7.90856031129	1.61187113812e-12
7.92315175097	1.34997154611e-12
7.93774319066	1.13000289311e-12
7.95233463035	9.45356090242e-13
7.96692607004	7.90446552516e-13
7.98151750973	6.6055819604e-13
7.99610894942	5.51710731384e-13
8.01070038911	4.60546857217e-13
8.0252918288	3.84236424437e-13
8.03988326848	3.20395073725e-13
8.05447470817	2.67015199394e-13
8.06906614786	2.22407414218e-13
8.08365758755	1.85150941503e-13
8.09824902724	1.540516085e-13
8.11284046693	1.28106291077e-13
8.12743190662	1.06472841231e-13
8.1420233463	8.84446663172e-14
8.15661478599	7.34292553994e-14
8.17120622568	6.09300483281e-14
8.18579766537	5.05311399007e-14
8.20038910506	4.18843797539e-14
8.21498054475	3.46985037347e-14
8.22957198444	2.87299793689e-14
8.24416342413	2.37753013345e-14
8.25875486381	1.96645101485e-14
8.2733463035	1.62557442937e-14
8.28793774319	1.34306627095e-14
8.30252918288	1.10906020574e-14
8.31712062257	9.15335122135e-15
8.33171206226	7.55044741934e-15
8.34630350195	6.22490934181e-15
8.36089494164	5.1293387754e-15
8.37548638132	4.22433127391e-15
8.39007782101	3.47714665436e-15
8.4046692607	2.8605972505e-15
8.41926070039	2.35211921661e-15
8.43385214008	1.93299645169e-15
8.44844357977	1.58771342974e-15
8.46303501946	1.30341502442e-15
8.47762645915	1.0694564119e-15
8.49221789883	8.77027912698e-16
8.50680933852	7.18842791198e-16
8.52140077821	5.88877282374e-16
8.5359922179	4.82154570687e-16
8.55058365759	3.94565016227e-16
8.56517509728	3.2271702672e-16
8.57976653697	2.63813113825e-16
8.59435797666	2.15547155038e-16
8.60894941634	1.76019101846e-16
8.62354085603	1.43664380051e-16
8.63813229572	1.17195347549e-16
8.65272373541	9.55529013418e-17
8.6673151751	7.78663417497e-17
8.68190661479	6.34202968996e-17
8.69649805448	5.16273171369e-17
8.71108949416	4.20052741164e-17
8.72568093385	3.41586908539e-17
8.74027237354	2.77633559412e-17
8.75486381323	2.25536151052e-17
8.76945525292	1.83119325786e-17
8.78404669261	1.4860249568e-17
8.7986381323	1.20529173005e-17
8.81322957199	9.77085381201e-18
8.82782101167	7.91675712944e-18
8.84241245136	6.41116106297e-18
8.85700389105	5.1892054693e-18
8.87159533074	4.19797497292e-18
8.88618677043	3.39433094717e-18
8.90077821012	2.74311440034e-18
8.91536964981	2.21569189051e-18
8.9299610895	1.78875378169e-18
8.94455252918	1.44333705442e-18
8.95914396887	1.16402121986e-18
8.97373540856	9.38275429574e-19
8.98832684825	7.55919973638e-19
9.00291828794	6.08693097577e-19
9.01750972763	4.89889101677e-19
9.03210116732	3.94071018585e-19
9.04669260701	3.16831368305e-19
9.06128404669	2.54600510265e-19
9.07587548638	2.04487810833e-19
9.09046692607	1.64154653295e-19
9.10505836576	1.317090326e-19
9.11964980545	1.05622662052e-19
9.13424124514	8.46597247275e-20
9.14883268483	6.7822859128e-20
9.16342412452	5.43067148782e-20
9.1780155642	4.34620692323e-20
9.19260700389	3.47652460059e-20
9.20719844358	2.77945361922e-20
9.22178988327	2.22101037239e-20
9.23638132296	1.77387611531e-20
9.25097276265	1.41603964415e-20
9.26556420234	1.12982172071e-20
9.28015564202	9.00997425714e-21
9.29474708171	7.18156107956e-21
9.3093385214	5.72128698344e-21
9.32392996109	4.55563844482e-21
9.33852140078	3.62558835347e-21
9.35311284047	2.88401513109e-21
9.36770428016	2.29297121712e-21
9.38229571985	1.82216461056e-21
9.39688715953	1.44729068786e-21
9.41147859922	1.14897317143e-21
9.42607003891	9.11675768215e-22
9.4406614786	7.23029082087e-22
9.45525291829	5.73111737894e-22
9.46984435798	4.54066887072e-22
9.48443579767	3.59575683423e-22
9.49902723736	2.84615293211e-22
9.51361867704	2.25163160043e-22
9.52821011673	1.78046259051e-22
9.54280155642	1.40718253413e-22
9.55739299611	1.11162160352e-22
9.5719844358	8.77625940137e-23
9.58657587549	6.92595259389e-23
9.60116731518	5.46305718825e-23
9.61575875487	4.30753596939e-23
9.63035019455	3.39466243871e-23
9.64494163424	2.67402612226e-23
9.65953307393	2.10516723202e-23
9.67412451362	1.65654124449e-23
9.68871595331	1.30256853845e-23
9.703307393	1.02401258955e-23
9.71789883269	8.0463469627e-24
9.73249027237	6.32076732941e-24
9.74708171206	4.96285552022e-24
9.76167315175	3.89476645473e-24
9.77626459144	3.05372578158e-24
9.79085603113	2.39343988298e-24
9.80544747082	1.87396410131e-24
9.82003891051	1.46749512081e-24
9.8346303502	1.14879595643e-24
9.84922178988	8.99637391288e-25
9.86381322957	7.03986734571e-25
9.87840466926	5.50911662856e-25
9.89299610895	4.30751197287e-25
9.90758754864	3.36601853138e-25
9.92217898833	2.62635662003e-25
9.93677042802	2.0510793426e-25
9.95136186771	1.59974248298e-25
9.96595330739	1.24936264527e-25
9.98054474708	9.74623369382e-26
9.99513618677	7.60016477537e-26
10.0097276265	5.9160856848e-26
10.0243190661	4.6086774912e-26
10.0389105058	3.5746689705e-26
10.0535019455	2.78624233208e-26
10.0680933852	2.17547102367e-26
10.0826848249	1.70932885546e-26
10.0972762646	1.34372594642e-26
10.1118677043	1.05731461259e-26
10.126459144	8.33110901073e-27
10.1410505837	6.63648345241e-27
10.1556420233	5.3152188142e-27
10.170233463	4.31019280545e-27
10.1848249027	3.54343422965e-27
10.1994163424	2.95390259682e-27
10.2140077821	2.483882659e-27
10.2285992218	2.13351998618e-27
10.2431906615	1.86596922752e-27
10.2577821012	1.67486020701e-27
10.2723735409	1.55919544592e-27
10.2869649805	1.45516653894e-27
10.3015564202	1.38756700217e-27
10.3161478599	1.33481762559e-27
10.3307392996	1.2927379678e-27
10.3453307393	1.24706609709e-27
10.359922179	1.22659331427e-27
10.3745136187	1.22454029845e-27
10.3891050584	1.26604841682e-27
10.4036964981	1.27946127797e-27
10.4182879377	1.2963888839e-27
10.4328793774	1.30483778029e-27
10.4474708171	1.31808678529e-27
10.4620622568	1.31413987683e-27
10.4766536965	1.33061925253e-27
10.4912451362	1.35436185132e-27
10.5058365759	1.43138602276e-27
10.5204280156	1.45446125548e-27
10.5350194553	1.47212535136e-27
10.5496108949	1.4733748481e-27
10.5642023346	1.4784507898e-27
10.5787937743	1.46485087845e-27
10.593385214	1.46925742644e-27
10.6079766537	1.48279465473e-27
10.6225680934	1.54162465248e-27
10.6371595331	1.53710995856e-27
10.6517509728	1.53851489637e-27
10.6663424125	1.52261756199e-27
10.6809338521	1.51379852456e-27
10.6955252918	1.49176470177e-27
10.7101167315	1.49624293034e-27
10.7247081712	1.50252316316e-27
10.7392996109	1.54355678096e-27
10.7538910506	1.53844420846e-27
10.7684824903	1.54005935114e-27
10.78307393	1.53166295718e-27
10.7976653697	1.53955897934e-27
10.8122568093	1.5152371743e-27
10.826848249	1.50433874804e-27
10.8414396887	1.5068331707e-27
10.8560311284	1.55558119072e-27
10.8706225681	1.55123830425e-27
10.8852140078	1.53728147731e-27
10.8998054475	1.50608297393e-27
10.9143968872	1.49847852234e-27
10.9289883268	1.46768515999e-27
10.9435797665	1.44919193244e-27
10.9581712062	1.43044845911e-27
10.9727626459	1.46899258888e-27
10.9873540856	1.4538417589e-27
11.0019455253	1.43410854236e-27
11.016536965	1.41644425729e-27
11.0311284047	1.40834838807e-27
11.0457198444	1.40442822269e-27
11.060311284	1.43147157361e-27
11.0749027237	1.46185221645e-27
11.0894941634	1.56247279072e-27
11.1040856031	1.65305527092e-27
11.1186770428	1.7994939501e-27
11.1332684825	1.99690826924e-27
11.1478599222	2.28956156833e-27
11.1624513619	2.68990168944e-27
11.1770428016	3.27060995256e-27
11.1916342412	4.07525992363e-27
11.2062256809	5.24422548717e-27
11.2208171206	6.72197711844e-27
11.2354085603	8.88782865416e-27
11.25	1.08936448582e-26
11.2645914397	8.84126694728e-27
11.2791828794	6.59166185059e-27
11.2937743191	5.02149422667e-27
11.3083657588	3.80636967538e-27
11.3229571984	2.92021665876e-27
11.3375486381	2.23994715097e-27
11.3521400778	1.72753098075e-27
11.3667315175	1.3351640622e-27
11.3813229572	1.03984084216e-27
11.3959143969	8.27657997446e-28
11.4105058366	6.6954955605e-28
11.4250972763	5.51759799437e-28
11.439688716	4.67698498971e-28
11.4542801556	4.03286634881e-28
11.4688715953	3.55435393476e-28
11.483463035	3.21283256098e-28
11.4980544747	2.92675598681e-28
11.5126459144	2.78527077862e-28
11.5272373541	2.63457647721e-28
11.5418287938	2.52203804392e-28
11.5564202335	2.47458079419e-28
11.5710116732	2.4446459999e-28
11.5856031128	2.41734424132e-28
11.6001945525	2.44474736301e-28
11.6147859922	2.45010098782e-28
11.6293774319	2.49576689519e-28
11.6439688716	2.5228935806e-28
11.6585603113	2.51888828732e-28
11.673151751	2.43402470612e-28
11.6877431907	2.46114575101e-28
11.7023346304	2.48314535978e-28
11.71692607	2.5322004858e-28
11.7315175097	2.56098840009e-28
11.7461089494	2.68387187706e-28
11.7607003891	2.85976436898e-28
11.7752918288	3.05350914273e-28
11.7898832685	3.22676117578e-28
11.8044747082	3.42796824185e-28
11.8190661479	3.62596215797e-28
11.8336575876	3.82102048639e-28
11.8482490272	3.97839768677e-28
11.8628404669	4.23175185912e-28
11.8774319066	4.46677813858e-28
11.8920233463	4.63407138668e-28
11.906614786	4.75101514996e-28
11.9212062257	4.84626984986e-28
11.9357976654	4.90737284908e-28
11.9503891051	4.98631719845e-28
11.9649805447	4.9334736728e-28
11.9795719844	4.92659673433e-28
11.9941634241	4.85005657014e-28
12.0087548638	4.75980617338e-28
12.0233463035	4.65939704989e-28
12.0379377432	4.65559168618e-28
12.0525291829	4.60647356053e-28
12.0671206226	4.53017138052e-28
12.0817120623	4.44021624498e-28
12.0963035019	4.43046560824e-28
12.1108949416	4.43085120031e-28
12.1254863813	4.51956063202e-28
12.140077821	4.66359661841e-28
12.1546692607	4.77755746387e-28
12.1692607004	4.82412195918e-28
12.1838521401	4.85780191738e-28
12.1984435798	4.80393177521e-28
12.2130350195	4.77126392521e-28
12.2276264591	4.79151756619e-28
12.2422178988	4.79513829163e-28
12.2568093385	4.89927123569e-28
12.2714007782	5.0098761088e-28
12.2859922179	5.10231340892e-28
12.3005836576	5.19706606834e-28
12.3151750973	5.17992600806e-28
12.329766537	5.14031785764e-28
12.3443579767	5.16752733074e-28
12.3589494163	5.18407408058e-28
12.373540856	5.31090512064e-28
12.3881322957	5.41020947891e-28
12.4027237354	5.48055247771e-28
12.4173151751	5.46898272023e-28
12.4319066148	5.37408951359e-28
12.4464980545	5.29300280966e-28
12.4610894942	5.28340599626e-28
12.4756809339	5.32205383163e-28
12.4902723735	5.47126228648e-28
12.5048638132	5.55995299886e-28
12.5194552529	5.63123319573e-28
12.5340466926	5.63836954163e-28
12.5486381323	5.5679853657e-28
12.563229572	5.52242183637e-28
12.5778210117	5.50526848359e-28
12.5924124514	5.49104271501e-28
12.6070038911	5.64523953461e-28
12.6215953307	5.64159890348e-28
12.6361867704	5.60419402353e-28
12.6507782101	5.49336766341e-28
12.6653696498	5.3991007369e-28
12.6799610895	5.36434065864e-28
12.6945525292	5.438688579e-28
12.7091439689	5.56957266436e-28
12.7237354086	5.92112561237e-28
12.7383268483	6.11617300771e-28
12.7529182879	6.15459715317e-28
12.7675097276	6.07383571218e-28
12.7821011673	6.01678191834e-28
12.796692607	5.92580385191e-28
12.8112840467	5.96163796187e-28
12.8258754864	6.1086601464e-28
12.8404669261	6.43518854377e-28
12.8550583658	6.51364901212e-28
12.8696498054	6.57098890529e-28
12.8842412451	6.4994258897e-28
12.8988326848	6.3850499341e-28
12.9134241245	6.33105220103e-28
12.9280155642	6.38812124403e-28
12.9426070039	6.45204809151e-28
12.9571984436	6.6802218629e-28
12.9717898833	6.71551754317e-28
12.986381323	6.74203656027e-28
13.0009727626	6.67477815007e-28
13.0155642023	6.6022459393e-28
13.030155642	6.49791092512e-28
13.0447470817	6.50994694027e-28
13.0593385214	6.59645960389e-28
13.0739299611	6.98132362856e-28
13.0885214008	7.11557683597e-28
13.1031128405	7.13115222103e-28
13.1177042802	7.06384818744e-28
13.1322957198	7.01471615141e-28
13.1468871595	6.91992115398e-28
13.1614785992	7.00974783949e-28
13.1760700389	7.21271570366e-28
13.1906614786	7.61868650243e-28
13.2052529183	7.70558236914e-28
13.219844358	7.82907209572e-28
13.2344357977	7.77821252292e-28
13.2490272374	7.6833463853e-28
13.263618677	7.66243268594e-28
13.2782101167	7.73210781456e-28
13.2928015564	7.77429436682e-28
13.3073929961	8.1341864427e-28
13.3219844358	8.28595269028e-28
13.3365758755	8.3601156577e-28
13.3511673152	8.22894676328e-28
13.3657587549	8.12126847042e-28
13.3803501946	7.96527879333e-28
13.3949416342	7.946401829e-28
13.4095330739	8.03708890409e-28
13.4241245136	8.41804688163e-28
13.4387159533	8.48530939283e-28
13.453307393	8.54832447407e-28
13.4678988327	8.50821382993e-28
13.4824902724	8.50290026802e-28
13.4970817121	8.3753361563e-28
13.5116731518	8.44666335281e-28
13.5262645914	8.61346280142e-28
13.5408560311	9.06953688076e-28
13.5554474708	9.26033136329e-28
13.5700389105	9.40986603726e-28
13.5846303502	9.36257750885e-28
13.5992217899	9.27925028765e-28
13.6138132296	9.2084348654e-28
13.6284046693	9.29949445516e-28
13.642996109	9.36365334394e-28
13.6575875486	9.86421265644e-28
13.6721789883	1.00355386324e-27
13.686770428	1.00946510811e-27
13.7013618677	1.00855161548e-27
13.7159533074	1.01452257833e-27
13.7305447471	1.01007688902e-27
13.7451361868	1.01502974397e-27
13.7597276265	1.02524979493e-27
13.7743190661	1.06911848165e-27
13.7889105058	1.07518705644e-27
13.8035019455	1.08175197596e-27
13.8180933852	1.06677860762e-27
13.8326848249	1.05575609907e-27
13.8472762646	1.04824993702e-27
13.8618677043	1.0608535041e-27
13.876459144	1.07483818995e-27
13.8910505837	1.12031296482e-27
13.9056420233	1.13168575856e-27
13.920233463	1.14107226753e-27
13.9348249027	1.1288200066e-27
13.9494163424	1.13016604884e-27
13.9640077821	1.12773602634e-27
13.9785992218	1.13942250176e-27
13.9931906615	1.14950333419e-27
14.0077821012	1.20205581274e-27
14.0223735409	1.21154678331e-27
14.0369649805	1.20857823682e-27
14.0515564202	1.19448381189e-27
14.0661478599	1.18903477446e-27
14.0807392996	1.16850086129e-27
14.0953307393	1.17479083781e-27
14.109922179	1.18906388173e-27
14.1245136187	1.2417678477e-27
14.1391050584	1.24608653644e-27
14.1536964981	1.24794232147e-27
14.1682879377	1.22892499078e-27
14.1828793774	1.21851400271e-27
14.1974708171	1.20170219502e-27
14.2120622568	1.202400014e-27
14.2266536965	1.20305906423e-27
14.2412451362	1.25286687778e-27
14.2558365759	1.26725164401e-27
14.2704280156	1.27310436824e-27
14.2850194553	1.25096962658e-27
14.2996108949	1.24519122996e-27
14.3142023346	1.2299940378e-27
14.3287937743	1.23054808494e-27
14.343385214	1.23747817094e-27
14.3579766537	1.29006326098e-27
14.3725680934	1.29364248842e-27
14.3871595331	1.28198398854e-27
14.4017509728	1.25638110846e-27
14.4163424125	1.24380738444e-27
14.4309338521	1.2161232387e-27
14.4455252918	1.21254832761e-27
14.4601167315	1.21187833452e-27
14.4747081712	1.24763695204e-27
14.4892996109	1.24602488465e-27
14.5038910506	1.24761101112e-27
14.5184824903	1.22965498841e-27
14.53307393	1.22498819362e-27
14.5476653697	1.21687745825e-27
14.5622568093	1.21570975005e-27
14.576848249	1.20879318747e-27
14.5914396887	1.25194843011e-27
14.6060311284	1.25256614243e-27
14.6206225681	1.24930016585e-27
14.6352140078	1.21784428349e-27
14.6498054475	1.20156087784e-27
14.6643968872	1.17920583238e-27
14.6789883268	1.16615770223e-27
14.6935797665	1.15010182212e-27
14.7081712062	1.16949401501e-27
14.7227626459	1.15137022125e-27
14.7373540856	1.13365468633e-27
14.7519455253	1.09357478383e-27
14.766536965	1.07041024114e-27
14.7811284047	1.02700744237e-27
14.7957198444	1.00470542076e-27
14.810311284	9.7611185001e-28
14.8249027237	9.62264312917e-28
14.8394941634	9.11415219956e-28
14.8540856031	8.57064746058e-28
14.8686770428	7.87986892696e-28
14.8832684825	7.40470956626e-28
14.8978599222	7.03451090286e-28
14.9124513619	7.01603483614e-28
14.9270428016	7.39215077572e-28
14.9416342412	8.77940695241e-28
14.9562256809	1.11815221324e-27
14.9708171206	1.52851477087e-27
14.9854085603	2.3042779827e-27
15.0	3.13372211906e-27
