-14.9854085603	2.3912645792e-27
-14.9708171206	1.41377385404e-27
-14.9562256809	8.53479410772e-28
-14.9416342412	4.9143464919e-28
-14.9270428016	2.89286158413e-28
-14.9124513619	1.75545659004e-28
-14.8978599222	1.2374408137e-28
-14.8832684825	1.02422570991e-28
-14.8686770428	1.04961928053e-28
-14.8540856031	1.14380652314e-28
-14.8394941634	1.31209281024e-28
-14.8249027237	1.36748815211e-28
-14.810311284	1.55677984295e-28
-14.7957198444	1.71709442298e-28
-14.7811284047	1.9382541963e-28
-14.766536965	2.09902980822e-28
-14.7519455253	2.25327924397e-28
-14.7373540856	2.35093510726e-28
-14.7227626459	2.40768788783e-28
-14.7081712062	2.26275276323e-28
-14.6935797665	2.3039646426e-28
-14.6789883268	2.34534878922e-28
-14.6643968872	2.45061104928e-28
-14.6498054475	2.5083530986e-28
-14.6352140078	2.63365290259e-28
-14.6206225681	2.64716770063e-28
-14.6060311284	2.63618391541e-28
-14.5914396887	2.44262546897e-28
-14.576848249	2.43038032779e-28
-14.5622568093	2.43139313874e-28
-14.5476653696	2.54074635101e-28
-14.53307393	2.58210905923e-28
-14.5184824903	2.67200168938e-28
-14.5038910506	2.69652245487e-28
-14.4892996109	2.70678937092e-28
-14.4747081712	2.52819606721e-28
-14.4601167315	2.51745767869e-28
-14.4455252918	2.5203317632e-28
-14.4309338521	2.61107217969e-28
-14.4163424125	2.64230241042e-28
-14.4017509728	2.72062907672e-28
-14.3871595331	2.71763310268e-28
-14.3725680934	2.69899616375e-28
-14.3579766537	2.48083819837e-28
-14.343385214	2.4399106446e-28
-14.3287937743	2.41134551018e-28
-14.3142023346	2.48222286033e-28
-14.2996108949	2.52462693354e-28
-14.2850194553	2.61640168493e-28
-14.2704280156	2.61761858786e-28
-14.2558365759	2.60318158056e-28
-14.2412451362	2.39502224463e-28
-14.2266536965	2.36460610666e-28
-14.2120622568	2.33377068402e-28
-14.1974708171	2.39985908463e-28
-14.1828793774	2.41115956976e-28
-14.1682879377	2.46002307498e-28
-14.1536964981	2.42734572323e-28
-14.1391050584	2.37674673749e-28
-14.1245136187	2.13720656707e-28
-14.109922179	2.08453609836e-28
-14.0953307393	2.04507443327e-28
-14.0807392996	2.10108801365e-28
-14.0661478599	2.12169850605e-28
-14.0515564202	2.18774756743e-28
-14.0369649805	2.16189709893e-28
-14.0223735409	2.12005189544e-28
-14.0077821012	1.88555410447e-28
-13.9931906615	1.81983964538e-28
-13.9785992218	1.76957858676e-28
-13.9640077821	1.80006553279e-28
-13.9494163424	1.7826847447e-28
-13.9348249027	1.81653842236e-28
-13.920233463	1.7732971306e-28
-13.9056420233	1.71502324011e-28
-13.8910505837	1.50628396431e-28
-13.876459144	1.4557688238e-28
-13.8618677043	1.42177704488e-28
-13.8472762646	1.45955777317e-28
-13.8326848249	1.4604593312e-28
-13.8180933852	1.51041218557e-28
-13.8035019455	1.49306516745e-28
-13.7889105058	1.44123654111e-28
-13.7743190661	1.25105095823e-28
-13.7597276265	1.20940093483e-28
-13.7451361868	1.1852653625e-28
-13.7305447471	1.21820615643e-28
-13.7159533074	1.22471456653e-28
-13.7013618677	1.25923775449e-28
-13.686770428	1.2324292269e-28
-13.6721789883	1.19237197359e-28
-13.6575875486	1.02221263132e-28
-13.6429961089	9.73725976879e-29
-13.6284046693	9.49196195454e-29
-13.6138132296	9.66392973958e-29
-13.5992217899	9.70100877104e-29
-13.5846303502	1.00872134987e-28
-13.5700389105	9.88453283287e-29
-13.5554474708	9.53330907437e-29
-13.5408560311	8.1314784334e-29
-13.5262645914	7.79981200458e-29
-13.5116731518	7.60797800815e-29
-13.4970817121	7.84991561819e-29
-13.4824902724	7.95407587584e-29
-13.4678988327	8.27799108971e-29
-13.453307393	8.17841506229e-29
-13.4387159533	7.77598299385e-29
-13.4241245136	6.55388182514e-29
-13.4095330739	6.2359402367e-29
-13.3949416342	6.03594963194e-29
-13.3803501946	6.23511992549e-29
-13.3657587549	6.34791960652e-29
-13.3511673152	6.7807340982e-29
-13.3365758755	6.84847025673e-29
-13.3219844358	6.84012446783e-29
-13.3073929961	6.22245240305e-29
-13.2928015564	6.31065438892e-29
-13.2782101167	6.46619934045e-29
-13.263618677	6.60946902585e-29
-13.2490272374	6.63380285912e-29
-13.2344357977	6.91888921208e-29
-13.219844358	6.81771353329e-29
-13.2052529183	6.66346211512e-29
-13.1906614786	6.21971294944e-29
-13.1760700389	6.22974077931e-29
-13.1614785992	6.27904494026e-29
-13.1468871595	6.38620348551e-29
-13.1322957198	6.22921693442e-29
-13.1177042802	6.28996012907e-29
-13.1031128405	6.13191580074e-29
-13.0885214008	5.74558231157e-29
-13.0739299611	5.13207537756e-29
-13.0593385214	4.9249197686e-29
-13.0447470817	4.81112499067e-29
-13.030155642	4.66624483083e-29
-13.0155642023	4.59694947016e-29
-13.0009727626	4.59405224752e-29
-12.986381323	4.4889016832e-29
-12.9717898833	4.46183280067e-29
-12.9571984436	4.33616512943e-29
-12.9426070039	4.33726440071e-29
-12.9280155642	4.4789562173e-29
-12.9134241245	4.50725804106e-29
-12.8988326848	4.62844525149e-29
-12.8842412451	4.84757032187e-29
-12.8696498054	5.09309743196e-29
-12.8550583658	5.49138513538e-29
-12.8404669261	6.39060284054e-29
-12.8258754864	7.05039168478e-29
-12.8112840467	7.63875862109e-29
-12.796692607	7.97491101741e-29
-12.7821011673	8.39217060431e-29
-12.7675097276	8.65332037023e-29
-12.7529182879	8.95090602587e-29
-12.7383268482	9.27860538645e-29
-12.7237354086	9.89051237469e-29
-12.7091439689	1.01983349042e-28
-12.6945525292	1.05159077466e-28
-12.6799610895	1.03508068101e-28
-12.6653696498	1.04742652016e-28
-12.6507782101	1.06435345342e-28
-12.6361867704	1.11256293419e-28
-12.6215953307	1.17204377353e-28
-12.6070038911	1.30859873359e-28
-12.5924124514	1.36974763413e-28
-12.5778210117	1.43837992213e-28
-12.563229572	1.42859721504e-28
-12.5486381323	1.43688992332e-28
-12.5340466926	1.47417028238e-28
-12.5194552529	1.55367663579e-28
-12.5048638132	1.65564552898e-28
-12.4902723735	1.89767203342e-28
-12.4756809339	2.02244041211e-28
-12.4610894942	2.14835894581e-28
-12.4464980545	2.17309479673e-28
-12.4319066148	2.23049548166e-28
-12.4173151751	2.27267654576e-28
-12.4027237354	2.37248485111e-28
-12.3881322957	2.49250479105e-28
-12.373540856	2.78829792545e-28
-12.3589494163	2.9535767705e-28
-12.3443579767	3.10267493898e-28
-12.329766537	3.13575766088e-28
-12.3151750973	3.23501296223e-28
-12.3005836576	3.30082539867e-28
-12.2859922179	3.43258590052e-28
-12.2714007782	3.62256317567e-28
-12.2568093385	4.02182222612e-28
-12.2422178988	4.2183157559e-28
-12.2276264591	4.40411992064e-28
-12.2130350195	4.43297981024e-28
-12.1984435798	4.52364164855e-28
-12.1838521401	4.58123397253e-28
-12.1692607004	4.70312915351e-28
-12.1546692607	4.84172782826e-28
-12.140077821	5.22082165872e-28
-12.1254863813	5.3649239399e-28
-12.1108949416	5.44202339691e-28
-12.0963035019	5.35452486307e-28
-12.0817120623	5.33793939419e-28
-12.0671206226	5.34121330192e-28
-12.0525291829	5.46337994314e-28
-12.0379377432	5.59452798149e-28
-12.0233463035	5.99551414377e-28
-12.0087548638	6.14066154806e-28
-11.9941634241	6.27280975097e-28
-11.9795719844	6.25182197748e-28
-11.9649805447	6.28034164163e-28
-11.9503891051	6.28303268628e-28
-11.9357976654	6.37363854856e-28
-11.9212062257	6.55606530008e-28
-11.906614786	7.02659772892e-28
-11.8920233463	7.18787266161e-28
-11.8774319066	7.29879390661e-28
-11.8628404669	7.1530549193e-28
-11.8482490272	7.06421885591e-28
-11.8336575875	6.97933844644e-28
-11.8190661479	7.01063118458e-28
-11.8044747082	7.09027502302e-28
-11.7898832685	7.51577497486e-28
-11.7752918288	7.56470345641e-28
-11.7607003891	7.54459825228e-28
-11.7461089494	7.36055971335e-28
-11.7315175097	7.28364552103e-28
-11.71692607	7.24697552827e-28
-11.7023346304	7.39074751106e-28
-11.6877431907	7.46592606997e-28
-11.673151751	7.82560816308e-28
-11.6585603113	7.90599138441e-28
-11.6439688716	7.86557195444e-28
-11.6293774319	7.63685328373e-28
-11.6147859922	7.48256928195e-28
-11.6001945525	7.25475468439e-28
-11.5856031128	7.24594045664e-28
-11.5710116732	7.2649286855e-28
-11.5564202335	7.53147690967e-28
-11.5418287938	7.35150786737e-28
-11.5272373541	7.15248570577e-28
-11.5126459144	6.79080362607e-28
-11.4980544747	6.42962972233e-28
-11.483463035	6.14201822087e-28
-11.4688715953	5.96703165217e-28
-11.4542801556	5.89396630992e-28
-11.439688716	6.15813821489e-28
-11.4250972763	6.10058825375e-28
-11.4105058366	6.10802256209e-28
-11.3959143969	6.20802825087e-28
-11.3813229572	6.79028280723e-28
-11.3667315175	7.93531905e-28
-11.3521400778	9.9113239859e-28
-11.3375486381	1.28461645328e-27
-11.3229571984	1.74409414467e-27
-11.3083657588	2.36625589282e-27
-11.2937743191	3.26704256396e-27
-11.2791828794	4.47901122165e-27
-11.2645914397	6.32653237881e-27
-11.25	8.06412939761e-27
-11.2354085603	6.1954836284e-27
-11.2208171206	4.24325396422e-27
-11.2062256809	2.94485747819e-27
-11.1916342412	1.98694723205e-27
-11.1770428016	1.32882096223e-27
-11.1624513619	8.66964950887e-28
-11.1478599222	5.61053058872e-28
-11.1332684825	3.58683199948e-28
-11.1186770428	2.32078944712e-28
-11.1040856031	1.61931045929e-28
-11.0894941634	1.21532185374e-28
-11.0749027237	1.22623756133e-28
-11.060311284	1.4526313661e-28
-11.0457198444	1.84647628984e-28
-11.0311284047	2.27864920928e-28
-11.016536965	2.75876815759e-28
-11.0019455253	3.13770487276e-28
-10.9873540856	3.52381114811e-28
-10.9727626459	3.70747287242e-28
-10.9581712062	4.07097190265e-28
-10.9435797665	4.43007387402e-28
-10.9289883268	4.89707588883e-28
-10.9143968872	5.24649339443e-28
-10.8998054475	5.54888419584e-28
-10.8852140078	5.74972083653e-28
-10.8706225681	5.81452320291e-28
-10.8560311284	5.56052897795e-28
-10.8414396887	5.56876365665e-28
-10.826848249	5.61153224922e-28
-10.8122568093	5.77893535589e-28
-10.7976653696	5.90577489666e-28
-10.78307393	6.00546943516e-28
-10.7684824903	5.98401897002e-28
-10.7538910506	5.89041114881e-28
-10.7392996109	5.48448566756e-28
-10.7247081712	5.30592119315e-28
-10.7101167315	5.13434767487e-28
-10.6955252918	5.10354595292e-28
-10.6809338521	4.96346954301e-28
-10.6663424125	4.78771600572e-28
-10.6517509728	4.4897708079e-28
-10.6371595331	4.11661271449e-28
-10.6225680934	3.51197454829e-28
-10.6079766537	3.1496841831e-28
-10.593385214	2.82821587076e-28
-10.5787937743	2.64821563186e-28
-10.5642023346	2.43740338009e-28
-10.5496108949	2.30770918637e-28
-10.5350194553	2.17073078438e-28
-10.5204280156	2.09634311815e-28
-10.5058365759	2.05070624916e-28
-10.4912451362	2.39638904622e-28
-10.4766536965	3.11321410257e-28
-10.4620622568	4.39387421595e-28
-10.4474708171	6.32814237244e-28
-10.4328793774	9.13472760988e-28
-10.4182879377	1.31496832242e-27
-10.4036964981	1.89906171364e-27
-10.3891050584	2.74331175955e-27
-10.3745136187	3.87736015926e-27
-10.359922179	5.39718649073e-27
-10.3453307393	7.39238206603e-27
-10.3307392996	1.00433006105e-26
-10.3161478599	1.35000572618e-26
-10.3015564202	1.80152468856e-26
-10.2869649805	2.39723333472e-26
-10.2723735409	3.18433003684e-26
-10.2577821012	4.19212334858e-26
-10.2431906615	5.50597300647e-26
-10.2285992218	7.20018023687e-26
-10.2140077821	9.39203627714e-26
-10.1994163424	1.22340936788e-25
-10.1848249027	1.58994920914e-25
-10.170233463	2.06256514875e-25
-10.1556420233	2.67535976915e-25
-10.1410505837	3.45821849109e-25
-10.126459144	4.46258021745e-25
-10.1118677043	5.75175007903e-25
-10.0972762646	7.40588019198e-25
-10.0826848249	9.52148535208e-25
-10.0680933852	1.22325565363e-24
-10.0535019455	1.57065825317e-24
-10.0389105058	2.01636281578e-24
-10.0243190661	2.58532318585e-24
-10.0097276265	3.31229506105e-24
-9.99513618677	4.24038228345e-24
-9.98054474708	5.42512492476e-24
-9.96595330739	6.93607289586e-24
-9.9513618677	8.86261152733e-24
-9.93677042802	1.13196746126e-23
-9.92217898833	1.44502578356e-23
-9.90758754864	1.84299392672e-23
-9.89299610895	2.34910409345e-23
-9.87840466926	2.99201967492e-23
-9.86381322957	3.80885903317e-23
-9.84922178988	4.84611169457e-23
-9.83463035019	6.16255139708e-23
-9.82003891051	7.83284778595e-23
-9.80544747082	9.95133856394e-23
-9.79085603113	1.26350556805e-22
-9.77626459144	1.60341748613e-22
-9.76167315175	2.03364200858e-22
-9.74708171206	2.57791749078e-22
-9.73249027237	3.26607394571e-22
-9.71789883268	4.13588580282e-22
-9.703307393	5.23464912255e-22
-9.68871595331	6.62202592597e-22
-9.67412451362	8.37249472491e-22
-9.65953307393	1.05800860798e-21
-9.64494163424	1.33626038961e-21
-9.63035019455	1.68682567979e-21
-9.61575875486	2.12825185609e-21
-9.60116731517	2.68382578592e-21
-9.58657587549	3.3826916237e-21
-9.5719844358	4.26139061605e-21
-9.55739299611	5.36546695856e-21
-9.54280155642	6.75208474208e-21
-9.52821011673	8.49260524781e-21
-9.51361867704	1.06762802661e-20
-9.49902723735	1.34145168099e-20
-9.48443579767	1.68463391303e-20
-9.46984435798	2.11451779065e-20
-9.45525291829	2.65273948196e-20
-9.4406614786	3.32621068851e-20
-9.42607003891	4.16849883125e-20
-9.41147859922	5.22136124992e-20
-9.39688715953	6.53675965707e-20
-9.38229571984	8.17928806887e-20
-9.36770428016	1.02292454159e-19
-9.35311284047	1.27863359961e-19
-9.33852140078	1.59743555159e-19
-9.32392996109	1.99468032802e-19
-9.3093385214	2.48941098832e-19
-9.29474708171	3.10522362417e-19
-9.28015564202	3.87135389373e-19
-9.26556420233	4.82398587477e-19
-9.25097276265	6.00789566389e-19
-9.23638132296	7.47845268789e-19
-9.22178988327	9.30409405416e-19
-9.20719844358	1.15693341883e-18
-9.19260700389	1.43785462297e-18
-9.1780155642	1.78605004982e-18
-9.16342412451	2.21740149997e-18
-9.14883268482	2.75148341048e-18
-9.13424124514	3.41240997498e-18
-9.11964980545	4.22986988217e-18
-9.10505836576	5.24039778858e-18
-9.09046692607	6.48891984802e-18
-9.07587548638	8.03066359282e-18
-9.06128404669	9.93347234422e-18
-9.046692607	1.22806484505e-17
-9.03210116731	1.5174410265e-17
-9.01750972763	1.87401270822e-17
-9.00291828794	2.31314675855e-17
-8.98832684825	2.85366932502e-17
-8.97373540856	3.51862953821e-17
-8.95914396887	4.33623464298e-17
-8.94455252918	5.34098190397e-17
-8.92996108949	6.57503982958e-17
-8.91536964981	8.08992321373e-17
-8.90077821012	9.94853102015e-17
-8.88618677043	1.22276171799e-16
-8.87159533074	1.50207921211e-16
-8.85700389105	1.84421556058e-16
-8.84241245136	2.26307112064e-16
-8.82782101167	2.77556990111e-16
-8.81322957198	3.40230604812e-16
-8.7986381323	4.16832531943e-16
-8.78404669261	5.10407034792e-16
-8.76945525292	6.24652203649e-16
-8.75486381323	7.64057897763e-16
-8.74027237354	9.34072036103e-16
-8.72568093385	1.14130146084e-15
-8.71108949416	1.39375372521e-15
-8.69649805447	1.70112863573e-15
-8.68190661479	2.07516902776e-15
-8.6673151751	2.53008306325e-15
-8.65272373541	3.08305179324e-15
-8.63813229572	3.7548394071e-15
-8.62354085603	4.57052579592e-15
-8.60894941634	5.56038651965e-15
-8.59435797665	6.76094760051e-15
-8.57976653696	8.21625082818e-15
-8.56517509728	9.9793691917e-15
-8.55058365759	1.21142218856e-14
-8.5359922179	1.46977459861e-14
-8.52140077821	1.78224941327e-14
-8.50680933852	2.159973825e-14
-8.49221789883	2.61631787221e-14
-8.47762645914	3.16733702647e-14
-8.46303501945	3.8323003432e-14
-8.44844357977	4.63432006233e-14
-8.43385214008	5.60110187119e-14
-8.41926070039	6.76583822794e-14
-8.4046692607	8.16827158983e-14
-8.39007782101	9.85595869475e-14
-8.37548638132	1.18857735784e-13
-8.36089494163	1.43256924999e-13
-8.34630350195	1.72569131089e-13
-8.33171206226	2.07763681763e-13
-8.31712062257	2.49997060561e-13
-8.30252918288	3.00648217298e-13
-8.28793774319	3.61360381289e-13
-8.2733463035	4.34090535714e-13
-8.25875486381	5.21167930517e-13
-8.24416342412	6.25363225159e-13
-8.22957198444	7.49970157186e-13
-8.21498054475	8.98901928894e-13
-8.20038910506	1.07680490321e-12
-8.18579766537	1.28919262012e-12
-8.17120622568	1.5426036749e-12
-8.15661478599	1.84478756728e-12
-8.1420233463	2.20492336705e-12
-8.12743190661	2.63387678053e-12
-8.11284046693	3.14450220094e-12
-8.09824902724	3.75199735736e-12
-8.08365758755	4.47431946226e-12
-8.06906614786	5.33267318429e-12
-8.05447470817	6.35208248792e-12
-8.03988326848	7.56206027109e-12
-8.02529182879	8.99739206282e-12
-8.0107003891	1.06990525208e-11
-7.99610894942	1.27152765843e-11
-7.98151750973	1.51028104808e-11
-7.96692607004	1.79283718465e-11
-7.95233463035	2.12703527197e-11
-7.93774319066	2.52208045032e-11
-7.92315175097	2.98877499487e-11
-7.90856031128	3.53978742908e-11
-7.89396887159	4.18996554157e-11
-7.87937743191	4.95670023531e-11
-7.86478599222	5.86034815665e-11
-7.85019455253	6.92472227204e-11
-7.83560311284	8.17766091128e-11
-7.82101167315	9.65168737444e-11
-7.80642023346	1.13847739712e-10
-7.79182879377	1.34212264225e-10
-7.77723735409	1.5812706835e-10
-7.7626459144	1.86194161486e-10
-7.74805447471	2.19114599284e-10
-7.73346303502	2.57704248154e-10
-7.71887159533	3.02911968051e-10
-7.70428015564	3.55840569677e-10
-7.68968871595	4.17770951602e-10
-7.67509727626	4.9018988011e-10
-7.66050583658	5.74821937669e-10
-7.64591439689	6.73666239093e-10
-7.6313229572	7.89038595511e-10
-7.61673151751	9.23619899005e-10
-7.60214007782	1.08051160419e-09
-7.58754863813	1.26329930053e-09
-7.57295719844	1.47612550031e-09
-7.55836575875	1.72377291605e-09
-7.54377431907	2.01175966612e-09
-7.52918287938	2.34644803507e-09
-7.51459143969	2.73516862321e-09
-7.5	3.18636195353e-09
-7.48540856031	3.70973986636e-09
-7.47081712062	4.31646933129e-09
-7.45622568093	5.01938160777e-09
-7.44163424124	5.83321008322e-09
-7.42704280156	6.77486049836e-09
-7.41245136187	7.86371772713e-09
-7.39785992218	9.12199377852e-09
-7.38326848249	1.05751222423e-08
-7.3686770428	1.22522050159e-08
-7.35408560311	1.41865178315e-08
-7.33949416342	1.64160818527e-08
-7.32490272373	1.89843094487e-08
-7.31031128405	2.19407331611e-08
-7.29571984436	2.53418279011e-08
-7.28112840467	2.92519375169e-08
-7.26653696498	3.37443181013e-08
-7.25194552529	3.89023117446e-08
-7.2373540856	4.48206659127e-08
-7.22276264591	5.16070152334e-08
-7.20817120623	5.93835442395e-08
-7.19357976654	6.82888515227e-08
-7.17898832685	7.84800378554e-08
-7.16439688716	9.01350430988e-08
-7.14980544747	1.03455259192e-07
-7.13521400778	1.1866844919e-07
-7.12062256809	1.36032005213e-07
-7.1060311284	1.55836581307e-07
-7.09143968872	1.78410140591e-07
-7.07684824903	2.04122459691e-07
-7.06225680934	2.33390137396e-07
-7.04766536965	2.66682158616e-07
-7.03307392996	3.04526069269e-07
-7.01848249027	3.47514822448e-07
-7.00389105058	3.96314361381e-07
-6.98929961089	4.51672010067e-07
-6.97470817121	5.14425748287e-07
-6.96011673152	5.855144537e-07
-6.94552529183	6.65989200221e-07
-6.93093385214	7.57025708564e-07
-6.91634241245	8.59938051966e-07
-6.90175097276	9.76193727431e-07
-6.88715953307	1.1074302106e-06
-6.87256809338	1.25547312025e-06
-6.8579766537	1.42235612678e-06
-6.84338521401	1.61034274732e-06
-6.82879377432	1.82195017903e-06
-6.81420233463	2.05997533065e-06
-6.79961089494	2.32752322158e-06
-6.78501945525	2.62803792642e-06
-6.77042801556	2.96533625196e-06
-6.75583657588	3.34364434237e-06
-6.74124513619	3.76763741671e-06
-6.7266536965	4.2424828513e-06
-6.71206225681	4.77388682711e-06
-6.69747081712	5.3681447694e-06
-6.68287937743	6.03219581352e-06
-6.66828793774	6.77368153612e-06
-6.65369649805	7.60100919532e-06
-6.63910505837	8.5234197268e-06
-6.62451361868	9.55106074434e-06
-6.60992217899	1.0695064793e-05
-6.5953307393	1.19676331015e-05
-6.58073929961	1.3382125076e-05
-6.56614785992	1.49531537698e-05
-6.55155642023	1.66966875559e-05
-6.53696498054	1.86301582144e-05
-6.52237354086	2.07725756321e-05
-6.50778210117	2.31446492921e-05
-6.49319066148	2.57689167048e-05
-6.47859922179	2.86698789086e-05
-6.4640077821	3.18741431288e-05
-6.44941634241	3.54105726524e-05
-6.43482490272	3.93104439278e-05
-6.42023346303	4.36076108521e-05
-6.40564202335	4.83386761545e-05
-6.39105058366	5.35431697213e-05
-6.37645914397	5.92637336438e-05
-6.36186770428	6.55463136939e-05
-6.34727626459	7.24403568546e-05
-6.3326848249	7.99990144455e-05
-6.31809338521	8.82793502883e-05
-6.30350194552	9.7342553262e-05
-6.28891050584	0.000107254153487
-6.27431906615	0.00011808424127
-6.25972762646	0.000129907687824
-6.24513618677	0.000142804366653
-6.23054474708	0.000156859374371
-6.21595330739	0.000172163249589
-6.2013618677	0.000188812188389
-6.18677042802	0.000206908254735
-6.17217898833	0.000226559584104
-6.15758754864	0.000247880578407
-6.14299610895	0.000270992090224
-6.12840466926	0.000296021594203
-6.11381322957	0.000323103343381
-6.09922178988	0.000352378508073
-6.08463035019	0.000383995294899
-6.07003891051	0.000418109043418
-6.05544747082	0.000454882297785
-6.04085603113	0.000494484850829
-6.02626459144	0.000537093757876
-6.01167315175	0.000582893317704
-5.99708171206	0.000632075018004
-5.98249027237	0.000684837442805
-5.96789883268	0.000741386139391
-5.953307393	0.000801933442386
-5.93871595331	0.000866698252822
-5.92412451362	0.00093590577021
-5.90953307393	0.00100978717586
-5.89494163424	0.00108857926598
-5.88035019455	0.00117252403336
-5.86575875486	0.00126186819688
-5.85116731517	0.00135686267828
-5.83657587549	0.00145776202633
-5.8219844358	0.00156482378867
-5.80739299611	0.00167830783234
-5.79280155642	0.00179847561433
-5.77821011673	0.00192558940411
-5.76361867704	0.00205991146067
-5.74902723735	0.00220170316696
-5.73443579766	0.00235122412541
-5.71984435798	0.00250873121859
-5.70525291829	0.0026744776397
-5.6906614786	0.00284871189797
-5.67607003891	0.00303167680476
-5.66147859922	0.00322360844626
-5.64688715953	0.00342473514949
-5.63229571984	0.00363527644827
-5.61770428016	0.00385544205648
-5.60311284047	0.0040854308558
-5.58852140078	0.00432542990554
-5.57392996109	0.00457561348215
-5.5593385214	0.00483614215601
-5.54474708171	0.00510716191284
-5.53015564202	0.00538880332722
-5.51556420233	0.00568118079514
-5.50097276265	0.00598439183221
-5.48638132296	0.00629851644392
-5.47178988327	0.00662361657341
-5.45719844358	0.00695973563207
-5.44260700389	0.00730689811733
-5.4280155642	0.00766510932127
-5.41342412451	0.00803435513308
-5.39883268482	0.00841460193752
-5.38424124514	0.00880579661041
-5.36964980545	0.00920786661186
-5.35505836576	0.00962072017654
-5.34046692607	0.0100442465996
-5.32587548638	0.0104783166164
-5.31128404669	0.0109227828724
-5.296692607	0.0113774804799
-5.28210116731	0.0118422276573
-5.26750972763	0.0123168264442
-5.25291828794	0.0128010634895
-5.23832684825	0.0132947109017
-5.22373540856	0.0137975271598
-5.20914396887	0.0143092580727
-5.19455252918	0.0148296377834
-5.17996108949	0.0153583898079
-5.1653696498	0.0158952281029
-5.15077821012	0.0164398581522
-5.13618677043	0.0169919780671
-5.12159533074	0.0175512796905
-5.10700389105	0.018117449699
-5.09241245136	0.0186901706953
-5.07782101167	0.0192691222843
-5.06322957198	0.0198539821269
-5.0486381323	0.0204444269654
-5.03404669261	0.0210401336148
-5.01945525292	0.0216407799159
-5.00486381323	0.022246045646
-4.99027237354	0.0228556133822
-4.97568093385	0.0234691693157
-4.96108949416	0.0240864040136
-4.94649805447	0.0247070131266
-4.93190661479	0.0253306980404
-4.9173151751	0.0259571664713
-4.90272373541	0.0265861330033
-4.88813229572	0.0272173195692
-4.87354085603	0.0278504558743
-4.85894941634	0.0284852797637
-4.84435797665	0.0291215375362
-4.82976653696	0.0297589842036
-4.81517509728	0.0303973836991
-4.80058365759	0.0310365090369
-4.7859922179	0.0316761424239
-4.77140077821	0.0323160753276
-4.75680933852	0.0329561085013
-4.74221789883	0.0335960519709
-4.72762645914	0.0342357249845
-4.71303501945	0.034874955929
-4.69844357977	0.035513582215
-4.68385214008	0.0361514501354
-4.66926070039	0.0367884146965
-4.6546692607	0.037424339429
-4.64007782101	0.038059096178
-4.62548638132	0.0386925648756
-4.61089494163	0.0393246332999
-4.59630350194	0.039955196821
-4.58171206226	0.0405841581368
-4.56712062257	0.0412114270013
-4.55252918288	0.0418369199467
-4.53793774319	0.0424605600017
-4.5233463035	0.0430822764068
-4.50875486381	0.0437020043296
-4.49416342412	0.04431968458
-4.47957198444	0.044935263328
-4.46498054475	0.045548691824
-4.45038910506	0.0461599261241
-4.43579766537	0.0467689268195
-4.42120622568	0.0473756587726
-4.40661478599	0.0479800908597
-4.3920233463	0.0485821957205
-4.37743190661	0.0491819495157
-4.36284046693	0.0497793316926
-4.34824902724	0.0503743247594
-4.33365758755	0.0509669140678
-4.31906614786	0.0515570876052
-4.30447470817	0.0521448357952
-4.28988326848	0.0527301513077
-4.27529182879	0.0533130288776
-4.2607003891	0.0538934651331
-4.24610894942	0.0544714584324
-4.23151750973	0.0550470087094
-4.21692607004	0.0556201173283
-4.20233463035	0.0561907869461
-4.18774319066	0.0567590213834
-4.17315175097	0.057324825504
-4.15856031128	0.0578882051008
-4.14396887159	0.0584491667906
-4.12937743191	0.0590077179149
-4.11478599222	0.0595638664485
-4.10019455253	0.0601176209138
-4.08560311284	0.0606689903026
-4.07101167315	0.0612179840022
-4.05642023346	0.0617646117294
-4.04182879377	0.0623088834674
-4.02723735408	0.0628508094105
-4.0126459144	0.0633903999111
-3.99805447471	0.0639276654333
-3.98346303502	0.0644626165095
-3.96887159533	0.0649952637019
-3.95428015564	0.0655256175668
-3.93968871595	0.0660536886238
-3.92509727626	0.0665794873269
-3.91050583658	0.0671030240397
-3.89591439689	0.0676243090129
-3.8813229572	0.0681433523649
-3.86673151751	0.0686601640641
-3.85214007782	0.0691747539147
-3.83754863813	0.0696871315431
-3.82295719844	0.0701973063878
-3.80836575875	0.0707052876894
-3.79377431907	0.0712110844841
-3.77918287938	0.0717147055968
-3.76459143969	0.0722161596369
-3.75	0.0727154549946
-3.73540856031	0.0732125998388
-3.72081712062	0.0737076021156
-3.70622568093	0.074200469548
-3.69163424124	0.0746912096359
-3.67704280156	0.0751798296576
-3.66245136187	0.0756663366712
-3.64785992218	0.0761507375171
-3.63326848249	0.0766330388206
-3.6186770428	0.0771132469952
-3.60408560311	0.077591368246
-3.58949416342	0.0780674085737
-3.57490272373	0.078541373779
-3.56031128405	0.0790132694663
-3.54571984436	0.0794831010491
-3.53112840467	0.0799508737539
-3.51653696498	0.0804165926256
-3.50194552529	0.0808802625322
-3.4873540856	0.0813418881697
-3.47276264591	0.0818014740669
-3.45817120623	0.082259024591
-3.44357976654	0.0827145439518
-3.42898832685	0.0831680362074
-3.41439688716	0.0836195052685
-3.39980544747	0.0840689549036
-3.38521400778	0.0845163887436
-3.37062256809	0.0849618102866
-3.3560311284	0.0854052229027
-3.34143968872	0.085846629838
-3.32684824903	0.0862860342197
-3.31225680934	0.0867234390599
-3.29766536965	0.0871588472599
-3.28307392996	0.0875922616147
-3.26848249027	0.0880236848163
-3.25389105058	0.0884531194583
-3.23929961089	0.0888805680392
-3.22470817121	0.089306032966
-3.21011673152	0.089729516558
-3.19552529183	0.09015102105
-3.18093385214	0.0905705485958
-3.16634241245	0.0909881012712
-3.15175097276	0.091403681077
-3.13715953307	0.0918172899421
-3.12256809338	0.0922289297264
-3.1079766537	0.0926386022234
-3.09338521401	0.0930463091628
-3.07879377432	0.0934520522132
-3.06420233463	0.0938558329844
-3.04961089494	0.09425765303
-3.03501945525	0.0946575138492
-3.02042801556	0.0950554168894
-3.00583657587	0.095451363548
-2.99124513619	0.0958453551744
-2.9766536965	0.0962373930722
-2.96206225681	0.0966274785006
-2.94747081712	0.0970156126765
-2.93287937743	0.0974017967759
-2.91828793774	0.097786031936
-2.90369649805	0.098168319256
-2.88910505837	0.0985486597991
-2.87451361868	0.0989270545941
-2.85992217899	0.0993035046359
-2.8453307393	0.0996780108879
-2.83073929961	0.100050574282
-2.81614785992	0.100421195722
-2.80155642023	0.100789876081
-2.78696498054	0.101156616206
-2.77237354086	0.101521416919
-2.75778210117	0.101884279013
-2.74319066148	0.10224520326
-2.72859922179	0.102604190407
-2.7140077821	0.102961241178
-2.69941634241	0.103316356278
-2.68482490272	0.103669536387
-2.67023346303	0.104020782168
-2.65564202335	0.104370094263
-2.64105058366	0.104717473296
-2.62645914397	0.105062919871
-2.61186770428	0.105406434578
-2.59727626459	0.105748017988
-2.5826848249	0.106087670656
-2.56809338521	0.10642539312
-2.55350194552	0.106761185907
-2.53891050584	0.107095049525
-2.52431906615	0.107426984471
-2.50972762646	0.107756991226
-2.49513618677	0.108085070261
-2.48054474708	0.10841122203
-2.46595330739	0.108735446979
-2.4513618677	0.10905774554
-2.43677042801	0.109378118133
-2.42217898833	0.109696565169
-2.40758754864	0.110013087046
-2.39299610895	0.110327684154
-2.37840466926	0.110640356871
-2.36381322957	0.110951105566
-2.34922178988	0.111259930598
-2.33463035019	0.111566832319
-2.32003891051	0.111871811069
-2.30544747082	0.112174867183
-2.29085603113	0.112476000984
-2.27626459144	0.11277521279
-2.26167315175	0.11307250291
-2.24708171206	0.113367871644
-2.23249027237	0.113661319288
-2.21789883268	0.113952846128
-2.203307393	0.114242452445
-2.18871595331	0.114530138511
-2.17412451362	0.114815904595
-2.15953307393	0.115099750955
-2.14494163424	0.115381677848
-2.13035019455	0.115661685521
-2.11575875486	0.115939774217
-2.10116731517	0.116215944173
-2.08657587549	0.116490195622
-2.0719844358	0.116762528789
-2.05739299611	0.117032943895
-2.04280155642	0.117301441157
-2.02821011673	0.117568020786
-2.01361867704	0.117832682989
-1.99902723735	0.118095427967
-1.98443579766	0.118356255918
-1.96984435798	0.118615167035
-1.95525291829	0.118872161506
-1.9406614786	0.119127239516
-1.92607003891	0.119380401245
-1.91147859922	0.119631646871
-1.89688715953	0.119880976566
-1.88229571984	0.120128390498
-1.86770428015	0.120373888834
-1.85311284047	0.120617471735
-1.83852140078	0.120859139359
-1.82392996109	0.121098891861
-1.8093385214	0.121336729393
-1.79474708171	0.121572652103
-1.78015564202	0.121806660137
-1.76556420233	0.122038753636
-1.75097276265	0.12226893274
-1.73638132296	0.122497197586
-1.72178988327	0.122723548306
-1.70719844358	0.122947985031
-1.69260700389	0.123170507889
-1.6780155642	0.123391117006
-1.66342412451	0.123609812505
-1.64883268482	0.123826594504
-1.63424124514	0.124041463123
-1.61964980545	0.124254418476
-1.60505836576	0.124465460676
-1.59046692607	0.124674589834
-1.57587548638	0.124881806059
-1.56128404669	0.125087109456
-1.546692607	0.125290500129
-1.53210116731	0.125491978181
-1.51750972763	0.125691543711
-1.50291828794	0.125889196816
-1.48832684825	0.126084937594
-1.47373540856	0.126278766137
-1.45914396887	0.126470682537
-1.44455252918	0.126660686885
-1.42996108949	0.12684877927
-1.4153696498	0.127034959777
-1.40077821012	0.127219228491
-1.38618677043	0.127401585496
-1.37159533074	0.127582030874
-1.35700389105	0.127760564702
-1.34241245136	0.127937187061
-1.32782101167	0.128111898027
-1.31322957198	0.128284697674
-1.29863813229	0.128455586077
-1.28404669261	0.128624563307
-1.26945525292	0.128791629435
-1.25486381323	0.128956784531
-1.24027237354	0.129120028662
-1.22568093385	0.129281361895
-1.21108949416	0.129440784294
-1.19649805447	0.129598295924
-1.18190661479	0.129753896847
-1.1673151751	0.129907587125
-1.15272373541	0.130059366817
-1.13813229572	0.130209235983
-1.12354085603	0.130357194679
-1.10894941634	0.130503242962
-1.09435797665	0.130647380888
-1.07976653696	0.130789608511
-1.06517509728	0.130929925883
-1.05058365759	0.131068333057
-1.0359922179	0.131204830083
-1.02140077821	0.131339417011
-1.00680933852	0.13147209389
-0.992217898832	0.131602860767
-0.977626459143	0.13173171769
-0.963035019454	0.131858664703
-0.948443579766	0.131983701852
-0.933852140077	0.13210682918
-0.919260700388	0.132228046731
-0.9046692607	0.132347354545
-0.890077821011	0.132464752664
-0.875486381322	0.132580241128
-0.860894941633	0.132693819976
-0.846303501945	0.132805489247
-0.831712062256	0.132915248977
-0.817120622567	0.133023099204
-0.802529182879	0.133129039963
-0.78793774319	0.133233071288
-0.773346303501	0.133335193215
-0.758754863812	0.133435405776
-0.744163424124	0.133533709004
-0.729571984435	0.13363010293
-0.714980544746	0.133724587586
-0.700389105058	0.133817163001
-0.685797665369	0.133907829206
-0.67120622568	0.133996586228
-0.656614785991	0.134083434095
-0.642023346303	0.134168372836
-0.627431906614	0.134251402475
-0.612840466925	0.13433252304
-0.598249027237	0.134411734555
-0.583657587548	0.134489037045
-0.569066147859	0.134564430533
-0.55447470817	0.134637915042
-0.539883268482	0.134709490595
-0.525291828793	0.134779157214
-0.510700389104	0.134846914918
-0.496108949416	0.13491276373
-0.481517509727	0.134976703668
-0.466926070038	0.135038734753
-0.452334630349	0.135098857001
-0.437743190661	0.135157070431
-0.423151750972	0.135213375061
-0.408560311283	0.135267770906
-0.393968871594	0.135320257984
-0.379377431906	0.135370836309
-0.364785992217	0.135419505896
-0.350194552528	0.13546626676
-0.33560311284	0.135511118913
-0.321011673151	0.13555406237
-0.306420233462	0.135595097142
-0.291828793773	0.135634223242
-0.277237354085	0.13567144068
-0.262645914396	0.135706749468
-0.248054474707	0.135740149616
-0.233463035019	0.135771641132
-0.21887159533	0.135801224027
-0.204280155641	0.135828898309
-0.189688715952	0.135854663985
-0.175097276264	0.135878521063
-0.160505836575	0.135900469551
-0.145914396886	0.135920509453
-0.131322957198	0.135938640776
-0.116731517509	0.135954863524
-0.10214007782	0.135969177704
-0.0875486381314	0.135981583317
-0.0729571984427	0.135992080369
-0.058365758754	0.136000668862
-0.0437743190653	0.136007348799
-0.0291828793766	0.136012120181
-0.0145914396879	0.136014983009
8.5975671027e-13	0.136015937285
0.0145914396896	0.136014983009
0.0291828793783	0.136012120181
0.043774319067	0.136007348799
0.0583657587557	0.136000668862
0.0729571984444	0.135992080369
0.0875486381332	0.135981583317
0.102140077822	0.135969177704
0.116731517511	0.135954863524
0.131322957199	0.135938640776
0.145914396888	0.135920509453
0.160505836577	0.135900469551
0.175097276265	0.135878521063
0.189688715954	0.135854663985
0.204280155643	0.135828898309
0.218871595332	0.135801224027
0.23346303502	0.135771641132
0.248054474709	0.135740149616
0.262645914398	0.135706749468
0.277237354086	0.13567144068
0.291828793775	0.135634223242
0.306420233464	0.135595097142
0.321011673153	0.13555406237
0.335603112841	0.135511118913
0.35019455253	0.13546626676
0.364785992219	0.135419505896
0.379377431907	0.135370836309
0.393968871596	0.135320257984
0.408560311285	0.135267770906
0.423151750974	0.135213375061
0.437743190662	0.135157070431
0.452334630351	0.135098857001
0.46692607004	0.135038734753
0.481517509729	0.134976703668
0.496108949417	0.13491276373
0.510700389106	0.134846914918
0.525291828795	0.134779157214
0.539883268483	0.134709490595
0.554474708172	0.134637915042
0.569066147861	0.134564430533
0.58365758755	0.134489037045
0.598249027238	0.134411734555
0.612840466927	0.13433252304
0.627431906616	0.134251402475
0.642023346304	0.134168372836
0.656614785993	0.134083434095
0.671206225682	0.133996586228
0.685797665371	0.133907829206
0.700389105059	0.133817163001
0.714980544748	0.133724587586
0.729571984437	0.13363010293
0.744163424125	0.133533709004
0.758754863814	0.133435405776
0.773346303503	0.133335193215
0.787937743192	0.133233071288
0.80252918288	0.133129039963
0.817120622569	0.133023099204
0.831712062258	0.132915248977
0.846303501946	0.132805489247
0.860894941635	0.132693819976
0.875486381324	0.132580241128
0.890077821013	0.132464752664
0.904669260701	0.132347354545
0.91926070039	0.132228046731
0.933852140079	0.13210682918
0.948443579767	0.131983701852
0.963035019456	0.131858664703
0.977626459145	0.13173171769
0.992217898834	0.131602860767
1.00680933852	0.13147209389
1.02140077821	0.131339417011
1.0359922179	0.131204830083
1.05058365759	0.131068333057
1.06517509728	0.130929925883
1.07976653697	0.130789608511
1.09435797665	0.130647380888
1.10894941634	0.130503242962
1.12354085603	0.130357194679
1.13813229572	0.130209235983
1.15272373541	0.130059366817
1.1673151751	0.129907587125
1.18190661479	0.129753896847
1.19649805448	0.129598295924
1.21108949416	0.129440784294
1.22568093385	0.129281361895
1.24027237354	0.129120028662
1.25486381323	0.128956784531
1.26945525292	0.128791629435
1.28404669261	0.128624563307
1.2986381323	0.128455586077
1.31322957199	0.128284697674
1.32782101167	0.128111898027
1.34241245136	0.127937187061
1.35700389105	0.127760564702
1.37159533074	0.127582030874
1.38618677043	0.127401585496
1.40077821012	0.127219228491
1.41536964981	0.127034959777
1.4299610895	0.12684877927
1.44455252918	0.126660686885
1.45914396887	0.126470682537
1.47373540856	0.126278766136
1.48832684825	0.126084937594
1.50291828794	0.125889196816
1.51750972763	0.125691543711
1.53210116732	0.125491978181
1.546692607	0.125290500129
1.56128404669	0.125087109456
1.57587548638	0.124881806059
1.59046692607	0.124674589834
1.60505836576	0.124465460676
1.61964980545	0.124254418476
1.63424124514	0.124041463123
1.64883268483	0.123826594504
1.66342412451	0.123609812505
1.6780155642	0.123391117006
1.69260700389	0.123170507889
1.70719844358	0.122947985031
1.72178988327	0.122723548306
1.73638132296	0.122497197586
1.75097276265	0.12226893274
1.76556420234	0.122038753636
1.78015564202	0.121806660137
1.79474708171	0.121572652103
1.8093385214	0.121336729393
1.82392996109	0.121098891861
1.83852140078	0.120859139359
1.85311284047	0.120617471735
1.86770428016	0.120373888834
1.88229571985	0.120128390498
1.89688715953	0.119880976566
1.91147859922	0.119631646871
1.92607003891	0.119380401245
1.9406614786	0.119127239516
1.95525291829	0.118872161506
1.96984435798	0.118615167035
1.98443579767	0.118356255918
1.99902723736	0.118095427967
2.01361867704	0.117832682989
2.02821011673	0.117568020786
2.04280155642	0.117301441157
2.05739299611	0.117032943895
2.0719844358	0.116762528789
2.08657587549	0.116490195622
2.10116731518	0.116215944173
2.11575875486	0.115939774217
2.13035019455	0.115661685521
2.14494163424	0.115381677848
2.15953307393	0.115099750955
2.17412451362	0.114815904595
2.18871595331	0.114530138511
2.203307393	0.114242452445
2.21789883269	0.113952846128
2.23249027237	0.113661319288
2.24708171206	0.113367871644
2.26167315175	0.11307250291
2.27626459144	0.11277521279
2.29085603113	0.112476000984
2.30544747082	0.112174867183
2.32003891051	0.111871811069
2.3346303502	0.111566832319
2.34922178988	0.111259930598
2.36381322957	0.110951105566
2.37840466926	0.110640356871
2.39299610895	0.110327684154
2.40758754864	0.110013087046
2.42217898833	0.109696565169
2.43677042802	0.109378118133
2.45136186771	0.10905774554
2.46595330739	0.108735446979
2.48054474708	0.10841122203
2.49513618677	0.108085070261
2.50972762646	0.107756991226
2.52431906615	0.107426984471
2.53891050584	0.107095049525
2.55350194553	0.106761185907
2.56809338522	0.10642539312
2.5826848249	0.106087670656
2.59727626459	0.105748017988
2.61186770428	0.105406434578
2.62645914397	0.105062919871
2.64105058366	0.104717473296
2.65564202335	0.104370094263
2.67023346304	0.104020782168
2.68482490272	0.103669536387
2.69941634241	0.103316356278
2.7140077821	0.102961241178
2.72859922179	0.102604190407
2.74319066148	0.10224520326
2.75778210117	0.101884279013
2.77237354086	0.101521416918
2.78696498055	0.101156616206
2.80155642023	0.100789876081
2.81614785992	0.100421195722
2.83073929961	0.100050574282
2.8453307393	0.0996780108879
2.85992217899	0.0993035046359
2.87451361868	0.0989270545941
2.88910505837	0.0985486597991
2.90369649806	0.0981683192559
2.91828793774	0.097786031936
2.93287937743	0.0974017967759
2.94747081712	0.0970156126764
2.96206225681	0.0966274785006
2.9766536965	0.0962373930722
2.99124513619	0.0958453551744
3.00583657588	0.095451363548
3.02042801557	0.0950554168894
3.03501945525	0.0946575138492
3.04961089494	0.09425765303
3.06420233463	0.0938558329844
3.07879377432	0.0934520522132
3.09338521401	0.0930463091628
3.1079766537	0.0926386022234
3.12256809339	0.0922289297264
3.13715953307	0.0918172899421
3.15175097276	0.091403681077
3.16634241245	0.0909881012712
3.18093385214	0.0905705485958
3.19552529183	0.09015102105
3.21011673152	0.0897295165579
3.22470817121	0.089306032966
3.2392996109	0.0888805680392
3.25389105058	0.0884531194583
3.26848249027	0.0880236848163
3.28307392996	0.0875922616147
3.29766536965	0.0871588472599
3.31225680934	0.0867234390599
3.32684824903	0.0862860342197
3.34143968872	0.085846629838
3.35603112841	0.0854052229027
3.37062256809	0.0849618102866
3.38521400778	0.0845163887436
3.39980544747	0.0840689549036
3.41439688716	0.0836195052685
3.42898832685	0.0831680362074
3.44357976654	0.0827145439518
3.45817120623	0.082259024591
3.47276264592	0.0818014740669
3.4873540856	0.0813418881697
3.50194552529	0.0808802625322
3.51653696498	0.0804165926256
3.53112840467	0.0799508737539
3.54571984436	0.0794831010491
3.56031128405	0.0790132694663
3.57490272374	0.078541373779
3.58949416343	0.0780674085737
3.60408560311	0.077591368246
3.6186770428	0.0771132469952
3.63326848249	0.0766330388206
3.64785992218	0.0761507375171
3.66245136187	0.0756663366712
3.67704280156	0.0751798296576
3.69163424125	0.0746912096359
3.70622568093	0.074200469548
3.72081712062	0.0737076021156
3.73540856031	0.0732125998388
3.75	0.0727154549946
3.76459143969	0.0722161596369
3.77918287938	0.0717147055968
3.79377431907	0.0712110844841
3.80836575876	0.0707052876895
3.82295719844	0.0701973063878
3.83754863813	0.0696871315431
3.85214007782	0.0691747539147
3.86673151751	0.0686601640642
3.8813229572	0.0681433523649
3.89591439689	0.067624309013
3.91050583658	0.0671030240397
3.92509727627	0.0665794873269
3.93968871595	0.0660536886238
3.95428015564	0.0655256175668
3.96887159533	0.0649952637019
3.98346303502	0.0644626165096
3.99805447471	0.0639276654333
4.0126459144	0.0633903999111
4.02723735409	0.0628508094105
4.04182879378	0.0623088834675
4.05642023346	0.0617646117294
4.07101167315	0.0612179840023
4.08560311284	0.0606689903026
4.10019455253	0.0601176209139
4.11478599222	0.0595638664485
4.12937743191	0.0590077179149
4.1439688716	0.0584491667906
4.15856031129	0.0578882051008
4.17315175097	0.057324825504
4.18774319066	0.0567590213834
4.20233463035	0.0561907869461
4.21692607004	0.0556201173284
4.23151750973	0.0550470087095
4.24610894942	0.0544714584324
4.26070038911	0.0538934651331
4.27529182879	0.0533130288777
4.28988326848	0.0527301513078
4.30447470817	0.0521448357953
4.31906614786	0.0515570876053
4.33365758755	0.0509669140679
4.34824902724	0.0503743247594
4.36284046693	0.0497793316927
4.37743190662	0.0491819495158
4.3920233463	0.0485821957206
4.40661478599	0.0479800908598
4.42120622568	0.0473756587727
4.43579766537	0.0467689268195
4.45038910506	0.0461599261242
4.46498054475	0.0455486918241
4.47957198444	0.044935263328
4.49416342413	0.0443196845801
4.50875486381	0.0437020043297
4.5233463035	0.0430822764069
4.53793774319	0.0424605600018
4.55252918288	0.0418369199468
4.56712062257	0.0412114270014
4.58171206226	0.0405841581369
4.59630350195	0.0399551968211
4.61089494164	0.0393246333
4.62548638132	0.0386925648757
4.64007782101	0.0380590961781
4.6546692607	0.0374243394291
4.66926070039	0.0367884146966
4.68385214008	0.0361514501354
4.69844357977	0.0355135822151
4.71303501946	0.034874955929
4.72762645915	0.0342357249846
4.74221789883	0.033596051971
4.75680933852	0.0329561085014
4.77140077821	0.0323160753277
4.7859922179	0.0316761424241
4.80058365759	0.031036509037
4.81517509728	0.0303973836992
4.82976653697	0.0297589842037
4.84435797665	0.0291215375363
4.85894941634	0.0284852797638
4.87354085603	0.0278504558744
4.88813229572	0.0272173195694
4.90272373541	0.0265861330034
4.9173151751	0.0259571664714
4.93190661479	0.0253306980406
4.94649805448	0.0247070131267
4.96108949416	0.0240864040137
4.97568093385	0.0234691693158
4.99027237354	0.0228556133823
5.00486381323	0.0222460456461
5.01945525292	0.0216407799161
5.03404669261	0.0210401336149
5.0486381323	0.0204444269656
5.06322957199	0.0198539821271
5.07782101167	0.0192691222844
5.09241245136	0.0186901706954
5.10700389105	0.0181174496991
5.12159533074	0.0175512796906
5.13618677043	0.0169919780672
5.15077821012	0.0164398581523
5.16536964981	0.015895228103
5.1799610895	0.0153583898081
5.19455252918	0.0148296377835
5.20914396887	0.0143092580728
5.22373540856	0.0137975271599
5.23832684825	0.0132947109018
5.25291828794	0.0128010634896
5.26750972763	0.0123168264444
5.28210116732	0.0118422276574
5.29669260701	0.0113774804801
5.31128404669	0.0109227828725
5.32587548638	0.0104783166166
5.34046692607	0.0100442465998
5.35505836576	0.00962072017667
5.36964980545	0.00920786661199
5.38424124514	0.00880579661053
5.39883268483	0.00841460193764
5.41342412451	0.0080343551332
5.4280155642	0.00766510932138
5.44260700389	0.00730689811745
5.45719844358	0.00695973563219
5.47178988327	0.00662361657352
5.48638132296	0.00629851644403
5.50097276265	0.00598439183232
5.51556420234	0.00568118079524
5.53015564202	0.00538880332732
5.54474708171	0.00510716191294
5.5593385214	0.00483614215611
5.57392996109	0.00457561348225
5.58852140078	0.00432542990563
5.60311284047	0.00408543085589
5.61770428016	0.00385544205657
5.63229571985	0.00363527644835
5.64688715953	0.00342473514957
5.66147859922	0.00322360844634
5.67607003891	0.00303167680484
5.6906614786	0.00284871189805
5.70525291829	0.00267447763977
5.71984435798	0.00250873121866
5.73443579767	0.00235122412547
5.74902723736	0.00220170316702
5.76361867704	0.00205991146073
5.77821011673	0.00192558940416
5.79280155642	0.00179847561438
5.80739299611	0.0016783078324
5.8219844358	0.00156482378872
5.83657587549	0.00145776202638
5.85116731518	0.00135686267833
5.86575875487	0.00126186819692
5.88035019455	0.0011725240334
5.89494163424	0.00108857926602
5.90953307393	0.0010097871759
5.92412451362	0.000935905770247
5.93871595331	0.000866698252857
5.953307393	0.000801933442419
5.96789883269	0.000741386139423
5.98249027237	0.000684837442835
5.99708171206	0.000632075018033
6.01167315175	0.00058289331773
6.02626459144	0.000537093757901
6.04085603113	0.000494484850853
6.05544747082	0.000454882297807
6.07003891051	0.000418109043438
6.0846303502	0.000383995294919
6.09922178988	0.000352378508091
6.11381322957	0.000323103343398
6.12840466926	0.000296021594219
6.14299610895	0.000270992090239
6.15758754864	0.000247880578421
6.17217898833	0.000226559584118
6.18677042802	0.000206908254748
6.20136186771	0.0001888121884
6.21595330739	0.0001721632496
6.23054474708	0.000156859374381
6.24513618677	0.000142804366663
6.25972762646	0.000129907687833
6.27431906615	0.000118084241278
6.28891050584	0.000107254153495
6.30350194553	9.73425532692e-05
6.31809338522	8.82793502951e-05
6.3326848249	7.99990144518e-05
6.34727626459	7.24403568605e-05
6.36186770428	6.55463136993e-05
6.37645914397	5.92637336488e-05
6.39105058366	5.3543169726e-05
6.40564202335	4.83386761588e-05
6.42023346304	4.36076108561e-05
6.43482490272	3.93104439315e-05
6.44941634241	3.54105726558e-05
6.4640077821	3.18741431319e-05
6.47859922179	2.86698789114e-05
6.49319066148	2.57689167075e-05
6.50778210117	2.31446492945e-05
6.52237354086	2.07725756344e-05
6.53696498055	1.86301582164e-05
6.55155642023	1.66966875578e-05
6.56614785992	1.49531537716e-05
6.58073929961	1.33821250776e-05
6.5953307393	1.1967633103e-05
6.60992217899	1.06950647943e-05
6.62451361868	9.55106074557e-06
6.63910505837	8.52341972793e-06
6.65369649806	7.60100919635e-06
6.66828793774	6.77368153707e-06
6.68287937743	6.03219581439e-06
6.69747081712	5.3681447702e-06
6.71206225681	4.77388682785e-06
6.7266536965	4.24248285198e-06
6.74124513619	3.76763741733e-06
6.75583657588	3.34364434294e-06
6.77042801557	2.96533625248e-06
6.78501945525	2.6280379269e-06
6.79961089494	2.32752322203e-06
6.81420233463	2.05997533106e-06
6.82879377432	1.8219501794e-06
6.84338521401	1.61034274766e-06
6.8579766537	1.42235612709e-06
6.87256809339	1.25547312053e-06
6.88715953308	1.10743021085e-06
6.90175097276	9.76193727665e-07
6.91634241245	8.59938052179e-07
6.93093385214	7.57025708758e-07
6.94552529183	6.65989200396e-07
6.96011673152	5.85514453859e-07
6.97470817121	5.14425748431e-07
6.9892996109	4.51672010197e-07
7.00389105058	3.96314361498e-07
7.01848249027	3.47514822555e-07
7.03307392996	3.04526069365e-07
7.04766536965	2.66682158703e-07
7.06225680934	2.33390137474e-07
7.07684824903	2.04122459762e-07
7.09143968872	1.78410140654e-07
7.10603112841	1.55836581364e-07
7.12062256809	1.36032005264e-07
7.13521400778	1.18668449237e-07
7.14980544747	1.03455259235e-07
7.16439688716	9.01350431372e-08
7.17898832685	7.84800378901e-08
7.19357976654	6.82888515543e-08
7.20817120623	5.93835442682e-08
7.22276264592	5.16070152596e-08
7.2373540856	4.48206659364e-08
7.25194552529	3.89023117666e-08
7.26653696498	3.37443181215e-08
7.28112840467	2.92519375353e-08
7.29571984436	2.53418279177e-08
7.31031128405	2.19407331761e-08
7.32490272374	1.89843094622e-08
7.33949416343	1.64160818649e-08
7.35408560311	1.41865178422e-08
7.3686770428	1.22522050257e-08
7.38326848249	1.05751222511e-08
7.39785992218	9.12199378649e-09
7.41245136187	7.86371773427e-09
7.42704280156	6.77486050479e-09
7.44163424125	5.83321008898e-09
7.45622568094	5.01938161299e-09
7.47081712062	4.31646933593e-09
7.48540856031	3.70973987068e-09
7.5	3.18636195748e-09
7.51459143969	2.73516862678e-09
7.52918287938	2.34644803823e-09
7.54377431907	2.01175966896e-09
7.55836575876	1.72377291856e-09
7.57295719844	1.47612550257e-09
7.58754863813	1.26329930252e-09
7.60214007782	1.08051160603e-09
7.61673151751	9.23619900657e-10
7.6313229572	7.89038596998e-10
7.64591439689	6.73666240404e-10
7.66050583658	5.74821938831e-10
7.67509727627	4.90189881114e-10
7.68968871595	4.17770952479e-10
7.70428015564	3.55840570413e-10
7.71887159533	3.02911968717e-10
7.73346303502	2.57704248737e-10
7.74805447471	2.19114599797e-10
7.7626459144	1.86194161926e-10
7.77723735409	1.5812706873e-10
7.79182879378	1.34212264544e-10
7.80642023346	1.13847739985e-10
7.82101167315	9.65168739654e-11
7.83560311284	8.17766093145e-11
7.85019455253	6.92472229011e-11
7.86478599222	5.86034817314e-11
7.87937743191	4.95670024964e-11
7.8939688716	4.18996555445e-11
7.90856031129	3.53978744013e-11
7.92315175097	2.98877500473e-11
7.93774319066	2.52208045853e-11
7.95233463035	2.12703528008e-11
7.96692607004	1.79283719235e-11
7.98151750973	1.51028105544e-11
7.99610894942	1.27152766511e-11
8.01070038911	1.06990525829e-11
8.0252918288	8.99739211806e-12
8.03988326848	7.56206032192e-12
8.05447470817	6.35208253168e-12
8.06906614786	5.33267322777e-12
8.08365758755	4.47431950255e-12
8.09824902724	3.75199739495e-12
8.11284046693	3.14450223419e-12
8.12743190662	2.63387681054e-12
8.1420233463	2.20492339245e-12
8.15661478599	1.8447875889e-12
8.17120622568	1.54260369129e-12
8.18579766537	1.289192635e-12
8.20038910506	1.07680491599e-12
8.21498054475	8.98901940369e-13
8.22957198444	7.49970166878e-13
8.24416342413	6.25363233906e-13
8.25875486381	5.21167937867e-13
8.2733463035	4.34090542126e-13
8.28793774319	3.61360386165e-13
8.30252918288	3.0064822213e-13
8.31712062257	2.49997064972e-13
8.33171206226	2.07763685953e-13
8.34630350195	1.725691347e-13
8.36089494164	1.43256928262e-13
8.37548638132	1.18857738502e-13
8.39007782101	9.85595893549e-14
8.4046692607	8.1682717653e-14
8.41926070039	6.76583840647e-14
8.43385214008	5.60110203734e-14
8.44844357977	4.63432022914e-14
8.46303501946	3.83230049652e-14
8.47762645915	3.16733717725e-14
8.49221789883	2.61631800595e-14
8.50680933852	2.15997395348e-14
8.52140077821	1.78224952279e-14
8.5359922179	1.46977471784e-14
8.55058365759	1.21142230344e-14
8.56517509728	9.97937032747e-15
8.57976653697	8.21625186058e-15
8.59435797666	6.76094855795e-15
8.60894941634	5.56038733911e-15
8.62354085603	4.57052651218e-15
8.63813229572	3.75483996005e-15
8.65272373541	3.08305232861e-15
8.6673151751	2.53008354065e-15
8.68190661479	2.07516947592e-15
8.69649805448	1.70112903017e-15
8.71108949416	1.39375409747e-15
8.72568093385	1.14130178361e-15
8.74027237354	9.34072329706e-16
8.75486381323	7.64058140149e-16
8.76945525292	6.24652454624e-16
8.78404669261	5.10407272808e-16
8.7986381323	4.16832761362e-16
8.81322957199	3.40230813326e-16
8.82782101167	2.77557187128e-16
8.84241245136	2.26307286211e-16
8.85700389105	1.84421714375e-16
8.87159533074	1.50208051044e-16
8.88618677043	1.22276299209e-16
8.90077821012	9.94854302304e-17
8.91536964981	8.08993480778e-17
8.9299610895	6.57505042613e-17
8.94455252918	5.34099198125e-17
8.95914396887	4.33624375522e-17
8.97373540856	3.51863817485e-17
8.98832684825	2.85367698849e-17
9.00291828794	2.3131545225e-17
9.01750972763	1.87402013298e-17
9.03210116732	1.51744814589e-17
9.04669260701	1.2280713926e-17
9.06128404669	9.93353349375e-18
9.07587548638	8.0307181591e-18
9.09046692607	6.48896956548e-18
9.10505836576	5.24044050361e-18
9.11964980545	4.22991037621e-18
9.13424124514	3.41244692832e-18
9.14883268483	2.75151759638e-18
9.16342412452	2.21743222259e-18
9.1780155642	1.78607811706e-18
9.19260700389	1.4378794914e-18
9.20719844358	1.15695599318e-18
9.22178988327	9.30428890226e-19
9.23638132296	7.4786366237e-19
9.25097276265	6.00806336331e-19
9.26556420234	4.82414031546e-19
9.28015564202	3.87149217706e-19
9.29474708171	3.10534978821e-19
9.3093385214	2.48952276485e-19
9.32392996109	1.99478162867e-19
9.33852140078	1.59752368106e-19
9.35311284047	1.27871691355e-19
9.36770428016	1.02300064584e-19
9.38229571985	8.17998741407e-20
9.39688715953	6.53738000985e-20
9.41147859922	5.22191903101e-20
9.42607003891	4.16898880305e-20
9.4406614786	3.32664758292e-20
9.45525291829	2.65311006768e-20
9.46984435798	2.11485782711e-20
9.48443579767	1.68493869481e-20
9.49902723736	1.34172711051e-20
9.51361867704	1.06787103092e-20
9.52821011673	8.49478501044e-21
9.54280155642	6.75399320513e-21
9.55739299611	5.36717907963e-21
9.5719844358	4.26286847724e-21
9.58657587549	3.38406061528e-21
9.60116731518	2.68504983378e-21
9.61575875487	2.12936226653e-21
9.63035019455	1.68780766912e-21
9.64494163424	1.33713917847e-21
9.65953307393	1.05877271974e-21
9.67412451362	8.37929151461e-22
9.68871595331	6.62783555362e-22
9.703307393	5.23998188809e-22
9.71789883269	4.14065339882e-22
9.73249027237	3.27035134495e-22
9.74708171206	2.58165387093e-22
9.76167315175	2.03697936396e-22
9.77626459144	1.60629354305e-22
9.79085603113	1.26603087403e-22
9.80544747082	9.97251711288e-23
9.82003891051	7.85198918332e-23
9.8346303502	6.17954673056e-23
9.84922178988	4.86131595082e-23
9.86381322957	3.82216556852e-23
9.87840466926	3.00392516171e-23
9.89299610895	2.35952134049e-23
9.90758754864	1.85230892917e-23
9.92217898833	1.45309702861e-23
9.93677042802	1.13949360575e-23
9.95136186771	8.93061600619e-24
9.96595330739	6.99705395831e-24
9.98054474708	5.47847621135e-24
9.99513618677	4.28762979188e-24
10.0097276265	3.35301732622e-24
10.0243190661	2.62090782863e-24
10.0389105058	2.04588443208e-24
10.0535019455	1.5968601772e-24
10.0680933852	1.2461982166e-24
10.0826848249	9.72586174818e-25
10.0972762646	7.58424620556e-25
10.1118677043	5.91166706394e-25
10.126459144	4.60211540347e-25
10.1410505837	3.58407131685e-25
10.1556420233	2.78563489436e-25
10.170233463	2.16527928807e-25
10.1848249027	1.68344529659e-25
10.1994163424	1.30879707159e-25
10.2140077821	1.01623596832e-25
10.2285992218	7.90103701642e-26
10.2431906615	6.13009538532e-26
10.2577821012	4.75684919407e-26
10.2723735409	3.68255625002e-26
10.2869649805	2.85720742109e-26
10.3015564202	2.22401491369e-26
10.3161478599	1.74020426934e-26
10.3307392996	1.36313110069e-26
10.3453307393	1.07184771619e-26
10.359922179	8.44115670541e-27
10.3745136187	6.70183006798e-27
10.3891050584	5.36402568842e-27
10.4036964981	4.36853151846e-27
10.4182879377	3.62536055711e-27
10.4328793774	3.06943682863e-27
10.4474708171	2.65062682161e-27
10.4620622568	2.3223355156e-27
10.4766536965	2.08241207343e-27
10.4912451362	1.92206424975e-27
10.5058365759	1.84329247699e-27
10.5204280156	1.76783888544e-27
10.5350194553	1.72058656855e-27
10.5496108949	1.67387251346e-27
10.5642023346	1.65174286455e-27
10.5787937743	1.62583707583e-27
10.593385214	1.6263401333e-27
10.6079766537	1.63777152995e-27
10.6225680934	1.69496077974e-27
10.6371595331	1.69378154166e-27
10.6517509728	1.69632128902e-27
10.6663424125	1.68322943745e-27
10.6809338521	1.67757636421e-27
10.6955252918	1.65602769503e-27
10.7101167315	1.66362484739e-27
10.7247081712	1.67048667784e-27
10.7392996109	1.71541845017e-27
10.7538910506	1.71276391361e-27
10.7684824903	1.71772807312e-27
10.78307393	1.70409503353e-27
10.7976653697	1.70794596157e-27
10.8122568093	1.68265337285e-27
10.826848249	1.67288034909e-27
10.8414396887	1.67608999457e-27
10.8560311284	1.72816117417e-27
10.8706225681	1.72569914765e-27
10.8852140078	1.71450093448e-27
10.8998054475	1.68226830974e-27
10.9143968872	1.67557555708e-27
10.9289883268	1.64219440616e-27
10.9435797665	1.62350616051e-27
10.9581712062	1.60427911479e-27
10.9727626459	1.64139885998e-27
10.9873540856	1.62314640738e-27
11.0019455253	1.60390254151e-27
11.016536965	1.58128873801e-27
11.0311284047	1.56867164743e-27
11.0457198444	1.55904411128e-27
11.060311284	1.58519685604e-27
11.0749027237	1.61314066567e-27
11.0894941634	1.71084587269e-27
11.1040856031	1.80295437219e-27
11.1186770428	1.95896101047e-27
11.1332684825	2.16751302077e-27
11.1478599222	2.49187822251e-27
11.1624513619	2.93095917345e-27
11.1770428016	3.56958894657e-27
11.1916342412	4.45960110381e-27
11.2062256809	5.7150117975e-27
11.2208171206	7.31263639016e-27
11.2354085603	9.64579009406e-27
11.25	1.17953119882e-26
11.2645914397	9.58184748503e-27
11.2791828794	7.14332011053e-27
11.2937743191	5.43036061271e-27
11.3083657588	4.11016657849e-27
11.3229571984	3.13735894048e-27
11.3375486381	2.38987711591e-27
11.3521400778	1.83668328006e-27
11.3667315175	1.4045352705e-27
11.3813229572	1.08329846399e-27
11.3959143969	8.5067765725e-28
11.4105058366	6.74828893829e-28
11.4250972763	5.46484097563e-28
11.439688716	4.50084974214e-28
11.4542801556	3.77482911613e-28
11.4688715953	3.25236949497e-28
11.483463035	2.85451292516e-28
11.4980544747	2.55897093235e-28
11.5126459144	2.39703837804e-28
11.5272373541	2.214436715e-28
11.5418287938	2.0739946548e-28
11.5564202335	1.99637706524e-28
11.5710116732	1.94676853684e-28
11.5856031128	1.91007651845e-28
11.6001945525	1.91171886897e-28
11.6147859922	1.92407412101e-28
11.6293774319	1.96872594284e-28
11.6439688716	1.98397574454e-28
11.6585603113	1.9962347889e-28
11.673151751	1.92268360646e-28
11.6877431907	1.94759954306e-28
11.7023346304	1.98409180846e-28
11.71692607	2.02039386812e-28
11.7315175097	2.0539817765e-28
11.7461089494	2.17168071752e-28
11.7607003891	2.3108384416e-28
11.7752918288	2.48416954106e-28
11.7898832685	2.62865845605e-28
11.8044747082	2.79484668877e-28
11.8190661479	2.98569899871e-28
11.8336575876	3.15339642776e-28
11.8482490272	3.31817290323e-28
11.8628404669	3.5595297607e-28
11.8774319066	3.76706930229e-28
11.8920233463	3.89947959775e-28
11.906614786	3.97388192188e-28
11.9212062257	4.05429400259e-28
11.9357976654	4.09769215136e-28
11.9503891051	4.13453239652e-28
11.9649805447	4.10152346048e-28
11.9795719844	4.09707684454e-28
11.9941634241	4.07453967542e-28
12.0087548638	4.03000959703e-28
12.0233463035	3.94577116126e-28
12.0379377432	3.96589095858e-28
12.0525291829	3.96407262136e-28
12.0671206226	3.87788672685e-28
12.0817120623	3.8007415301e-28
12.0963035019	3.79016055931e-28
12.1108949416	3.78164877209e-28
12.1254863813	3.87486869826e-28
12.140077821	3.98035693679e-28
12.1546692607	4.05900843662e-28
12.1692607004	4.12542928472e-28
12.1838521401	4.12570727628e-28
12.1984435798	4.07675442322e-28
12.2130350195	4.06592414306e-28
12.2276264591	4.08906482417e-28
12.2422178988	4.13010627983e-28
12.2568093385	4.21890404878e-28
12.2714007782	4.29865347395e-28
12.2859922179	4.3929129115e-28
12.3005836576	4.45458271141e-28
12.3151750973	4.46279885505e-28
12.329766537	4.43814218129e-28
12.3443579767	4.45289804876e-28
12.3589494163	4.46238815571e-28
12.373540856	4.54240016423e-28
12.3881322957	4.63648385223e-28
12.4027237354	4.71254562944e-28
12.4173151751	4.6549803155e-28
12.4319066148	4.58882681437e-28
12.4464980545	4.5268643734e-28
12.4610894942	4.52001765526e-28
12.4756809339	4.58294001606e-28
12.4902723735	4.74055217788e-28
12.5048638132	4.83802959047e-28
12.5194552529	4.95602834984e-28
12.5340466926	4.96287804577e-28
12.5486381323	4.94206360571e-28
12.563229572	4.95207540683e-28
12.5778210117	4.98867627794e-28
12.5924124514	5.03647015091e-28
12.6070038911	5.23871290982e-28
12.6215953307	5.2673347077e-28
12.6361867704	5.27249395073e-28
12.6507782101	5.17090705363e-28
12.6653696498	5.08404891694e-28
12.6799610895	5.07607020941e-28
12.6945525292	5.15896162634e-28
12.7091439689	5.28837576524e-28
12.7237354086	5.65359542275e-28
12.7383268483	5.85694377549e-28
12.7529182879	5.93861051465e-28
12.7675097276	5.86051121734e-28
12.7821011673	5.83645673292e-28
12.796692607	5.75722778678e-28
12.8112840467	5.81141904654e-28
12.8258754864	5.99944192294e-28
12.8404669261	6.33787628096e-28
12.8550583658	6.42780700038e-28
12.8696498054	6.50505878889e-28
12.8842412451	6.41411810492e-28
12.8988326848	6.32204505114e-28
12.9134241245	6.28265792764e-28
12.9280155642	6.35836377436e-28
12.9426070039	6.43722964531e-28
12.9571984436	6.68114849759e-28
12.9717898833	6.73628983998e-28
12.986381323	6.76087234559e-28
13.0009727626	6.68562206457e-28
13.0155642023	6.62381178865e-28
13.030155642	6.5193608695e-28
13.0447470817	6.54819873424e-28
13.0593385214	6.64634937324e-28
13.0739299611	7.03550281183e-28
13.0885214008	7.19637376714e-28
13.1031128405	7.24645461475e-28
13.1177042802	7.14339251887e-28
13.1322957198	7.08976040699e-28
13.1468871595	7.01448293936e-28
13.1614785992	7.10300985191e-28
13.1760700389	7.31168043807e-28
13.1906614786	7.71715873939e-28
13.2052529183	7.79167421037e-28
13.219844358	7.9300672906e-28
13.2344357977	7.87202392569e-28
13.2490272374	7.78647263336e-28
13.263618677	7.76811236153e-28
13.2782101167	7.85941990174e-28
13.2928015564	7.91195793069e-28
13.3073929961	8.27542186914e-28
13.3219844358	8.4467553813e-28
13.3365758755	8.5413437146e-28
13.3511673152	8.41203400021e-28
13.3657587549	8.30832832353e-28
13.3803501946	8.15596301692e-28
13.3949416342	8.1335035547e-28
13.4095330739	8.2470316056e-28
13.4241245136	8.64061946893e-28
13.4387159533	8.72809500734e-28
13.453307393	8.81643033312e-28
13.4678988327	8.76334103798e-28
13.4824902724	8.75233694194e-28
13.4970817121	8.62721791733e-28
13.5116731518	8.70332998654e-28
13.5262645914	8.87645137514e-28
13.5408560311	9.32060586573e-28
13.5554474708	9.51233593798e-28
13.5700389105	9.67369592271e-28
13.5846303502	9.6038232905e-28
13.5992217899	9.52340699639e-28
13.6138132296	9.45808720458e-28
13.6284046693	9.53666809952e-28
13.642996109	9.59151127841e-28
13.6575875486	1.00717046187e-27
13.6721789883	1.02528410597e-27
13.686770428	1.03178826295e-27
13.7013618677	1.02476709238e-27
13.7159533074	1.0300541195e-27
13.7305447471	1.02559248465e-27
13.7451361868	1.03049480769e-27
13.7597276265	1.0420068145e-27
13.7743190661	1.0861311214e-27
13.7889105058	1.09193301954e-27
13.8035019455	1.09944180309e-27
13.8180933852	1.0823602533e-27
13.8326848249	1.07039565409e-27
13.8472762646	1.06292586162e-27
13.8618677043	1.07751840771e-27
13.876459144	1.09135760702e-27
13.8910505837	1.13619666578e-27
13.9056420233	1.14750142439e-27
13.920233463	1.15826345079e-27
13.9348249027	1.14467207859e-27
13.9494163424	1.14562750994e-27
13.9640077821	1.14328785861e-27
13.9785992218	1.15714033976e-27
13.9931906615	1.16968703404e-27
14.0077821012	1.22365113786e-27
14.0223735409	1.23499974336e-27
14.0369649805	1.23391156024e-27
14.0515564202	1.21719997339e-27
14.0661478599	1.21005579703e-27
14.0807392996	1.18943401024e-27
14.0953307393	1.1947756867e-27
14.109922179	1.20895209698e-27
14.1245136187	1.26008848922e-27
14.1391050584	1.26326890234e-27
14.1536964981	1.26416919678e-27
14.1682879377	1.24249940874e-27
14.1828793774	1.23006071059e-27
14.1974708171	1.21264991258e-27
14.2120622568	1.21256739831e-27
14.2266536965	1.21277572274e-27
14.2412451362	1.26237178739e-27
14.2558365759	1.27640329107e-27
14.2704280156	1.28217501019e-27
14.2850194553	1.25736444014e-27
14.2996108949	1.24865893293e-27
14.3142023346	1.23032887198e-27
14.3287937743	1.23047620829e-27
14.343385214	1.23692196076e-27
14.3579766537	1.28812684154e-27
14.3725680934	1.29070312758e-27
14.3871595331	1.27816018995e-27
14.4017509728	1.25036742471e-27
14.4163424125	1.23664406224e-27
14.4309338521	1.2078400431e-27
14.4455252918	1.20406362897e-27
14.4601167315	1.20307549718e-27
14.4747081712	1.23861474795e-27
14.4892996109	1.23798513397e-27
14.5038910506	1.2384427383e-27
14.5184824903	1.21838505994e-27
14.53307393	1.20915175431e-27
14.5476653697	1.19897048051e-27
14.5622568093	1.20137603631e-27
14.576848249	1.19629333295e-27
14.5914396887	1.24133844337e-27
14.6060311284	1.24387848123e-27
14.6206225681	1.24157214118e-27
14.6352140078	1.21021510552e-27
14.6498054475	1.18983984883e-27
14.6643968872	1.16701836737e-27
14.6789883268	1.15554905979e-27
14.6935797665	1.14005887251e-27
14.7081712062	1.15945294924e-27
14.7227626459	1.14099680569e-27
14.7373540856	1.12045088263e-27
14.7519455253	1.07830775587e-27
14.766536965	1.05378492597e-27
14.7811284047	1.00905599014e-27
14.7957198444	9.85176668527e-28
14.810311284	9.5567780871e-28
14.8249027237	9.4183506053e-28
14.8394941634	8.89644132886e-28
14.8540856031	8.33803748989e-28
14.8686770428	7.66434604195e-28
14.8832684825	7.23389804847e-28
14.8978599222	6.94578949174e-28
14.9124513619	7.02357696878e-28
14.9270428016	7.54173808885e-28
14.9416342412	9.16507287811e-28
14.9562256809	1.19487623211e-27
14.9708171206	1.65897394524e-27
14.9854085603	2.51043424522e-27
15.0	3.43581823072e-27
