-14.9854085603	1.86023543835e-27
-14.9708171206	1.07544629182e-27
-14.9562256809	6.31642020272e-28
-14.9416342412	3.63735972566e-28
-14.9270428016	2.11862511875e-28
-14.9124513619	1.21700502307e-28
-14.8978599222	8.09801824706e-29
-14.8832684825	6.19901195522e-29
-14.8686770428	6.12411847759e-29
-14.8540856031	6.59803534896e-29
-14.8394941634	7.53554915443e-29
-14.8249027237	7.69622420256e-29
-14.810311284	8.7205567646e-29
-14.7957198444	9.50470642156e-29
-14.7811284047	1.0731025958e-28
-14.766536965	1.1507907399e-28
-14.7519455253	1.2377736805e-28
-14.7373540856	1.2900641328e-28
-14.7227626459	1.32787884471e-28
-14.7081712062	1.20851292034e-28
-14.6935797665	1.2249576769e-28
-14.6789883268	1.24175536474e-28
-14.6643968872	1.30850155953e-28
-14.6498054475	1.34588168555e-28
-14.6352140078	1.43279862123e-28
-14.6206225681	1.45119315371e-28
-14.6060311284	1.46114557147e-28
-14.5914396887	1.35117650631e-28
-14.576848249	1.34585768677e-28
-14.5622568093	1.34802051786e-28
-14.5476653696	1.42493998411e-28
-14.53307393	1.45143544579e-28
-14.5184824903	1.51148501962e-28
-14.5038910506	1.52103143227e-28
-14.4892996109	1.5422018946e-28
-14.4747081712	1.42375975965e-28
-14.4601167315	1.41966677048e-28
-14.4455252918	1.41560471082e-28
-14.4309338521	1.47555955021e-28
-14.4163424125	1.49648684061e-28
-14.4017509728	1.55632614254e-28
-14.3871595331	1.56281365389e-28
-14.3725680934	1.57486074978e-28
-14.3579766537	1.43754365566e-28
-14.343385214	1.42219535754e-28
-14.3287937743	1.41633988298e-28
-14.3142023346	1.47423264852e-28
-14.2996108949	1.49898976273e-28
-14.2850194553	1.56841065598e-28
-14.2704280156	1.57493079592e-28
-14.2558365759	1.58847889337e-28
-14.2412451362	1.47332972084e-28
-14.2266536965	1.4733654212e-28
-14.2120622568	1.47387328343e-28
-14.1974708171	1.5393899246e-28
-14.1828793774	1.55919864287e-28
-14.1682879377	1.61840760101e-28
-14.1536964981	1.63470377138e-28
-14.1391050584	1.63813582961e-28
-14.1245136187	1.51794347588e-28
-14.109922179	1.52787176192e-28
-14.0953307393	1.54251635077e-28
-14.0807392996	1.60348494295e-28
-14.0661478599	1.62899645583e-28
-14.0515564202	1.66752436511e-28
-14.0369649805	1.66710154797e-28
-14.0223735409	1.67107546549e-28
-14.0077821012	1.55779185068e-28
-13.9931906615	1.5645133616e-28
-13.9785992218	1.57979229494e-28
-13.9640077821	1.63646538718e-28
-13.9494163424	1.67389023358e-28
-13.9348249027	1.73617854679e-28
-13.920233463	1.75209867943e-28
-13.9056420233	1.77825806698e-28
-13.8910505837	1.72761552672e-28
-13.876459144	1.74690674049e-28
-13.8618677043	1.79882651538e-28
-13.8472762646	1.90050700643e-28
-13.8326848249	1.96218913567e-28
-13.8180933852	2.05235619821e-28
-13.8035019455	2.12980739721e-28
-13.7889105058	2.21022852629e-28
-13.7743190661	2.28121346261e-28
-13.7597276265	2.38652832678e-28
-13.7451361868	2.50707929581e-28
-13.7305447471	2.61455169572e-28
-13.7159533074	2.68948645611e-28
-13.7013618677	2.73389195179e-28
-13.686770428	2.76950806117e-28
-13.6721789883	2.71475337888e-28
-13.6575875486	2.5880179822e-28
-13.6429961089	2.53776273155e-28
-13.6284046693	2.48507998444e-28
-13.6138132296	2.41473534496e-28
-13.5992217899	2.36078586205e-28
-13.5846303502	2.32908092186e-28
-13.5700389105	2.28667441643e-28
-13.5554474708	2.23240335009e-28
-13.5408560311	2.17143819674e-28
-13.5262645914	2.16702844304e-28
-13.5116731518	2.20904462716e-28
-13.4970817121	2.2416652295e-28
-13.4824902724	2.26521468596e-28
-13.4678988327	2.32575120045e-28
-13.453307393	2.38038544651e-28
-13.4387159533	2.45109047731e-28
-13.4241245136	2.57086317483e-28
-13.4095330739	2.694525429e-28
-13.3949416342	2.80009888546e-28
-13.3803501946	2.87590477258e-28
-13.3657587549	2.93324873949e-28
-13.3511673152	3.01233153271e-28
-13.3365758755	3.07612741843e-28
-13.3219844358	3.09836499759e-28
-13.3073929961	3.13893021108e-28
-13.2928015564	3.20334719973e-28
-13.2782101167	3.28238852061e-28
-13.263618677	3.34409739338e-28
-13.2490272374	3.42586636836e-28
-13.2344357977	3.53793203841e-28
-13.219844358	3.64207424139e-28
-13.2052529183	3.77222875376e-28
-13.1906614786	4.00025520231e-28
-13.1760700389	4.1732088581e-28
-13.1614785992	4.37963737801e-28
-13.1468871595	4.50378699716e-28
-13.1322957198	4.5878056515e-28
-13.1177042802	4.66716335564e-28
-13.1031128405	4.77537448914e-28
-13.0885214008	4.83389527495e-28
-13.0739299611	4.9685347202e-28
-13.0593385214	5.06155000482e-28
-13.0447470817	5.17633554658e-28
-13.030155642	5.21108423081e-28
-13.0155642023	5.2505487002e-28
-13.0009727626	5.28569881685e-28
-12.986381323	5.36485581717e-28
-12.9717898833	5.43640087624e-28
-12.9571984436	5.58354326978e-28
-12.9426070039	5.64863764168e-28
-12.9280155642	5.78283755786e-28
-12.9134241245	5.82139260981e-28
-12.8988326848	5.85817874884e-28
-12.8842412451	5.87376855079e-28
-12.8696498054	5.95003510629e-28
-12.8550583658	5.99589247433e-28
-12.8404669261	6.19336997728e-28
-12.8258754864	6.26945238112e-28
-12.8112840467	6.32406262452e-28
-12.796692607	6.31859403463e-28
-12.7821011673	6.29026732424e-28
-12.7675097276	6.18535953212e-28
-12.7529182879	6.17513824271e-28
-12.7383268482	6.08503076147e-28
-12.7237354086	6.07099641554e-28
-12.7091439689	5.9976107569e-28
-12.6945525292	5.97264220916e-28
-12.6799610895	5.88359995848e-28
-12.6653696498	5.79501211041e-28
-12.6507782101	5.72745317579e-28
-12.6361867704	5.71467072206e-28
-12.6215953307	5.70161913683e-28
-12.6070038911	5.82366243528e-28
-12.5924124514	5.80921950805e-28
-12.5778210117	5.82569980714e-28
-12.563229572	5.72838483257e-28
-12.5486381323	5.71230763399e-28
-12.5340466926	5.69079662327e-28
-12.5194552529	5.75725376344e-28
-12.5048638132	5.82858990171e-28
-12.4902723735	6.16361736915e-28
-12.4756809339	6.34626979716e-28
-12.4610894942	6.46659813131e-28
-12.4464980545	6.46092017511e-28
-12.4319066148	6.44104181142e-28
-12.4173151751	6.34402439769e-28
-12.4027237354	6.25531958847e-28
-12.3881322957	6.08495200262e-28
-12.373540856	6.08658849351e-28
-12.3589494163	6.02410010499e-28
-12.3443579767	5.93965063464e-28
-12.329766537	5.75037513362e-28
-12.3151750973	5.69064562725e-28
-12.3005836576	5.57731859851e-28
-12.2859922179	5.54288683323e-28
-12.2714007782	5.53034461508e-28
-12.2568093385	5.73895916957e-28
-12.2422178988	5.80915290793e-28
-12.2276264591	5.9265247175e-28
-12.2130350195	5.83955249888e-28
-12.1984435798	5.80896725268e-28
-12.1838521401	5.74039723831e-28
-12.1692607004	5.73942946206e-28
-12.1546692607	5.70355226988e-28
-12.140077821	5.90774967051e-28
-12.1254863813	5.90601806498e-28
-12.1108949416	5.84978237398e-28
-12.0963035019	5.69394108576e-28
-12.0817120623	5.58563198819e-28
-12.0671206226	5.50100079669e-28
-12.0525291829	5.52217692284e-28
-12.0379377432	5.48498742381e-28
-12.0233463035	5.70831856077e-28
-12.0087548638	5.78048332737e-28
-11.9941634241	5.83598487968e-28
-11.9795719844	5.81966921767e-28
-11.9649805447	5.85271912887e-28
-11.9503891051	5.83783137762e-28
-11.9357976654	5.93275593737e-28
-11.9212062257	6.12281196422e-28
-11.906614786	6.61703304408e-28
-11.8920233463	6.83025448489e-28
-11.8774319066	6.93052560617e-28
-11.8628404669	6.77753138134e-28
-11.8482490272	6.597470998e-28
-11.8336575875	6.41505729894e-28
-11.8190661479	6.29155780633e-28
-11.8044747082	6.09765067694e-28
-11.7898832685	6.12742965643e-28
-11.7752918288	5.95146494465e-28
-11.7607003891	5.74525196147e-28
-11.7461089494	5.47393458398e-28
-11.7315175097	5.29344113866e-28
-11.71692607	5.12423117933e-28
-11.7023346304	5.05333446268e-28
-11.6877431907	4.91607471305e-28
-11.673151751	5.01366783659e-28
-11.6585603113	5.00009452785e-28
-11.6439688716	4.94777053397e-28
-11.6293774319	4.78933069035e-28
-11.6147859922	4.68408142581e-28
-11.6001945525	4.59343803379e-28
-11.5856031128	4.67268187904e-28
-11.5710116732	4.81258168207e-28
-11.5564202335	5.2204761161e-28
-11.5418287938	5.34376230883e-28
-11.5272373541	5.50564008997e-28
-11.5126459144	5.54249212452e-28
-11.4980544747	5.5699343455e-28
-11.483463035	5.67133893763e-28
-11.4688715953	5.85330689175e-28
-11.4542801556	6.08058743405e-28
-11.439688716	6.63719477468e-28
-11.4250972763	7.07323910458e-28
-11.4105058366	7.71530081349e-28
-11.3959143969	8.48732630553e-28
-11.3813229572	9.69549063078e-28
-11.3667315175	1.14184359391e-27
-11.3521400778	1.38966244855e-27
-11.3375486381	1.71434807396e-27
-11.3229571984	2.17820027627e-27
-11.3083657588	2.7992163302e-27
-11.2937743191	3.68363091927e-27
-11.2791828794	4.85589688602e-27
-11.2645914397	6.61873519466e-27
-11.25	8.27993357873e-27
-11.2354085603	6.62587316877e-27
-11.2208171206	4.85452420557e-27
-11.2062256809	3.67574998769e-27
-11.1916342412	2.76129967177e-27
-11.1770428016	2.09538341483e-27
-11.1624513619	1.58510016976e-27
-11.1478599222	1.21064512993e-27
-11.1332684825	9.2326755806e-28
-11.1186770428	7.05526299016e-28
-11.1040856031	5.42991753399e-28
-11.0894941634	4.20582717743e-28
-11.0749027237	3.3675171841e-28
-11.060311284	2.79647260356e-28
-11.0457198444	2.40927669278e-28
-11.0311284047	2.16677566435e-28
-11.016536965	2.01989840184e-28
-11.0019455253	1.88857429296e-28
-10.9873540856	1.82916351993e-28
-10.9727626459	1.66460408566e-28
-10.9581712062	1.62716629815e-28
-10.9435797665	1.66458633666e-28
-10.9289883268	1.75393808103e-28
-10.9143968872	1.82910282718e-28
-10.8998054475	1.92834759896e-28
-10.8852140078	1.99347373818e-28
-10.8706225681	2.02368557677e-28
-10.8560311284	1.89961709103e-28
-10.8414396887	1.92242478553e-28
-10.826848249	1.95387323407e-28
-10.8122568093	2.05571869624e-28
-10.7976653696	2.14772748843e-28
-10.78307393	2.22631368252e-28
-10.7684824903	2.22830043641e-28
-10.7538910506	2.21877526278e-28
-10.7392996109	2.10169941322e-28
-10.7247081712	2.13504179407e-28
-10.7101167315	2.18486672115e-28
-10.6955252918	2.29643376231e-28
-10.6809338521	2.40036070478e-28
-10.6663424125	2.49360714195e-28
-10.6517509728	2.51756769528e-28
-10.6371595331	2.54103752615e-28
-10.6225680934	2.44343028819e-28
-10.6079766537	2.45187676683e-28
-10.593385214	2.49182407583e-28
-10.5787937743	2.58571238244e-28
-10.5642023346	2.65938129052e-28
-10.5496108949	2.74294361209e-28
-10.5350194553	2.75978095732e-28
-10.5204280156	2.74278396248e-28
-10.5058365759	2.5991473617e-28
-10.4912451362	2.58197984511e-28
-10.4766536965	2.59540750357e-28
-10.4620622568	2.6774682582e-28
-10.4474708171	2.74341107113e-28
-10.4328793774	2.79307078095e-28
-10.4182879377	2.7801885471e-28
-10.4036964981	2.73680793015e-28
-10.3891050584	2.55200514186e-28
-10.3745136187	2.52026740902e-28
-10.359922179	2.51750837272e-28
-10.3453307393	2.57768829851e-28
-10.3307392996	2.64034554206e-28
-10.3161478599	2.69745559693e-28
-10.3015564202	2.68359651576e-28
-10.2869649805	2.64394999326e-28
-10.2723735409	2.4893394819e-28
-10.2577821012	2.43489212166e-28
-10.2431906615	2.41902676901e-28
-10.2285992218	2.45584138079e-28
-10.2140077821	2.48564805445e-28
-10.1994163424	2.51311820545e-28
-10.1848249027	2.48017635469e-28
-10.170233463	2.40164389562e-28
-10.1556420233	2.23457356897e-28
-10.1410505837	2.17026130967e-28
-10.126459144	2.12535534298e-28
-10.1118677043	2.14369630011e-28
-10.0972762646	2.14889675671e-28
-10.0826848249	2.13149557206e-28
-10.0680933852	2.07173118027e-28
-10.0535019455	2.00692655661e-28
-10.0389105058	1.84049580842e-28
-10.0243190661	1.75979236603e-28
-10.0097276265	1.71728741686e-28
-9.99513618677	1.71577356052e-28
-9.98054474708	1.72782356161e-28
-9.96595330739	1.72807141799e-28
-9.9513618677	1.70670801167e-28
-9.93677042802	1.69093515793e-28
-9.92217898833	1.64100308462e-28
-9.90758754864	1.62003776794e-28
-9.89299610895	1.62017609397e-28
-9.87840466926	1.62681970226e-28
-9.86381322957	1.6207549019e-28
-9.84922178988	1.62211139069e-28
-9.83463035019	1.61960196995e-28
-9.82003891051	1.62614153484e-28
-9.80544747082	1.6417437703e-28
-9.79085603113	1.68314160657e-28
-9.77626459144	1.75482556528e-28
-9.76167315175	1.85446672201e-28
-9.74708171206	1.92795707947e-28
-9.73249027237	1.99303492473e-28
-9.71789883268	2.10025660517e-28
-9.703307393	2.2025528964e-28
-9.68871595331	2.39253653566e-28
-9.67412451362	2.54651788106e-28
-9.65953307393	2.68872246666e-28
-9.64494163424	2.78062156298e-28
-9.63035019455	2.86202717153e-28
-9.61575875486	2.900896367e-28
-9.60116731517	2.96988602878e-28
-9.58657587549	3.06807019708e-28
-9.5719844358	3.28365380884e-28
-9.55739299611	3.39979293513e-28
-9.54280155642	3.49563813543e-28
-9.52821011673	3.51570206775e-28
-9.51361867704	3.51703672625e-28
-9.49902723735	3.56415563491e-28
-9.48443579767	3.62009979562e-28
-9.46984435798	3.65911205593e-28
-9.45525291829	3.88692564207e-28
-9.4406614786	3.97068275973e-28
-9.42607003891	4.07908018126e-28
-9.41147859922	4.18086572635e-28
-9.39688715953	4.27188064019e-28
-9.38229571984	4.35868118954e-28
-9.36770428016	4.61050293802e-28
-9.35311284047	4.94126273376e-28
-9.33852140078	5.49915876847e-28
-9.32392996109	5.9011917719e-28
-9.3093385214	6.29010632279e-28
-9.29474708171	6.61323418722e-28
-9.28015564202	7.04505598856e-28
-9.26556420233	7.47860929837e-28
-9.25097276265	8.06000922513e-28
-9.23638132296	8.80694336628e-28
-9.22178988327	9.91034056813e-28
-9.20719844358	1.08403876814e-27
-9.19260700389	1.18346295289e-27
-9.1780155642	1.28716677223e-27
-9.16342412451	1.41448693283e-27
-9.14883268482	1.55929139789e-27
-9.13424124514	1.74896077755e-27
-9.11964980545	1.98024281306e-27
-9.10505836576	2.29694358542e-27
-9.09046692607	2.62538195565e-27
-9.07587548638	3.00058207496e-27
-9.06128404669	3.41831217929e-27
-9.046692607	3.91204059374e-27
-9.03210116731	4.50459311861e-27
-9.01750972763	5.24390694358e-27
-9.00291828794	6.13294539662e-27
-8.98832684825	7.27789136078e-27
-8.97373540856	8.55961070081e-27
-8.95914396887	1.01014354893e-26
-8.94455252918	1.18974464186e-26
-8.92996108949	1.40831917416e-26
-8.91536964981	1.67552010949e-26
-8.90077821012	2.01063230032e-26
-8.88618677043	2.42257015107e-26
-8.87159533074	2.94403203838e-26
-8.85700389105	3.56816562663e-26
-8.84241245136	4.33670158464e-26
-8.82782101167	5.27899134352e-26
-8.81322957198	6.45171560771e-26
-8.7986381323	7.90233670279e-26
-8.78404669261	9.72882529173e-26
-8.76945525292	1.20035594588e-25
-8.75486381323	1.486601582e-25
-8.74027237354	1.83898821644e-25
-8.72568093385	2.27909766884e-25
-8.71108949416	2.82642379742e-25
-8.69649805447	3.51121874338e-25
-8.68190661479	4.36622285184e-25
-8.6673151751	5.43967678421e-25
-8.65272373541	6.78278234684e-25
-8.63813229572	8.46927662059e-25
-8.62354085603	1.05735978292e-24
-8.60894941634	1.32138754032e-24
-8.59435797665	1.65162248844e-24
-8.57976653696	2.06599533321e-24
-8.56517509728	2.5854740102e-24
-8.55058365759	3.23693430304e-24
-8.5359922179	4.05304224007e-24
-8.52140077821	5.07758014935e-24
-8.50680933852	6.35764626278e-24
-8.49221789883	7.95971205692e-24
-8.47762645914	9.96246024421e-24
-8.46303501945	1.24675462421e-23
-8.44844357977	1.56004946731e-23
-8.43385214008	1.95198019801e-23
-8.41926070039	2.44166530863e-23
-8.4046692607	3.05380750281e-23
-8.39007782101	3.81797194491e-23
-8.37548638132	4.77230526089e-23
-8.36089494163	5.96332889326e-23
-8.34630350195	7.44966296182e-23
-8.33171206226	9.30366132555e-23
-8.31712062257	1.16159439766e-22
-8.30252918288	1.44977451044e-22
-8.28793774319	1.8088518579e-22
-8.2733463035	2.25579369885e-22
-8.25875486381	2.8120716595e-22
-8.24416342412	3.50401267453e-22
-8.22957198444	4.36445223279e-22
-8.21498054475	5.43394603967e-22
-8.20038910506	6.76282486011e-22
-8.18579766537	8.41303880763e-22
-8.17120622568	1.04616912316e-21
-8.15661478599	1.30032109153e-21
-8.1420233463	1.61551922753e-21
-8.12743190661	2.00622836588e-21
-8.11284046693	2.49033383222e-21
-8.09824902724	3.08988072454e-21
-8.08365758755	3.83211495755e-21
-8.06906614786	4.75051061731e-21
-8.05447470817	5.88639291136e-21
-8.03988326848	7.29043488816e-21
-8.02529182879	9.02521818175e-21
-8.0107003891	1.11675868603e-20
-7.99610894942	1.38121920664e-20
-7.98151750973	1.70752564714e-20
-7.96692607004	2.10995741356e-20
-7.95233463035	2.60602871322e-20
-7.93774319066	3.21724397658e-20
-7.92315175097	3.9699375813e-20
-7.90856031128	4.89644897227e-20
-7.89396887159	6.03636441601e-20
-7.87937743191	7.43819510614e-20
-7.86478599222	9.16130927565e-20
-7.85019455253	1.12783550128e-19
-7.83560311284	1.38781471165e-19
-7.82101167315	1.70692706231e-19
-7.80642023346	2.09842912592e-19
-7.79182879377	2.57851980814e-19
-7.77723735409	3.16696509712e-19
-7.7626459144	3.88787862695e-19
-7.74805447471	4.77065879993e-19
-7.73346303502	5.85114615568e-19
-7.71887159533	7.17298091381e-19
-7.70428015564	8.7893106018e-19
-7.68968871595	1.07647789999e-18
-7.67509727626	1.31780396715e-18
-7.66050583658	1.61247076161e-18
-7.64591439689	1.97209758221e-18
-7.6313229572	2.41079529908e-18
-7.61673151751	2.94569449387e-18
-7.60214007782	3.59757780978e-18
-7.58754863813	4.39165071215e-18
-7.57295719844	5.35846218695e-18
-7.55836575875	6.53502639984e-18
-7.54377431907	7.96616324851e-18
-7.52918287938	9.70611845907e-18
-7.51459143969	1.18205235931e-17
-7.5	1.43886954337e-17
-7.48540856031	1.7506385285e-17
-7.47081712062	2.12895292983e-17
-7.45622568093	2.58779956176e-17
-7.44163424124	3.14405306848e-17
-7.42704280156	3.81806717183e-17
-7.41245136187	4.63437865908e-17
-7.39785992218	5.62255312763e-17
-7.38326848249	6.81819731192e-17
-7.3686770428	8.2641715143e-17
-7.35408560311	1.00120434016e-16
-7.33949416342	1.21238222386e-16
-7.32490272373	1.46740416166e-16
-7.31031128405	1.7752238935e-16
-7.29571984436	2.14659262041e-16
-7.28112840467	2.59441294081e-16
-7.26653696498	3.13416205223e-16
-7.25194552529	3.78439565439e-16
-7.2373540856	4.56734967881e-16
-7.22276264591	5.50965589752e-16
-7.20817120623	6.64319629513e-16
-7.19357976654	8.00611782078e-16
-7.17898832685	9.64404109655e-16
-7.16439688716	1.16114966614e-15
-7.14980544747	1.39736326462e-15
-7.13521400778	1.68082420623e-15
-7.12062256809	2.02081714529e-15
-7.1060311284	2.42841756519e-15
-7.09143968872	2.91683077288e-15
-7.07684824903	3.50179329056e-15
-7.06225680934	4.20204864541e-15
-7.04766536965	5.03991051025e-15
-7.03307392996	6.04192936598e-15
-7.01848249027	7.23968071759e-15
-7.00389105058	8.67069722574e-15
-6.98929961089	1.03795694629e-14
-6.97470817121	1.24192467458e-14
-6.96011673152	1.48525713918e-14
-6.94552529183	1.77540893706e-14
-6.93093385214	2.12121843908e-14
-6.91634241245	2.53315931986e-14
-6.90175097276	3.0236367251e-14
-6.88715953307	3.60733596882e-14
-6.87256809338	4.30163261464e-14
-6.8579766537	5.12707489687e-14
-6.84338521401	6.10795040052e-14
-6.82879377432	7.27295181234e-14
-6.81420233463	8.65595835333e-14
-6.79961089494	1.02969527102e-13
-6.78501945525	1.22430961023e-13
-6.77042801556	1.45499884629e-13
-6.75583657588	1.72831442445e-13
-6.74124513619	2.05197206073e-13
-6.7266536965	2.43505390559e-13
-6.71206225681	2.888244995e-13
-6.69747081712	3.42410958125e-13
-6.68287937743	4.05741395815e-13
-6.66828793774	4.80550332478e-13
-6.65369649805	5.68874156807e-13
-6.63910505837	6.7310240805e-13
-6.62451361868	7.96037558157e-13
-6.60992217899	9.40964641739e-13
-6.5953307393	1.11173233324e-12
-6.58073929961	1.31284728201e-12
-6.56614785992	1.54958382884e-12
-6.55155642023	1.82811152406e-12
-6.53696498054	2.15564327031e-12
-6.52237354086	2.5406073061e-12
-6.50778210117	2.99284678748e-12
-6.49319066148	3.5238512274e-12
-6.47859922179	4.14702476132e-12
-6.4640077821	4.87799689367e-12
-6.44941634241	5.73498227906e-12
-6.43482490272	6.73919700316e-12
-6.42023346303	7.91534000233e-12
-6.40564202335	9.29214945027e-12
-6.39105058366	1.09030454823e-11
-6.37645914397	1.2786872153e-11
-6.36186770428	1.49887535285e-11
-6.34727626459	1.75610808378e-11
-6.3326848249	2.05646501617e-11
-6.31809338521	2.40699727911e-11
-6.30350194552	2.81587836439e-11
-6.28891050584	3.2925776601e-11
-6.27431906615	3.84805998586e-11
-6.25972762646	4.49501487582e-11
-6.24513618677	5.24811990629e-11
-6.23054474708	6.12434293191e-11
-6.21595330739	7.14328878939e-11
-6.2013618677	8.32759676483e-11
-6.18677042802	9.70339600133e-11
-6.17217898833	1.13008269659e-10
-6.15758754864	1.31546382349e-10
-6.14299610895	1.53048690337e-10
-6.12840466926	1.77976294179e-10
-6.11381322957	2.06859915125e-10
-6.09922178988	2.40310070236e-10
-6.08463035019	2.79028681991e-10
-6.07003891051	3.23822316845e-10
-6.05544747082	3.75617271875e-10
-6.04085603113	4.35476757565e-10
-6.02626459144	5.04620455529e-10
-6.01167315175	5.84446766349e-10
-5.99708171206	6.76558101661e-10
-5.98249027237	7.82789619897e-10
-5.96789883268	9.05241854001e-10
-5.953307393	1.04631773577e-09
-5.93871595331	1.20876458298e-09
-5.92412451362	1.39572168548e-09
-5.90953307393	1.61077420253e-09
-5.89494163424	1.85801417113e-09
-5.88035019455	2.14210951941e-09
-5.86575875486	2.46838208724e-09
-5.85116731517	2.8428957731e-09
-5.83657587549	3.2725560593e-09
-5.8219844358	3.76522231169e-09
-5.80739299611	4.3298344146e-09
-5.79280155642	4.97655547713e-09
-5.77821011673	5.71693254916e-09
-5.76361867704	6.56407750165e-09
-5.74902723735	7.53287047048e-09
-5.73443579766	8.64018852849e-09
-5.71984435798	9.90516254794e-09
-5.70525291829	1.13494655373e-08
-5.6906614786	1.29976360992e-08
-5.67607003891	1.48774410437e-08
-5.66147859922	1.70202816305e-08
-5.64688715953	1.94616483833e-08
-5.63229571984	2.22416299447e-08
-5.61770428016	2.54054820075e-08
-5.60311284047	2.9004262988e-08
-5.58852140078	3.30955437846e-08
-5.57392996109	3.774419972e-08
-5.5593385214	4.30232935727e-08
-5.54474708171	4.90150594991e-08
-5.53015564202	5.58119986113e-08
-5.51556420233	6.35180980357e-08
-5.50097276265	7.22501864151e-08
-5.48638132296	8.21394400703e-08
-5.47178988327	9.33330553745e-08
-5.45719844358	1.05996104373e-07
-5.44260700389	1.20313592238e-07
-5.4280155642	1.36492736883e-07
-5.41342412451	1.54765492885e-07
-5.39883268482	1.75391343866e-07
-5.38424124514	1.98660389625e-07
-5.36964980545	2.24896756604e-07
-5.35505836576	2.54462362766e-07
-5.34046692607	2.87761070597e-07
-5.32587548638	3.25243264805e-07
-5.31128404669	3.67410894302e-07
-5.296692607	4.14823021342e-07
-5.28210116731	4.68101924107e-07
-5.26750972763	5.27939802754e-07
-5.25291828794	5.95106142834e-07
-5.23832684825	6.7045579416e-07
-5.22373540856	7.54937827614e-07
-5.20914396887	8.49605237029e-07
-5.19455252918	9.55625558202e-07
-5.17996108949	1.07429248229e-06
-5.1653696498	1.20703854629e-06
-5.15077821012	1.35544898896e-06
-5.13618677043	1.52127686664e-06
-5.12159533074	1.70645952954e-06
-5.10700389105	1.91313656573e-06
-5.09241245136	2.14366932664e-06
-5.07782101167	2.40066215502e-06
-5.06322957198	2.68698544365e-06
-5.0486381323	3.00580066015e-06
-5.03404669261	3.36058748142e-06
-5.01945525292	3.7551731886e-06
-5.00486381323	4.1937644818e-06
-4.99027237354	4.68098188141e-06
-4.97568093385	5.22189689169e-06
-4.96108949416	5.82207210958e-06
-4.94649805447	6.48760447076e-06
-4.93190661479	7.2251718322e-06
-4.9173151751	8.04208309907e-06
-4.90272373541	8.94633211098e-06
-4.88813229572	9.9466555103e-06
-4.87354085603	1.10525948222e-05
-4.85894941634	1.22745629824e-05
-4.84435797665	1.36239155551e-05
-4.82976653696	1.51130268878e-05
-4.81517509728	1.6755371455e-05
-4.80058365759	1.85656106468e-05
-4.7859922179	2.05596852582e-05
-4.77140077821	2.27549139389e-05
-4.75680933852	2.51700978625e-05
-4.74221789883	2.782563187e-05
-4.72762645914	3.07436223414e-05
-4.71303501945	3.39480120423e-05
-4.69844357977	3.74647121859e-05
-4.68385214008	4.13217419379e-05
-4.66926070039	4.55493755833e-05
-4.6546692607	5.01802975547e-05
-4.64007782101	5.52497655068e-05
-4.62548638132	6.0795781597e-05
-4.61089494163	6.68592721103e-05
-4.59630350194	7.34842755345e-05
-4.58171206226	8.07181391635e-05
-4.56712062257	8.86117242656e-05
-4.55252918288	9.72196198163e-05
-4.53793774319	0.000106600364748
-4.5233463035	0.000116816678621
-4.50875486381	0.000127935700561
-4.49416342412	0.00014002923626
-4.47957198444	0.000153174012755
-4.46498054475	0.000167451940649
-4.45038910506	0.000182950383354
-4.43579766537	0.000199762432846
-4.42120622568	0.000217987191373
-4.40661478599	0.000237730058415
-4.3920233463	0.00025910302215
-4.37743190661	0.000282224954557
-4.36284046693	0.000307221909176
-4.34824902724	0.000334227420469
-4.33365758755	0.000363382803581
-4.31906614786	0.000394837453212
-4.30447470817	0.00042874914019
-4.28988326848	0.000465284304207
-4.27529182879	0.000504618341074
-4.2607003891	0.000546935882745
-4.24610894942	0.000592431068209
-4.23151750973	0.000641307803269
-4.21692607004	0.000693780007108
-4.20233463035	0.000750071843424
-4.18774319066	0.000810417933824
-4.17315175097	0.000875063551088
-4.15856031128	0.000944264789804
-4.14396887159	0.00101828871182
-4.12937743191	0.00109741346391
-4.11478599222	0.00118192836494
-4.10019455253	0.00127213395993
-4.08560311284	0.00136834203815
-4.07101167315	0.00147087561275
-4.05642023346	0.00158006885901
-4.04182879377	0.00169626700871
-4.02723735408	0.00181982619813
-4.0126459144	0.00195111326692
-3.99805447471	0.00209050550584
-3.98346303502	0.00223839035089
-3.96887159533	0.00239516502194
-3.95428015564	0.00256123610402
-3.93968871595	0.00273701906959
-3.92509727626	0.00292293774064
-3.91050583658	0.00311942368933
-3.89591439689	0.0033269155767
-3.8813229572	0.00354585842892
-3.86673151751	0.00377670285108
-3.85214007782	0.00401990417904
-3.83754863813	0.00427592156999
-3.82295719844	0.00454521703312
-3.80836575875	0.00482825440196
-3.79377431907	0.00512549825074
-3.77918287938	0.00543741275721
-3.76459143969	0.00576446051532
-3.75	0.00610710130113
-3.73540856031	0.00646579079621
-3.72081712062	0.0068409792731
-3.70622568093	0.00723311024782
-3.69163424124	0.00764261910491
-3.67704280156	0.00806993170098
-3.66245136187	0.00851546295298
-3.64785992218	0.00897961541788
-3.63326848249	0.00946277787069
-3.6186770428	0.00996532388808
-3.60408560311	0.010487610445
-3.58949416342	0.0110299765318
-3.57490272373	0.0115927418004
-3.56031128405	0.0121762052452
-3.54571984436	0.0127806439294
-3.53112840467	0.0134063117622
-3.51653696498	0.0140534383348
-3.50194552529	0.0147222278231
-3.4873540856	0.0154128579645
-3.47276264591	0.0161254791133
-3.45817120623	0.0168602133844
-3.44357976654	0.0176171538877
-3.42898832685	0.0183963640608
-3.41439688716	0.0191978771039
-3.39980544747	0.0200216955209
-3.38521400778	0.0208677907703
-3.37062256809	0.0217361030288
-3.3560311284	0.022626541069
-3.34143968872	0.0235389822531
-3.32684824903	0.0244732726428
-3.31225680934	0.0254292272251
-3.29766536965	0.0264066302527
-3.28307392996	0.0274052356978
-3.26848249027	0.0284247678161
-3.25389105058	0.0294649218183
-3.23929961089	0.030525364644
-3.22470817121	0.0316057358353
-3.21011673152	0.0327056485031
-3.19552529183	0.033824690381
-3.18093385214	0.0349624249607
-3.16634241245	0.0361183927021
-3.15175097276	0.037292112311
-3.13715953307	0.0384830820767
-3.12256809338	0.0396907812621
-3.1079766537	0.0409146715391
-3.09338521401	0.0421541984601
-3.07879377432	0.0434087929585
-3.06420233463	0.0446778728702
-3.04961089494	0.0459608444683
-3.03501945525	0.0472571040022
-3.02042801556	0.0485660392356
-3.00583657587	0.0498870309737
-2.99124513619	0.0512194545749
-2.9766536965	0.0525626814389
-2.96206225681	0.0539160804649
-2.94747081712	0.0552790194755
-2.93287937743	0.0566508665988
-2.91828793774	0.0580309916056
-2.90369649805	0.059418767196
-2.88910505837	0.0608135702324
-2.87451361868	0.0622147829138
-2.85992217899	0.0636217938912
-2.8453307393	0.065033999318
-2.83073929961	0.0664508038364
-2.81614785992	0.0678716214974
-2.80155642023	0.0692958766119
-2.78696498054	0.0707230045346
-2.77237354086	0.0721524523787
-2.75778210117	0.0735836796623
-2.74319066148	0.0750161588875
-2.72859922179	0.0764493760518
-2.7140077821	0.0778828310944
-2.69941634241	0.0793160382786
-2.68482490272	0.0807485265111
-2.67023346303	0.0821798396018
-2.65564202335	0.083609536465
-2.64105058366	0.0850371912654
-2.62645914397	0.0864623935105
-2.61186770428	0.0878847480929
-2.59727626459	0.0893038752848
-2.5826848249	0.0907194106879
-2.56809338521	0.0921310051409
-2.55350194552	0.0935383245885
-2.53891050584	0.0949410499139
-2.52431906615	0.0963388767383
-2.50972762646	0.09773151519
-2.49513618677	0.0991186896456
-2.48054474708	0.100500138447
-2.46595330739	0.101875613597
-2.4513618677	0.103244880433
-2.43677042801	0.104607717285
-2.42217898833	0.105963915121
-2.40758754864	0.107313277178
-2.39299610895	0.108655618581
-2.37840466926	0.10999076596
-2.36381322957	0.111318557055
-2.34922178988	0.112638840317
-2.33463035019	0.113951474515
-2.32003891051	0.115256328329
-2.30544747082	0.116553279953
-2.29085603113	0.117842216698
-2.27626459144	0.119123034595
-2.26167315175	0.120395638007
-2.24708171206	0.121659939244
-2.23249027237	0.122915858181
-2.21789883268	0.12416332189
-2.203307393	0.125402264275
-2.18871595331	0.126632625714
-2.17412451362	0.127854352719
-2.15953307393	0.12906739759
-2.14494163424	0.130271718097
-2.13035019455	0.131467277154
-2.11575875486	0.132654042522
-2.10116731517	0.133831986503
-2.08657587549	0.135001085662
-2.0719844358	0.136161320549
-2.05739299611	0.137312675436
-2.04280155642	0.138455138063
-2.02821011673	0.139588699398
-2.01361867704	0.140713353403
-1.99902723735	0.141829096814
-1.98443579766	0.142935928926
-1.96984435798	0.144033851402
-1.95525291829	0.14512286807
-1.9406614786	0.146202984752
-1.92607003891	0.147274209085
-1.91147859922	0.148336550364
-1.89688715953	0.149390019385
-1.88229571984	0.1504346283
-1.86770428015	0.151470390484
-1.85311284047	0.152497320403
-1.83852140078	0.153515433494
-1.82392996109	0.154524746054
-1.8093385214	0.155525275131
-1.79474708171	0.156517038428
-1.78015564202	0.157500054206
-1.76556420233	0.158474341204
-1.75097276265	0.159439918555
-1.73638132296	0.16039680571
-1.72178988327	0.161345022374
-1.70719844358	0.162284588438
-1.69260700389	0.163215523922
-1.6780155642	0.164137848921
-1.66342412451	0.165051583554
-1.64883268482	0.16595674792
-1.63424124514	0.166853362056
-1.61964980545	0.167741445897
-1.60505836576	0.168621019246
-1.59046692607	0.169492101736
-1.57587548638	0.170354712811
-1.56128404669	0.171208871693
-1.546692607	0.172054597363
-1.53210116731	0.17289190854
-1.51750972763	0.173720823667
-1.50291828794	0.174541360889
-1.48832684825	0.175353538044
-1.47373540856	0.176157372654
-1.45914396887	0.176952881909
-1.44455252918	0.177740082663
-1.42996108949	0.178518991428
-1.4153696498	0.179289624365
-1.40077821012	0.180051997286
-1.38618677043	0.180806125645
-1.37159533074	0.181552024542
-1.35700389105	0.182289708717
-1.34241245136	0.183019192556
-1.32782101167	0.183740490086
-1.31322957198	0.184453614981
-1.29863813229	0.185158580566
-1.28404669261	0.185855399812
-1.26945525292	0.18654408535
-1.25486381323	0.187224649467
-1.24027237354	0.187897104115
-1.22568093385	0.188561460912
-1.21108949416	0.189217731153
-1.19649805447	0.18986592581
-1.18190661479	0.190506055537
-1.1673151751	0.191138130684
-1.15272373541	0.191762161293
-1.13813229572	0.192378157111
-1.12354085603	0.192986127593
-1.10894941634	0.19358608191
-1.09435797665	0.194178028953
-1.07976653696	0.194761977345
-1.06517509728	0.195337935439
-1.05058365759	0.195905911333
-1.0359922179	0.19646591287
-1.02140077821	0.19701794765
-1.00680933852	0.19756202303
-0.992217898832	0.198098146136
-0.977626459143	0.198626323865
-0.963035019454	0.199146562896
-0.948443579766	0.19965886969
-0.933852140077	0.200163250501
-0.919260700388	0.200659711378
-0.9046692607	0.201148258175
-0.890077821011	0.201628896552
-0.875486381322	0.202101631984
-0.860894941633	0.202566469765
-0.846303501945	0.203023415014
-0.831712062256	0.203472472677
-0.817120622567	0.203913647537
-0.802529182879	0.204346944216
-0.78793774319	0.204772367179
-0.773346303501	0.20518992074
-0.758754863812	0.205599609068
-0.744163424124	0.206001436187
-0.729571984435	0.206395405985
-0.714980544746	0.206781522213
-0.700389105058	0.207159788495
-0.685797665369	0.207530208328
-0.67120622568	0.207892785084
-0.656614785991	0.208247522019
-0.642023346303	0.208594422273
-0.627431906614	0.208933488873
-0.612840466925	0.209264724736
-0.598249027237	0.209588132677
-0.583657587548	0.209903715404
-0.569066147859	0.210211475529
-0.55447470817	0.210511415565
-0.539883268482	0.21080353793
-0.525291828793	0.211087844952
-0.510700389104	0.21136433887
-0.496108949416	0.211633021836
-0.481517509727	0.211893895915
-0.466926070038	0.212146963095
-0.452334630349	0.212392225278
-0.437743190661	0.212629684294
-0.423151750972	0.212859341892
-0.408560311283	0.213081199749
-0.393968871594	0.21329525947
-0.379377431906	0.213501522588
-0.364785992217	0.213699990568
-0.350194552528	0.213890664808
-0.33560311284	0.214073546638
-0.321011673151	0.214248637325
-0.306420233462	0.214415938073
-0.291828793773	0.214575450023
-0.277237354085	0.214727174255
-0.262645914396	0.21487111179
-0.248054474707	0.215007263592
-0.233463035019	0.215135630564
-0.21887159533	0.215256213554
-0.204280155641	0.215369013357
-0.189688715952	0.215474030708
-0.175097276264	0.215571266291
-0.160505836575	0.215660720737
-0.145914396886	0.215742394623
-0.131322957198	0.215816288473
-0.116731517509	0.215882402762
-0.10214007782	0.215940737911
-0.0875486381314	0.215991294292
-0.0729571984427	0.216034072227
-0.058365758754	0.216069071986
-0.0437743190653	0.216096293792
-0.0291828793766	0.216115737816
-0.0145914396879	0.216127404182
8.5975671027e-13	0.216131292962
0.0145914396896	0.216127404182
0.0291828793783	0.216115737816
0.043774319067	0.216096293792
0.0583657587557	0.216069071986
0.0729571984444	0.216034072227
0.0875486381332	0.215991294292
0.102140077822	0.215940737911
0.116731517511	0.215882402762
0.131322957199	0.215816288473
0.145914396888	0.215742394623
0.160505836577	0.215660720737
0.175097276265	0.215571266291
0.189688715954	0.215474030708
0.204280155643	0.215369013357
0.218871595332	0.215256213554
0.23346303502	0.215135630564
0.248054474709	0.215007263592
0.262645914398	0.21487111179
0.277237354086	0.214727174255
0.291828793775	0.214575450023
0.306420233464	0.214415938073
0.321011673153	0.214248637325
0.335603112841	0.214073546638
0.35019455253	0.213890664808
0.364785992219	0.213699990568
0.379377431907	0.213501522588
0.393968871596	0.21329525947
0.408560311285	0.213081199749
0.423151750974	0.212859341892
0.437743190662	0.212629684294
0.452334630351	0.212392225278
0.46692607004	0.212146963095
0.481517509729	0.211893895915
0.496108949417	0.211633021836
0.510700389106	0.21136433887
0.525291828795	0.211087844952
0.539883268483	0.21080353793
0.554474708172	0.210511415565
0.569066147861	0.210211475529
0.58365758755	0.209903715404
0.598249027238	0.209588132677
0.612840466927	0.209264724736
0.627431906616	0.208933488873
0.642023346304	0.208594422273
0.656614785993	0.208247522019
0.671206225682	0.207892785084
0.685797665371	0.207530208328
0.700389105059	0.207159788495
0.714980544748	0.206781522213
0.729571984437	0.206395405985
0.744163424125	0.206001436187
0.758754863814	0.205599609068
0.773346303503	0.205189920741
0.787937743192	0.204772367179
0.80252918288	0.204346944216
0.817120622569	0.203913647537
0.831712062258	0.203472472677
0.846303501946	0.203023415014
0.860894941635	0.202566469765
0.875486381324	0.202101631984
0.890077821013	0.201628896552
0.904669260701	0.201148258175
0.91926070039	0.200659711378
0.933852140079	0.200163250501
0.948443579767	0.19965886969
0.963035019456	0.199146562896
0.977626459145	0.198626323865
0.992217898834	0.198098146136
1.00680933852	0.19756202303
1.02140077821	0.19701794765
1.0359922179	0.19646591287
1.05058365759	0.195905911333
1.06517509728	0.195337935439
1.07976653697	0.194761977345
1.09435797665	0.194178028953
1.10894941634	0.19358608191
1.12354085603	0.192986127593
1.13813229572	0.192378157111
1.15272373541	0.191762161293
1.1673151751	0.191138130684
1.18190661479	0.190506055538
1.19649805448	0.18986592581
1.21108949416	0.189217731153
1.22568093385	0.188561460913
1.24027237354	0.187897104115
1.25486381323	0.187224649467
1.26945525292	0.18654408535
1.28404669261	0.185855399812
1.2986381323	0.185158580566
1.31322957199	0.184453614981
1.32782101167	0.183740490086
1.34241245136	0.183019192556
1.35700389105	0.182289708717
1.37159533074	0.181552024542
1.38618677043	0.180806125646
1.40077821012	0.180051997286
1.41536964981	0.179289624365
1.4299610895	0.178518991428
1.44455252918	0.177740082663
1.45914396887	0.176952881909
1.47373540856	0.176157372654
1.48832684825	0.175353538045
1.50291828794	0.174541360889
1.51750972763	0.173720823667
1.53210116732	0.172891908541
1.546692607	0.172054597363
1.56128404669	0.171208871693
1.57587548638	0.170354712811
1.59046692607	0.169492101736
1.60505836576	0.168621019246
1.61964980545	0.167741445897
1.63424124514	0.166853362056
1.64883268483	0.165956747921
1.66342412451	0.165051583554
1.6780155642	0.164137848921
1.69260700389	0.163215523922
1.70719844358	0.162284588438
1.72178988327	0.161345022374
1.73638132296	0.16039680571
1.75097276265	0.159439918555
1.76556420234	0.158474341204
1.78015564202	0.157500054206
1.79474708171	0.156517038428
1.8093385214	0.155525275131
1.82392996109	0.154524746054
1.83852140078	0.153515433494
1.85311284047	0.152497320403
1.86770428016	0.151470390484
1.88229571985	0.1504346283
1.89688715953	0.149390019385
1.91147859922	0.148336550364
1.92607003891	0.147274209086
1.9406614786	0.146202984752
1.95525291829	0.14512286807
1.96984435798	0.144033851402
1.98443579767	0.142935928927
1.99902723736	0.141829096814
2.01361867704	0.140713353404
2.02821011673	0.139588699399
2.04280155642	0.138455138063
2.05739299611	0.137312675436
2.0719844358	0.136161320549
2.08657587549	0.135001085662
2.10116731518	0.133831986503
2.11575875486	0.132654042522
2.13035019455	0.131467277155
2.14494163424	0.130271718097
2.15953307393	0.12906739759
2.17412451362	0.127854352719
2.18871595331	0.126632625715
2.203307393	0.125402264275
2.21789883269	0.12416332189
2.23249027237	0.122915858181
2.24708171206	0.121659939244
2.26167315175	0.120395638008
2.27626459144	0.119123034595
2.29085603113	0.117842216698
2.30544747082	0.116553279953
2.32003891051	0.115256328329
2.3346303502	0.113951474515
2.34922178988	0.112638840318
2.36381322957	0.111318557055
2.37840466926	0.10999076596
2.39299610895	0.108655618581
2.40758754864	0.107313277178
2.42217898833	0.105963915122
2.43677042802	0.104607717285
2.45136186771	0.103244880433
2.46595330739	0.101875613598
2.48054474708	0.100500138448
2.49513618677	0.099118689646
2.50972762646	0.0977315151903
2.52431906615	0.0963388767387
2.53891050584	0.0949410499143
2.55350194553	0.0935383245889
2.56809338522	0.0921310051413
2.5826848249	0.0907194106883
2.59727626459	0.0893038752852
2.61186770428	0.0878847480933
2.62645914397	0.086462393511
2.64105058366	0.0850371912659
2.65564202335	0.0836095364655
2.67023346304	0.0821798396022
2.68482490272	0.0807485265115
2.69941634241	0.0793160382791
2.7140077821	0.0778828310949
2.72859922179	0.0764493760523
2.74319066148	0.075016158888
2.75778210117	0.0735836796628
2.77237354086	0.0721524523792
2.78696498055	0.0707230045351
2.80155642023	0.0692958766124
2.81614785992	0.0678716214979
2.83073929961	0.0664508038369
2.8453307393	0.0650339993185
2.85992217899	0.0636217938917
2.87451361868	0.0622147829144
2.88910505837	0.0608135702329
2.90369649806	0.0594187671965
2.91828793774	0.0580309916061
2.93287937743	0.0566508665993
2.94747081712	0.055279019476
2.96206225681	0.0539160804655
2.9766536965	0.0525626814394
2.99124513619	0.0512194545755
3.00583657588	0.0498870309742
3.02042801557	0.0485660392361
3.03501945525	0.0472571040028
3.04961089494	0.0459608444688
3.06420233463	0.0446778728707
3.07879377432	0.043408792959
3.09338521401	0.0421541984606
3.1079766537	0.0409146715397
3.12256809339	0.0396907812626
3.13715953307	0.0384830820772
3.15175097276	0.0372921123115
3.16634241245	0.0361183927026
3.18093385214	0.0349624249612
3.19552529183	0.0338246903815
3.21011673152	0.0327056485036
3.22470817121	0.0316057358358
3.2392996109	0.0305253646445
3.25389105058	0.0294649218188
3.26848249027	0.0284247678166
3.28307392996	0.0274052356982
3.29766536965	0.0264066302531
3.31225680934	0.0254292272255
3.32684824903	0.0244732726433
3.34143968872	0.0235389822536
3.35603112841	0.0226265410694
3.37062256809	0.0217361030293
3.38521400778	0.0208677907707
3.39980544747	0.0200216955213
3.41439688716	0.0191978771043
3.42898832685	0.0183963640612
3.44357976654	0.0176171538881
3.45817120623	0.0168602133848
3.47276264592	0.0161254791137
3.4873540856	0.0154128579648
3.50194552529	0.0147222278235
3.51653696498	0.0140534383351
3.53112840467	0.0134063117626
3.54571984436	0.0127806439298
3.56031128405	0.0121762052455
3.57490272374	0.0115927418007
3.58949416343	0.0110299765322
3.60408560311	0.0104876104453
3.6186770428	0.00996532388838
3.63326848249	0.00946277787098
3.64785992218	0.00897961541816
3.66245136187	0.00851546295325
3.67704280156	0.00806993170124
3.69163424125	0.00764261910517
3.70622568093	0.00723311024807
3.72081712062	0.00684097927334
3.73540856031	0.00646579079644
3.75	0.00610710130135
3.76459143969	0.00576446051553
3.77918287938	0.00543741275742
3.79377431907	0.00512549825094
3.80836575876	0.00482825440215
3.82295719844	0.0045452170333
3.83754863813	0.00427592157017
3.85214007782	0.0040199041792
3.86673151751	0.00377670285124
3.8813229572	0.00354585842907
3.89591439689	0.00332691557685
3.91050583658	0.00311942368947
3.92509727627	0.00292293774077
3.93968871595	0.00273701906972
3.95428015564	0.00256123610414
3.96887159533	0.00239516502206
3.98346303502	0.002238390351
3.99805447471	0.00209050550594
4.0126459144	0.00195111326702
4.02723735409	0.00181982619822
4.04182879378	0.0016962670088
4.05642023346	0.00158006885909
4.07101167315	0.00147087561284
4.08560311284	0.00136834203823
4.10019455253	0.00127213396
4.11478599222	0.00118192836501
4.12937743191	0.00109741346397
4.1439688716	0.00101828871188
4.15856031129	0.000944264789862
4.17315175097	0.000875063551143
4.18774319066	0.000810417933876
4.20233463035	0.000750071843473
4.21692607004	0.000693780007154
4.23151750973	0.000641307803312
4.24610894942	0.00059243106825
4.26070038911	0.000546935882784
4.27529182879	0.00050461834111
4.28988326848	0.000465284304241
4.30447470817	0.000428749140222
4.31906614786	0.000394837453242
4.33365758755	0.000363382803609
4.34824902724	0.000334227420495
4.36284046693	0.000307221909201
4.37743190662	0.00028222495458
4.3920233463	0.000259103022172
4.40661478599	0.000237730058435
4.42120622568	0.000217987191392
4.43579766537	0.000199762432864
4.45038910506	0.00018295038337
4.46498054475	0.000167451940665
4.47957198444	0.000153174012769
4.49416342413	0.000140029236273
4.50875486381	0.000127935700573
4.5233463035	0.000116816678632
4.53793774319	0.000106600364759
4.55252918288	9.72196198262e-05
4.56712062257	8.86117242748e-05
4.58171206226	8.0718139172e-05
4.59630350195	7.34842755424e-05
4.61089494164	6.68592721176e-05
4.62548638132	6.07957816038e-05
4.64007782101	5.5249765513e-05
4.6546692607	5.01802975605e-05
4.66926070039	4.55493755886e-05
4.68385214008	4.13217419428e-05
4.69844357977	3.74647121904e-05
4.71303501946	3.39480120465e-05
4.72762645915	3.07436223452e-05
4.74221789883	2.78256318736e-05
4.75680933852	2.51700978658e-05
4.77140077821	2.27549139419e-05
4.7859922179	2.05596852609e-05
4.80058365759	1.85656106494e-05
4.81517509728	1.67553714574e-05
4.82976653697	1.51130268899e-05
4.84435797665	1.36239155571e-05
4.85894941634	1.22745629842e-05
4.87354085603	1.10525948238e-05
4.88813229572	9.94665551182e-06
4.90272373541	8.94633211236e-06
4.9173151751	8.04208310034e-06
4.93190661479	7.22517183336e-06
4.94649805448	6.48760447183e-06
4.96108949416	5.82207211056e-06
4.97568093385	5.22189689259e-06
4.99027237354	4.68098188223e-06
5.00486381323	4.19376448254e-06
5.01945525292	3.75517318928e-06
5.03404669261	3.36058748204e-06
5.0486381323	3.00580066072e-06
5.06322957199	2.68698544418e-06
5.07782101167	2.4006621555e-06
5.09241245136	2.14366932707e-06
5.10700389105	1.91313656612e-06
5.12159533074	1.70645952989e-06
5.13618677043	1.52127686696e-06
5.15077821012	1.35544898925e-06
5.16536964981	1.20703854655e-06
5.1799610895	1.07429248253e-06
5.19455252918	9.55625558416e-07
5.20914396887	8.49605237222e-07
5.22373540856	7.54937827788e-07
5.23832684825	6.70455794315e-07
5.25291828794	5.95106142972e-07
5.26750972763	5.27939802878e-07
5.28210116732	4.68101924219e-07
5.29669260701	4.14823021442e-07
5.31128404669	3.67410894392e-07
5.32587548638	3.25243264886e-07
5.34046692607	2.8776107067e-07
5.35505836576	2.54462362831e-07
5.36964980545	2.24896756662e-07
5.38424124514	1.98660389678e-07
5.39883268483	1.75391343913e-07
5.41342412451	1.54765492927e-07
5.4280155642	1.36492736921e-07
5.44260700389	1.20313592272e-07
5.45719844358	1.05996104403e-07
5.47178988327	9.33330554019e-08
5.48638132296	8.21394400943e-08
5.50097276265	7.2250186437e-08
5.51556420234	6.35180980553e-08
5.53015564202	5.58119986289e-08
5.54474708171	4.90150595146e-08
5.5593385214	4.30232935865e-08
5.57392996109	3.7744199732e-08
5.58852140078	3.30955437949e-08
5.60311284047	2.90042629967e-08
5.61770428016	2.54054820152e-08
5.63229571985	2.22416299513e-08
5.64688715953	1.9461648389e-08
5.66147859922	1.70202816353e-08
5.67607003891	1.48774410478e-08
5.6906614786	1.29976361027e-08
5.70525291829	1.13494655403e-08
5.71984435798	9.9051625502e-09
5.73443579767	8.64018853047e-09
5.74902723736	7.53287047213e-09
5.76361867704	6.56407750306e-09
5.77821011673	5.71693255028e-09
5.79280155642	4.97655547804e-09
5.80739299611	4.32983441531e-09
5.8219844358	3.76522231224e-09
5.83657587549	3.27255605961e-09
5.85116731518	2.84289577337e-09
5.86575875487	2.46838208744e-09
5.88035019455	2.14210951958e-09
5.89494163424	1.85801417121e-09
5.90953307393	1.61077420256e-09
5.92412451362	1.39572168543e-09
5.93871595331	1.20876458287e-09
5.953307393	1.04631773555e-09
5.96789883269	9.05241853769e-10
5.98249027237	7.82789619636e-10
5.99708171206	6.76558101394e-10
6.01167315175	5.84446766066e-10
6.02626459144	5.04620455245e-10
6.04085603113	4.35476757269e-10
6.05544747082	3.75617271578e-10
6.07003891051	3.23822316527e-10
6.0846303502	2.79028681701e-10
6.09922178988	2.40310069959e-10
6.11381322957	2.06859914867e-10
6.12840466926	1.77976293931e-10
6.14299610895	1.53048690109e-10
6.15758754864	1.3154638213e-10
6.17217898833	1.13008269451e-10
6.18677042802	9.70339598052e-11
6.20136186771	8.32759674669e-11
6.21595330739	7.14328877283e-11
6.23054474708	6.12434291721e-11
6.24513618677	5.24811989282e-11
6.25972762646	4.49501486384e-11
6.27431906615	3.84805997497e-11
6.28891050584	3.29257765039e-11
6.30350194553	2.81587835504e-11
6.31809338522	2.40699727146e-11
6.3326848249	2.05646500961e-11
6.34727626459	1.75610807825e-11
6.36186770428	1.49887534786e-11
6.37645914397	1.27868721098e-11
6.39105058366	1.09030454424e-11
6.40564202335	9.29214941294e-12
6.42023346304	7.9153399632e-12
6.43482490272	6.73919696927e-12
6.44941634241	5.73498224755e-12
6.4640077821	4.87799686519e-12
6.47859922179	4.14702473372e-12
6.49319066148	3.52385120122e-12
6.50778210117	2.99284676127e-12
6.52237354086	2.54060728028e-12
6.53696498055	2.15564324265e-12
6.55155642023	1.8281114982e-12
6.56614785992	1.54958380442e-12
6.58073929961	1.31284726022e-12
6.5953307393	1.11173231353e-12
6.60992217899	9.40964624808e-13
6.62451361868	7.96037543346e-13
6.63910505837	6.7310239589e-13
6.65369649806	5.6887414653e-13
6.66828793774	4.80550325479e-13
6.68287937743	4.05741390961e-13
6.69747081712	3.42410955283e-13
6.71206225681	2.88824497896e-13
6.7266536965	2.43505390088e-13
6.74124513619	2.05197206228e-13
6.75583657588	1.72831443048e-13
6.77042801557	1.45499885133e-13
6.78501945525	1.22430962313e-13
6.79961089494	1.02969528771e-13
6.81420233463	8.65595856231e-14
6.82879377432	7.2729520396e-14
6.84338521401	6.10795065505e-14
6.8579766537	5.12707515756e-14
6.87256809339	4.30163288221e-14
6.88715953308	3.60733621503e-14
6.90175097276	3.02363699231e-14
6.91634241245	2.53315959151e-14
6.93093385214	2.12121871671e-14
6.94552529183	1.77540920314e-14
6.96011673152	1.48525739578e-14
6.97470817121	1.24192491362e-14
6.9892996109	1.03795717028e-14
7.00389105058	8.67069920066e-15
7.01848249027	7.2396826343e-15
7.03307392996	6.04193112909e-15
7.04766536965	5.03991212192e-15
7.06225680934	4.20205007216e-15
7.07684824903	3.50179457408e-15
7.09143968872	2.91683188994e-15
7.10603112841	2.4284185319e-15
7.12062256809	2.02081791675e-15
7.13521400778	1.68082489472e-15
7.14980544747	1.39736386832e-15
7.16439688716	1.16115021477e-15
7.17898832685	9.64404605963e-16
7.19357976654	8.00612259376e-16
7.20817120623	6.64320083834e-16
7.22276264592	5.50966039847e-16
7.2373540856	4.56735401749e-16
7.25194552529	3.78440018563e-16
7.26653696498	3.13416649371e-16
7.28112840467	2.59441727084e-16
7.29571984436	2.14659661594e-16
7.31031128405	1.77522760727e-16
7.32490272374	1.46740751075e-16
7.33949416343	1.21238525492e-16
7.35408560311	1.00120694257e-16
7.3686770428	8.26419557135e-17
7.38326848249	6.81821935476e-17
7.39785992218	5.62257376529e-17
7.41245136187	4.63439747224e-17
7.42704280156	3.81808457053e-17
7.44163424125	3.14406911033e-17
7.45622568094	2.58781466307e-17
7.47081712062	2.12896696781e-17
7.48540856031	1.7506524723e-17
7.5	1.43888282715e-17
7.51459143969	1.18206469598e-17
7.52918287938	9.70622964947e-18
7.54377431907	7.96626344098e-18
7.55836575876	6.53511470203e-18
7.57295719844	5.35854054482e-18
7.58754863813	4.39171802283e-18
7.60214007782	3.59763864503e-18
7.61673151751	2.94574882006e-18
7.6313229572	2.41084474415e-18
7.64591439689	1.97214154961e-18
7.66050583658	1.61251061165e-18
7.67509727627	1.31783977679e-18
7.68968871595	1.07651059192e-18
7.70428015564	8.78960434349e-19
7.71887159533	7.17326197095e-19
7.73346303502	5.85140652447e-19
7.74805447471	4.77089944598e-19
7.7626459144	3.88809351331e-19
7.77723735409	3.16715760065e-19
7.79182879378	2.57868839372e-19
7.80642023346	2.09857693146e-19
7.82101167315	1.70705184935e-19
7.83560311284	1.38792696715e-19
7.85019455253	1.12793637331e-19
7.86478599222	9.16223253213e-20
7.87937743191	7.43902837911e-20
7.8939688716	6.03712352387e-20
7.90856031129	4.89713324544e-20
7.92315175097	3.97056653337e-20
7.93774319066	3.21781449931e-20
7.95233463035	2.60657709226e-20
7.96692607004	2.11047368447e-20
7.98151750973	1.70801200942e-20
7.99610894942	1.38166293269e-20
8.01070038911	1.11716226153e-20
8.0252918288	9.02881149236e-21
8.03988326848	7.29365502971e-21
8.05447470817	5.88920938243e-21
8.06906614786	4.7531007816e-21
8.08365758755	3.83444610712e-21
8.09824902724	3.09197983987e-21
8.11284046693	2.49217778257e-21
8.12743190662	2.00785431625e-21
8.1420233463	1.61691205586e-21
8.15661478599	1.30150729518e-21
8.17120622568	1.04713907717e-21
8.18579766537	8.42143628686e-22
8.20038910506	6.77007701493e-22
8.21498054475	5.44035754425e-22
8.22957198444	4.37002482435e-22
8.24416342413	3.50893155755e-22
8.25875486381	2.81637960602e-22
8.2733463035	2.25965889289e-22
8.28793774319	1.81224311072e-22
8.30252918288	1.45293799922e-22
8.31712062257	1.16446316436e-22
8.33171206226	9.32980188663e-23
8.34630350195	7.47267421195e-23
8.36089494164	5.98350046753e-23
8.37548638132	4.78950480634e-23
8.39007782101	3.83254353542e-23
8.4046692607	3.06552845188e-23
8.41926070039	2.4517856603e-23
8.43385214008	1.96070751241e-23
8.44844357977	1.56789086506e-23
8.46303501946	1.2536321067e-23
8.47762645915	1.00241418666e-23
8.49221789883	8.01411120768e-24
8.50680933852	6.40754810272e-24
8.52140077821	5.12239863095e-24
8.5359922179	4.09655080406e-24
8.55058365759	3.27736001445e-24
8.56517509728	2.62320076581e-24
8.57976653697	2.09971213261e-24
8.59435797666	1.68154776646e-24
8.60894941634	1.34694067309e-24
8.62354085603	1.07910115018e-24
8.63813229572	8.64325587834e-25
8.65272373541	6.93442156463e-25
8.6673151751	5.56929760692e-25
8.68190661479	4.48046838822e-25
8.69649805448	3.60944886313e-25
8.71108949416	2.91274492077e-25
8.72568093385	2.35333018288e-25
8.74027237354	1.90463966685e-25
8.75486381323	1.54280088215e-25
8.76945525292	1.25454429936e-25
8.78404669261	1.02286138851e-25
8.7986381323	8.37118922825e-26
8.81322957199	6.86619783137e-26
8.82782101167	5.65254555592e-26
8.84241245136	4.6586667083e-26
8.85700389105	3.850111679e-26
8.87159533074	3.17762743778e-26
8.88618677043	2.6428462543e-26
8.90077821012	2.21086477608e-26
8.91536964981	1.86409023423e-26
8.9299610895	1.57937365153e-26
8.94455252918	1.34751748645e-26
8.95914396887	1.15233474417e-26
8.97373540856	9.90438282551e-27
8.98832684825	8.49294102619e-27
9.00291828794	7.36623683507e-27
9.01750972763	6.44287217943e-27
9.03210116732	5.68820389393e-27
9.04669260701	5.02035544407e-27
9.06128404669	4.46669007336e-27
9.07587548638	3.95557608635e-27
9.09046692607	3.50768662386e-27
9.10505836576	3.06775640825e-27
9.11964980545	2.73707679378e-27
9.13424124514	2.45955470088e-27
9.14883268483	2.24272319404e-27
9.16342412452	2.03413296382e-27
9.1780155642	1.86364845942e-27
9.19260700389	1.69284875737e-27
9.20719844358	1.53906425001e-27
9.22178988327	1.3772545579e-27
9.23638132296	1.25787644727e-27
9.25097276265	1.15719985465e-27
9.26556420234	1.08526857897e-27
9.28015564202	1.01309907938e-27
9.29474708171	9.56461235906e-28
9.3093385214	9.00589222749e-28
9.32392996109	8.45423402496e-28
9.33852140078	7.75507761932e-28
9.35311284047	7.3691326198e-28
9.36770428016	7.03879369654e-28
9.38229571985	6.85430070809e-28
9.39688715953	6.62489634348e-28
9.41147859922	6.43522131383e-28
9.42607003891	6.14603743775e-28
9.4406614786	5.8925853755e-28
9.45525291829	5.52987266444e-28
9.46984435798	5.32867527338e-28
9.48443579767	5.21890731399e-28
9.49902723736	5.1832140793e-28
9.51361867704	5.06123898395e-28
9.52821011673	5.02497638161e-28
9.54280155642	4.93741973693e-28
9.55739299611	4.85566415179e-28
9.5719844358	4.67903938998e-28
9.58657587549	4.57891899423e-28
9.60116731518	4.48773421668e-28
9.61575875487	4.50534336828e-28
9.63035019455	4.45736347143e-28
9.64494163424	4.41515656762e-28
9.65953307393	4.3256618966e-28
9.67412451362	4.23505281915e-28
9.68871595331	4.04138071653e-28
9.703307393	3.93299696925e-28
9.71789883269	3.85157355526e-28
9.73249027237	3.7756341143e-28
9.74708171206	3.6642149155e-28
9.76167315175	3.53132690627e-28
9.77626459144	3.31012061822e-28
9.79085603113	3.13329625886e-28
9.80544747082	2.92176817805e-28
9.82003891051	2.77954460064e-28
9.8346303502	2.6796311578e-28
9.84922178988	2.64061143836e-28
9.86381322957	2.57923436602e-28
9.87840466926	2.53651718043e-28
9.89299610895	2.48680742534e-28
9.90758754864	2.44884436801e-28
9.92217898833	2.4499232697e-28
9.93677042802	2.43976789116e-28
9.95136186771	2.3875562776e-28
9.96595330739	2.34629580111e-28
9.98054474708	2.30033008398e-28
9.99513618677	2.23876549533e-28
10.0097276265	2.19637643371e-28
10.0243190661	2.18461704041e-28
10.0389105058	2.21756713145e-28
10.0535019455	2.21626032143e-28
10.0680933852	2.20666930128e-28
10.0826848249	2.1815262054e-28
10.0972762646	2.17492410188e-28
10.1118677043	2.13452133863e-28
10.126459144	2.10763361216e-28
10.1410505837	2.13161669487e-28
10.1556420233	2.23251300185e-28
10.170233463	2.26797400084e-28
10.1848249027	2.30126219758e-28
10.1994163424	2.27106289915e-28
10.2140077821	2.2382863607e-28
10.2285992218	2.22685034396e-28
10.2431906615	2.26253102845e-28
10.2577821012	2.31939707639e-28
10.2723735409	2.45877064721e-28
10.2869649805	2.49228608074e-28
10.3015564202	2.50577246147e-28
10.3161478599	2.47996188975e-28
10.3307392996	2.42138004398e-28
10.3453307393	2.31020965985e-28
10.359922179	2.23148645944e-28
10.3745136187	2.17975961797e-28
10.3891050584	2.20196388346e-28
10.4036964981	2.16539350732e-28
10.4182879377	2.13132066636e-28
10.4328793774	2.0695457431e-28
10.4474708171	2.02503423483e-28
10.4620622568	1.94566108474e-28
10.4766536965	1.90162163272e-28
10.4912451362	1.91718507778e-28
10.5058365759	2.03190014665e-28
10.5204280156	2.02002264241e-28
10.5350194553	2.01308833806e-28
10.5496108949	1.96645508959e-28
10.5642023346	1.93218705977e-28
10.5787937743	1.87691568668e-28
10.593385214	1.8505911175e-28
10.6079766537	1.84913535834e-28
10.6225680934	1.9411460349e-28
10.6371595331	1.91561587547e-28
10.6517509728	1.87295958748e-28
10.6663424125	1.81052688203e-28
10.6809338521	1.75722152234e-28
10.6955252918	1.67874711677e-28
10.7101167315	1.63822198226e-28
10.7247081712	1.61332543962e-28
10.7392996109	1.63456441494e-28
10.7538910506	1.59931076437e-28
10.7684824903	1.58537942282e-28
10.78307393	1.57101141027e-28
10.7976653697	1.58193775703e-28
10.8122568093	1.56108685185e-28
10.826848249	1.54541672323e-28
10.8414396887	1.56654864429e-28
10.8560311284	1.64542439532e-28
10.8706225681	1.65381556014e-28
10.8852140078	1.65739689388e-28
10.8998054475	1.64947664979e-28
10.9143968872	1.68347717162e-28
10.9289883268	1.72028568722e-28
10.9435797665	1.77004835053e-28
10.9581712062	1.83903395215e-28
10.9727626459	1.99792784397e-28
10.9873540856	2.12291131596e-28
11.0019455253	2.25912002648e-28
11.016536965	2.46991422671e-28
11.0311284047	2.81212149276e-28
11.0457198444	3.29604085965e-28
11.060311284	3.93708998942e-28
11.0749027237	4.76515864331e-28
11.0894941634	5.89968504595e-28
11.1040856031	7.35941493242e-28
11.1186770428	9.34378909032e-28
11.1332684825	1.19668831263e-27
11.1478599222	1.54016709805e-27
11.1624513619	1.99430725388e-27
11.1770428016	2.61087829234e-27
11.1916342412	3.42712842837e-27
11.2062256809	4.53650853272e-27
11.2208171206	5.96291813915e-27
11.2354085603	7.99489258977e-27
11.25	9.87533119077e-27
11.2645914397	8.0748084999e-27
11.2791828794	6.1142982115e-27
11.2937743191	4.74669085963e-27
11.3083657588	3.67785640061e-27
11.3229571984	2.87055425856e-27
11.3375486381	2.27997432956e-27
11.3521400778	1.8454691641e-27
11.3667315175	1.52233636968e-27
11.3813229572	1.27371490932e-27
11.3959143969	1.10831163057e-27
11.4105058366	9.84901849135e-28
11.4250972763	9.00868640273e-28
11.439688716	8.31339237757e-28
11.4542801556	7.85280143236e-28
11.4688715953	7.56152472738e-28
11.483463035	7.40789581543e-28
11.4980544747	7.2050468893e-28
11.5126459144	7.1921219366e-28
11.5272373541	7.07000857621e-28
11.5418287938	6.9542487717e-28
11.5564202335	6.78758886499e-28
11.5710116732	6.75245593778e-28
11.5856031128	6.69481192769e-28
11.6001945525	6.70083328982e-28
11.6147859922	6.61851184559e-28
11.6293774319	6.60019808871e-28
11.6439688716	6.4702700404e-28
11.6585603113	6.2462173809e-28
11.673151751	5.83217829765e-28
11.6877431907	5.70256398046e-28
11.7023346304	5.5915190226e-28
11.71692607	5.56553490016e-28
11.7315175097	5.48413546622e-28
11.7461089494	5.56315685886e-28
11.7607003891	5.65135227896e-28
11.7752918288	5.78773719176e-28
11.7898832685	5.86229543406e-28
11.8044747082	6.05562794348e-28
11.8190661479	6.26902462765e-28
11.8336575876	6.52722802803e-28
11.8482490272	6.72392453447e-28
11.8628404669	7.09782677246e-28
11.8774319066	7.44107642284e-28
11.8920233463	7.7292090963e-28
11.906614786	7.97269453769e-28
11.9212062257	8.2317082469e-28
11.9357976654	8.36839831255e-28
11.9503891051	8.50025470594e-28
11.9649805447	8.47078824603e-28
11.9795719844	8.43230444522e-28
11.9941634241	8.31605793634e-28
12.0087548638	8.11278037966e-28
12.0233463035	7.75059394762e-28
12.0379377432	7.60404141368e-28
12.0525291829	7.45975135905e-28
12.0671206226	7.31977385878e-28
12.0817120623	7.17299126347e-28
12.0963035019	7.17403349652e-28
12.1108949416	7.18365847367e-28
12.1254863813	7.2680338708e-28
12.140077821	7.40244322449e-28
12.1546692607	7.565891881e-28
12.1692607004	7.66123585604e-28
12.1838521401	7.75129803519e-28
12.1984435798	7.73083575077e-28
12.2130350195	7.79039597154e-28
12.2276264591	7.85796072276e-28
12.2422178988	7.90144494502e-28
12.2568093385	8.02104621815e-28
12.2714007782	8.17417460332e-28
12.2859922179	8.30789558008e-28
12.3005836576	8.45269490619e-28
12.3151750973	8.51967650421e-28
12.329766537	8.59627236644e-28
12.3443579767	8.72909181621e-28
12.3589494163	8.80998468036e-28
12.373540856	8.93435649312e-28
12.3881322957	9.15109249637e-28
12.4027237354	9.32247635794e-28
12.4173151751	9.42153719123e-28
12.4319066148	9.48835948122e-28
12.4464980545	9.60539290799e-28
12.4610894942	9.81164865731e-28
12.4756809339	1.01173002329e-27
12.4902723735	1.05241615385e-27
12.5048638132	1.08528127897e-27
12.5194552529	1.11242608675e-27
12.5340466926	1.12716239161e-27
12.5486381323	1.12881152794e-27
12.563229572	1.13436432983e-27
12.5778210117	1.13412032917e-27
12.5924124514	1.12888694636e-27
12.6070038911	1.12772672081e-27
12.6215953307	1.12016313886e-27
12.6361867704	1.11147005103e-27
12.6507782101	1.09955016138e-27
12.6653696498	1.08956441359e-27
12.6799610895	1.09324194e-27
12.6945525292	1.10845523819e-27
12.7091439689	1.13006721245e-27
12.7237354086	1.17311052911e-27
12.7383268483	1.20515805625e-27
12.7529182879	1.22125628332e-27
12.7675097276	1.22487610748e-27
12.7821011673	1.22892776022e-27
12.796692607	1.22958224641e-27
12.8112840467	1.24322680668e-27
12.8258754864	1.26698786094e-27
12.8404669261	1.30284475002e-27
12.8550583658	1.31950560002e-27
12.8696498054	1.3303527283e-27
12.8842412451	1.32371013801e-27
12.8988326848	1.31526574056e-27
12.9134241245	1.31576437606e-27
12.9280155642	1.3270532134e-27
12.9426070039	1.33330751831e-27
12.9571984436	1.34966590861e-27
12.9717898833	1.35060187924e-27
12.986381323	1.34986114178e-27
13.0009727626	1.33535152768e-27
13.0155642023	1.3159520165e-27
13.030155642	1.30168934416e-27
13.0447470817	1.29937026134e-27
13.0593385214	1.3032409264e-27
13.0739299611	1.33017205759e-27
13.0885214008	1.33632572247e-27
13.1031128405	1.33072779111e-27
13.1177042802	1.31294736873e-27
13.1322957198	1.29485152162e-27
13.1468871595	1.27936976186e-27
13.1614785992	1.27973945017e-27
13.1760700389	1.29198707726e-27
13.1906614786	1.32326535498e-27
13.2052529183	1.32135282164e-27
13.219844358	1.32266206382e-27
13.2344357977	1.30431207509e-27
13.2490272374	1.277774149e-27
13.263618677	1.26232084522e-27
13.2782101167	1.25676197525e-27
13.2928015564	1.24536523027e-27
13.3073929961	1.26269629604e-27
13.3219844358	1.26604068862e-27
13.3365758755	1.26194021231e-27
13.3511673152	1.23553798883e-27
13.3657587549	1.21495752199e-27
13.3803501946	1.19640644832e-27
13.3949416342	1.18663237309e-27
13.4095330739	1.19350707082e-27
13.4241245136	1.22708436392e-27
13.4387159533	1.23345102295e-27
13.453307393	1.24072858275e-27
13.4678988327	1.23441033697e-27
13.4824902724	1.2290339595e-27
13.4970817121	1.20892880222e-27
13.5116731518	1.20425121988e-27
13.5262645914	1.20724502187e-27
13.5408560311	1.23462414346e-27
13.5554474708	1.2411594776e-27
13.5700389105	1.24935061887e-27
13.5846303502	1.2383607901e-27
13.5992217899	1.22555167168e-27
13.6138132296	1.21453910801e-27
13.6284046693	1.22113322336e-27
13.642996109	1.22562196453e-27
13.6575875486	1.26768119839e-27
13.6721789883	1.28287820016e-27
13.686770428	1.2875615261e-27
13.7013618677	1.28416309837e-27
13.7159533074	1.29001284167e-27
13.7305447471	1.28667098798e-27
13.7451361868	1.28719824012e-27
13.7597276265	1.29777323181e-27
13.7743190661	1.33444529979e-27
13.7889105058	1.33359579439e-27
13.8035019455	1.33763855903e-27
13.8180933852	1.31857014095e-27
13.8326848249	1.30262324656e-27
13.8472762646	1.28921977747e-27
13.8618677043	1.2940711426e-27
13.876459144	1.29520224252e-27
13.8910505837	1.31860379556e-27
13.9056420233	1.31640652019e-27
13.920233463	1.31577122207e-27
13.9348249027	1.29487090519e-27
13.9494163424	1.28738484052e-27
13.9640077821	1.27889138964e-27
13.9785992218	1.28126806285e-27
13.9931906615	1.28233065909e-27
14.0077821012	1.31866917446e-27
14.0223735409	1.3216590791e-27
14.0369649805	1.31215691482e-27
14.0515564202	1.29254225594e-27
14.0661478599	1.28260199092e-27
14.0807392996	1.25853950024e-27
14.0953307393	1.25776434725e-27
14.109922179	1.26594363712e-27
14.1245136187	1.30261978688e-27
14.1391050584	1.29837030622e-27
14.1536964981	1.29626189148e-27
14.1682879377	1.27268404302e-27
14.1828793774	1.25284662515e-27
14.1974708171	1.2309980729e-27
14.2120622568	1.22317441228e-27
14.2266536965	1.21642069132e-27
14.2412451362	1.25343743189e-27
14.2558365759	1.26213043833e-27
14.2704280156	1.26223462274e-27
14.2850194553	1.23768129347e-27
14.2996108949	1.22693956647e-27
14.3142023346	1.20781667258e-27
14.3287937743	1.19892811254e-27
14.343385214	1.20019134708e-27
14.3579766537	1.2418672568e-27
14.3725680934	1.24296295791e-27
14.3871595331	1.22931550322e-27
14.4017509728	1.2024836749e-27
14.4163424125	1.18602604057e-27
14.4309338521	1.15466845695e-27
14.4455252918	1.14419256256e-27
14.4601167315	1.14086762655e-27
14.4747081712	1.16504922325e-27
14.4892996109	1.1623851951e-27
14.5038910506	1.16457390192e-27
14.5184824903	1.14893570166e-27
14.53307393	1.13787074435e-27
14.5476653697	1.12225355143e-27
14.5622568093	1.1148930616e-27
14.576848249	1.10677928884e-27
14.5914396887	1.13964627003e-27
14.6060311284	1.14250421984e-27
14.6206225681	1.14130301726e-27
14.6352140078	1.11139502267e-27
14.6498054475	1.09131911588e-27
14.6643968872	1.0639686179e-27
14.6789883268	1.04314376455e-27
14.6935797665	1.02662976461e-27
14.7081712062	1.04014991361e-27
14.7227626459	1.02373112478e-27
14.7373540856	1.01206273368e-27
14.7519455253	9.83158634638e-28
14.766536965	9.65619858906e-28
14.7811284047	9.25804717413e-28
14.7957198444	9.01803135097e-28
14.810311284	8.75240957343e-28
14.8249027237	8.61754173764e-28
14.8394941634	8.21821818307e-28
14.8540856031	7.80776886738e-28
14.8686770428	7.24090093286e-28
14.8832684825	6.86694470514e-28
14.8978599222	6.5581681158e-28
14.9124513619	6.47060292605e-28
14.9270428016	6.65768101441e-28
14.9416342412	7.78007680944e-28
14.9562256809	9.76280184973e-28
14.9708171206	1.31754492368e-27
14.9854085603	1.99116290416e-27
15.0	2.71767023427e-27
