-14.9854085603	2.01195408754e-27
-14.9708171206	1.18175266974e-27
-14.9562256809	7.09307304604e-28
-14.9416342412	4.07144841164e-28
-14.9270428016	2.40152306697e-28
-14.9124513619	1.46076815664e-28
-14.8978599222	1.00213388078e-28
-14.8832684825	7.78091505725e-29
-14.8686770428	7.75208838537e-29
-14.8540856031	8.29015986039e-29
-14.8394941634	9.38224288927e-29
-14.8249027237	9.64317875968e-29
-14.810311284	1.0964703097e-28
-14.7957198444	1.19313049434e-28
-14.7811284047	1.34227936024e-28
-14.766536965	1.46232353193e-28
-14.7519455253	1.5799519256e-28
-14.7373540856	1.64630915715e-28
-14.7227626459	1.66619094866e-28
-14.7081712062	1.5534904924e-28
-14.6935797665	1.57494841911e-28
-14.6789883268	1.60365392353e-28
-14.6643968872	1.68206333846e-28
-14.6498054475	1.73140674387e-28
-14.6352140078	1.83366038422e-28
-14.6206225681	1.84411158398e-28
-14.6060311284	1.83733061832e-28
-14.5914396887	1.71125837535e-28
-14.576848249	1.70784678519e-28
-14.5622568093	1.70463176314e-28
-14.5476653696	1.78585663198e-28
-14.53307393	1.82346977026e-28
-14.5184824903	1.88681190216e-28
-14.5038910506	1.9024023406e-28
-14.4892996109	1.91450159998e-28
-14.4747081712	1.78397473927e-28
-14.4601167315	1.78670256315e-28
-14.4455252918	1.78384227068e-28
-14.4309338521	1.85582649747e-28
-14.4163424125	1.88634358553e-28
-14.4017509728	1.9428722552e-28
-14.3871595331	1.93236098604e-28
-14.3725680934	1.91506681215e-28
-14.3579766537	1.74268290954e-28
-14.343385214	1.70651727501e-28
-14.3287937743	1.67286339401e-28
-14.3142023346	1.72346393044e-28
-14.2996108949	1.74787333868e-28
-14.2850194553	1.81566283659e-28
-14.2704280156	1.81667046962e-28
-14.2558365759	1.80658652167e-28
-14.2412451362	1.64534321981e-28
-14.2266536965	1.62716225417e-28
-14.2120622568	1.60221317377e-28
-14.1974708171	1.65847409155e-28
-14.1828793774	1.67536195032e-28
-14.1682879377	1.72919684477e-28
-14.1536964981	1.72437285663e-28
-14.1391050584	1.70985754805e-28
-14.1245136187	1.54881263746e-28
-14.109922179	1.52741695989e-28
-14.0953307393	1.50593833045e-28
-14.0807392996	1.55741246326e-28
-14.0661478599	1.57769177989e-28
-14.0515564202	1.63062430559e-28
-14.0369649805	1.61977222535e-28
-14.0223735409	1.60386128492e-28
-14.0077821012	1.43072639507e-28
-13.9931906615	1.40112941144e-28
-13.9785992218	1.37088293904e-28
-13.9640077821	1.41380738758e-28
-13.9494163424	1.41590677961e-28
-13.9348249027	1.460271508e-28
-13.920233463	1.45001880851e-28
-13.9056420233	1.4302224761e-28
-13.8910505837	1.29219151939e-28
-13.876459144	1.27765572918e-28
-13.8618677043	1.28331718641e-28
-13.8472762646	1.34756744052e-28
-13.8326848249	1.37542297635e-28
-13.8180933852	1.4459956506e-28
-13.8035019455	1.47099743304e-28
-13.7889105058	1.48879215151e-28
-13.7743190661	1.40265309139e-28
-13.7597276265	1.42173363746e-28
-13.7451361868	1.43744543223e-28
-13.7305447471	1.49031122755e-28
-13.7159533074	1.50161587185e-28
-13.7013618677	1.54365500883e-28
-13.686770428	1.54308499424e-28
-13.6721789883	1.5087961326e-28
-13.6575875486	1.36384899701e-28
-13.6429961089	1.3103550033e-28
-13.6284046693	1.27388441237e-28
-13.6138132296	1.25648585965e-28
-13.5992217899	1.22851305122e-28
-13.5846303502	1.24274630849e-28
-13.5700389105	1.19676928215e-28
-13.5554474708	1.14122261102e-28
-13.5408560311	9.92586079411e-29
-13.5262645914	9.5785974114e-29
-13.5116731518	9.37150786233e-29
-13.4970817121	9.58849405915e-29
-13.4824902724	9.51354281897e-29
-13.4678988327	9.7223627472e-29
-13.453307393	9.49851656773e-29
-13.4387159533	9.41280074417e-29
-13.4241245136	8.78843821772e-29
-13.4095330739	8.86865190251e-29
-13.3949416342	8.99950513586e-29
-13.3803501946	9.35056741169e-29
-13.3657587549	9.47547174057e-29
-13.3511673152	9.97342753378e-29
-13.3365758755	1.0365919905e-28
-13.3219844358	1.05792583019e-28
-13.3073929961	1.0241370299e-28
-13.2928015564	1.04715892646e-28
-13.2782101167	1.08738916321e-28
-13.263618677	1.12949188618e-28
-13.2490272374	1.16538007403e-28
-13.2344357977	1.2257225972e-28
-13.219844358	1.25916293515e-28
-13.2052529183	1.3116043039e-28
-13.1906614786	1.35285449929e-28
-13.1760700389	1.43499876309e-28
-13.1614785992	1.52252340853e-28
-13.1468871595	1.57888236668e-28
-13.1322957198	1.59990564013e-28
-13.1177042802	1.65937033352e-28
-13.1031128405	1.69015740837e-28
-13.0885214008	1.69369921362e-28
-13.0739299611	1.66895230952e-28
-13.0593385214	1.7133649636e-28
-13.0447470817	1.75233993232e-28
-13.030155642	1.77744608261e-28
-13.0155642023	1.80078617998e-28
-13.0009727626	1.8561575865e-28
-12.986381323	1.8834121625e-28
-12.9717898833	1.9421905036e-28
-12.9571984436	1.9956086114e-28
-12.9426070039	2.03679225515e-28
-12.9280155642	2.11228462229e-28
-12.9134241245	2.15435311917e-28
-12.8988326848	2.1842848937e-28
-12.8842412451	2.22558064562e-28
-12.8696498054	2.31549806005e-28
-12.8550583658	2.42809516951e-28
-12.8404669261	2.58536638299e-28
-12.8258754864	2.71076210829e-28
-12.8112840467	2.81200208056e-28
-12.796692607	2.87970888995e-28
-12.7821011673	2.93241591252e-28
-12.7675097276	2.95352411309e-28
-12.7529182879	2.97373179329e-28
-12.7383268482	2.98052960414e-28
-12.7237354086	2.98004879065e-28
-12.7091439689	2.95827243355e-28
-12.6945525292	2.9849149735e-28
-12.6799610895	2.94516303581e-28
-12.6653696498	2.92022388938e-28
-12.6507782101	2.93424185577e-28
-12.6361867704	2.95496150228e-28
-12.6215953307	3.0050961812e-28
-12.6070038911	3.10845759668e-28
-12.5924124514	3.16397548587e-28
-12.5778210117	3.21039024936e-28
-12.563229572	3.16240822424e-28
-12.5486381323	3.11985332905e-28
-12.5340466926	3.14426866932e-28
-12.5194552529	3.21718495076e-28
-12.5048638132	3.32787250008e-28
-12.4902723735	3.60053581403e-28
-12.4756809339	3.78609621897e-28
-12.4610894942	3.93602596737e-28
-12.4464980545	3.9447667958e-28
-12.4319066148	3.90330358071e-28
-12.4173151751	3.87775632788e-28
-12.4027237354	3.87609900323e-28
-12.3881322957	3.87000332388e-28
-12.373540856	3.96983807428e-28
-12.3589494163	4.00777832414e-28
-12.3443579767	4.03713850222e-28
-12.329766537	3.95140069861e-28
-12.3151750973	3.90754337902e-28
-12.3005836576	3.86681965793e-28
-12.2859922179	3.88136273717e-28
-12.2714007782	3.95932380247e-28
-12.2568093385	4.20394165716e-28
-12.2422178988	4.32994979047e-28
-12.2276264591	4.46387386842e-28
-12.2130350195	4.43624276328e-28
-12.1984435798	4.44631697246e-28
-12.1838521401	4.44713714204e-28
-12.1692607004	4.47217280074e-28
-12.1546692607	4.52963748099e-28
-12.140077821	4.7823533419e-28
-12.1254863813	4.85612509526e-28
-12.1108949416	4.89442531589e-28
-12.0963035019	4.78885424665e-28
-12.0817120623	4.71084699675e-28
-12.0671206226	4.70254207371e-28
-12.0525291829	4.76660594008e-28
-12.0379377432	4.84481846422e-28
-12.0233463035	5.13302307162e-28
-12.0087548638	5.25024080419e-28
-11.9941634241	5.39137094852e-28
-11.9795719844	5.39469990739e-28
-11.9649805447	5.42744735148e-28
-11.9503891051	5.46674832648e-28
-11.9357976654	5.60155095405e-28
-11.9212062257	5.84293111305e-28
-11.906614786	6.3789063069e-28
-11.8920233463	6.62226139377e-28
-11.8774319066	6.76209601331e-28
-11.8628404669	6.61682820633e-28
-11.8482490272	6.4760776525e-28
-11.8336575875	6.3733046832e-28
-11.8190661479	6.32142850552e-28
-11.8044747082	6.29767752278e-28
-11.7898832685	6.5262397102e-28
-11.7752918288	6.51092479457e-28
-11.7607003891	6.45312970043e-28
-11.7461089494	6.27237308421e-28
-11.7315175097	6.14468241146e-28
-11.71692607	6.06276518713e-28
-11.7023346304	6.08841166794e-28
-11.6877431907	6.08777276106e-28
-11.673151751	6.33187028202e-28
-11.6585603113	6.40087417028e-28
-11.6439688716	6.40326239179e-28
-11.6293774319	6.25635783702e-28
-11.6147859922	6.13437226295e-28
-11.6001945525	6.0466745674e-28
-11.5856031128	6.12594193743e-28
-11.5710116732	6.27423571676e-28
-11.5564202335	6.68409593854e-28
-11.5418287938	6.75881337634e-28
-11.5272373541	6.83829018168e-28
-11.5126459144	6.73644167317e-28
-11.4980544747	6.60382910009e-28
-11.483463035	6.57049408277e-28
-11.4688715953	6.63999966396e-28
-11.4542801556	6.78163101908e-28
-11.439688716	7.21179567614e-28
-11.4250972763	7.42694784303e-28
-11.4105058366	7.75801453082e-28
-11.3959143969	8.16460009599e-28
-11.3813229572	8.96936330454e-28
-11.3667315175	1.02745914397e-27
-11.3521400778	1.23197623372e-27
-11.3375486381	1.52170811746e-27
-11.3229571984	1.93688005278e-27
-11.3083657588	2.50910001126e-27
-11.2937743191	3.33029130899e-27
-11.2791828794	4.43376492121e-27
-11.2645914397	6.11185114835e-27
-11.25	7.68537876778e-27
-11.2354085603	6.00451937699e-27
-11.2208171206	4.24891098822e-27
-11.2062256809	3.08194388316e-27
-11.1916342412	2.20143142721e-27
-11.1770428016	1.57630952194e-27
-11.1624513619	1.11612442206e-27
-11.1478599222	7.92642708578e-28
-11.1332684825	5.5925083193e-28
-11.1186770428	3.95158363698e-28
-11.1040856031	2.84080210522e-28
-11.0894941634	2.02662125168e-28
-11.0749027237	1.59156406735e-28
-11.060311284	1.3577379756e-28
-11.0457198444	1.29414818533e-28
-11.0311284047	1.33144584222e-28
-11.016536965	1.43952421258e-28
-11.0019455253	1.52471494646e-28
-10.9873540856	1.64733375192e-28
-10.9727626459	1.61757885753e-28
-10.9581712062	1.71945116626e-28
-10.9435797665	1.85923054362e-28
-10.9289883268	2.09304817266e-28
-10.9143968872	2.29127707998e-28
-10.8998054475	2.48688164911e-28
-10.8852140078	2.61604912787e-28
-10.8706225681	2.65645395277e-28
-10.8560311284	2.49706120169e-28
-10.8414396887	2.53878161746e-28
-10.826848249	2.58160911152e-28
-10.8122568093	2.74104531634e-28
-10.7976653696	2.9013848566e-28
-10.78307393	3.02497065116e-28
-10.7684824903	3.06882886373e-28
-10.7538910506	3.09235332816e-28
-10.7392996109	2.91667926898e-28
-10.7247081712	2.93872245905e-28
-10.7101167315	2.98917653971e-28
-10.6955252918	3.15365193628e-28
-10.6809338521	3.29626537894e-28
-10.6663424125	3.43021937982e-28
-10.6517509728	3.44862961228e-28
-10.6371595331	3.42133966069e-28
-10.6225680934	3.19478926997e-28
-10.6079766537	3.16660616114e-28
-10.593385214	3.16852831972e-28
-10.5787937743	3.29762683699e-28
-10.5642023346	3.41795921429e-28
-10.5496108949	3.56417199346e-28
-10.5350194553	3.61385047963e-28
-10.5204280156	3.62341382973e-28
-10.5058365759	3.44403071552e-28
-10.4912451362	3.46676911943e-28
-10.4766536965	3.49291686057e-28
-10.4620622568	3.62446337929e-28
-10.4474708171	3.7300186802e-28
-10.4328793774	3.81499428917e-28
-10.4182879377	3.77698226467e-28
-10.4036964981	3.70701623113e-28
-10.3891050584	3.40619807545e-28
-10.3745136187	3.3286275097e-28
-10.359922179	3.28863882021e-28
-10.3453307393	3.35469564407e-28
-10.3307392996	3.41727891892e-28
-10.3161478599	3.47947480023e-28
-10.3015564202	3.43249162156e-28
-10.2869649805	3.36983261061e-28
-10.2723735409	3.10752240697e-28
-10.2577821012	3.01500915781e-28
-10.2431906615	2.95569400166e-28
-10.2285992218	2.99571554578e-28
-10.2140077821	3.02142116662e-28
-10.1994163424	3.05057872033e-28
-10.1848249027	3.01476775344e-28
-10.170233463	2.93846234312e-28
-10.1556420233	2.70247559964e-28
-10.1410505837	2.64551807528e-28
-10.126459144	2.59119485307e-28
-10.1118677043	2.65187983561e-28
-10.0972762646	2.69815846621e-28
-10.0826848249	2.71690528689e-28
-10.0680933852	2.66771545071e-28
-10.0535019455	2.59625005275e-28
-10.0389105058	2.33360572309e-28
-10.0243190661	2.23890849178e-28
-10.0097276265	2.16371790627e-28
-9.99513618677	2.15725023352e-28
-9.98054474708	2.16318437876e-28
-9.96595330739	2.16211141808e-28
-9.9513618677	2.08682996533e-28
-9.93677042802	2.00793637701e-28
-9.92217898833	1.82865455378e-28
-9.90758754864	1.76418879191e-28
-9.89299610895	1.72206676698e-28
-9.87840466926	1.73028057118e-28
-9.86381322957	1.73958731321e-28
-9.84922178988	1.76299595687e-28
-9.83463035019	1.77505263666e-28
-9.82003891051	1.80629450463e-28
-9.80544747082	1.79914149072e-28
-9.79085603113	1.89966751776e-28
-9.77626459144	2.05478495975e-28
-9.76167315175	2.28765806519e-28
-9.74708171206	2.57279147575e-28
-9.73249027237	2.89793147623e-28
-9.71789883268	3.33067857921e-28
-9.703307393	3.90181021383e-28
-9.68871595331	4.69968365589e-28
-9.67412451362	5.72268646525e-28
-9.65953307393	6.9540869824e-28
-9.64494163424	8.42783898295e-28
-9.63035019455	1.03141016392e-27
-9.61575875486	1.2655208507e-27
-9.60116731517	1.5760413189e-27
-9.58657587549	1.97957350951e-27
-9.5719844358	2.51528370037e-27
-9.55739299611	3.15183100269e-27
-9.54280155642	3.94180835374e-27
-9.52821011673	4.91695724428e-27
-9.51361867704	6.16428019852e-27
-9.49902723735	7.74459574422e-27
-9.48443579767	9.76556286619e-27
-9.46984435798	1.23323008446e-26
-9.45525291829	1.56832136659e-26
-9.4406614786	1.98265917995e-26
-9.42607003891	2.5057279295e-26
-9.41147859922	3.16919955465e-26
-9.39688715953	4.01276831184e-26
-9.38229571984	5.08160954508e-26
-9.36770428016	6.44958505547e-26
-9.35311284047	8.19391268962e-26
-9.33852140078	1.04306444749e-25
-9.32392996109	1.32435986824e-25
-9.3093385214	1.67999240437e-25
-9.29474708171	2.12925401881e-25
-9.28015564202	2.70068464169e-25
-9.26556420233	3.42407141859e-25
-9.25097276265	4.34367519236e-25
-9.23638132296	5.51077774666e-25
-9.22178988327	6.99336183179e-25
-9.20719844358	8.86468999145e-25
-9.19260700389	1.12315930311e-24
-9.1780155642	1.42218351124e-24
-9.16342412451	1.80084458484e-24
-9.14883268482	2.27959571809e-24
-9.13424124514	2.88568869722e-24
-9.11964980545	3.65190346599e-24
-9.10505836576	4.62139163715e-24
-9.09046692607	5.84390264563e-24
-9.07587548638	7.38605323815e-24
-9.06128404669	9.33018660758e-24
-9.046692607	1.17830949379e-23
-9.03210116731	1.48741166237e-23
-9.01750972763	1.87709133242e-23
-9.00291828794	2.36785465733e-23
-8.98832684825	2.98596951596e-23
-8.97373540856	3.76305591829e-23
-8.95914396887	4.74020986885e-23
-8.94455252918	5.96806006938e-23
-8.92996108949	7.51086014509e-23
-8.91536964981	9.44825277023e-23
-8.90077821012	1.18809002132e-22
-8.88618677043	1.49332179375e-22
-8.87159533074	1.87618690787e-22
-8.85700389105	2.35597339155e-22
-8.84241245136	2.95710960346e-22
-8.82782101167	3.7098383058e-22
-8.81322957198	4.65208016596e-22
-8.7986381323	5.83089565101e-22
-8.78404669261	7.30525262971e-22
-8.76945525292	9.14810849759e-22
-8.75486381323	1.14506878159e-21
-8.74027237354	1.43256350675e-21
-8.72568093385	1.79140546738e-21
-8.71108949416	2.23905478158e-21
-8.69649805447	2.79726103393e-21
-8.68190661479	3.49295813099e-21
-8.6673151751	4.35965476687e-21
-8.65272373541	5.43882141442e-21
-8.63813229572	6.78190341647e-21
-8.62354085603	8.45251469408e-21
-8.60894941634	1.05296303653e-20
-8.59435797665	1.31108280529e-20
-8.57976653696	1.63169711909e-20
-8.56517509728	2.02973862954e-20
-8.55058365759	2.52367281363e-20
-8.5359922179	3.13628633408e-20
-8.52140077821	3.89573910548e-20
-8.50680933852	4.83671808004e-20
-8.49221789883	6.00205988649e-20
-8.47762645914	7.44454376152e-20
-8.46303501945	9.22921466619e-20
-8.44844357977	1.14361431561e-19
-8.43385214008	1.41639284715e-19
-8.41926070039	1.75337888088e-19
-8.4046692607	2.16948265286e-19
-8.39007782101	2.68301871324e-19
-8.37548638132	3.31649197122e-19
-8.36089494163	4.09752317806e-19
-8.34630350195	5.060012799e-19
-8.33171206226	6.24552351635e-19
-8.31712062257	7.70501703472e-19
-8.30252918288	9.50090918216e-19
-8.28793774319	1.17096410368e-18
-8.2733463035	1.4424738839e-18
-8.25875486381	1.77606430051e-18
-8.24416342412	2.18572443292e-18
-8.22957198444	2.68855095488e-18
-8.21498054475	3.30542282148e-18
-8.20038910506	4.0618294386e-18
-8.18579766537	4.98886721224e-18
-8.17120622568	6.12445997307e-18
-8.15661478599	7.51482420076e-18
-8.1420233463	9.21626684361e-18
-8.12743190661	1.12973409425e-17
-8.11284046693	1.38414751199e-17
-8.09824902724	1.69501399953e-17
-8.08365758755	2.0746697202e-17
-8.06906614786	2.53810235406e-17
-8.05447470817	3.10351384326e-17
-8.03988326848	3.79299557792e-17
-8.02529182879	4.63334897947e-17
-8.0107003891	5.65707002667e-17
-7.99610894942	6.90354063695e-17
-7.98151750973	8.42046041445e-17
-7.96692607004	1.02655758149e-16
-7.95233463035	1.25087557742e-16
-7.93774319066	1.5234496273e-16
-7.92315175097	1.85449242018e-16
-7.90856031128	2.25634188777e-16
-7.89396887159	2.74389481508e-16
-7.87937743191	3.3351287699e-16
-7.86478599222	4.05172710471e-16
-7.85019455253	4.91982971295e-16
-7.83560311284	5.97093150045e-16
-7.82101167315	7.24296011415e-16
-7.80642023346	8.78156460176e-16
-7.79182879377	1.06416598339e-15
-7.77723735409	1.28892708798e-15
-7.7626459144	1.56037392447e-15
-7.74805447471	1.88803571896e-15
-7.73346303502	2.28335151002e-15
-7.71887159533	2.76004530828e-15
-7.70428015564	3.33457402322e-15
-7.68968871595	4.02666078179e-15
-7.67509727626	4.85993094465e-15
-7.66050583658	5.86266876275e-15
-7.64591439689	7.06871808688e-15
-7.6313229572	8.51855318991e-15
-7.61673151751	1.02605519652e-14
-7.60214007782	1.23525079082e-14
-7.58754863813	1.48634257264e-14
-7.57295719844	1.78756512935e-14
-7.55836575875	2.14873985148e-14
-7.54377431907	2.5815743253e-14
-7.52918287938	3.10001703037e-14
-7.51459143969	3.72067728351e-14
-7.5	4.4633218379e-14
-7.48540856031	5.35146195983e-14
-7.47081712062	6.4130497961e-14
-7.45622568093	7.68129665148e-14
-7.44163424124	9.19564143176e-14
-7.42704280156	1.10028931005e-13
-7.41245136187	1.31585774749e-13
-7.39785992218	1.57285243835e-13
-7.38326848249	1.87907370201e-13
-7.3686770428	2.2437592129e-13
-7.35408560311	2.67784285409e-13
-7.33949416342	3.19425901247e-13
-7.32490272373	3.80830018868e-13
-7.31031128405	4.53803688833e-13
-7.29571984436	5.4048104696e-13
-7.28112840467	6.43381117497e-13
-7.26653696498	7.65475579924e-13
-7.25194552529	9.1026815569e-13
-7.2373540856	1.08188756539e-12
-7.22276264591	1.28519629831e-12
-7.20817120623	1.52591782827e-12
-7.19357976654	1.81078528807e-12
-7.17898832685	2.14771514642e-12
-7.16439688716	2.54600994605e-12
-7.14980544747	3.0165948468e-12
-7.13521400778	3.57229342063e-12
-7.12062256809	4.22814904754e-12
-7.1060311284	5.0017991875e-12
-7.09143968872	5.91391101346e-12
-7.07684824903	6.9886881056e-12
-7.06225680934	8.25445948252e-12
-7.04766536965	9.74436389556e-12
-7.03307392996	1.14971443513e-11
-7.01848249027	1.35580699954e-11
-7.00389105058	1.59800051824e-11
-6.98929961089	1.88246483931e-11
-6.97470817121	2.21639671941e-11
-6.96011673152	2.60818591194e-11
-6.94552529183	3.06760729442e-11
-6.93093385214	3.60604297211e-11
-6.91634241245	4.2367388819e-11
-6.90175097276	4.97510106082e-11
-6.88715953307	5.8390375064e-11
-6.87256809338	6.84935238261e-11
-6.8579766537	8.03020031975e-11
-6.84338521401	9.40960961344e-11
-6.82879377432	1.10200844091e-10
-6.81420233463	1.289929734e-10
-6.79961089494	1.50908857116e-10
-6.78501945525	1.76453661053e-10
-6.77042801556	2.06211843635e-10
-6.75583657588	2.40859201865e-10
-6.74124513619	2.81176682538e-10
-6.7266536965	3.28066206638e-10
-6.71206225681	3.82568788949e-10
-6.69747081712	4.45885271864e-10
-6.68287937743	5.19400035361e-10
-6.66828793774	6.04708092101e-10
-6.65369649805	7.03646030828e-10
-6.63910505837	8.18327330805e-10
-6.62451361868	9.51182638522e-10
-6.60992217899	1.1050056724e-09
-6.5953307393	1.28300550769e-09
-6.58073929961	1.48886608733e-09
-6.56614785992	1.72681391255e-09
-6.55155642023	2.00169498438e-09
-6.53696498054	2.31906220137e-09
-6.52237354086	2.68527456594e-09
-6.50778210117	3.10760971831e-09
-6.49319066148	3.59439149924e-09
-6.47859922179	4.15513444936e-09
-6.4640077821	4.80070737898e-09
-6.44941634241	5.54351839661e-09
-6.43482490272	6.39772406298e-09
-6.42023346303	7.37946565093e-09
-6.40564202335	8.50713583264e-09
-6.39105058366	9.80167950078e-09
-6.37645914397	1.12869328467e-08
-6.36186770428	1.29900052882e-08
-6.34727626459	1.49417093478e-08
-6.3326848249	1.71770441535e-08
-6.31809338521	1.97357388487e-08
-6.30350194552	2.26628628894e-08
-6.28891050584	2.60095109509e-08
-6.27431906615	2.98335709994e-08
-6.25972762646	3.42005849757e-08
-6.24513618677	3.91847125395e-08
-6.23054474708	4.48698093918e-08
-6.21595330739	5.13506328869e-08
-6.2013618677	5.87341889196e-08
-6.18677042802	6.71412354901e-08
-6.17217898833	7.67079598618e-08
-6.15758754864	8.75878479061e-08
-6.14299610895	9.99537660045e-08
-6.12840466926	1.14000277854e-07
-6.11381322957	1.29946220621e-07
-6.09922178988	1.48037567172e-07
-6.08463035019	1.68550603589e-07
-6.07003891051	1.9179545382e-07
-6.05544747082	2.18119986169e-07
-6.04085603113	2.4791413943e-07
-6.02626459144	2.81614709736e-07
-6.01167315175	3.19710642727e-07
-5.99708171206	3.62748879443e-07
-5.98249027237	4.11340808327e-07
-5.96789883268	4.66169380065e-07
-5.953307393	5.27996946505e-07
-5.93871595331	5.97673889767e-07
-5.92412451362	6.76148112785e-07
-5.90953307393	7.64475467898e-07
-5.89494163424	8.63831205869e-07
-5.88035019455	9.75522533677e-07
-5.86575875486	1.10100237575e-06
-5.85116731517	1.24188443987e-06
-5.83657587549	1.39995969592e-06
-5.8219844358	1.57721438269e-06
-5.80739299611	1.7758496655e-06
-5.79280155642	1.99830307492e-06
-5.77821011673	2.247271865e-06
-5.76361867704	2.52573843705e-06
-5.74902723735	2.83699798389e-06
-5.73443579766	3.18468851726e-06
-5.71984435798	3.57282345e-06
-5.70525291829	4.00582691279e-06
-5.6906614786	4.48857199393e-06
-5.67607003891	5.02642209883e-06
-5.66147859922	5.62527563428e-06
-5.64688715953	6.29161423025e-06
-5.63229571984	7.03255471981e-06
-5.61770428016	7.85590510472e-06
-5.60311284047	8.77022474086e-06
-5.58852140078	9.78488898348e-06
-5.57392996109	1.09101585373e-05
-5.5593385214	1.21572537605e-05
-5.54474708171	1.3538434174e-05
-5.53015564202	1.50670834305e-05
-5.51556420233	1.67577999947e-05
-5.50097276265	1.86264937889e-05
-5.48638132296	2.06904890488e-05
-5.47178988327	2.29686336347e-05
-5.45719844358	2.54814150291e-05
-5.44260700389	2.82510832463e-05
-5.4280155642	3.13017808609e-05
-5.41342412451	3.46596803494e-05
-5.39883268482	3.83531289166e-05
-5.38424124514	4.24128009536e-05
-5.36964980545	4.68718582504e-05
-5.35505836576	5.17661180489e-05
-5.34046692607	5.71342289903e-05
-5.32587548638	6.30178549658e-05
-5.31128404669	6.94618668366e-05
-5.296692607	7.65145419369e-05
-5.28210116731	8.42277712153e-05
-5.26750972763	9.26572738126e-05
-5.25291828794	0.0001018628188
-5.23832684825	0.000111908453738
-5.22373540856	0.00012286273962
-5.20914396887	0.000134798991713
-5.19455252918	0.000147795525665
-5.17996108949	0.000161935908221
-5.1653696498	0.000177309211715
-5.15077821012	0.000194010271467
-5.13618677043	0.000212139945054
-5.12159533074	0.000231805372338
-5.10700389105	0.000253120234998
-5.09241245136	0.000276205014212
-5.07782101167	0.000301187244989
-5.06322957198	0.000328201765553
-5.0486381323	0.000357390960031
-5.03404669261	0.000388904992588
-5.01945525292	0.000422902031049
-5.00486381323	0.000459548457888
-4.99027237354	0.000499019066399
-4.97568093385	0.000541497239732
-4.96108949416	0.000587175110395
-4.94649805447	0.000636253697732
-4.93190661479	0.000688943020824
-4.9173151751	0.000745462184196
-4.90272373541	0.000806039433667
-4.88813229572	0.000870912179686
-4.87354085603	0.000940326985454
-4.85894941634	0.0010145395172
-4.84435797665	0.00109381445397
-4.82976653696	0.00117842535446
-4.81517509728	0.00126865447833
-4.80058365759	0.00136479255988
-4.7859922179	0.00146713853178
-4.77140077821	0.00157599919695
-4.75680933852	0.00169168884698
-4.74221789883	0.00181452882544
-4.72762645914	0.00194484703503
-4.71303501945	0.00208297738776
-4.69844357977	0.0022292591975
-4.68385214008	0.00238403651496
-4.66926070039	0.0025476574054
-4.6546692607	0.00272047316965
-4.64007782101	0.00290283750989
-4.62548638132	0.00309510564171
-4.61089494163	0.00329763335469
-4.59630350194	0.00351077602428
-4.58171206226	0.00373488757807
-4.56712062257	0.00397031942028
-4.55252918288	0.00421741931859
-4.53793774319	0.00447653025826
-4.5233463035	0.0047479892685
-4.50875486381	0.00503212622696
-4.49416342412	0.0053292626483
-4.47957198444	0.00563971046342
-4.46498054475	0.00596377079616
-4.45038910506	0.00630173274448
-4.43579766537	0.00665387217366
-4.42120622568	0.00702045052886
-4.40661478599	0.00740171367483
-4.3920233463	0.00779789077038
-4.37743190661	0.00820919318531
-4.36284046693	0.00863581346722
-4.34824902724	0.00907792436578
-4.33365758755	0.0095356779214
-4.31906614786	0.0100092046251
-4.30447470817	0.0104986126561
-4.28988326848	0.0110039872028
-4.27529182879	0.0115253898724
-4.2607003891	0.0120628581948
-4.24610894942	0.0126164052234
-4.23151750973	0.0131860192375
-4.21692607004	0.0137716635483
-4.20233463035	0.0143732764102
-4.18774319066	0.0149907710394
-4.17315175097	0.0156240357388
-4.15856031128	0.0162729341295
-4.14396887159	0.0169373054874
-4.12937743191	0.0176169651821
-4.11478599222	0.0183117052161
-4.10019455253	0.0190212948603
-4.08560311284	0.0197454813803
-4.07101167315	0.0204839908506
-4.05642023346	0.0212365290488
-4.04182879377	0.0220027824257
-4.02723735408	0.0227824191428
-4.0126459144	0.0235750901715
-3.99805447471	0.0243804304461
-3.98346303502	0.0251980600628
-3.96887159533	0.0260275855178
-3.95428015564	0.0268686009758
-3.93968871595	0.0277206895606
-3.92509727626	0.0285834246621
-3.91050583658	0.0294563712493
-3.89591439689	0.0303390871836
-3.8813229572	0.0312311245247
-3.86673151751	0.0321320308222
-3.85214007782	0.0330413503853
-3.83754863813	0.0339586255267
-3.82295719844	0.0348833977723
-3.80836575875	0.0358152090337
-3.79377431907	0.0367536027367
-3.77918287938	0.0376981249036
-3.76459143969	0.0386483251832
-3.75	0.0396037578279
-3.73540856031	0.0405639826129
-3.72081712062	0.0415285656964
-3.70622568093	0.0424970804195
-3.69163424124	0.0434691080435
-3.67704280156	0.0444442384248
-3.66245136187	0.0454220706271
-3.64785992218	0.0464022134706
-3.63326848249	0.0473842860187
-3.6186770428	0.0483679180047
-3.60408560311	0.0493527501969
-3.58949416342	0.0503384347071
-3.57490272373	0.0513246352408
-3.56031128405	0.0523110272947
-3.54571984436	0.0532972983012
-3.53112840467	0.0542831477229
-3.51653696498	0.0552682871012
-3.50194552529	0.0562524400595
-3.4873540856	0.0572353422654
-3.47276264591	0.0582167413543
-3.45817120623	0.0591963968164
-3.44357976654	0.060174079852
-3.42898832685	0.0611495731955
-3.41439688716	0.062122670913
-3.39980544747	0.063093178175
-3.38521400778	0.0640609110074
-3.37062256809	0.0650256960234
-3.3560311284	0.0659873701387
-3.34143968872	0.0669457802724
-3.32684824903	0.0679007830364
-3.31225680934	0.0688522444147
-3.29766536965	0.069800039435
-3.28307392996	0.0707440518353
-3.26848249027	0.0716841737255
-3.25389105058	0.0726203052482
-3.23929961089	0.0735523542379
-3.22470817121	0.0744802358814
-3.21011673152	0.0754038723802
-3.19552529183	0.0763231926167
-3.18093385214	0.0772381318241
-3.16634241245	0.0781486312626
-3.15175097276	0.079054637901
-3.13715953307	0.0799561041056
-3.12256809338	0.0808529873372
-3.1079766537	0.0817452498555
-3.09338521401	0.0826328584328
-3.07879377432	0.0835157840765
-3.06420233463	0.0843940017608
-3.04961089494	0.0852674901686
-3.03501945525	0.0861362314423
-3.02042801556	0.0870002109454
-3.00583657587	0.0878594170334
-2.99124513619	0.0887138408347
-2.9766536965	0.0895634760417
-2.96206225681	0.0904083187115
-2.94747081712	0.0912483670765
-2.93287937743	0.0920836213641
-2.91828793774	0.0929140836263
-2.90369649805	0.0937397575779
-2.88910505837	0.0945606484445
-2.87451361868	0.095376762818
-2.85992217899	0.0961881085215
-2.8453307393	0.0969946944822
-2.83073929961	0.0977965306115
-2.81614785992	0.0985936276935
-2.80155642023	0.0993859972807
-2.78696498054	0.100173651596
-2.77237354086	0.100956603442
-2.75778210117	0.101734866117
-2.74319066148	0.102508453337
-2.72859922179	0.103277379162
-2.7140077821	0.10404165793
-2.69941634241	0.104801304194
-2.68482490272	0.105556332669
-2.67023346303	0.106306758176
-2.65564202335	0.107052595596
-2.64105058366	0.107793859826
-2.62645914397	0.108530565741
-2.61186770428	0.109262728159
-2.59727626459	0.109990361805
-2.5826848249	0.110713481285
-2.56809338521	0.11143210106
-2.55350194552	0.112146235422
-2.53891050584	0.112855898474
-2.52431906615	0.113561104113
-2.50972762646	0.114261866012
-2.49513618677	0.114958197608
-2.48054474708	0.115650112091
-2.46595330739	0.116337622392
-2.4513618677	0.117020741178
-2.43677042801	0.117699480843
-2.42217898833	0.118373853503
-2.40758754864	0.119043870993
-2.39299610895	0.119709544864
-2.37840466926	0.12037088638
-2.36381322957	0.121027906521
-2.34922178988	0.121680615978
-2.33463035019	0.122329025158
-2.32003891051	0.122973144184
-2.30544747082	0.123612982899
-2.29085603113	0.124248550864
-2.27626459144	0.124879857369
-2.26167315175	0.12550691143
-2.24708171206	0.126129721797
-2.23249027237	0.126748296956
-2.21789883268	0.127362645138
-2.203307393	0.127972774318
-2.18871595331	0.128578692226
-2.17412451362	0.129180406349
-2.15953307393	0.129777923938
-2.14494163424	0.130371252012
-2.13035019455	0.130960397365
-2.11575875486	0.131545366574
-2.10116731517	0.132126165999
-2.08657587549	0.132702801795
-2.0719844358	0.133275279914
-2.05739299611	0.133843606111
-2.04280155642	0.134407785953
-2.02821011673	0.134967824819
-2.01361867704	0.135523727912
-1.99902723735	0.136075500259
-1.98443579766	0.13662314672
-1.96984435798	0.137166671991
-1.95525291829	0.137706080611
-1.9406614786	0.138241376966
-1.92607003891	0.138772565296
-1.91147859922	0.139299649697
-1.89688715953	0.139822634127
-1.88229571984	0.14034152241
-1.86770428015	0.140856318245
-1.85311284047	0.141367025201
-1.83852140078	0.141873646733
-1.82392996109	0.142376186176
-1.8093385214	0.142874646755
-1.79474708171	0.143369031587
-1.78015564202	0.143859343685
-1.76556420233	0.144345585961
-1.75097276265	0.144827761231
-1.73638132296	0.145305872218
-1.72178988327	0.145779921554
-1.70719844358	0.146249911784
-1.69260700389	0.146715845371
-1.6780155642	0.147177724696
-1.66342412451	0.147635552063
-1.64883268482	0.1480893297
-1.63424124514	0.148539059765
-1.61964980545	0.148984744343
-1.60505836576	0.149426385454
-1.59046692607	0.149863985054
-1.57587548638	0.150297545035
-1.56128404669	0.150727067229
-1.546692607	0.15115255341
-1.53210116731	0.151574005298
-1.51750972763	0.151991424556
-1.50291828794	0.152404812798
-1.48832684825	0.152814171585
-1.47373540856	0.153219502431
-1.45914396887	0.153620806804
-1.44455252918	0.154018086125
-1.42996108949	0.154411341774
-1.4153696498	0.154800575088
-1.40077821012	0.155185787362
-1.38618677043	0.155566979854
-1.37159533074	0.155944153783
-1.35700389105	0.156317310333
-1.34241245136	0.156686450651
-1.32782101167	0.157051575851
-1.31322957198	0.157412687014
-1.29863813229	0.157769785189
-1.28404669261	0.158122871396
-1.26945525292	0.158471946622
-1.25486381323	0.158817011828
-1.24027237354	0.159158067947
-1.22568093385	0.159495115884
-1.21108949416	0.159828156519
-1.19649805447	0.160157190706
-1.18190661479	0.160482219275
-1.1673151751	0.160803243034
-1.15272373541	0.161120262766
-1.13813229572	0.161433279232
-1.12354085603	0.161742293173
-1.10894941634	0.162047305309
-1.09435797665	0.162348316338
-1.07976653696	0.162645326942
-1.06517509728	0.16293833778
-1.05058365759	0.163227349495
-1.0359922179	0.163512362712
-1.02140077821	0.163793378039
-1.00680933852	0.164070396065
-0.992217898832	0.164343417367
-0.977626459143	0.1646124425
-0.963035019454	0.16487747201
-0.948443579766	0.165138506424
-0.933852140077	0.165395546255
-0.919260700388	0.165648592003
-0.9046692607	0.165897644154
-0.890077821011	0.166142703178
-0.875486381322	0.166383769536
-0.860894941633	0.166620843674
-0.846303501945	0.166853926026
-0.831712062256	0.167083017013
-0.817120622567	0.167308117045
-0.802529182879	0.167529226522
-0.78793774319	0.16774634583
-0.773346303501	0.167959475347
-0.758754863812	0.168168615437
-0.744163424124	0.168373766457
-0.729571984435	0.168574928751
-0.714980544746	0.168772102655
-0.700389105058	0.168965288494
-0.685797665369	0.169154486585
-0.67120622568	0.169339697234
-0.656614785991	0.169520920739
-0.642023346303	0.169698157389
-0.627431906614	0.169871407464
-0.612840466925	0.170040671235
-0.598249027237	0.170205948967
-0.583657587548	0.170367240913
-0.569066147859	0.170524547321
-0.55447470817	0.17067786843
-0.539883268482	0.170827204472
-0.525291828793	0.170972555671
-0.510700389104	0.171113922242
-0.496108949416	0.171251304396
-0.481517509727	0.171384702333
-0.466926070038	0.171514116249
-0.452334630349	0.171639546332
-0.437743190661	0.171760992762
-0.423151750972	0.171878455715
-0.408560311283	0.171991935358
-0.393968871594	0.172101431851
-0.379377431906	0.17220694535
-0.364785992217	0.172308476003
-0.350194552528	0.172406023952
-0.33560311284	0.172499589333
-0.321011673151	0.172589172275
-0.306420233462	0.172674772903
-0.291828793773	0.172756391335
-0.277237354085	0.172834027681
-0.262645914396	0.172907682049
-0.248054474707	0.172977354538
-0.233463035019	0.173043045243
-0.21887159533	0.173104754252
-0.204280155641	0.17316248165
-0.189688715952	0.173216227513
-0.175097276264	0.173265991914
-0.160505836575	0.173311774919
-0.145914396886	0.17335357659
-0.131322957198	0.173391396982
-0.116731517509	0.173425236146
-0.10214007782	0.173455094126
-0.0875486381314	0.173480970962
-0.0729571984427	0.173502866688
-0.058365758754	0.173520781334
-0.0437743190653	0.173534714923
-0.0291828793766	0.173544667473
-0.0145914396879	0.173550638998
8.5975671027e-13	0.173552629506
0.0145914396896	0.173550638998
0.0291828793783	0.173544667473
0.043774319067	0.173534714923
0.0583657587557	0.173520781334
0.0729571984444	0.173502866688
0.0875486381332	0.173480970962
0.102140077822	0.173455094126
0.116731517511	0.173425236146
0.131322957199	0.173391396982
0.145914396888	0.17335357659
0.160505836577	0.173311774919
0.175097276265	0.173265991914
0.189688715954	0.173216227513
0.204280155643	0.17316248165
0.218871595332	0.173104754252
0.23346303502	0.173043045243
0.248054474709	0.172977354538
0.262645914398	0.172907682049
0.277237354086	0.172834027681
0.291828793775	0.172756391335
0.306420233464	0.172674772903
0.321011673153	0.172589172275
0.335603112841	0.172499589333
0.35019455253	0.172406023952
0.364785992219	0.172308476003
0.379377431907	0.17220694535
0.393968871596	0.172101431851
0.408560311285	0.171991935358
0.423151750974	0.171878455715
0.437743190662	0.171760992762
0.452334630351	0.171639546332
0.46692607004	0.171514116249
0.481517509729	0.171384702333
0.496108949417	0.171251304396
0.510700389106	0.171113922242
0.525291828795	0.170972555671
0.539883268483	0.170827204472
0.554474708172	0.17067786843
0.569066147861	0.170524547321
0.58365758755	0.170367240913
0.598249027238	0.170205948967
0.612840466927	0.170040671235
0.627431906616	0.169871407464
0.642023346304	0.169698157389
0.656614785993	0.169520920739
0.671206225682	0.169339697234
0.685797665371	0.169154486585
0.700389105059	0.168965288494
0.714980544748	0.168772102655
0.729571984437	0.168574928751
0.744163424125	0.168373766457
0.758754863814	0.168168615437
0.773346303503	0.167959475347
0.787937743192	0.16774634583
0.80252918288	0.167529226522
0.817120622569	0.167308117045
0.831712062258	0.167083017013
0.846303501946	0.166853926026
0.860894941635	0.166620843674
0.875486381324	0.166383769536
0.890077821013	0.166142703178
0.904669260701	0.165897644154
0.91926070039	0.165648592003
0.933852140079	0.165395546255
0.948443579767	0.165138506424
0.963035019456	0.16487747201
0.977626459145	0.1646124425
0.992217898834	0.164343417367
1.00680933852	0.164070396065
1.02140077821	0.163793378039
1.0359922179	0.163512362712
1.05058365759	0.163227349495
1.06517509728	0.16293833778
1.07976653697	0.162645326942
1.09435797665	0.162348316338
1.10894941634	0.162047305309
1.12354085603	0.161742293173
1.13813229572	0.161433279232
1.15272373541	0.161120262766
1.1673151751	0.160803243034
1.18190661479	0.160482219275
1.19649805448	0.160157190706
1.21108949416	0.159828156519
1.22568093385	0.159495115884
1.24027237354	0.159158067947
1.25486381323	0.158817011828
1.26945525292	0.158471946622
1.28404669261	0.158122871396
1.2986381323	0.157769785189
1.31322957199	0.157412687014
1.32782101167	0.157051575851
1.34241245136	0.156686450651
1.35700389105	0.156317310333
1.37159533074	0.155944153783
1.38618677043	0.155566979854
1.40077821012	0.155185787362
1.41536964981	0.154800575088
1.4299610895	0.154411341774
1.44455252918	0.154018086125
1.45914396887	0.153620806804
1.47373540856	0.153219502431
1.48832684825	0.152814171585
1.50291828794	0.152404812798
1.51750972763	0.151991424556
1.53210116732	0.151574005298
1.546692607	0.15115255341
1.56128404669	0.150727067229
1.57587548638	0.150297545035
1.59046692607	0.149863985054
1.60505836576	0.149426385454
1.61964980545	0.148984744343
1.63424124514	0.148539059765
1.64883268483	0.1480893297
1.66342412451	0.147635552063
1.6780155642	0.147177724696
1.69260700389	0.146715845371
1.70719844358	0.146249911784
1.72178988327	0.145779921554
1.73638132296	0.145305872218
1.75097276265	0.144827761231
1.76556420234	0.144345585961
1.78015564202	0.143859343685
1.79474708171	0.143369031587
1.8093385214	0.142874646755
1.82392996109	0.142376186176
1.83852140078	0.141873646733
1.85311284047	0.141367025201
1.86770428016	0.140856318245
1.88229571985	0.14034152241
1.89688715953	0.139822634127
1.91147859922	0.139299649697
1.92607003891	0.138772565296
1.9406614786	0.138241376966
1.95525291829	0.137706080611
1.96984435798	0.137166671991
1.98443579767	0.13662314672
1.99902723736	0.136075500259
2.01361867704	0.135523727912
2.02821011673	0.134967824819
2.04280155642	0.134407785953
2.05739299611	0.133843606111
2.0719844358	0.133275279914
2.08657587549	0.132702801795
2.10116731518	0.132126165999
2.11575875486	0.131545366574
2.13035019455	0.130960397365
2.14494163424	0.130371252012
2.15953307393	0.129777923938
2.17412451362	0.12918040635
2.18871595331	0.128578692226
2.203307393	0.127972774318
2.21789883269	0.127362645138
2.23249027237	0.126748296956
2.24708171206	0.126129721797
2.26167315175	0.12550691143
2.27626459144	0.124879857369
2.29085603113	0.124248550864
2.30544747082	0.123612982899
2.32003891051	0.122973144184
2.3346303502	0.122329025158
2.34922178988	0.121680615978
2.36381322957	0.121027906521
2.37840466926	0.12037088638
2.39299610895	0.119709544864
2.40758754864	0.119043870993
2.42217898833	0.118373853503
2.43677042802	0.117699480843
2.45136186771	0.117020741178
2.46595330739	0.116337622392
2.48054474708	0.115650112091
2.49513618677	0.114958197608
2.50972762646	0.114261866012
2.52431906615	0.113561104113
2.53891050584	0.112855898474
2.55350194553	0.112146235422
2.56809338522	0.11143210106
2.5826848249	0.110713481285
2.59727626459	0.109990361805
2.61186770428	0.109262728159
2.62645914397	0.108530565741
2.64105058366	0.107793859826
2.65564202335	0.107052595596
2.67023346304	0.106306758176
2.68482490272	0.105556332669
2.69941634241	0.104801304194
2.7140077821	0.10404165793
2.72859922179	0.103277379162
2.74319066148	0.102508453337
2.75778210117	0.101734866117
2.77237354086	0.100956603442
2.78696498055	0.100173651596
2.80155642023	0.0993859972808
2.81614785992	0.0985936276936
2.83073929961	0.0977965306116
2.8453307393	0.0969946944823
2.85992217899	0.0961881085216
2.87451361868	0.0953767628181
2.88910505837	0.0945606484446
2.90369649806	0.093739757578
2.91828793774	0.0929140836264
2.93287937743	0.0920836213642
2.94747081712	0.0912483670766
2.96206225681	0.0904083187116
2.9766536965	0.0895634760418
2.99124513619	0.0887138408348
3.00583657588	0.0878594170335
3.02042801557	0.0870002109455
3.03501945525	0.0861362314424
3.04961089494	0.0852674901687
3.06420233463	0.0843940017609
3.07879377432	0.0835157840766
3.09338521401	0.082632858433
3.1079766537	0.0817452498557
3.12256809339	0.0808529873374
3.13715953307	0.0799561041058
3.15175097276	0.0790546379011
3.16634241245	0.0781486312628
3.18093385214	0.0772381318242
3.19552529183	0.0763231926168
3.21011673152	0.0754038723804
3.22470817121	0.0744802358815
3.2392996109	0.0735523542381
3.25389105058	0.0726203052484
3.26848249027	0.0716841737256
3.28307392996	0.0707440518354
3.29766536965	0.0698000394352
3.31225680934	0.0688522444149
3.32684824903	0.0679007830366
3.34143968872	0.0669457802726
3.35603112841	0.0659873701389
3.37062256809	0.0650256960236
3.38521400778	0.0640609110076
3.39980544747	0.0630931781752
3.41439688716	0.0621226709132
3.42898832685	0.0611495731957
3.44357976654	0.0601740798522
3.45817120623	0.0591963968166
3.47276264592	0.0582167413545
3.4873540856	0.0572353422657
3.50194552529	0.0562524400597
3.51653696498	0.0552682871014
3.53112840467	0.0542831477231
3.54571984436	0.0532972983014
3.56031128405	0.052311027295
3.57490272374	0.051324635241
3.58949416343	0.0503384347073
3.60408560311	0.0493527501972
3.6186770428	0.0483679180049
3.63326848249	0.047384286019
3.64785992218	0.0464022134708
3.66245136187	0.0454220706274
3.67704280156	0.0444442384251
3.69163424125	0.0434691080438
3.70622568093	0.0424970804198
3.72081712062	0.0415285656967
3.73540856031	0.0405639826131
3.75	0.0396037578282
3.76459143969	0.0386483251834
3.77918287938	0.0376981249038
3.79377431907	0.036753602737
3.80836575876	0.035815209034
3.82295719844	0.0348833977726
3.83754863813	0.0339586255269
3.85214007782	0.0330413503856
3.86673151751	0.0321320308225
3.8813229572	0.031231124525
3.89591439689	0.0303390871838
3.91050583658	0.0294563712495
3.92509727627	0.0285834246624
3.93968871595	0.0277206895609
3.95428015564	0.026868600976
3.96887159533	0.0260275855181
3.98346303502	0.025198060063
3.99805447471	0.0243804304463
4.0126459144	0.0235750901718
4.02723735409	0.0227824191431
4.04182879378	0.022002782426
4.05642023346	0.021236529049
4.07101167315	0.0204839908508
4.08560311284	0.0197454813806
4.10019455253	0.0190212948606
4.11478599222	0.0183117052164
4.12937743191	0.0176169651823
4.1439688716	0.0169373054876
4.15856031129	0.0162729341298
4.17315175097	0.015624035739
4.18774319066	0.0149907710396
4.20233463035	0.0143732764104
4.21692607004	0.0137716635485
4.23151750973	0.0131860192378
4.24610894942	0.0126164052237
4.26070038911	0.012062858195
4.27529182879	0.0115253898726
4.28988326848	0.011003987203
4.30447470817	0.0104986126563
4.31906614786	0.0100092046253
4.33365758755	0.00953567792159
4.34824902724	0.00907792436597
4.36284046693	0.0086358134674
4.37743190662	0.00820919318549
4.3920233463	0.00779789077056
4.40661478599	0.007401713675
4.42120622568	0.00702045052902
4.43579766537	0.00665387217382
4.45038910506	0.00630173274464
4.46498054475	0.00596377079631
4.47957198444	0.00563971046357
4.49416342413	0.00532926264844
4.50875486381	0.0050321262271
4.5233463035	0.00474798926864
4.53793774319	0.00447653025839
4.55252918288	0.00421741931871
4.56712062257	0.0039703194204
4.58171206226	0.00373488757819
4.59630350195	0.00351077602439
4.61089494164	0.00329763335479
4.62548638132	0.00309510564181
4.64007782101	0.00290283750999
4.6546692607	0.00272047316975
4.66926070039	0.00254765740549
4.68385214008	0.00238403651505
4.69844357977	0.00222925919758
4.71303501946	0.00208297738784
4.72762645915	0.00194484703511
4.74221789883	0.00181452882551
4.75680933852	0.00169168884705
4.77140077821	0.00157599919701
4.7859922179	0.00146713853184
4.80058365759	0.00136479255994
4.81517509728	0.00126865447838
4.82976653697	0.00117842535451
4.84435797665	0.00109381445402
4.85894941634	0.00101453951725
4.87354085603	0.000940326985499
4.88813229572	0.000870912179728
4.90272373541	0.000806039433707
4.9173151751	0.000745462184234
4.93190661479	0.00068894302086
4.94649805448	0.000636253697766
4.96108949416	0.000587175110427
4.97568093385	0.000541497239763
4.99027237354	0.000499019066428
5.00486381323	0.000459548457915
5.01945525292	0.000422902031074
5.03404669261	0.000388904992611
5.0486381323	0.000357390960053
5.06322957199	0.000328201765574
5.07782101167	0.000301187245009
5.09241245136	0.00027620501423
5.10700389105	0.000253120235015
5.12159533074	0.000231805372354
5.13618677043	0.000212139945069
5.15077821012	0.000194010271481
5.16536964981	0.000177309211728
5.1799610895	0.000161935908233
5.19455252918	0.000147795525677
5.20914396887	0.000134798991723
5.22373540856	0.00012286273963
5.23832684825	0.000111908453747
5.25291828794	0.000101862818809
5.26750972763	9.26572738205e-05
5.28210116732	8.42277712227e-05
5.29669260701	7.65145419437e-05
5.31128404669	6.94618668429e-05
5.32587548638	6.30178549716e-05
5.34046692607	5.71342289958e-05
5.35505836576	5.1766118054e-05
5.36964980545	4.6871858255e-05
5.38424124514	4.24128009579e-05
5.39883268483	3.83531289206e-05
5.41342412451	3.46596803532e-05
5.4280155642	3.13017808643e-05
5.44260700389	2.82510832495e-05
5.45719844358	2.54814150321e-05
5.47178988327	2.29686336374e-05
5.48638132296	2.06904890514e-05
5.50097276265	1.86264937912e-05
5.51556420234	1.67577999969e-05
5.53015564202	1.50670834325e-05
5.54474708171	1.35384341759e-05
5.5593385214	1.21572537622e-05
5.57392996109	1.09101585389e-05
5.58852140078	9.7848889849e-06
5.60311284047	8.77022474216e-06
5.61770428016	7.85590510591e-06
5.63229571985	7.03255472091e-06
5.64688715953	6.29161423126e-06
5.66147859922	5.6252756352e-06
5.67607003891	5.02642209967e-06
5.6906614786	4.48857199469e-06
5.70525291829	4.00582691349e-06
5.71984435798	3.57282345063e-06
5.73443579767	3.18468851784e-06
5.74902723736	2.83699798442e-06
5.76361867704	2.52573843754e-06
5.77821011673	2.24727186545e-06
5.79280155642	1.99830307533e-06
5.80739299611	1.77584966587e-06
5.8219844358	1.57721438303e-06
5.83657587549	1.39995969623e-06
5.85116731518	1.24188444015e-06
5.86575875487	1.10100237601e-06
5.88035019455	9.75522533916e-07
5.89494163424	8.63831206086e-07
5.90953307393	7.64475468096e-07
5.92412451362	6.76148112964e-07
5.93871595331	5.97673889929e-07
5.953307393	5.2799694665e-07
5.96789883269	4.66169380197e-07
5.98249027237	4.11340808447e-07
5.99708171206	3.62748879551e-07
6.01167315175	3.19710642825e-07
6.02626459144	2.81614709824e-07
6.04085603113	2.47914139509e-07
6.05544747082	2.1811998624e-07
6.07003891051	1.91795453884e-07
6.0846303502	1.68550603647e-07
6.09922178988	1.48037567224e-07
6.11381322957	1.29946220668e-07
6.12840466926	1.14000277897e-07
6.14299610895	9.99537660432e-08
6.15758754864	8.75878479408e-08
6.17217898833	7.67079598931e-08
6.18677042802	6.71412355179e-08
6.20136186771	5.87341889452e-08
6.21595330739	5.135063291e-08
6.23054474708	4.48698094128e-08
6.24513618677	3.91847125585e-08
6.25972762646	3.4200584993e-08
6.27431906615	2.9833571015e-08
6.28891050584	2.60095109651e-08
6.30350194553	2.26628629021e-08
6.31809338522	1.97357388605e-08
6.3326848249	1.71770441643e-08
6.34727626459	1.49417093577e-08
6.36186770428	1.2990005297e-08
6.37645914397	1.12869328547e-08
6.39105058366	9.80167950787e-09
6.40564202335	8.50713583889e-09
6.42023346304	7.37946565626e-09
6.43482490272	6.39772406773e-09
6.44941634241	5.54351840077e-09
6.4640077821	4.80070738266e-09
6.47859922179	4.15513445254e-09
6.49319066148	3.594391502e-09
6.50778210117	3.10760972065e-09
6.52237354086	2.68527456793e-09
6.53696498055	2.31906220299e-09
6.55155642023	2.00169498578e-09
6.56614785992	1.72681391375e-09
6.58073929961	1.48886608838e-09
6.5953307393	1.28300550859e-09
6.60992217899	1.1050056732e-09
6.62451361868	9.51182639207e-10
6.63910505837	8.1832733142e-10
6.65369649806	7.03646031356e-10
6.66828793774	6.0470809262e-10
6.68287937743	5.19400035843e-10
6.69747081712	4.45885272322e-10
6.71206225681	3.82568789371e-10
6.7266536965	3.28066207036e-10
6.74124513619	2.81176682897e-10
6.75583657588	2.40859202194e-10
6.77042801557	2.06211843921e-10
6.78501945525	1.76453661338e-10
6.79961089494	1.50908857383e-10
6.81420233463	1.28992973654e-10
6.82879377432	1.10200844323e-10
6.84338521401	9.40960963538e-11
6.8579766537	8.03020033953e-11
6.87256809339	6.84935240045e-11
6.88715953308	5.83903752129e-11
6.90175097276	4.97510107513e-11
6.91634241245	4.23673889499e-11
6.93093385214	3.60604298432e-11
6.94552529183	3.06760730519e-11
6.96011673152	2.60818592165e-11
6.97470817121	2.21639672775e-11
6.9892996109	1.88246484651e-11
7.00389105058	1.59800052391e-11
7.01848249027	1.35580700479e-11
7.03307392996	1.14971443953e-11
7.04766536965	9.74436393292e-12
7.06225680934	8.25445951175e-12
7.07684824903	6.98868812993e-12
7.09143968872	5.91391103162e-12
7.10603112841	5.00179920092e-12
7.12062256809	4.22814905409e-12
7.13521400778	3.57229342598e-12
7.14980544747	3.01659484996e-12
7.16439688716	2.54600994818e-12
7.17898832685	2.14771514726e-12
7.19357976654	1.81078528931e-12
7.20817120623	1.5259178296e-12
7.22276264592	1.28519630068e-12
7.2373540856	1.08188756763e-12
7.25194552529	9.10268160139e-13
7.26653696498	7.65475585193e-13
7.28112840467	6.43381123261e-13
7.29571984436	5.40481052144e-13
7.31031128405	4.53803693791e-13
7.32490272374	3.80830022988e-13
7.33949416343	3.19425904658e-13
7.35408560311	2.67784287532e-13
7.3686770428	2.24375923508e-13
7.38326848249	1.87907372198e-13
7.39785992218	1.57285245886e-13
7.41245136187	1.31585776557e-13
7.42704280156	1.10028932773e-13
7.44163424125	9.19564159585e-14
7.45622568094	7.68129682812e-14
7.47081712062	6.41304996732e-14
7.48540856031	5.35146218094e-14
7.5	4.46332207495e-14
7.51459143969	3.72067751312e-14
7.52918287938	3.10001723056e-14
7.54377431907	2.58157450645e-14
7.55836575876	2.14874000488e-14
7.57295719844	1.78756526499e-14
7.58754863813	1.48634268086e-14
7.60214007782	1.23525089839e-14
7.61673151751	1.02605529308e-14
7.6313229572	8.51855409797e-15
7.64591439689	7.06871888174e-15
7.66050583658	5.8626694826e-15
7.67509727627	4.85993155361e-15
7.68968871595	4.02666133112e-15
7.70428015564	3.33457448447e-15
7.71887159533	2.76004582047e-15
7.73346303502	2.2833520061e-15
7.74805447471	1.88803620551e-15
7.7626459144	1.56037435387e-15
7.77723735409	1.28892747244e-15
7.79182879378	1.06416630669e-15
7.80642023346	8.78156740627e-16
7.82101167315	7.2429622542e-16
7.83560311284	5.97093362463e-16
7.85019455253	4.91983176632e-16
7.86478599222	4.0517292169e-16
7.87937743191	3.33513077157e-16
7.8939688716	2.74389678158e-16
7.90856031129	2.25634373082e-16
7.92315175097	1.85449424178e-16
7.93774319066	1.52345133642e-16
7.95233463035	1.25087741955e-16
7.96692607004	1.02655945527e-16
7.98151750973	8.42047938558e-17
7.99610894942	6.90355865827e-17
8.01070038911	5.6570872535e-17
8.0252918288	4.63336480361e-17
8.03988326848	3.79301026533e-17
8.05447470817	3.103526958e-17
8.06906614786	2.5381151293e-17
8.08365758755	2.07468164747e-17
8.09824902724	1.6950252293e-17
8.11284046693	1.38415762665e-17
8.12743190662	1.12974326093e-17
8.1420233463	9.21634693902e-18
8.15661478599	7.51489455747e-18
8.17120622568	6.1245188189e-18
8.18579766537	4.98892072384e-18
8.20038910506	4.06187755925e-18
8.21498054475	3.30546684333e-18
8.22957198444	2.68859034302e-18
8.24416342413	2.18576049102e-18
8.25875486381	1.77609657348e-18
8.2733463035	1.44250343629e-18
8.28793774319	1.17099026961e-18
8.30252918288	9.50115885419e-19
8.31712062257	7.70524762798e-19
8.33171206226	6.2457374464e-19
8.34630350195	5.06020465892e-19
8.36089494164	4.09769650231e-19
8.37548638132	3.316644016e-19
8.39007782101	2.68315331711e-19
8.4046692607	2.16959588631e-19
8.41926070039	1.75348131143e-19
8.43385214008	1.41648453986e-19
8.44844357977	1.14369882263e-19
8.46303501946	9.22997277133e-20
8.47762645915	7.44523744211e-20
8.49221789883	6.00267968751e-20
8.50680933852	4.83728525497e-20
8.52140077821	3.89624731668e-20
8.5359922179	3.13677334736e-20
8.55058365759	2.52412383721e-20
8.56517509728	2.03015892291e-20
8.57976653697	1.63207422468e-20
8.59435797666	1.31142043194e-20
8.60894941634	1.05325739843e-20
8.62354085603	8.45508987565e-21
8.63813229572	6.78405422912e-21
8.65272373541	5.44074590127e-21
8.6673151751	4.36134671627e-21
8.68190661479	3.49447108903e-21
8.69649805448	2.79858522077e-21
8.71108949416	2.24023199714e-21
8.72568093385	1.79243153741e-21
8.74027237354	1.43347722044e-21
8.75486381323	1.1458520931e-21
8.76945525292	9.15534687964e-22
8.78404669261	7.31177855127e-22
8.7986381323	5.8368685272e-22
8.81322957199	4.65738076401e-22
8.82782101167	3.71462092422e-22
8.84241245136	2.96130631035e-22
8.85700389105	2.35973120363e-22
8.87159533074	1.87940502168e-22
8.88618677043	1.49629399756e-22
8.90077821012	1.19078786213e-22
8.91536964981	9.47300004957e-23
8.9299610895	7.53300621355e-23
8.94455252918	5.9880044387e-23
8.95914396887	4.75783130948e-23
8.97373540856	3.77902061438e-23
8.98832684825	2.99994086543e-23
9.00291828794	2.38096143005e-23
9.01750972763	1.88902667464e-23
9.03210116732	1.49833548608e-23
9.04669260701	1.18798353777e-23
9.06128404669	9.41680695302e-24
9.07587548638	7.46137297637e-24
9.09046692607	5.91004187909e-24
9.10505836576	4.67744793566e-24
9.11964980545	3.7024856672e-24
9.13424124514	2.93017511126e-24
9.14883268483	2.31923461115e-24
9.16342412452	1.83549256324e-24
9.1780155642	1.45255397251e-24
9.19260700389	1.14915166364e-24
9.20719844358	9.091328475e-25
9.22178988327	7.18476548544e-25
9.23638132296	5.6825574952e-25
9.25097276265	4.49526523385e-25
9.26556420234	3.5594234256e-25
9.28015564202	2.81816290044e-25
9.29474708171	2.2333613082e-25
9.3093385214	1.76991468085e-25
9.32392996109	1.40299762549e-25
9.33852140078	1.10983132506e-25
9.35311284047	8.80813553286e-26
9.36770428016	6.99559413799e-26
9.38229571985	5.57262673606e-26
9.39688715953	4.44203021362e-26
9.41147859922	3.54672088649e-26
9.42607003891	2.8304207971e-26
9.4406614786	2.26565058628e-26
9.45525291829	1.80318901747e-26
9.46984435798	1.44533023744e-26
9.48443579767	1.16405523105e-26
9.49902723736	9.44279792062e-27
9.51361867704	7.6406178774e-27
9.52821011673	6.2333915712e-27
9.54280155642	5.08068033564e-27
9.55739299611	4.17154455789e-27
9.5719844358	3.38215209781e-27
9.58657587549	2.78433564919e-27
9.60116731518	2.29999407353e-27
9.61575875487	1.93400891698e-27
9.63035019455	1.63016922236e-27
9.64494163424	1.38173299888e-27
9.65953307393	1.16963420788e-27
9.67412451362	9.98009772724e-28
9.68871595331	8.33505552604e-28
9.703307393	7.1709564657e-28
9.71789883269	6.26064035711e-28
9.73249027237	5.56391374952e-28
9.74708171206	4.96935304774e-28
9.76167315175	4.45002662955e-28
9.77626459144	3.90878545139e-28
9.79085603113	3.47938095519e-28
9.80544747082	3.07651664133e-28
9.82003891051	2.81007500399e-28
9.8346303502	2.6076722376e-28
9.84922178988	2.49388400064e-28
9.86381322957	2.39608050459e-28
9.87840466926	2.33333259802e-28
9.89299610895	2.28290937357e-28
9.90758754864	2.27961032124e-28
9.92217898833	2.33447298734e-28
9.93677042802	2.34952513799e-28
9.95136186771	2.32797501006e-28
9.96595330739	2.31219538108e-28
9.98054474708	2.32277800394e-28
9.99513618677	2.28415387752e-28
10.0097276265	2.29387541421e-28
10.0243190661	2.34494189265e-28
10.0389105058	2.48885500296e-28
10.0535019455	2.58043970796e-28
10.0680933852	2.62313757571e-28
10.0826848249	2.63601439491e-28
10.0972762646	2.69865934578e-28
10.1118677043	2.69000614212e-28
10.126459144	2.72695599836e-28
10.1410505837	2.82536005574e-28
10.1556420233	3.04194001533e-28
10.170233463	3.13933563766e-28
10.1848249027	3.23529704207e-28
10.1994163424	3.24721852515e-28
10.2140077821	3.29524173614e-28
10.2285992218	3.32474935005e-28
10.2431906615	3.4429568476e-28
10.2577821012	3.58551070088e-28
10.2723735409	3.89450034241e-28
10.2869649805	3.99717407335e-28
10.3015564202	4.06307488795e-28
10.3161478599	4.06256538545e-28
10.3307392996	4.09569338363e-28
10.3453307393	4.04384661673e-28
10.359922179	4.08487854943e-28
10.3745136187	4.18153349495e-28
10.3891050584	4.47644986081e-28
10.4036964981	4.57637240672e-28
10.4182879377	4.6472180841e-28
10.4328793774	4.66636630192e-28
10.4474708171	4.73969517109e-28
10.4620622568	4.68869682719e-28
10.4766536965	4.75473680147e-28
10.4912451362	4.89186914063e-28
10.5058365759	5.27003237997e-28
10.5204280156	5.39283292179e-28
10.5350194553	5.46239453075e-28
10.5496108949	5.42888563372e-28
10.5642023346	5.45304322574e-28
10.5787937743	5.38028812212e-28
10.593385214	5.40590757832e-28
10.6079766537	5.47964513724e-28
10.6225680934	5.80432963481e-28
10.6371595331	5.85007334108e-28
10.6517509728	5.83890901135e-28
10.6663424125	5.74292350688e-28
10.6809338521	5.73327433277e-28
10.6955252918	5.63580164427e-28
10.7101167315	5.67535914591e-28
10.7247081712	5.73184145889e-28
10.7392996109	6.02104518194e-28
10.7538910506	6.07312655886e-28
10.7684824903	6.11835924354e-28
10.78307393	6.11688396522e-28
10.7976653697	6.23308043954e-28
10.8122568093	6.17066255404e-28
10.826848249	6.19001474733e-28
10.8414396887	6.278460022e-28
10.8560311284	6.60433929775e-28
10.8706225681	6.65788170751e-28
10.8852140078	6.63846942038e-28
10.8998054475	6.5296741609e-28
10.9143968872	6.58728785274e-28
10.9289883268	6.51000878139e-28
10.9435797665	6.49717581324e-28
10.9581712062	6.51641241244e-28
10.9727626459	6.84482977888e-28
10.9873540856	6.91413243336e-28
11.0019455253	6.89888321862e-28
11.016536965	6.92347241727e-28
11.0311284047	7.0893992247e-28
11.0457198444	7.33850612586e-28
11.060311284	7.82715839999e-28
11.0749027237	8.4319527602e-28
11.0894941634	9.44929898901e-28
11.1040856031	1.05997098952e-27
11.1186770428	1.22090091446e-27
11.1332684825	1.43610093325e-27
11.1478599222	1.74275137457e-27
11.1624513619	2.1580429297e-27
11.1770428016	2.74253693787e-27
11.1916342412	3.543741244e-27
11.2062256809	4.64879427423e-27
11.2208171206	6.07157062049e-27
11.2354085603	8.13393428736e-27
11.25	1.00483853293e-26
11.2645914397	8.17148879564e-27
11.2791828794	6.12505963622e-27
11.2937743191	4.69781363695e-27
11.3083657588	3.59544463838e-27
11.3229571984	2.76324329979e-27
11.3375486381	2.14846367479e-27
11.3521400778	1.6907655108e-27
11.3667315175	1.34450821887e-27
11.3813229572	1.08539628096e-27
11.3959143969	9.03733202162e-28
11.4105058366	7.70666716486e-28
11.4250972763	6.76142659602e-28
11.439688716	6.00732946365e-28
11.4542801556	5.49275012989e-28
11.4688715953	5.14046244935e-28
11.483463035	4.91389446088e-28
11.4980544747	4.68400812423e-28
11.5126459144	4.62752131092e-28
11.5272373541	4.50481276229e-28
11.5418287938	4.42945337846e-28
11.5564202335	4.33004319841e-28
11.5710116732	4.30462523812e-28
11.5856031128	4.26116932436e-28
11.6001945525	4.28891626719e-28
11.6147859922	4.24518573629e-28
11.6293774319	4.28623736074e-28
11.6439688716	4.23447026299e-28
11.6585603113	4.17623359745e-28
11.673151751	3.95936623687e-28
11.6877431907	3.91454912578e-28
11.7023346304	3.87692002324e-28
11.71692607	3.87958425877e-28
11.7315175097	3.86887442839e-28
11.7461089494	3.99227321584e-28
11.7607003891	4.14669643848e-28
11.7752918288	4.35624557877e-28
11.7898832685	4.51015002494e-28
11.8044747082	4.73864183029e-28
11.8190661479	4.97910469825e-28
11.8336575876	5.20788885502e-28
11.8482490272	5.37431173955e-28
11.8628404669	5.70755453327e-28
11.8774319066	6.02862235373e-28
11.8920233463	6.28993959186e-28
11.906614786	6.45582608332e-28
11.9212062257	6.64746648067e-28
11.9357976654	6.73070945997e-28
11.9503891051	6.82408247403e-28
11.9649805447	6.77534382679e-28
11.9795719844	6.77214514806e-28
11.9941634241	6.68181849046e-28
12.0087548638	6.59495178679e-28
12.0233463035	6.37467325988e-28
12.0379377432	6.35474069591e-28
12.0525291829	6.30695625091e-28
12.0671206226	6.19009218548e-28
12.0817120623	6.07622107538e-28
12.0963035019	6.07914273789e-28
12.1108949416	6.08161346139e-28
12.1254863813	6.21882822109e-28
12.140077821	6.34490008946e-28
12.1546692607	6.49175802734e-28
12.1692607004	6.58712354068e-28
12.1838521401	6.64263818501e-28
12.1984435798	6.62307528556e-28
12.2130350195	6.66590062445e-28
12.2276264591	6.70855600901e-28
12.2422178988	6.77185944302e-28
12.2568093385	6.88628051211e-28
12.2714007782	7.050677808e-28
12.2859922179	7.16660299491e-28
12.3005836576	7.28110438941e-28
12.3151750973	7.30630573937e-28
12.329766537	7.37831118604e-28
12.3443579767	7.45131389935e-28
12.3589494163	7.51438259789e-28
12.373540856	7.60446223979e-28
12.3881322957	7.80400655218e-28
12.4027237354	7.91693720295e-28
12.4173151751	7.94362690978e-28
12.4319066148	7.92502941311e-28
12.4464980545	7.96319422144e-28
12.4610894942	8.05963052279e-28
12.4756809339	8.26013929643e-28
12.4902723735	8.50930402234e-28
12.5048638132	8.7164256942e-28
12.5194552529	8.89410101627e-28
12.5340466926	8.96480621856e-28
12.5486381323	8.92032297585e-28
12.563229572	8.92416810559e-28
12.5778210117	8.88923279342e-28
12.5924124514	8.85149820938e-28
12.6070038911	8.82029389053e-28
12.6215953307	8.74649404442e-28
12.6361867704	8.64252538391e-28
12.6507782101	8.4760981538e-28
12.6653696498	8.31011162802e-28
12.6799610895	8.28201393528e-28
12.6945525292	8.35460750844e-28
12.7091439689	8.51693161167e-28
12.7237354086	8.84766732545e-28
12.7383268483	9.08111582792e-28
12.7529182879	9.15121998411e-28
12.7675097276	9.07765505943e-28
12.7821011673	9.00095032123e-28
12.796692607	8.91627635229e-28
12.8112840467	8.94655816788e-28
12.8258754864	9.15675459876e-28
12.8404669261	9.44315607483e-28
12.8550583658	9.53087420308e-28
12.8696498054	9.5654684106e-28
12.8842412451	9.45161073451e-28
12.8988326848	9.31153868345e-28
12.9134241245	9.27171143632e-28
12.9280155642	9.27732543955e-28
12.9426070039	9.29465088393e-28
12.9571984436	9.36534666853e-28
12.9717898833	9.35997149556e-28
12.986381323	9.30440387215e-28
13.0009727626	9.13280610829e-28
13.0155642023	8.97470789205e-28
13.030155642	8.81076506966e-28
13.0447470817	8.74930409459e-28
13.0593385214	8.80311361359e-28
13.0739299611	9.0781188934e-28
13.0885214008	9.1909990002e-28
13.1031128405	9.15594495267e-28
13.1177042802	9.01122455762e-28
13.1322957198	8.90153820686e-28
13.1468871595	8.77188731483e-28
13.1614785992	8.78481058879e-28
13.1760700389	8.9531382425e-28
13.1906614786	9.29841291547e-28
13.2052529183	9.33158893904e-28
13.219844358	9.37993522266e-28
13.2344357977	9.23819287633e-28
13.2490272374	9.06715811618e-28
13.263618677	8.97654862233e-28
13.2782101167	8.96446693502e-28
13.2928015564	8.9546128442e-28
13.3073929961	9.20027811412e-28
13.3219844358	9.28889537031e-28
13.3365758755	9.30907633444e-28
13.3511673152	9.11455662017e-28
13.3657587549	8.97661219649e-28
13.3803501946	8.80132815169e-28
13.3949416342	8.75467924613e-28
13.4095330739	8.86524596298e-28
13.4241245136	9.18931147725e-28
13.4387159533	9.25624919845e-28
13.453307393	9.33583648845e-28
13.4678988327	9.29897854215e-28
13.4824902724	9.28266881327e-28
13.4970817121	9.12057929932e-28
13.5116731518	9.18072401693e-28
13.5262645914	9.32888835329e-28
13.5408560311	9.68858531047e-28
13.5554474708	9.85378172521e-28
13.5700389105	9.9775600685e-28
13.5846303502	9.90959222809e-28
13.5992217899	9.83677825254e-28
13.6138132296	9.76328528607e-28
13.6284046693	9.8343010845e-28
13.642996109	9.90566743322e-28
13.6575875486	1.03773450769e-27
13.6721789883	1.05273268326e-27
13.686770428	1.05694069163e-27
13.7013618677	1.05146776635e-27
13.7159533074	1.0583232733e-27
13.7305447471	1.05446867551e-27
13.7451361868	1.05643120918e-27
13.7597276265	1.06746097345e-27
13.7743190661	1.10436366615e-27
13.7889105058	1.10517792789e-27
13.8035019455	1.10755667753e-27
13.8180933852	1.08750689666e-27
13.8326848249	1.07273829627e-27
13.8472762646	1.06406841511e-27
13.8618677043	1.07588663103e-27
13.876459144	1.08692429034e-27
13.8910505837	1.12029725371e-27
13.9056420233	1.12705221195e-27
13.920233463	1.1310898141e-27
13.9348249027	1.1149917296e-27
13.9494163424	1.11545476606e-27
13.9640077821	1.11199633657e-27
13.9785992218	1.12206675987e-27
13.9931906615	1.12924788215e-27
14.0077821012	1.17413552576e-27
14.0223735409	1.18030086998e-27
14.0369649805	1.1722618014e-27
14.0515564202	1.15480046719e-27
14.0661478599	1.14877276556e-27
14.0807392996	1.12867320914e-27
14.0953307393	1.13541719789e-27
14.109922179	1.14906062282e-27
14.1245136187	1.19466414276e-27
14.1391050584	1.19685264866e-27
14.1536964981	1.197568822e-27
14.1682879377	1.17903076535e-27
14.1828793774	1.16775700315e-27
14.1974708171	1.15045880621e-27
14.2120622568	1.1493933631e-27
14.2266536965	1.14929594816e-27
14.2412451362	1.19414610933e-27
14.2558365759	1.20744872398e-27
14.2704280156	1.21202136088e-27
14.2850194553	1.19053955276e-27
14.2996108949	1.18587793304e-27
14.3142023346	1.17083402608e-27
14.3287937743	1.17252491477e-27
14.343385214	1.18029506177e-27
14.3579766537	1.22901526421e-27
14.3725680934	1.23389468673e-27
14.3871595331	1.22356836347e-27
14.4017509728	1.20033106354e-27
14.4163424125	1.19052487822e-27
14.4309338521	1.16413556403e-27
14.4455252918	1.16111740783e-27
14.4601167315	1.16025002571e-27
14.4747081712	1.19237936709e-27
14.4892996109	1.19354244669e-27
14.5038910506	1.19942945831e-27
14.5184824903	1.18661161713e-27
14.53307393	1.18267161621e-27
14.5476653697	1.17181260936e-27
14.5622568093	1.17033249881e-27
14.576848249	1.16407686153e-27
14.5914396887	1.20424815566e-27
14.6060311284	1.20825185743e-27
14.6206225681	1.20784765434e-27
14.6352140078	1.17900530411e-27
14.6498054475	1.16366029146e-27
14.6643968872	1.14170079977e-27
14.6789883268	1.12846033381e-27
14.6935797665	1.11333743975e-27
14.7081712062	1.13221367389e-27
14.7227626459	1.1151613355e-27
14.7373540856	1.10161012716e-27
14.7519455253	1.06934504171e-27
14.766536965	1.050619015e-27
14.7811284047	1.00970765576e-27
14.7957198444	9.88955697715e-28
14.810311284	9.61692039665e-28
14.8249027237	9.49224318131e-28
14.8394941634	9.03431455398e-28
14.8540856031	8.5572233136e-28
14.8686770428	7.93022130071e-28
14.8832684825	7.49627993979e-28
14.8978599222	7.14948845143e-28
14.9124513619	7.07363282569e-28
14.9270428016	7.34866978235e-28
14.9416342412	8.52126336808e-28
14.9562256809	1.06536664632e-27
14.9708171206	1.44064901127e-27
14.9854085603	2.15979672603e-27
15.0	2.92017755319e-27
