-14.9854085603	2.02133666387e-27
-14.9708171206	1.1766807558e-27
-14.9562256809	6.99300859727e-28
-14.9416342412	3.93647872233e-28
-14.9270428016	2.2646947731e-28
-14.9124513619	1.34020629558e-28
-14.8978599222	9.44935099728e-29
-14.8832684825	7.87973943458e-29
-14.8686770428	8.31492082003e-29
-14.8540856031	9.27099305833e-29
-14.8394941634	1.07795560609e-28
-14.8249027237	1.13150566655e-28
-14.810311284	1.29411662076e-28
-14.7957198444	1.42134561146e-28
-14.7811284047	1.5963887592e-28
-14.766536965	1.71971410127e-28
-14.7519455253	1.84944920205e-28
-14.7373540856	1.9237898207e-28
-14.7227626459	1.96236972086e-28
-14.7081712062	1.83633900782e-28
-14.6935797665	1.87719393841e-28
-14.6789883268	1.91114324163e-28
-14.6643968872	1.99445615254e-28
-14.6498054475	2.03723890991e-28
-14.6352140078	2.14302769613e-28
-14.6206225681	2.15728979284e-28
-14.6060311284	2.14876263064e-28
-14.5914396887	1.99846972738e-28
-14.576848249	1.97842586385e-28
-14.5622568093	1.98698444213e-28
-14.5476653696	2.07594694386e-28
-14.53307393	2.09709391384e-28
-14.5184824903	2.16396147347e-28
-14.5038910506	2.17208409654e-28
-14.4892996109	2.17219681687e-28
-14.4747081712	2.03257065707e-28
-14.4601167315	2.03861915228e-28
-14.4455252918	2.04357020507e-28
-14.4309338521	2.11413319928e-28
-14.4163424125	2.13441187879e-28
-14.4017509728	2.19027463732e-28
-14.3871595331	2.17279895831e-28
-14.3725680934	2.15166932048e-28
-14.3579766537	1.96452638241e-28
-14.343385214	1.92322537059e-28
-14.3287937743	1.89443490629e-28
-14.3142023346	1.9500784148e-28
-14.2996108949	1.95632695349e-28
-14.2850194553	2.02110224984e-28
-14.2704280156	2.01551872268e-28
-14.2558365759	2.00586264871e-28
-14.2412451362	1.83752947748e-28
-14.2266536965	1.8165789811e-28
-14.2120622568	1.79615910321e-28
-14.1974708171	1.85262792878e-28
-14.1828793774	1.86073390993e-28
-14.1682879377	1.91060363288e-28
-14.1536964981	1.89055986128e-28
-14.1391050584	1.8678568975e-28
-14.1245136187	1.68712824683e-28
-14.109922179	1.65591393222e-28
-14.0953307393	1.62789416064e-28
-14.0807392996	1.67368727442e-28
-14.0661478599	1.68693202057e-28
-14.0515564202	1.73889642584e-28
-14.0369649805	1.72278380722e-28
-14.0223735409	1.69939942915e-28
-14.0077821012	1.50981926267e-28
-13.9931906615	1.46494160692e-28
-13.9785992218	1.43329387063e-28
-13.9640077821	1.47087372206e-28
-13.9494163424	1.46494791834e-28
-13.9348249027	1.507631318e-28
-13.920233463	1.48867083206e-28
-13.9056420233	1.47084338419e-28
-13.8910505837	1.31918224056e-28
-13.876459144	1.29393073648e-28
-13.8618677043	1.29003079468e-28
-13.8472762646	1.34338190401e-28
-13.8326848249	1.35697150469e-28
-13.8180933852	1.40317688902e-28
-13.8035019455	1.40963866069e-28
-13.7889105058	1.41139804996e-28
-13.7743190661	1.28110158722e-28
-13.7597276265	1.26987201786e-28
-13.7451361868	1.28338710516e-28
-13.7305447471	1.33474022607e-28
-13.7159533074	1.35973956197e-28
-13.7013618677	1.39955317124e-28
-13.686770428	1.39611814669e-28
-13.6721789883	1.38859033792e-28
-13.6575875486	1.24053021902e-28
-13.6429961089	1.19722588202e-28
-13.6284046693	1.16109639352e-28
-13.6138132296	1.16959497153e-28
-13.5992217899	1.15594528156e-28
-13.5846303502	1.1647269706e-28
-13.5700389105	1.13471023423e-28
-13.5554474708	1.11138052735e-28
-13.5408560311	9.67965459854e-29
-13.5262645914	9.33110023576e-29
-13.5116731518	9.06069950615e-29
-13.4970817121	9.15916447337e-29
-13.4824902724	9.16801673109e-29
-13.4678988327	9.42422461823e-29
-13.453307393	9.41221159223e-29
-13.4387159533	9.37583661805e-29
-13.4241245136	8.52983797179e-29
-13.4095330739	8.35589046614e-29
-13.3949416342	8.15428109185e-29
-13.3803501946	8.51247272559e-29
-13.3657587549	8.7930991798e-29
-13.3511673152	9.23051520322e-29
-13.3365758755	9.46119016536e-29
-13.3219844358	9.70409599367e-29
-13.3073929961	9.15557154294e-29
-13.2928015564	9.26078149771e-29
-13.2782101167	9.42939661558e-29
-13.263618677	9.72179732915e-29
-13.2490272374	9.99709522648e-29
-13.2344357977	1.04737332035e-28
-13.219844358	1.06606807299e-28
-13.2052529183	1.09676653464e-28
-13.1906614786	1.09802652544e-28
-13.1760700389	1.13688749278e-28
-13.1614785992	1.17473303852e-28
-13.1468871595	1.22437979117e-28
-13.1322957198	1.26143770727e-28
-13.1177042802	1.30246871925e-28
-13.1031128405	1.31016842192e-28
-13.0885214008	1.29270646367e-28
-13.0739299611	1.22565474302e-28
-13.0593385214	1.21821486204e-28
-13.0447470817	1.23325734321e-28
-13.030155642	1.2488383538e-28
-13.0155642023	1.26890944365e-28
-13.0009727626	1.29524494181e-28
-12.986381323	1.31927884962e-28
-12.9717898833	1.3461281855e-28
-12.9571984436	1.35058272962e-28
-12.9426070039	1.37530153428e-28
-12.9280155642	1.4186191418e-28
-12.9134241245	1.44363024248e-28
-12.8988326848	1.46973926238e-28
-12.8842412451	1.51073243835e-28
-12.8696498054	1.56349157429e-28
-12.8550583658	1.64848047875e-28
-12.8404669261	1.77229033059e-28
-12.8258754864	1.87161612947e-28
-12.8112840467	1.9505309247e-28
-12.796692607	2.02139252823e-28
-12.7821011673	2.06105849931e-28
-12.7675097276	2.08091271e-28
-12.7529182879	2.12879366189e-28
-12.7383268482	2.17626460276e-28
-12.7237354086	2.1872053452e-28
-12.7091439689	2.19420965821e-28
-12.6945525292	2.21995236417e-28
-12.6799610895	2.20511866515e-28
-12.6653696498	2.20401443221e-28
-12.6507782101	2.19095720939e-28
-12.6361867704	2.2204039051e-28
-12.6215953307	2.27478157057e-28
-12.6070038911	2.35938539499e-28
-12.5924124514	2.37867938491e-28
-12.5778210117	2.41524519786e-28
-12.563229572	2.39607335618e-28
-12.5486381323	2.40222963106e-28
-12.5340466926	2.4312265503e-28
-12.5194552529	2.51027029031e-28
-12.5048638132	2.63230380186e-28
-12.4902723735	2.86339461757e-28
-12.4756809339	3.01170643196e-28
-12.4610894942	3.13501488802e-28
-12.4464980545	3.2010582039e-28
-12.4319066148	3.2597472537e-28
-12.4173151751	3.28001715062e-28
-12.4027237354	3.35239014336e-28
-12.3881322957	3.40200787638e-28
-12.373540856	3.52525716738e-28
-12.3589494163	3.60511012431e-28
-12.3443579767	3.65961322205e-28
-12.329766537	3.63323717175e-28
-12.3151750973	3.65325347934e-28
-12.3005836576	3.65452258214e-28
-12.2859922179	3.72282132615e-28
-12.2714007782	3.82559020474e-28
-12.2568093385	4.06951776863e-28
-12.2422178988	4.18604264727e-28
-12.2276264591	4.32043942093e-28
-12.2130350195	4.31961810615e-28
-12.1984435798	4.34742211379e-28
-12.1838521401	4.34276914011e-28
-12.1692607004	4.40189425624e-28
-12.1546692607	4.47266528854e-28
-12.140077821	4.7069144783e-28
-12.1254863813	4.7749494489e-28
-12.1108949416	4.79767002698e-28
-12.0963035019	4.70206459996e-28
-12.0817120623	4.66894385172e-28
-12.0671206226	4.62788520139e-28
-12.0525291829	4.71423150847e-28
-12.0379377432	4.80464384124e-28
-12.0233463035	5.08074646964e-28
-12.0087548638	5.19122281985e-28
-11.9941634241	5.30333072664e-28
-11.9795719844	5.32121807101e-28
-11.9649805447	5.39736190403e-28
-11.9503891051	5.44570473213e-28
-11.9357976654	5.6198538821e-28
-11.9212062257	5.87540763075e-28
-11.906614786	6.38696272703e-28
-11.8920233463	6.61599026418e-28
-11.8774319066	6.76532878399e-28
-11.8628404669	6.68376367096e-28
-11.8482490272	6.62908722653e-28
-11.8336575875	6.54440221856e-28
-11.8190661479	6.58569177708e-28
-11.8044747082	6.63833674052e-28
-11.7898832685	6.93783590941e-28
-11.7752918288	6.94458304243e-28
-11.7607003891	6.8981454761e-28
-11.7461089494	6.71770698726e-28
-11.7315175097	6.62066551589e-28
-11.71692607	6.56365981099e-28
-11.7023346304	6.67296054994e-28
-11.6877431907	6.71309231401e-28
-11.673151751	7.00776776878e-28
-11.6585603113	7.08374336609e-28
-11.6439688716	7.06728860785e-28
-11.6293774319	6.91061503862e-28
-11.6147859922	6.79121598838e-28
-11.6001945525	6.65277647419e-28
-11.5856031128	6.7346468879e-28
-11.5710116732	6.84619540947e-28
-11.5564202335	7.18661209716e-28
-11.5418287938	7.16064619017e-28
-11.5272373541	7.10657715732e-28
-11.5126459144	6.88893215765e-28
-11.4980544747	6.68855917366e-28
-11.483463035	6.53412962058e-28
-11.4688715953	6.5163185566e-28
-11.4542801556	6.57879028763e-28
-11.439688716	6.91406765584e-28
-11.4250972763	6.97069959136e-28
-11.4105058366	7.10375277701e-28
-11.3959143969	7.35873356528e-28
-11.3813229572	8.050636077e-28
-11.3667315175	9.14867439686e-28
-11.3521400778	1.10021917307e-27
-11.3375486381	1.37095514165e-27
-11.3229571984	1.77163901558e-27
-11.3083657588	2.32271105824e-27
-11.2937743191	3.11505229827e-27
-11.2791828794	4.19477784139e-27
-11.2645914397	5.83933973775e-27
-11.25	7.36983135965e-27
-11.2354085603	5.70384215965e-27
-11.2208171206	3.97989169501e-27
-11.2062256809	2.83209863824e-27
-11.1916342412	1.97705663087e-27
-11.1770428016	1.37285357116e-27
-11.1624513619	9.40247771149e-28
-11.1478599222	6.3763082608e-28
-11.1332684825	4.28310450948e-28
-11.1186770428	2.87477187014e-28
-11.1040856031	1.98434693952e-28
-11.0894941634	1.37621777101e-28
-11.0749027237	1.14592476848e-28
-11.060311284	1.10612930334e-28
-11.0457198444	1.22276230266e-28
-11.0311284047	1.3891664723e-28
-11.016536965	1.61954625399e-28
-11.0019455253	1.79218962098e-28
-10.9873540856	1.99871171446e-28
-10.9727626459	2.0443370994e-28
-10.9581712062	2.2271166769e-28
-10.9435797665	2.4452713977e-28
-10.9289883268	2.74691639831e-28
-10.9143968872	3.00155411512e-28
-10.8998054475	3.24429475518e-28
-10.8852140078	3.40233605668e-28
-10.8706225681	3.47139997237e-28
-10.8560311284	3.3101705817e-28
-10.8414396887	3.35342374288e-28
-10.826848249	3.42405257865e-28
-10.8122568093	3.61851237886e-28
-10.7976653696	3.77928375663e-28
-10.78307393	3.93060106411e-28
-10.7684824903	3.97231960371e-28
-10.7538910506	4.00487351649e-28
-10.7392996109	3.83188983143e-28
-10.7247081712	3.85130625111e-28
-10.7101167315	3.89834633329e-28
-10.6955252918	4.05664868127e-28
-10.6809338521	4.16132723134e-28
-10.6663424125	4.29454406651e-28
-10.6517509728	4.28607682053e-28
-10.6371595331	4.25419487445e-28
-10.6225680934	3.98956044628e-28
-10.6079766537	3.93881978211e-28
-10.593385214	3.93577549095e-28
-10.5787937743	4.07641665192e-28
-10.5642023346	4.18532949014e-28
-10.5496108949	4.33012087985e-28
-10.5350194553	4.39330224943e-28
-10.5204280156	4.44035312033e-28
-10.5058365759	4.2867304172e-28
-10.4912451362	4.34085512907e-28
-10.4766536965	4.38067615483e-28
-10.4620622568	4.52162181542e-28
-10.4474708171	4.60113912967e-28
-10.4328793774	4.66047616812e-28
-10.4182879377	4.5668290101e-28
-10.4036964981	4.42550123962e-28
-10.3891050584	4.02812901213e-28
-10.3745136187	3.88118076041e-28
-10.359922179	3.77618414098e-28
-10.3453307393	3.79598336627e-28
-10.3307392996	3.78326709736e-28
-10.3161478599	3.80855544347e-28
-10.3015564202	3.72938143058e-28
-10.2869649805	3.63339386891e-28
-10.2723735409	3.31731358601e-28
-10.2577821012	3.19769827082e-28
-10.2431906615	3.11379899047e-28
-10.2285992218	3.14640384113e-28
-10.2140077821	3.13917174988e-28
-10.1994163424	3.16666695336e-28
-10.1848249027	3.09966892784e-28
-10.170233463	3.02137490614e-28
-10.1556420233	2.7766522878e-28
-10.1410505837	2.72492815853e-28
-10.126459144	2.69113574225e-28
-10.1118677043	2.75838973538e-28
-10.0972762646	2.79044026533e-28
-10.0826848249	2.82019303345e-28
-10.0680933852	2.76839109256e-28
-10.0535019455	2.73374441486e-28
-10.0389105058	2.52550844199e-28
-10.0243190661	2.49375966542e-28
-10.0097276265	2.51225656117e-28
-9.99513618677	2.6587229295e-28
-9.98054474708	2.82899046991e-28
-9.96595330739	3.06646506655e-28
-9.9513618677	3.3438374485e-28
-9.93677042802	3.82135047342e-28
-9.92217898833	4.39740024311e-28
-9.90758754864	5.24198970481e-28
-9.89299610895	6.34236884995e-28
-9.87840466926	7.73306435924e-28
-9.86381322957	9.45997077669e-28
-9.84922178988	1.16996647131e-27
-9.83463035019	1.45714759443e-27
-9.82003891051	1.8479728496e-27
-9.80544747082	2.37088635463e-27
-9.79085603113	3.03472487586e-27
-9.77626459144	3.89471259019e-27
-9.76167315175	5.00079173323e-27
-9.74708171206	6.39601503229e-27
-9.73249027237	8.16393588262e-27
-9.71789883268	1.04773353456e-26
-9.703307393	1.34766965027e-26
-9.68871595331	1.73951253869e-26
-9.67412451362	2.23600197725e-26
-9.65953307393	2.86529317094e-26
-9.64494163424	3.66654108462e-26
-9.63035019455	4.69061460919e-26
-9.61575875486	5.99241835709e-26
-9.60116731517	7.66526535568e-26
-9.58657587549	9.81418441474e-26
-9.5719844358	1.25762392418e-25
-9.55739299611	1.6072429112e-25
-9.54280155642	2.05087190127e-25
-9.52821011673	2.61483925077e-25
-9.51361867704	3.33332498706e-25
-9.49902723735	4.24691195862e-25
-9.48443579767	5.41033948585e-25
-9.46984435798	6.89192594693e-25
-9.45525291829	8.78200999269e-25
-9.4406614786	1.11760283372e-24
-9.42607003891	1.42161882543e-24
-9.41147859922	1.80742704108e-24
-9.39688715953	2.29691550077e-24
-9.38229571984	2.91764067557e-24
-9.36770428016	3.70532620795e-24
-9.35311284047	4.7041189219e-24
-9.33852140078	5.97096995556e-24
-9.32392996109	7.57340720611e-24
-9.3093385214	9.59998558463e-24
-9.29474708171	1.21617038321e-23
-9.28015564202	1.54006578276e-23
-9.26556420233	1.94927172241e-23
-9.25097276265	2.46620683745e-23
-9.23638132296	3.11896185733e-23
-9.22178988327	3.94287184824e-23
-9.20719844358	4.98137690868e-23
-9.19260700389	6.29033621366e-23
-9.1780155642	7.9391620968e-23
-9.16342412451	1.00155448172e-22
-9.14883268482	1.2628976164e-22
-9.13424124514	1.59173513699e-22
-9.11964980545	2.00527570844e-22
-9.10505836576	2.52515865694e-22
-9.09046692607	3.17813941111e-22
-9.07587548638	3.99799337097e-22
-9.06128404669	5.026846298e-22
-9.046692607	6.31742397434e-22
-9.03210116731	7.93541382294e-22
-9.01750972763	9.96316346707e-22
-9.00291828794	1.25030171602e-21
-8.98832684825	1.5682984395e-21
-8.97373540856	1.96615891463e-21
-8.95914396887	2.46374028729e-21
-8.94455252918	3.08571545381e-21
-8.92996108949	3.86281130279e-21
-8.91536964981	4.8332326236e-21
-8.90077821012	6.04453940543e-21
-8.88618677043	7.55572788255e-21
-8.87159533074	9.44014558155e-21
-8.85700389105	1.17886174825e-20
-8.84241245136	1.47140662286e-20
-8.82782101167	1.83563959048e-20
-8.81322957198	2.28890654035e-20
-8.7986381323	2.85268658456e-20
-8.78404669261	3.55358789334e-20
-8.76945525292	4.424512656e-20
-8.75486381323	5.50617671516e-20
-8.74027237354	6.84885160934e-20
-8.72568093385	8.51471565699e-20
-8.71108949416	1.05805066667e-19
-8.69649805447	1.31409698092e-19
-8.68190661479	1.63129438642e-19
-8.6673151751	2.02405331688e-19
-8.65272373541	2.51012570743e-19
-8.63813229572	3.11137992873e-19
-8.62354085603	3.85472465724e-19
-8.60894941634	4.77328355276e-19
-8.59435797665	5.90777523568e-19
-8.57976653696	7.30825847185e-19
-8.56517509728	9.0362185283e-19
-8.55058365759	1.11671534928e-18
-8.5359922179	1.37937008362e-18
-8.52140077821	1.70294946159e-18
-8.50680933852	2.10137972165e-18
-8.49221789883	2.59172723209e-18
-8.47762645914	3.19488912287e-18
-8.46303501945	3.9364435641e-18
-8.44844357977	4.84767893857e-18
-8.43385214008	5.96685105123e-18
-8.41926070039	7.34070534073e-18
-8.4046692607	9.02633792892e-18
-8.39007782101	1.10934397954e-17
-8.37548638132	1.36270450694e-17
-8.36089494163	1.67308409117e-17
-8.34630350195	2.0531202042e-17
-8.33171206226	2.51820633705e-17
-8.31712062257	3.08708449572e-17
-8.30252918288	3.78255941796e-17
-8.28793774319	4.63236627053e-17
-8.2733463035	5.67021665997e-17
-8.25875486381	6.93706799477e-17
-8.24416342412	8.48265111907e-17
-8.22957198444	1.03673194359e-16
-8.21498054475	1.26642769009e-16
-8.20038910506	1.54622690019e-16
-8.18579766537	1.88688212857e-16
-8.17120622568	2.30141479164e-16
-8.15661478599	2.80558466931e-16
-8.1420233463	3.41845663337e-16
-8.12743190661	4.16308044952e-16
-8.11284046693	5.06730918516e-16
-8.09824902724	6.16478173719e-16
-8.08365758755	7.49610309103e-16
-8.06906614786	9.11025954965e-16
-8.05447470817	1.10663176643e-15
-8.03988326848	1.34354584792e-15
-8.02529182879	1.63034179312e-15
-8.0107003891	1.97734048258e-15
-7.99610894942	2.39695957892e-15
-7.98151750973	2.90413121622e-15
-7.96692607004	3.51680147812e-15
-7.95233463035	4.25652680407e-15
-7.93774319066	5.14918630297e-15
-7.92315175097	6.22583136309e-15
-7.90856031128	7.52369938066e-15
-7.89396887159	9.08742112348e-15
-7.87937743191	1.09704596745e-14
-7.86478599222	1.32368226703e-14
-7.85019455253	1.59631001978e-14
-7.83560311284	1.92408871403e-14
-7.82101167315	2.31796625892e-14
-7.80642023346	2.79102088615e-14
-7.79182879377	3.35886712346e-14
-7.77723735409	4.04013723616e-14
-7.7626459144	4.85705211893e-14
-7.74805447471	5.83609770735e-14
-7.73346303502	7.00882607465e-14
-7.71887159533	8.41280336226e-14
-7.70428015564	1.00927312185e-13
-7.68968871595	1.21017722431e-13
-7.67509727626	1.45031161782e-13
-7.66050583658	1.73718288818e-13
-7.64591439689	2.07970342803e-13
-7.6313229572	2.48844874308e-13
-7.61673151751	2.97596073129e-13
-7.60214007782	3.55710489804e-13
-7.58754863813	4.24949089075e-13
-7.57295719844	5.07396721289e-13
-7.55836575875	6.05520296187e-13
-7.54377431907	7.22237135019e-13
-7.52918287938	8.60995243683e-13
-7.51459143969	1.02586752596e-12
-7.5	1.22166227577e-12
-7.48540856031	1.45405269025e-12
-7.47081712062	1.72972872336e-12
-7.45622568093	2.0565746574e-12
-7.44163424124	2.44387700363e-12
-7.42704280156	2.90256760009e-12
-7.41245136187	3.44550769157e-12
-7.39785992218	4.08781970996e-12
-7.38326848249	4.84727452427e-12
-7.3686770428	5.74474314641e-12
-7.35408560311	6.80472330919e-12
-7.33949416342	8.05595291654e-12
-7.32490272373	9.53212429724e-12
-7.31031128405	1.12727152404e-11
-7.29571984436	1.33239553599e-11
-7.28112840467	1.57399490648e-11
-7.26653696498	1.85839797402e-11
-7.25194552529	2.19300233652e-11
-7.2373540856	2.58645041354e-11
-7.22276264591	3.04883294215e-11
-7.20817120623	3.59192471029e-11
-7.19357976654	4.22945744555e-11
-7.17898832685	4.97743552412e-11
-7.16439688716	5.8545009751e-11
-7.14980544747	6.88235521121e-11
-7.13521400778	8.08624597592e-11
-7.12062256809	9.49552923826e-11
-7.1060311284	1.11443171285e-10
-7.09143968872	1.30722246255e-10
-7.07684824903	1.53252294515e-10
-7.06225680934	1.79566617053e-10
-7.04766536965	2.102834204e-10
-7.03307392996	2.46118898256e-10
-7.01848249027	2.87902256588e-10
-7.00389105058	3.36592959642e-10
-6.98929961089	3.93300511536e-10
-6.97470817121	4.59307131323e-10
-6.96011673152	5.36093726649e-10
-6.94552529183	6.25369626132e-10
-6.93093385214	7.2910659072e-10
-6.91634241245	8.49577693656e-10
-6.90175097276	9.89401734936e-10
-6.88715953307	1.1515939435e-09
-6.87256809338	1.33962381665e-09
-6.8579766537	1.5574810563e-09
-6.84338521401	1.80975068184e-09
-6.82879377432	2.10169853771e-09
-6.81420233463	2.43936856472e-09
-6.79961089494	2.82969337596e-09
-6.78501945525	3.28061986668e-09
-6.77042801556	3.80125180128e-09
-6.75583657588	4.40201155437e-09
-6.74124513619	5.09482344848e-09
-6.7266536965	5.89332141921e-09
-6.71206225681	6.81308406635e-09
-6.69747081712	7.87190050629e-09
-6.68287937743	9.09007084211e-09
-6.66828793774	1.04907455062e-08
-6.65369649805	1.21003082209e-08
-6.63910505837	1.39488078592e-08
-6.62451361868	1.6070445085e-08
-6.60992217899	1.85041203053e-08
-6.5953307393	2.12940501906e-08
-6.58073929961	2.44904608132e-08
-6.56614785992	2.81503663266e-08
-6.55155642023	3.23384430635e-08
-6.53696498054	3.71280099837e-08
-6.52237354086	4.26021275462e-08
-6.50778210117	4.88548283428e-08
-6.49319066148	5.59924941926e-08
-6.47859922179	6.41353959031e-08
-6.4640077821	7.34194135201e-08
-6.44941634241	8.39979566742e-08
-6.43482490272	9.60441065421e-08
-6.42023346303	1.09753003041e-07
-6.40564202335	1.25344503125e-07
-6.39105058366	1.43066138505e-07
-6.37645914397	1.63196403747e-07
-6.36186770428	1.86048408568e-07
-6.34727626459	2.11973931174e-07
-6.3326848249	2.41367912844e-07
-6.31809338521	2.7467343742e-07
-6.30350194552	3.12387243217e-07
-6.28891050584	3.55065818864e-07
-6.27431906615	4.03332138937e-07
-6.25972762646	4.5788309982e-07
-6.24513618677	5.19497721126e-07
-6.23054474708	5.89046183188e-07
-6.21595330739	6.67499776618e-07
-6.2013618677	7.55941845702e-07
-6.18677042802	8.55579813509e-07
-6.17217898833	9.67758382973e-07
-6.15758754864	1.09397401493e-06
-6.14299610895	1.23589079103e-06
-6.12840466926	1.39535777686e-06
-6.11381322957	1.57442800791e-06
-6.09922178988	1.77537922918e-06
-6.08463035019	2.00073652689e-06
-6.07003891051	2.25329699929e-06
-6.05544747082	2.53615662172e-06
-6.04085603113	2.85273946988e-06
-6.02626459144	3.20682947355e-06
-6.01167315175	3.60260488186e-06
-5.99708171206	4.04467562966e-06
-5.98249027237	4.53812380312e-06
-5.96789883268	5.0885474107e-06
-5.953307393	5.70210767381e-06
-5.93871595331	6.38558005895e-06
-5.92412451362	7.14640928001e-06
-5.90953307393	7.99276850601e-06
-5.89494163424	8.93362301484e-06
-5.88035019455	9.97879853848e-06
-5.86575875486	1.11390545485e-05
-5.85116731517	1.24261627331e-05
-5.83657587549	1.38529909167e-05
-5.8219844358	1.54335926746e-05
-5.80739299611	1.71833028884e-05
-5.79280155642	1.91188394873e-05
-5.77821011673	2.12584116096e-05
-5.76361867704	2.36218344097e-05
-5.74902723735	2.6230650724e-05
-5.73443579766	2.9108259792e-05
-5.71984435798	3.22800532079e-05
-5.70525291829	3.57735582588e-05
-5.6906614786	3.96185887733e-05
-5.67607003891	4.38474035764e-05
-5.66147859922	4.84948726084e-05
-5.64688715953	5.35986507259e-05
-5.63229571984	5.91993591553e-05
-5.61770428016	6.53407745195e-05
-5.60311284047	7.20700253001e-05
-5.58852140078	7.9437795536e-05
-5.57392996109	8.7498535491e-05
-5.5593385214	9.63106789462e-05
-5.54474708171	0.000105936866697
-5.53015564202	0.000116444175746
-5.51556420233	0.000127904353585
-5.50097276265	0.000140394056882
-5.48638132296	0.000153995093749
-5.47178988327	0.000168794668707
-5.45719844358	0.000184885629304
-5.44260700389	0.000202366713252
-5.4280155642	0.000221342794829
-5.41342412451	0.000241925129148
-5.39883268482	0.000264231592802
-5.38424124514	0.000288386919223
-5.36964980545	0.000314522927018
-5.35505836576	0.000342778739382
-5.34046692607	0.000373300992583
-5.32587548638	0.000406244031396
-5.31128404669	0.00044177008925
-5.296692607	0.000480049450755
-5.28210116731	0.000521260594172
-5.26750972763	0.000565590311333
-5.25291828794	0.00061323380241
-5.23832684825	0.000664394742937
-5.22373540856	0.000719285320404
-5.20914396887	0.000778126237775
-5.19455252918	0.000841146681257
-5.17996108949	0.000908584249718
-5.1653696498	0.000980684843189
-5.15077821012	0.00105770250799
-5.13618677043	0.00113989923614
-5.12159533074	0.00122754471689
-5.10700389105	0.00132091603831
-5.09241245136	0.00142029733726
-5.07782101167	0.00152597939616
-5.06322957198	0.00163825918534
-5.0486381323	0.00175743935006
-5.03404669261	0.00188382764166
-5.01945525292	0.00201773629279
-5.00486381323	0.00215948133673
-4.99027237354	0.0023093818718
-4.97568093385	0.00246775927184
-4.96108949416	0.00263493634456
-4.94649805447	0.00281123643985
-4.93190661479	0.0029969825108
-4.9173151751	0.00319249613064
-4.90272373541	0.00339809646939
-4.88813229572	0.00361409923442
-4.87354085603	0.00384081557973
-4.85894941634	0.00407855098927
-4.84435797665	0.00432760413988
-4.82976653696	0.00458826575015
-4.81517509728	0.00486081742169
-4.80058365759	0.00514553047956
-4.7859922179	0.00544266481924
-4.77140077821	0.0057524677673
-4.75680933852	0.00607517296353
-4.74221789883	0.00641099927192
-4.72762645914	0.00676014972838
-4.71303501945	0.00712281053259
-4.69844357977	0.00749915009154
-4.68385214008	0.00788931812202
-4.66926070039	0.00829344481884
-4.6546692607	0.00871164009548
-4.64007782101	0.00914399290323
-4.62548638132	0.00959057063439
-4.61089494163	0.0100514186145
-4.59630350194	0.0105265596881
-4.58171206226	0.0110159939013
-4.56712062257	0.0115196982845
-4.55252918288	0.0120376267372
-4.53793774319	0.0125697100158
-4.5233463035	0.0131158558259
-4.50875486381	0.0136759490173
-4.49416342412	0.0142498518817
-4.47957198444	0.0148374045508
-4.46498054475	0.0154384254915
-4.45038910506	0.016052712095
-4.43579766537	0.0166800413559
-4.42120622568	0.0173201706354
-4.40661478599	0.0179728385038
-4.3920233463	0.0186377656561
-4.37743190661	0.0193146558938
-4.36284046693	0.0200031971656
-4.34824902724	0.0207030626613
-4.33365758755	0.0214139119487
-4.31906614786	0.022135392148
-4.30447470817	0.0228671391355
-4.28988326848	0.0236087787672
-4.27529182879	0.0243599281165
-4.2607003891	0.0251201967175
-4.24610894942	0.0258891878062
-4.23151750973	0.0266664995531
-4.21692607004	0.0274517262796
-4.20233463035	0.0282444596531
-4.18774319066	0.0290442898525
-4.17315175097	0.0298508067015
-4.15856031128	0.0306636007616
-4.14396887159	0.0314822643826
-4.12937743191	0.0323063927054
-4.11478599222	0.0331355846134
-4.10019455253	0.0339694436306
-4.08560311284	0.0348075787628
-4.07101167315	0.0356496052806
-4.05642023346	0.0364951454431
-4.04182879377	0.0373438291605
-4.02723735408	0.0381952945963
-4.0126459144	0.0390491887074
-3.99805447471	0.0399051677255
-3.98346303502	0.0407628975768
-3.96887159533	0.0416220542444
-3.95428015564	0.0424823240735
-3.93968871595	0.043343404021
-3.92509727626	0.0442050018519
-3.91050583658	0.0450668362852
-3.89591439689	0.0459286370904
-3.8813229572	0.0467901451391
-3.86673151751	0.0476511124119
-3.85214007782	0.0485113019661
-3.83754863813	0.0493704878652
-3.82295719844	0.0502284550728
-3.80836575875	0.0510849993159
-3.79377431907	0.051939926918
-3.77918287938	0.0527930546062
-3.76459143969	0.0536442092952
-3.75	0.0544932278492
-3.73540856031	0.055339956827
-3.72081712062	0.0561842522104
-3.70622568093	0.0570259791191
-3.69163424124	0.0578650115156
-3.67704280156	0.0587012318994
-3.66245136187	0.0595345309963
-3.64785992218	0.0603648074409
-3.63326848249	0.061191967457
-3.6186770428	0.0620159245365
-3.60408560311	0.0628365991169
-3.58949416342	0.0636539182622
-3.57490272373	0.0644678153441
-3.56031128405	0.0652782297294
-3.54571984436	0.0660851064696
-3.53112840467	0.0668883959983
-3.51653696498	0.0676880538338
-3.50194552529	0.0684840402894
-3.4873540856	0.069276320191
-3.47276264591	0.0700648626034
-3.45817120623	0.0708496405652
-3.44357976654	0.0716306308323
-3.42898832685	0.0724078136314
-3.41439688716	0.0731811724218
-3.39980544747	0.073950693668
-3.38521400778	0.0747163666215
-3.37062256809	0.0754781831116
-3.3560311284	0.0762361373467
-3.34143968872	0.0769902257253
-3.32684824903	0.0777404466549
-3.31225680934	0.0784868003823
-3.29766536965	0.0792292888315
-3.28307392996	0.0799679154507
-3.26848249027	0.080702685069
-3.25389105058	0.0814336037601
-3.23929961089	0.082160678715
-3.22470817121	0.0828839181229
-3.21011673152	0.0836033310588
-3.19552529183	0.0843189273792
-3.18093385214	0.0850307176246
-3.16634241245	0.0857387129285
-3.15175097276	0.0864429249334
-3.13715953307	0.0871433657127
-3.12256809338	0.087840047698
-3.1079766537	0.0885329836129
-3.09338521401	0.0892221864114
-3.07879377432	0.0899076692214
-3.06420233463	0.0905894452931
-3.04961089494	0.0912675279522
-3.03501945525	0.0919419305563
-3.02042801556	0.0926126664563
-3.00583657587	0.0932797489612
-2.99124513619	0.0939431913058
-2.9766536965	0.0946030066228
-2.96206225681	0.0952592079168
-2.94747081712	0.0959118080419
-2.93287937743	0.0965608196816
-2.91828793774	0.0972062553311
-2.90369649805	0.0978481272824
-2.88910505837	0.0984864476105
-2.87451361868	0.0991212281627
-2.85992217899	0.0997524805488
-2.8453307393	0.100380216133
-2.83073929961	0.10100444603
-2.81614785992	0.101625181094
-2.80155642023	0.102242431924
-2.78696498054	0.102856208851
-2.77237354086	0.103466521947
-2.75778210117	0.104073381015
-2.74319066148	0.104676795597
-2.72859922179	0.105276774968
-2.7140077821	0.105873328145
-2.69941634241	0.106466463883
-2.68482490272	0.107056190683
-2.67023346303	0.107642516789
-2.65564202335	0.1082254502
-2.64105058366	0.108804998667
-2.62645914397	0.109381169701
-2.61186770428	0.109953970578
-2.59727626459	0.110523408341
-2.5826848249	0.111089489808
-2.56809338521	0.111652221576
-2.55350194552	0.112211610026
-2.53891050584	0.11276766133
-2.52431906615	0.113320381455
-2.50972762646	0.113869776168
-2.49513618677	0.114415851044
-2.48054474708	0.114958611469
-2.46595330739	0.115498062647
-2.4513618677	0.116034209605
-2.43677042801	0.116567057199
-2.42217898833	0.117096610118
-2.40758754864	0.11762287289
-2.39299610895	0.118145849887
-2.37840466926	0.118665545332
-2.36381322957	0.1191819633
-2.34922178988	0.119695107728
-2.33463035019	0.120204982414
-2.32003891051	0.120711591026
-2.30544747082	0.121214937107
-2.29085603113	0.121715024074
-2.27626459144	0.12221185523
-2.26167315175	0.122705433761
-2.24708171206	0.123195762744
-2.23249027237	0.123682845152
-2.21789883268	0.124166683854
-2.203307393	0.12464728162
-2.18871595331	0.125124641129
-2.17412451362	0.125598764966
-2.15953307393	0.126069655627
-2.14494163424	0.126537315527
-2.13035019455	0.127001746996
-2.11575875486	0.127462952288
-2.10116731517	0.12792093358
-2.08657587549	0.128375692978
-2.0719844358	0.128827232516
-2.05739299611	0.129275554161
-2.04280155642	0.129720659816
-2.02821011673	0.130162551322
-2.01361867704	0.130601230458
-1.99902723735	0.131036698946
-1.98443579766	0.131468958453
-1.96984435798	0.131898010591
-1.95525291829	0.132323856921
-1.9406614786	0.132746498954
-1.92607003891	0.133165938154
-1.91147859922	0.133582175938
-1.89688715953	0.133995213678
-1.88229571984	0.134405052704
-1.86770428015	0.134811694306
-1.85311284047	0.135215139731
-1.83852140078	0.13561539019
-1.82392996109	0.136012446857
-1.8093385214	0.13640631087
-1.79474708171	0.136796983332
-1.78015564202	0.137184465314
-1.76556420233	0.137568757855
-1.75097276265	0.137949861963
-1.73638132296	0.138327778615
-1.72178988327	0.138702508762
-1.70719844358	0.139074053325
-1.69260700389	0.1394424132
-1.6780155642	0.139807589255
-1.66342412451	0.140169582336
-1.64883268482	0.140528393262
-1.63424124514	0.140884022832
-1.61964980545	0.14123647182
-1.60505836576	0.141585740979
-1.59046692607	0.141931831042
-1.57587548638	0.14227474272
-1.56128404669	0.142614476705
-1.546692607	0.142951033671
-1.53210116731	0.143284414273
-1.51750972763	0.143614619149
-1.50291828794	0.143941648917
-1.48832684825	0.144265504182
-1.47373540856	0.144586185531
-1.45914396887	0.144903693536
-1.44455252918	0.145218028752
-1.42996108949	0.145529191723
-1.4153696498	0.145837182975
-1.40077821012	0.146142003023
-1.38618677043	0.146443652366
-1.37159533074	0.146742131493
-1.35700389105	0.147037440879
-1.34241245136	0.147329580986
-1.32782101167	0.147618552265
-1.31322957198	0.147904355155
-1.29863813229	0.148186990086
-1.28404669261	0.148466457473
-1.26945525292	0.148742757725
-1.25486381323	0.149015891236
-1.24027237354	0.149285858395
-1.22568093385	0.149552659578
-1.21108949416	0.149816295153
-1.19649805447	0.150076765477
-1.18190661479	0.1503340709
-1.1673151751	0.150588211763
-1.15272373541	0.150839188398
-1.13813229572	0.151087001128
-1.12354085603	0.151331650271
-1.10894941634	0.151573136133
-1.09435797665	0.151811459016
-1.07976653696	0.152046619212
-1.06517509728	0.152278617008
-1.05058365759	0.152507452682
-1.0359922179	0.152733126506
-1.02140077821	0.152955638745
-1.00680933852	0.153174989657
-0.992217898832	0.153391179496
-0.977626459143	0.153604208507
-0.963035019454	0.153814076929
-0.948443579766	0.154020784997
-0.933852140077	0.154224332939
-0.919260700388	0.154424720976
-0.9046692607	0.154621949327
-0.890077821011	0.154816018201
-0.875486381322	0.155006927806
-0.860894941633	0.155194678341
-0.846303501945	0.155379270003
-0.831712062256	0.155560702982
-0.817120622567	0.155738977463
-0.802529182879	0.155914093629
-0.78793774319	0.156086051655
-0.773346303501	0.156254851713
-0.758754863812	0.15642049397
-0.744163424124	0.156582978589
-0.729571984435	0.156742305728
-0.714980544746	0.156898475541
-0.700389105058	0.157051488179
-0.685797665369	0.157201343787
-0.67120622568	0.157348042507
-0.656614785991	0.157491584478
-0.642023346303	0.157631969832
-0.627431906614	0.157769198701
-0.612840466925	0.15790327121
-0.598249027237	0.158034187483
-0.583657587548	0.158161947639
-0.569066147859	0.158286551792
-0.55447470817	0.158408000056
-0.539883268482	0.158526292539
-0.525291828793	0.158641429346
-0.510700389104	0.158753410578
-0.496108949416	0.158862236335
-0.481517509727	0.158967906711
-0.466926070038	0.159070421799
-0.452334630349	0.159169781687
-0.437743190661	0.159265986461
-0.423151750972	0.159359036203
-0.408560311283	0.159448930994
-0.393968871594	0.159535670909
-0.379377431906	0.159619256023
-0.364785992217	0.159699686405
-0.350194552528	0.159776962124
-0.33560311284	0.159851083244
-0.321011673151	0.159922049827
-0.306420233462	0.159989861932
-0.291828793773	0.160054519616
-0.277237354085	0.160116022931
-0.262645914396	0.16017437193
-0.248054474707	0.160229566658
-0.233463035019	0.160281607163
-0.21887159533	0.160330493486
-0.204280155641	0.160376225668
-0.189688715952	0.160418803745
-0.175097276264	0.160458227753
-0.160505836575	0.160494497722
-0.145914396886	0.160527613684
-0.131322957198	0.160557575664
-0.116731517509	0.160584383686
-0.10214007782	0.160608037773
-0.0875486381314	0.160628537943
-0.0729571984427	0.160645884213
-0.058365758754	0.160660076597
-0.0437743190653	0.160671115105
-0.0291828793766	0.160678999748
-0.0145914396879	0.160683730531
8.5975671027e-13	0.160685307459
0.0145914396896	0.160683730531
0.0291828793783	0.160678999748
0.043774319067	0.160671115105
0.0583657587557	0.160660076597
0.0729571984444	0.160645884213
0.0875486381332	0.160628537943
0.102140077822	0.160608037773
0.116731517511	0.160584383686
0.131322957199	0.160557575664
0.145914396888	0.160527613684
0.160505836577	0.160494497722
0.175097276265	0.160458227753
0.189688715954	0.160418803745
0.204280155643	0.160376225668
0.218871595332	0.160330493486
0.23346303502	0.160281607163
0.248054474709	0.160229566658
0.262645914398	0.16017437193
0.277237354086	0.160116022931
0.291828793775	0.160054519616
0.306420233464	0.159989861932
0.321011673153	0.159922049827
0.335603112841	0.159851083244
0.35019455253	0.159776962124
0.364785992219	0.159699686405
0.379377431907	0.159619256023
0.393968871596	0.159535670909
0.408560311285	0.159448930994
0.423151750974	0.159359036203
0.437743190662	0.159265986461
0.452334630351	0.159169781687
0.46692607004	0.159070421799
0.481517509729	0.158967906711
0.496108949417	0.158862236335
0.510700389106	0.158753410578
0.525291828795	0.158641429346
0.539883268483	0.158526292539
0.554474708172	0.158408000056
0.569066147861	0.158286551792
0.58365758755	0.158161947639
0.598249027238	0.158034187483
0.612840466927	0.15790327121
0.627431906616	0.157769198701
0.642023346304	0.157631969832
0.656614785993	0.157491584478
0.671206225682	0.157348042507
0.685797665371	0.157201343787
0.700389105059	0.157051488179
0.714980544748	0.156898475541
0.729571984437	0.156742305728
0.744163424125	0.156582978589
0.758754863814	0.15642049397
0.773346303503	0.156254851713
0.787937743192	0.156086051655
0.80252918288	0.155914093629
0.817120622569	0.155738977463
0.831712062258	0.155560702982
0.846303501946	0.155379270003
0.860894941635	0.155194678341
0.875486381324	0.155006927806
0.890077821013	0.154816018201
0.904669260701	0.154621949327
0.91926070039	0.154424720976
0.933852140079	0.154224332939
0.948443579767	0.154020784997
0.963035019456	0.153814076929
0.977626459145	0.153604208507
0.992217898834	0.153391179496
1.00680933852	0.153174989657
1.02140077821	0.152955638745
1.0359922179	0.152733126506
1.05058365759	0.152507452682
1.06517509728	0.152278617008
1.07976653697	0.152046619212
1.09435797665	0.151811459016
1.10894941634	0.151573136133
1.12354085603	0.151331650271
1.13813229572	0.151087001128
1.15272373541	0.150839188398
1.1673151751	0.150588211763
1.18190661479	0.1503340709
1.19649805448	0.150076765477
1.21108949416	0.149816295153
1.22568093385	0.149552659578
1.24027237354	0.149285858395
1.25486381323	0.149015891236
1.26945525292	0.148742757725
1.28404669261	0.148466457473
1.2986381323	0.148186990086
1.31322957199	0.147904355155
1.32782101167	0.147618552265
1.34241245136	0.147329580986
1.35700389105	0.147037440879
1.37159533074	0.146742131493
1.38618677043	0.146443652366
1.40077821012	0.146142003023
1.41536964981	0.145837182975
1.4299610895	0.145529191723
1.44455252918	0.145218028752
1.45914396887	0.144903693536
1.47373540856	0.144586185531
1.48832684825	0.144265504182
1.50291828794	0.143941648917
1.51750972763	0.143614619149
1.53210116732	0.143284414273
1.546692607	0.142951033671
1.56128404669	0.142614476705
1.57587548638	0.14227474272
1.59046692607	0.141931831042
1.60505836576	0.141585740979
1.61964980545	0.14123647182
1.63424124514	0.140884022832
1.64883268483	0.140528393262
1.66342412451	0.140169582336
1.6780155642	0.139807589255
1.69260700389	0.1394424132
1.70719844358	0.139074053325
1.72178988327	0.138702508762
1.73638132296	0.138327778615
1.75097276265	0.137949861963
1.76556420234	0.137568757855
1.78015564202	0.137184465314
1.79474708171	0.136796983332
1.8093385214	0.13640631087
1.82392996109	0.136012446857
1.83852140078	0.13561539019
1.85311284047	0.135215139731
1.86770428016	0.134811694306
1.88229571985	0.134405052704
1.89688715953	0.133995213678
1.91147859922	0.133582175938
1.92607003891	0.133165938154
1.9406614786	0.132746498954
1.95525291829	0.132323856921
1.96984435798	0.131898010591
1.98443579767	0.131468958453
1.99902723736	0.131036698946
2.01361867704	0.130601230458
2.02821011673	0.130162551322
2.04280155642	0.129720659816
2.05739299611	0.129275554161
2.0719844358	0.128827232516
2.08657587549	0.128375692978
2.10116731518	0.12792093358
2.11575875486	0.127462952288
2.13035019455	0.127001746996
2.14494163424	0.126537315527
2.15953307393	0.126069655627
2.17412451362	0.125598764966
2.18871595331	0.125124641129
2.203307393	0.12464728162
2.21789883269	0.124166683854
2.23249027237	0.123682845152
2.24708171206	0.123195762744
2.26167315175	0.122705433761
2.27626459144	0.12221185523
2.29085603113	0.121715024074
2.30544747082	0.121214937107
2.32003891051	0.120711591026
2.3346303502	0.120204982414
2.34922178988	0.119695107728
2.36381322957	0.1191819633
2.37840466926	0.118665545332
2.39299610895	0.118145849887
2.40758754864	0.11762287289
2.42217898833	0.117096610118
2.43677042802	0.116567057199
2.45136186771	0.116034209605
2.46595330739	0.115498062647
2.48054474708	0.114958611469
2.49513618677	0.114415851044
2.50972762646	0.113869776168
2.52431906615	0.113320381455
2.53891050584	0.11276766133
2.55350194553	0.112211610026
2.56809338522	0.111652221576
2.5826848249	0.111089489808
2.59727626459	0.110523408341
2.61186770428	0.109953970578
2.62645914397	0.109381169701
2.64105058366	0.108804998667
2.65564202335	0.1082254502
2.67023346304	0.107642516789
2.68482490272	0.107056190683
2.69941634241	0.106466463883
2.7140077821	0.105873328145
2.72859922179	0.105276774968
2.74319066148	0.104676795597
2.75778210117	0.104073381015
2.77237354086	0.103466521947
2.78696498055	0.102856208851
2.80155642023	0.102242431924
2.81614785992	0.101625181094
2.83073929961	0.10100444603
2.8453307393	0.100380216134
2.85992217899	0.0997524805488
2.87451361868	0.0991212281627
2.88910505837	0.0984864476105
2.90369649806	0.0978481272824
2.91828793774	0.0972062553312
2.93287937743	0.0965608196816
2.94747081712	0.095911808042
2.96206225681	0.0952592079169
2.9766536965	0.0946030066228
2.99124513619	0.0939431913058
3.00583657588	0.0932797489612
3.02042801557	0.0926126664564
3.03501945525	0.0919419305563
3.04961089494	0.0912675279523
3.06420233463	0.0905894452932
3.07879377432	0.0899076692214
3.09338521401	0.0892221864114
3.1079766537	0.088532983613
3.12256809339	0.087840047698
3.13715953307	0.0871433657127
3.15175097276	0.0864429249335
3.16634241245	0.0857387129285
3.18093385214	0.0850307176246
3.19552529183	0.0843189273793
3.21011673152	0.0836033310589
3.22470817121	0.082883918123
3.2392996109	0.0821606787151
3.25389105058	0.0814336037601
3.26848249027	0.0807026850691
3.28307392996	0.0799679154508
3.29766536965	0.0792292888315
3.31225680934	0.0784868003824
3.32684824903	0.077740446655
3.34143968872	0.0769902257253
3.35603112841	0.0762361373468
3.37062256809	0.0754781831116
3.38521400778	0.0747163666216
3.39980544747	0.0739506936681
3.41439688716	0.0731811724218
3.42898832685	0.0724078136315
3.44357976654	0.0716306308324
3.45817120623	0.0708496405653
3.47276264592	0.0700648626035
3.4873540856	0.0692763201911
3.50194552529	0.0684840402895
3.51653696498	0.067688053834
3.53112840467	0.0668883959984
3.54571984436	0.0660851064697
3.56031128405	0.0652782297295
3.57490272374	0.0644678153443
3.58949416343	0.0636539182623
3.60408560311	0.0628365991171
3.6186770428	0.0620159245366
3.63326848249	0.0611919674572
3.64785992218	0.060364807441
3.66245136187	0.0595345309964
3.67704280156	0.0587012318996
3.69163424125	0.0578650115157
3.70622568093	0.0570259791193
3.72081712062	0.0561842522105
3.73540856031	0.0553399568272
3.75	0.0544932278494
3.76459143969	0.0536442092953
3.77918287938	0.0527930546064
3.79377431907	0.0519399269181
3.80836575876	0.051084999316
3.82295719844	0.0502284550729
3.83754863813	0.0493704878653
3.85214007782	0.0485113019663
3.86673151751	0.047651112412
3.8813229572	0.0467901451392
3.89591439689	0.0459286370906
3.91050583658	0.0450668362853
3.92509727627	0.0442050018521
3.93968871595	0.0433434040211
3.95428015564	0.0424823240737
3.96887159533	0.0416220542445
3.98346303502	0.0407628975769
3.99805447471	0.0399051677257
4.0126459144	0.0390491887076
4.02723735409	0.0381952945965
4.04182879378	0.0373438291607
4.05642023346	0.0364951454433
4.07101167315	0.0356496052808
4.08560311284	0.034807578763
4.10019455253	0.0339694436308
4.11478599222	0.0331355846136
4.12937743191	0.0323063927056
4.1439688716	0.0314822643828
4.15856031129	0.0306636007618
4.17315175097	0.0298508067017
4.18774319066	0.0290442898527
4.20233463035	0.0282444596533
4.21692607004	0.0274517262798
4.23151750973	0.0266664995533
4.24610894942	0.0258891878064
4.26070038911	0.0251201967177
4.27529182879	0.0243599281167
4.28988326848	0.0236087787674
4.30447470817	0.0228671391357
4.31906614786	0.0221353921482
4.33365758755	0.0214139119489
4.34824902724	0.0207030626615
4.36284046693	0.0200031971658
4.37743190662	0.019314655894
4.3920233463	0.0186377656563
4.40661478599	0.017972838504
4.42120622568	0.0173201706356
4.43579766537	0.0166800413561
4.45038910506	0.0160527120952
4.46498054475	0.0154384254917
4.47957198444	0.014837404551
4.49416342413	0.0142498518819
4.50875486381	0.0136759490175
4.5233463035	0.0131158558261
4.53793774319	0.012569710016
4.55252918288	0.0120376267374
4.56712062257	0.0115196982847
4.58171206226	0.0110159939015
4.59630350195	0.0105265596883
4.61089494164	0.0100514186147
4.62548638132	0.00959057063457
4.64007782101	0.0091439929034
4.6546692607	0.00871164009564
4.66926070039	0.008293444819
4.68385214008	0.00788931812218
4.69844357977	0.00749915009169
4.71303501946	0.00712281053274
4.72762645915	0.00676014972853
4.74221789883	0.00641099927207
4.75680933852	0.00607517296367
4.77140077821	0.00575246776743
4.7859922179	0.00544266481937
4.80058365759	0.00514553047969
4.81517509728	0.00486081742182
4.82976653697	0.00458826575027
4.84435797665	0.00432760413999
4.85894941634	0.00407855098938
4.87354085603	0.00384081557984
4.88813229572	0.00361409923452
4.90272373541	0.00339809646949
4.9173151751	0.00319249613074
4.93190661479	0.00299698251089
4.94649805448	0.00281123643994
4.96108949416	0.00263493634465
4.97568093385	0.00246775927192
4.99027237354	0.00230938187188
5.00486381323	0.00215948133681
5.01945525292	0.00201773629286
5.03404669261	0.00188382764173
5.0486381323	0.00175743935012
5.06322957199	0.00163825918541
5.07782101167	0.00152597939622
5.09241245136	0.00142029733732
5.10700389105	0.00132091603836
5.12159533074	0.00122754471694
5.13618677043	0.00113989923619
5.15077821012	0.00105770250804
5.16536964981	0.000980684843233
5.1799610895	0.000908584249759
5.19455252918	0.000841146681296
5.20914396887	0.000778126237812
5.22373540856	0.00071928532044
5.23832684825	0.00066439474297
5.25291828794	0.000613233802442
5.26750972763	0.000565590311363
5.28210116732	0.0005212605942
5.29669260701	0.000480049450781
5.31128404669	0.000441770089275
5.32587548638	0.000406244031419
5.34046692607	0.000373300992605
5.35505836576	0.000342778739403
5.36964980545	0.000314522927037
5.38424124514	0.000288386919241
5.39883268483	0.000264231592819
5.41342412451	0.000241925129164
5.4280155642	0.000221342794844
5.44260700389	0.000202366713266
5.45719844358	0.000184885629317
5.47178988327	0.000168794668719
5.48638132296	0.00015399509376
5.50097276265	0.000140394056892
5.51556420234	0.000127904353595
5.53015564202	0.000116444175755
5.54474708171	0.000105936866706
5.5593385214	9.63106789543e-05
5.57392996109	8.74985354985e-05
5.58852140078	7.9437795543e-05
5.60311284047	7.20700253065e-05
5.61770428016	6.53407745255e-05
5.63229571985	5.91993591609e-05
5.64688715953	5.3598650731e-05
5.66147859922	4.84948726132e-05
5.67607003891	4.38474035808e-05
5.6906614786	3.96185887774e-05
5.70525291829	3.57735582626e-05
5.71984435798	3.22800532113e-05
5.73443579767	2.91082597952e-05
5.74902723736	2.6230650727e-05
5.76361867704	2.36218344124e-05
5.77821011673	2.12584116121e-05
5.79280155642	1.91188394897e-05
5.80739299611	1.71833028905e-05
5.8219844358	1.54335926766e-05
5.83657587549	1.38529909186e-05
5.85116731518	1.24261627348e-05
5.86575875487	1.11390545501e-05
5.88035019455	9.97879853992e-06
5.89494163424	8.93362301616e-06
5.90953307393	7.99276850723e-06
5.92412451362	7.14640928113e-06
5.93871595331	6.38558005997e-06
5.953307393	5.70210767474e-06
5.96789883269	5.08854741155e-06
5.98249027237	4.5381238039e-06
5.99708171206	4.04467563037e-06
6.01167315175	3.60260488251e-06
6.02626459144	3.20682947415e-06
6.04085603113	2.85273947042e-06
6.05544747082	2.53615662221e-06
6.07003891051	2.25329699973e-06
6.0846303502	2.0007365273e-06
6.09922178988	1.77537922956e-06
6.11381322957	1.57442800825e-06
6.12840466926	1.39535777717e-06
6.14299610895	1.23589079132e-06
6.15758754864	1.09397401518e-06
6.17217898833	9.67758383207e-07
6.18677042802	8.55579813721e-07
6.20136186771	7.55941845896e-07
6.21595330739	6.67499776795e-07
6.23054474708	5.8904618335e-07
6.24513618677	5.19497721273e-07
6.25972762646	4.57883099955e-07
6.27431906615	4.0333213906e-07
6.28891050584	3.55065818975e-07
6.30350194553	3.12387243318e-07
6.31809338522	2.74673437513e-07
6.3326848249	2.41367912929e-07
6.34727626459	2.11973931252e-07
6.36186770428	1.86048408638e-07
6.37645914397	1.63196403812e-07
6.39105058366	1.43066138563e-07
6.40564202335	1.25344503177e-07
6.42023346304	1.09753003087e-07
6.43482490272	9.60441065832e-08
6.44941634241	8.39979567109e-08
6.4640077821	7.34194135531e-08
6.47859922179	6.41353959324e-08
6.49319066148	5.59924942187e-08
6.50778210117	4.88548283657e-08
6.52237354086	4.26021275666e-08
6.53696498055	3.71280100014e-08
6.55155642023	3.23384430794e-08
6.56614785992	2.81503663407e-08
6.58073929961	2.44904608258e-08
6.5953307393	2.12940502018e-08
6.60992217899	1.85041203154e-08
6.62451361868	1.6070445094e-08
6.63910505837	1.39488078672e-08
6.65369649806	1.21003082281e-08
6.66828793774	1.04907455128e-08
6.68287937743	9.09007084813e-09
6.69747081712	7.87190051182e-09
6.71206225681	6.81308407137e-09
6.7266536965	5.89332142381e-09
6.74124513619	5.09482345263e-09
6.75583657588	4.40201155814e-09
6.77042801557	3.80125180464e-09
6.78501945525	3.28061986984e-09
6.79961089494	2.82969337885e-09
6.81420233463	2.43936856738e-09
6.82879377432	2.10169854011e-09
6.84338521401	1.80975068404e-09
6.8579766537	1.55748105826e-09
6.87256809339	1.33962381842e-09
6.88715953308	1.15159394503e-09
6.90175097276	9.89401736348e-10
6.91634241245	8.4957769493e-10
6.93093385214	7.29106591873e-10
6.94552529183	6.25369627147e-10
6.96011673152	5.36093727556e-10
6.97470817121	4.59307132112e-10
6.9892996109	3.93300512227e-10
7.00389105058	3.36592960217e-10
7.01848249027	2.87902257105e-10
7.03307392996	2.46118898702e-10
7.04766536965	2.10283420786e-10
7.06225680934	1.79566617375e-10
7.07684824903	1.53252294792e-10
7.09143968872	1.30722246487e-10
7.10603112841	1.1144317148e-10
7.12062256809	9.49552925332e-11
7.13521400778	8.08624598934e-11
7.14980544747	6.88235522238e-11
7.16439688716	5.85450098473e-11
7.17898832685	4.97743553209e-11
7.19357976654	4.22945745278e-11
7.20817120623	3.59192471675e-11
7.22276264592	3.04883294835e-11
7.2373540856	2.5864504191e-11
7.25194552529	2.19300234276e-11
7.26653696498	1.85839798008e-11
7.28112840467	1.57399491233e-11
7.29571984436	1.33239554106e-11
7.31031128405	1.12727152857e-11
7.32490272374	9.53212433562e-12
7.33949416343	8.05595294938e-12
7.35408560311	6.80472333305e-12
7.3686770428	5.74474316884e-12
7.38326848249	4.8472745441e-12
7.39785992218	4.08781972833e-12
7.41245136187	3.44550770697e-12
7.42704280156	2.90256761399e-12
7.44163424125	2.4438770156e-12
7.45622568094	2.05657466915e-12
7.47081712062	1.72972873395e-12
7.48540856031	1.45405270287e-12
7.5	1.22166228862e-12
7.51459143969	1.02586753785e-12
7.52918287938	8.60995253565e-13
7.54377431907	7.22237143697e-13
7.55836575876	6.05520303211e-13
7.57295719844	5.0739672744e-13
7.58754863813	4.24949093824e-13
7.60214007782	3.55710494685e-13
7.61673151751	2.9759607742e-13
7.6313229572	2.48844878238e-13
7.64591439689	2.07970346004e-13
7.66050583658	1.73718291546e-13
7.67509727627	1.45031163876e-13
7.68968871595	1.21017724176e-13
7.70428015564	1.00927313339e-13
7.71887159533	8.41280349953e-14
7.73346303502	7.00882620566e-14
7.74805447471	5.83609783277e-14
7.7626459144	4.85705221955e-14
7.77723735409	4.04013731947e-14
7.79182879378	3.35886717677e-14
7.80642023346	2.79102092325e-14
7.82101167315	2.31796626673e-14
7.83560311284	1.9240887305e-14
7.85019455253	1.59631004068e-14
7.86478599222	1.32368229779e-14
7.87937743191	1.09704599687e-14
7.8939688716	9.08742146927e-15
7.90856031129	7.52369971584e-15
7.92315175097	6.22583174979e-15
7.93774319066	5.14918666601e-15
7.95233463035	4.25652729436e-15
7.96692607004	3.51680203892e-15
7.98151750973	2.90413183394e-15
7.99610894942	2.39696018125e-15
8.01070038911	1.97734107585e-15
8.0252918288	1.6303423424e-15
8.03988326848	1.34354637653e-15
8.05447470817	1.10663223913e-15
8.06906614786	9.11026444886e-16
8.08365758755	7.49610779728e-16
8.09824902724	6.16478626446e-16
8.11284046693	5.06731329521e-16
8.12743190662	4.16308424085e-16
8.1420233463	3.41845995336e-16
8.15661478599	2.8055875864e-16
8.17120622568	2.30141715336e-16
8.18579766537	1.88688432045e-16
8.20038910506	1.54622887685e-16
8.21498054475	1.26642953056e-16
8.22957198444	1.0367335856e-16
8.24416342413	8.48266638876e-17
8.25875486381	6.93708172953e-17
8.2733463035	5.67022940522e-17
8.28793774319	4.63237753729e-17
8.30252918288	3.78257053717e-17
8.31712062257	3.08709500122e-17
8.33171206226	2.51821634704e-17
8.34630350195	2.05312923651e-17
8.36089494164	1.67309234323e-17
8.37548638132	1.36271180651e-17
8.39007782101	1.10935054429e-17
8.4046692607	9.02639345504e-18
8.41926070039	7.34075717335e-18
8.43385214008	5.96689837517e-18
8.44844357977	4.84772339839e-18
8.46303501946	3.93648404549e-18
8.47762645915	3.19492651376e-18
8.49221789883	2.59176086907e-18
8.50680933852	2.10141104779e-18
8.52140077821	1.70297758343e-18
8.5359922179	1.37939752504e-18
8.55058365759	1.11674107415e-18
8.56517509728	9.0364610244e-19
8.57976653697	7.30847802657e-19
8.59435797666	5.90797443894e-19
8.60894941634	4.77345728046e-19
8.62354085603	3.85487887024e-19
8.63813229572	3.11150987671e-19
8.65272373541	2.51024450421e-19
8.6673151751	2.02415907127e-19
8.68190661479	1.63139000146e-19
8.69649805448	1.31418122666e-19
8.71108949416	1.05812676095e-19
8.72568093385	8.51538340611e-20
8.74027237354	6.84944935413e-20
8.75486381323	5.50669151529e-20
8.76945525292	4.42499649279e-20
8.78404669261	3.55403012376e-20
8.7986381323	2.85309565474e-20
8.81322957199	2.28927302348e-20
8.82782101167	1.83597266977e-20
8.84241245136	1.47170264888e-20
8.85700389105	1.17912838704e-20
8.87159533074	9.44245933979e-21
8.88618677043	7.55788914277e-21
8.90077821012	6.04651398083e-21
8.91536964981	4.83505321031e-21
8.9299610895	3.86443879146e-21
8.94455252918	3.08719281078e-21
8.95914396887	2.46505988578e-21
8.97373540856	1.96736465343e-21
8.98832684825	1.56936154185e-21
9.00291828794	1.25130239462e-21
9.01750972763	9.9723273496e-22
9.03210116732	7.9438901955e-22
9.04669260701	6.32496713767e-22
9.06128404669	5.03361395148e-22
9.07587548638	4.00395148957e-22
9.09046692607	3.18340865176e-22
9.10505836576	2.52964651435e-22
9.11964980545	2.00935727829e-22
9.13424124514	1.59535483863e-22
9.14883268483	1.26613549945e-22
9.16342412452	1.00438702001e-22
9.1780155642	7.96412336873e-23
9.19260700389	6.31186349741e-23
9.20719844358	5.00028997836e-23
9.22178988327	3.95894737084e-23
9.23638132296	3.13347416916e-23
9.25097276265	2.47900487096e-23
9.26556420234	1.96073639125e-23
9.28015564202	1.55006300465e-23
9.29474708171	1.22502309628e-23
9.3093385214	9.67694208567e-24
9.32392996109	7.64155237608e-24
9.33852140078	6.0293073583e-24
9.35311284047	4.75776108706e-24
9.36770428016	3.75321367315e-24
9.38229571985	2.96075828301e-24
9.39688715953	2.33443391854e-24
9.41147859922	1.84050946391e-24
9.42607003891	1.45014737054e-24
9.4406614786	1.14256179988e-24
9.45525291829	8.99107559044e-25
9.46984435798	7.08061369193e-25
9.48443579767	5.57721398699e-25
9.49902723736	4.39595267025e-25
9.51361867704	3.46222760822e-25
9.52821011673	2.72847193624e-25
9.54280155642	2.14919468217e-25
9.55739299611	1.6941230086e-25
9.5719844358	1.33171964661e-25
9.58657587549	1.04911637934e-25
9.60116731518	8.26620714692e-26
9.61575875487	6.53546324403e-26
9.63035019455	5.16472414062e-26
9.64494163424	4.08536030059e-26
9.65953307393	3.2251153022e-26
9.67412451362	2.55085465012e-26
9.68871595331	2.00427331424e-26
9.703307393	1.58586639127e-26
9.71789883269	1.25796563509e-26
9.73249027237	1.00399869521e-26
9.74708171206	8.00837053416e-27
9.76167315175	6.40669392937e-27
9.77626459144	5.09140937928e-27
9.79085603113	4.07264749028e-27
9.80544747082	3.22696576793e-27
9.82003891051	2.60664074933e-27
9.8346303502	2.12101766018e-27
9.84922178988	1.7628865445e-27
9.86381322957	1.46319291953e-27
9.87840466926	1.23558817453e-27
9.89299610895	1.04819657108e-27
9.90758754864	9.01473682028e-28
9.92217898833	7.81016940469e-28
9.93677042802	6.93964768807e-28
9.95136186771	6.19154449324e-28
9.96595330739	5.68932907628e-28
9.98054474708	5.22353990985e-28
9.99513618677	4.81998140883e-28
10.0097276265	4.51734781603e-28
10.0243190661	4.38518438803e-28
10.0389105058	4.36590869012e-28
10.0535019455	4.35308667712e-28
10.0680933852	4.3592902167e-28
10.0826848249	4.37023210586e-28
10.0972762646	4.40942117748e-28
10.1118677043	4.37285631027e-28
10.126459144	4.38201993049e-28
10.1410505837	4.52176455364e-28
10.1556420233	4.83454561192e-28
10.170233463	5.01286339648e-28
10.1848249027	5.17552667561e-28
10.1994163424	5.23366568402e-28
10.2140077821	5.3135029725e-28
10.2285992218	5.37652467296e-28
10.2431906615	5.55213282215e-28
10.2577821012	5.80192020149e-28
10.2723735409	6.26515841678e-28
10.2869649805	6.47884072928e-28
10.3015564202	6.6878780479e-28
10.3161478599	6.77740283287e-28
10.3307392996	6.87150784924e-28
10.3453307393	6.87368839218e-28
10.359922179	6.99858489931e-28
10.3745136187	7.22423102214e-28
10.3891050584	7.70574467377e-28
10.4036964981	7.93008365609e-28
10.4182879377	8.11004061209e-28
10.4328793774	8.19320949714e-28
10.4474708171	8.30703395373e-28
10.4620622568	8.2854810552e-28
10.4766536965	8.39062585048e-28
10.4912451362	8.61741696353e-28
10.5058365759	9.20539991118e-28
10.5204280156	9.40031687663e-28
10.5350194553	9.49533679181e-28
10.5496108949	9.44954121366e-28
10.5642023346	9.46266684162e-28
10.5787937743	9.34383770963e-28
10.593385214	9.35339964019e-28
10.6079766537	9.46423667192e-28
10.6225680934	9.91293503965e-28
10.6371595331	9.92400615592e-28
10.6517509728	9.89471118929e-28
10.6663424125	9.76740812112e-28
10.6809338521	9.70554835193e-28
10.6955252918	9.57034137821e-28
10.7101167315	9.60690737605e-28
10.7247081712	9.70508466072e-28
10.7392996109	1.00955974008e-27
10.7538910506	1.01402887122e-27
10.7684824903	1.02129108568e-27
10.78307393	1.01836751506e-27
10.7976653697	1.02721279425e-27
10.8122568093	1.01425864763e-27
10.826848249	1.0069951242e-27
10.8414396887	1.01486461047e-27
10.8560311284	1.05530707268e-27
10.8706225681	1.05802541684e-27
10.8852140078	1.05270383144e-27
10.8998054475	1.03441136094e-27
10.9143968872	1.03269435305e-27
10.9289883268	1.0152184045e-27
10.9435797665	1.00674866156e-27
10.9581712062	1.00154238906e-27
10.9727626459	1.03976818926e-27
10.9873540856	1.04132096701e-27
11.0019455253	1.03355047221e-27
11.016536965	1.02879224165e-27
11.0311284047	1.03015835767e-27
11.0457198444	1.03888557749e-27
11.060311284	1.0729305338e-27
11.0749027237	1.11813242314e-27
11.0894941634	1.21311694011e-27
11.1040856031	1.31156007514e-27
11.1186770428	1.45839210159e-27
11.1332684825	1.65419068028e-27
11.1478599222	1.94163755935e-27
11.1624513619	2.33284232607e-27
11.1770428016	2.89508414884e-27
11.1916342412	3.67357506737e-27
11.2062256809	4.76108929257e-27
11.2208171206	6.17067375039e-27
11.2354085603	8.2151438151e-27
11.25	1.01233817356e-26
11.2645914397	8.22841954208e-27
11.2791828794	6.15120320861e-27
11.2937743191	4.70113554421e-27
11.3083657588	3.58279292468e-27
11.3229571984	2.74663667126e-27
11.3375486381	2.12169275267e-27
11.3521400778	1.65182672374e-27
11.3667315175	1.29954808471e-27
11.3813229572	1.03429144993e-27
11.3959143969	8.4017729398e-28
11.4105058366	7.00574184515e-28
11.4250972763	6.02477672907e-28
11.439688716	5.25602802912e-28
11.4542801556	4.7015040449e-28
11.4688715953	4.30966079931e-28
11.483463035	4.06140212765e-28
11.4980544747	3.83655958337e-28
11.5126459144	3.74590632614e-28
11.5272373541	3.64007384896e-28
11.5418287938	3.58999630107e-28
11.5564202335	3.53981060745e-28
11.5710116732	3.57152647176e-28
11.5856031128	3.54458257502e-28
11.6001945525	3.58750054218e-28
11.6147859922	3.58518740217e-28
11.6293774319	3.63194677958e-28
11.6439688716	3.64100375989e-28
11.6585603113	3.6531422439e-28
11.673151751	3.49375699655e-28
11.6877431907	3.49533120238e-28
11.7023346304	3.48923711456e-28
11.71692607	3.55292996818e-28
11.7315175097	3.59275390758e-28
11.7461089494	3.70221549683e-28
11.7607003891	3.88019413376e-28
11.7752918288	4.13262239352e-28
11.7898832685	4.29651845654e-28
11.8044747082	4.52432211964e-28
11.8190661479	4.73783124184e-28
11.8336575876	4.97016111424e-28
11.8482490272	5.16187900766e-28
11.8628404669	5.4591326515e-28
11.8774319066	5.78079513192e-28
11.8920233463	6.0342890142e-28
11.906614786	6.16716451781e-28
11.9212062257	6.3147382809e-28
11.9357976654	6.3782565145e-28
11.9503891051	6.47933099699e-28
11.9649805447	6.45687781631e-28
11.9795719844	6.40284228301e-28
11.9941634241	6.33518416616e-28
12.0087548638	6.2515001146e-28
12.0233463035	6.09396600778e-28
12.0379377432	6.0954382051e-28
12.0525291829	6.03444994622e-28
12.0671206226	5.98098456027e-28
12.0817120623	5.91334616997e-28
12.0963035019	5.91604920825e-28
12.1108949416	5.95886715086e-28
12.1254863813	6.12165121369e-28
12.140077821	6.27081197386e-28
12.1546692607	6.4373598694e-28
12.1692607004	6.51086851296e-28
12.1838521401	6.56448719413e-28
12.1984435798	6.56430782043e-28
12.2130350195	6.55903176095e-28
12.2276264591	6.56187434139e-28
12.2422178988	6.65643835513e-28
12.2568093385	6.75546114896e-28
12.2714007782	6.8976078013e-28
12.2859922179	6.99657215752e-28
12.3005836576	7.10008063126e-28
12.3151750973	7.13281632607e-28
12.329766537	7.1539791331e-28
12.3443579767	7.18275246398e-28
12.3589494163	7.24002755192e-28
12.373540856	7.31820380589e-28
12.3881322957	7.47474118797e-28
12.4027237354	7.53519392218e-28
12.4173151751	7.52206101269e-28
12.4319066148	7.46687058676e-28
12.4464980545	7.42077162709e-28
12.4610894942	7.42438593483e-28
12.4756809339	7.56078244383e-28
12.4902723735	7.74456420075e-28
12.5048638132	7.90191205606e-28
12.5194552529	7.97865559182e-28
12.5340466926	8.01065459457e-28
12.5486381323	7.95255915533e-28
12.563229572	7.90854887736e-28
12.5778210117	7.86669590053e-28
12.5924124514	7.86276438183e-28
12.6070038911	7.86735325056e-28
12.6215953307	7.78474134742e-28
12.6361867704	7.68711485676e-28
12.6507782101	7.55590971422e-28
12.6653696498	7.42940214229e-28
12.6799610895	7.39257871399e-28
12.6945525292	7.44134754939e-28
12.7091439689	7.58166899821e-28
12.7237354086	7.90504497497e-28
12.7383268483	8.10256451851e-28
12.7529182879	8.11428079347e-28
12.7675097276	8.04121274101e-28
12.7821011673	7.97484049828e-28
12.796692607	7.88181498853e-28
12.8112840467	7.92594697178e-28
12.8258754864	8.15189930553e-28
12.8404669261	8.43000222853e-28
12.8550583658	8.51913578099e-28
12.8696498054	8.55840554957e-28
12.8842412451	8.4926125999e-28
12.8988326848	8.36082500404e-28
12.9134241245	8.28173211428e-28
12.9280155642	8.27348369008e-28
12.9426070039	8.32217575216e-28
12.9571984436	8.45657653291e-28
12.9717898833	8.45137543002e-28
12.986381323	8.41949780235e-28
13.0009727626	8.27904716366e-28
13.0155642023	8.11723255186e-28
13.030155642	7.95925904363e-28
13.0447470817	7.91672752534e-28
13.0593385214	7.98261003972e-28
13.0739299611	8.29310312912e-28
13.0885214008	8.44810342999e-28
13.1031128405	8.44916579787e-28
13.1177042802	8.35661533416e-28
13.1322957198	8.27462509912e-28
13.1468871595	8.14198879624e-28
13.1614785992	8.17970750016e-28
13.1760700389	8.3921185432e-28
13.1906614786	8.76190222158e-28
13.2052529183	8.83158033118e-28
13.219844358	8.90694428354e-28
13.2344357977	8.79092009744e-28
13.2490272374	8.64303969147e-28
13.263618677	8.58273014836e-28
13.2782101167	8.58651709296e-28
13.2928015564	8.58536666654e-28
13.3073929961	8.85388918821e-28
13.3219844358	8.96328238828e-28
13.3365758755	9.00071153237e-28
13.3511673152	8.82251421812e-28
13.3657587549	8.66626903783e-28
13.3803501946	8.46379741767e-28
13.3949416342	8.40145913094e-28
13.4095330739	8.51042777042e-28
13.4241245136	8.84721846223e-28
13.4387159533	8.89375180519e-28
13.453307393	8.94764960263e-28
13.4678988327	8.88798533298e-28
13.4824902724	8.8380507323e-28
13.4970817121	8.67078519871e-28
13.5116731518	8.71338189111e-28
13.5262645914	8.8650662195e-28
13.5408560311	9.22709065548e-28
13.5554474708	9.39054800099e-28
13.5700389105	9.50981531418e-28
13.5846303502	9.42800792311e-28
13.5992217899	9.33361212211e-28
13.6138132296	9.25351650662e-28
13.6284046693	9.32009896231e-28
13.642996109	9.39231494911e-28
13.6575875486	9.83950581783e-28
13.6721789883	1.00053009482e-27
13.686770428	1.00296590999e-27
13.7013618677	9.96592617349e-28
13.7159533074	1.00005286813e-27
13.7305447471	9.95717212873e-28
13.7451361868	9.96774781433e-28
13.7597276265	1.00784953039e-27
13.7743190661	1.04712765717e-27
13.7889105058	1.05188114467e-27
13.8035019455	1.05762169566e-27
13.8180933852	1.04221533873e-27
13.8326848249	1.03149253595e-27
13.8472762646	1.02536492668e-27
13.8618677043	1.0370639094e-27
13.876459144	1.0498233043e-27
13.8910505837	1.08752092284e-27
13.9056420233	1.09646740942e-27
13.920233463	1.10509823097e-27
13.9348249027	1.09140933329e-27
13.9494163424	1.09206238438e-27
13.9640077821	1.09056589606e-27
13.9785992218	1.10110649027e-27
13.9931906615	1.11056640272e-27
14.0077821012	1.15811280478e-27
14.0223735409	1.1660922344e-27
14.0369649805	1.16245837385e-27
14.0515564202	1.14764243141e-27
14.0661478599	1.14132902714e-27
14.0807392996	1.12385160864e-27
14.0953307393	1.13383317218e-27
14.109922179	1.15233876027e-27
14.1245136187	1.20276906429e-27
14.1391050584	1.20781778263e-27
14.1536964981	1.21061675364e-27
14.1682879377	1.19368870872e-27
14.1828793774	1.18220347726e-27
14.1974708171	1.1656968781e-27
14.2120622568	1.16676960267e-27
14.2266536965	1.16761958382e-27
14.2412451362	1.21468842807e-27
14.2558365759	1.22912095313e-27
14.2704280156	1.23536476247e-27
14.2850194553	1.21417238459e-27
14.2996108949	1.2093569638e-27
14.3142023346	1.19685622856e-27
14.3287937743	1.19914770261e-27
14.343385214	1.20805013179e-27
14.3579766537	1.26026486579e-27
14.3725680934	1.26556058649e-27
14.3871595331	1.25657601727e-27
14.4017509728	1.23380086983e-27
14.4163424125	1.2226888641e-27
14.4309338521	1.19698701575e-27
14.4455252918	1.19677546242e-27
14.4601167315	1.19817907999e-27
14.4747081712	1.23361230001e-27
14.4892996109	1.23772004172e-27
14.5038910506	1.24587367136e-27
14.5184824903	1.23109367288e-27
14.53307393	1.22587930323e-27
14.5476653697	1.21781676843e-27
14.5622568093	1.21977218015e-27
14.576848249	1.2143519684e-27
14.5914396887	1.25795099885e-27
14.6060311284	1.26190005635e-27
14.6206225681	1.26192379639e-27
14.6352140078	1.23196076988e-27
14.6498054475	1.21521498448e-27
14.6643968872	1.19376419914e-27
14.6789883268	1.18108366984e-27
14.6935797665	1.16632932083e-27
14.7081712062	1.18561064856e-27
14.7227626459	1.16777042751e-27
14.7373540856	1.15274483512e-27
14.7519455253	1.11610994469e-27
14.766536965	1.09365474472e-27
14.7811284047	1.05106736493e-27
14.7957198444	1.02767450306e-27
14.810311284	9.98534015632e-28
14.8249027237	9.83488526246e-28
14.8394941634	9.32487335877e-28
14.8540856031	8.79270629954e-28
14.8686770428	8.10626961459e-28
14.8832684825	7.61341606881e-28
14.8978599222	7.20228091472e-28
14.9124513619	7.10595870926e-28
14.9270428016	7.36760163678e-28
14.9416342412	8.53620359554e-28
14.9562256809	1.06794963504e-27
14.9708171206	1.43868239929e-27
14.9854085603	2.16054337607e-27
15.0	2.93568280118e-27
