-14.9854085603	2.03347533347e-27
-14.9708171206	1.19764249794e-27
-14.9562256809	7.16808709478e-28
-14.9416342412	4.09453129244e-28
-14.9270428016	2.37339610679e-28
-14.9124513619	1.38098351632e-28
-14.8978599222	9.37193224677e-29
-14.8832684825	7.59260832479e-29
-14.8686770428	7.83377208342e-29
-14.8540856031	8.58676220569e-29
-14.8394941634	9.85511942435e-29
-14.8249027237	1.02082487623e-28
-14.810311284	1.16094543702e-28
-14.7957198444	1.27672188388e-28
-14.7811284047	1.43967129185e-28
-14.766536965	1.55946285248e-28
-14.7519455253	1.66998707802e-28
-14.7373540856	1.73814464743e-28
-14.7227626459	1.77863694544e-28
-14.7081712062	1.66163993737e-28
-14.6935797665	1.68074152901e-28
-14.6789883268	1.70714005726e-28
-14.6643968872	1.79222513882e-28
-14.6498054475	1.83109663775e-28
-14.6352140078	1.92267815802e-28
-14.6206225681	1.93765125003e-28
-14.6060311284	1.93903895951e-28
-14.5914396887	1.80180650786e-28
-14.576848249	1.79330226186e-28
-14.5622568093	1.80179465484e-28
-14.5476653696	1.88623314336e-28
-14.53307393	1.91378799197e-28
-14.5184824903	1.97894685916e-28
-14.5038910506	1.98426391456e-28
-14.4892996109	1.99332296797e-28
-14.4747081712	1.8554659376e-28
-14.4601167315	1.84892012378e-28
-14.4455252918	1.84125138443e-28
-14.4309338521	1.91625269354e-28
-14.4163424125	1.91785336937e-28
-14.4017509728	1.95566005931e-28
-14.3871595331	1.92588327453e-28
-14.3725680934	1.89122335945e-28
-14.3579766537	1.69485868303e-28
-14.343385214	1.64565846352e-28
-14.3287937743	1.62156551836e-28
-14.3142023346	1.67035192787e-28
-14.2996108949	1.6787500367e-28
-14.2850194553	1.7337721593e-28
-14.2704280156	1.73439288807e-28
-14.2558365759	1.71970984316e-28
-14.2412451362	1.55245301096e-28
-14.2266536965	1.53003579322e-28
-14.2120622568	1.50095952573e-28
-14.1974708171	1.55291438695e-28
-14.1828793774	1.56375187773e-28
-14.1682879377	1.61571107817e-28
-14.1536964981	1.61154119056e-28
-14.1391050584	1.60204306993e-28
-14.1245136187	1.44619207452e-28
-14.109922179	1.42929480378e-28
-14.0953307393	1.41300430767e-28
-14.0807392996	1.46531376478e-28
-14.0661478599	1.48179346646e-28
-14.0515564202	1.53206550149e-28
-14.0369649805	1.52331445401e-28
-14.0223735409	1.50370734039e-28
-14.0077821012	1.33536034795e-28
-13.9931906615	1.30790148905e-28
-13.9785992218	1.27939649009e-28
-13.9640077821	1.31954081234e-28
-13.9494163424	1.31947973641e-28
-13.9348249027	1.36348531681e-28
-13.920233463	1.36236377281e-28
-13.9056420233	1.34669276355e-28
-13.8910505837	1.21510750799e-28
-13.876459144	1.21086440872e-28
-13.8618677043	1.21102596658e-28
-13.8472762646	1.27031870737e-28
-13.8326848249	1.29191499327e-28
-13.8180933852	1.35676125104e-28
-13.8035019455	1.39059897471e-28
-13.7889105058	1.40110545861e-28
-13.7743190661	1.30793824981e-28
-13.7597276265	1.31714551144e-28
-13.7451361868	1.33137811653e-28
-13.7305447471	1.38786518106e-28
-13.7159533074	1.42130918449e-28
-13.7013618677	1.46890023062e-28
-13.686770428	1.47680527922e-28
-13.6721789883	1.44469963245e-28
-13.6575875486	1.29894636481e-28
-13.6429961089	1.25892205594e-28
-13.6284046693	1.21036203508e-28
-13.6138132296	1.19364338818e-28
-13.5992217899	1.17521443284e-28
-13.5846303502	1.19120312731e-28
-13.5700389105	1.16065861136e-28
-13.5554474708	1.10442148643e-28
-13.5408560311	9.70647471485e-29
-13.5262645914	9.50083797263e-29
-13.5116731518	9.23480800381e-29
-13.4970817121	9.40069280378e-29
-13.4824902724	9.48111788782e-29
-13.4678988327	9.76273450402e-29
-13.453307393	9.82829390263e-29
-13.4387159533	9.66876679198e-29
-13.4241245136	8.84531851462e-29
-13.4095330739	8.7976851139e-29
-13.3949416342	8.7925805838e-29
-13.3803501946	9.18473537556e-29
-13.3657587549	9.37742327572e-29
-13.3511673152	9.84909306623e-29
-13.3365758755	1.02915844935e-28
-13.3219844358	1.03429206762e-28
-13.3073929961	1.00086839653e-28
-13.2928015564	1.02208786728e-28
-13.2782101167	1.03841880065e-28
-13.263618677	1.07421252571e-28
-13.2490272374	1.10831605569e-28
-13.2344357977	1.17484828459e-28
-13.219844358	1.21407543436e-28
-13.2052529183	1.24295713487e-28
-13.1906614786	1.29136639117e-28
-13.1760700389	1.35284438662e-28
-13.1614785992	1.38809217822e-28
-13.1468871595	1.4393209215e-28
-13.1322957198	1.48251676244e-28
-13.1177042802	1.53478262893e-28
-13.1031128405	1.56365936137e-28
-13.0885214008	1.55527101093e-28
-13.0739299611	1.5383877639e-28
-13.0593385214	1.55653954187e-28
-13.0447470817	1.56331377817e-28
-13.030155642	1.57760586235e-28
-13.0155642023	1.62449664118e-28
-13.0009727626	1.66763517567e-28
-12.986381323	1.70246483638e-28
-12.9717898833	1.72366245513e-28
-12.9571984436	1.76012397288e-28
-12.9426070039	1.80219930572e-28
-12.9280155642	1.84089681138e-28
-12.9134241245	1.87267558295e-28
-12.8988326848	1.94956146051e-28
-12.8842412451	2.00364540965e-28
-12.8696498054	2.09095430613e-28
-12.8550583658	2.16394251253e-28
-12.8404669261	2.2907787908e-28
-12.8258754864	2.40379636482e-28
-12.8112840467	2.49041572615e-28
-12.796692607	2.54473283533e-28
-12.7821011673	2.60148091595e-28
-12.7675097276	2.60995826118e-28
-12.7529182879	2.64444554992e-28
-12.7383268482	2.6317538091e-28
-12.7237354086	2.64907448758e-28
-12.7091439689	2.62867725577e-28
-12.6945525292	2.62706547556e-28
-12.6799610895	2.59085355576e-28
-12.6653696498	2.59711090364e-28
-12.6507782101	2.59732842924e-28
-12.6361867704	2.62844408824e-28
-12.6215953307	2.66675720355e-28
-12.6070038911	2.7675597484e-28
-12.5924124514	2.8010549658e-28
-12.5778210117	2.82455868281e-28
-12.563229572	2.77891650966e-28
-12.5486381323	2.79653824975e-28
-12.5340466926	2.80457755012e-28
-12.5194552529	2.8700602917e-28
-12.5048638132	2.97266792086e-28
-12.4902723735	3.23048660022e-28
-12.4756809339	3.39551822422e-28
-12.4610894942	3.49891902943e-28
-12.4464980545	3.5247326229e-28
-12.4319066148	3.56476178436e-28
-12.4173151751	3.55326922544e-28
-12.4027237354	3.56496908686e-28
-12.3881322957	3.53831254476e-28
-12.373540856	3.6424311767e-28
-12.3589494163	3.68980136226e-28
-12.3443579767	3.69699901218e-28
-12.329766537	3.6194752327e-28
-12.3151750973	3.63107221521e-28
-12.3005836576	3.61575287377e-28
-12.2859922179	3.65548974133e-28
-12.2714007782	3.71974173599e-28
-12.2568093385	3.96235655976e-28
-12.2422178988	4.07507914658e-28
-12.2276264591	4.16841646421e-28
-12.2130350195	4.13528157094e-28
-12.1984435798	4.15967824181e-28
-12.1838521401	4.15683150135e-28
-12.1692607004	4.18825356341e-28
-12.1546692607	4.22954591324e-28
-12.140077821	4.50483455943e-28
-12.1254863813	4.59280475593e-28
-12.1108949416	4.57443956716e-28
-12.0963035019	4.46446696842e-28
-12.0817120623	4.41759691441e-28
-12.0671206226	4.36609793257e-28
-12.0525291829	4.41120556348e-28
-12.0379377432	4.46148844121e-28
-12.0233463035	4.74861388994e-28
-12.0087548638	4.84541266362e-28
-11.9941634241	4.93656719056e-28
-11.9795719844	4.90709244973e-28
-11.9649805447	4.94837946414e-28
-11.9503891051	4.95202880092e-28
-11.9357976654	5.04346293536e-28
-11.9212062257	5.22802815392e-28
-11.906614786	5.73115943637e-28
-11.8920233463	5.93173456661e-28
-11.8774319066	6.06068767649e-28
-11.8628404669	5.96180363603e-28
-11.8482490272	5.9092656996e-28
-11.8336575875	5.82861125316e-28
-11.8190661479	5.82922375777e-28
-11.8044747082	5.84539445816e-28
-11.7898832685	6.13294327921e-28
-11.7752918288	6.12485452235e-28
-11.7607003891	6.08606083756e-28
-11.7461089494	5.93271663316e-28
-11.7315175097	5.89565462145e-28
-11.71692607	5.85788341872e-28
-11.7023346304	5.89866742536e-28
-11.6877431907	5.89436501706e-28
-11.673151751	6.19188300294e-28
-11.6585603113	6.25926238581e-28
-11.6439688716	6.21714969818e-28
-11.6293774319	6.04426802975e-28
-11.6147859922	5.95305525277e-28
-11.6001945525	5.84147944735e-28
-11.5856031128	5.92311592827e-28
-11.5710116732	6.04285322141e-28
-11.5564202335	6.43717840164e-28
-11.5418287938	6.46365836446e-28
-11.5272373541	6.47525153754e-28
-11.5126459144	6.30503559018e-28
-11.4980544747	6.17622075002e-28
-11.483463035	6.08770035079e-28
-11.4688715953	6.10000483813e-28
-11.4542801556	6.21578079968e-28
-11.439688716	6.65494384986e-28
-11.4250972763	6.83733115469e-28
-11.4105058366	7.10612170469e-28
-11.3959143969	7.46101859868e-28
-11.3813229572	8.24392051538e-28
-11.3667315175	9.50578261772e-28
-11.3521400778	1.14670214476e-27
-11.3375486381	1.42200833455e-27
-11.3229571984	1.83364716984e-27
-11.3083657588	2.39720389106e-27
-11.2937743191	3.20147512688e-27
-11.2791828794	4.28895281717e-27
-11.2645914397	5.95124478554e-27
-11.25	7.51417966684e-27
-11.2354085603	5.84953993252e-27
-11.2208171206	4.10233246667e-27
-11.2062256809	2.95395005677e-27
-11.1916342412	2.09210281235e-27
-11.1770428016	1.47722374987e-27
-11.1624513619	1.0316564969e-27
-11.1478599222	7.19211714354e-28
-11.1332684825	5.00270608253e-28
-11.1186770428	3.49505914974e-28
-11.1040856031	2.47977302678e-28
-11.0894941634	1.75568042301e-28
-11.0749027237	1.42840392499e-28
-11.060311284	1.29049700356e-28
-11.0457198444	1.32676298399e-28
-11.0311284047	1.41645835097e-28
-11.016536965	1.58554265898e-28
-11.0019455253	1.71858448991e-28
-10.9873540856	1.88502410106e-28
-10.9727626459	1.86267425258e-28
-10.9581712062	2.00556428708e-28
-10.9435797665	2.18296537326e-28
-10.9289883268	2.44500540764e-28
-10.9143968872	2.64894971701e-28
-10.8998054475	2.85188580951e-28
-10.8852140078	2.97869942476e-28
-10.8706225681	3.03081307773e-28
-10.8560311284	2.84591322653e-28
-10.8414396887	2.892863138e-28
-10.826848249	2.95860164242e-28
-10.8122568093	3.1393176493e-28
-10.7976653696	3.27825172914e-28
-10.78307393	3.41491493363e-28
-10.7684824903	3.47494809718e-28
-10.7538910506	3.50394936594e-28
-10.7392996109	3.30428375342e-28
-10.7247081712	3.32184706646e-28
-10.7101167315	3.3704239387e-28
-10.6955252918	3.5267870827e-28
-10.6809338521	3.6371538266e-28
-10.6663424125	3.75341246683e-28
-10.6517509728	3.75529626631e-28
-10.6371595331	3.69701112172e-28
-10.6225680934	3.40211554976e-28
-10.6079766537	3.3446566215e-28
-10.593385214	3.33476246468e-28
-10.5787937743	3.47480980016e-28
-10.5642023346	3.54909709865e-28
-10.5496108949	3.67472869638e-28
-10.5350194553	3.73810312978e-28
-10.5204280156	3.76470563981e-28
-10.5058365759	3.54934361766e-28
-10.4912451362	3.56708855419e-28
-10.4766536965	3.59905939788e-28
-10.4620622568	3.72895632232e-28
-10.4474708171	3.78381093601e-28
-10.4328793774	3.86021257241e-28
-10.4182879377	3.82649290869e-28
-10.4036964981	3.72166161377e-28
-10.3891050584	3.37301730419e-28
-10.3745136187	3.26896376663e-28
-10.359922179	3.22544112371e-28
-10.3453307393	3.29741992738e-28
-10.3307392996	3.30143935597e-28
-10.3161478599	3.35357507882e-28
-10.3015564202	3.331280064e-28
-10.2869649805	3.25507436927e-28
-10.2723735409	2.94758054545e-28
-10.2577821012	2.85066469432e-28
-10.2431906615	2.79870741988e-28
-10.2285992218	2.84733295365e-28
-10.2140077821	2.8430671121e-28
-10.1994163424	2.87305634077e-28
-10.1848249027	2.84680208153e-28
-10.170233463	2.7883454505e-28
-10.1556420233	2.54247517653e-28
-10.1410505837	2.49134622192e-28
-10.126459144	2.44805200892e-28
-10.1118677043	2.52300430157e-28
-10.0972762646	2.55535185138e-28
-10.0826848249	2.58956842804e-28
-10.0680933852	2.56811622719e-28
-10.0535019455	2.5118561443e-28
-10.0389105058	2.24193252946e-28
-10.0243190661	2.15801242566e-28
-10.0097276265	2.09745527065e-28
-9.99513618677	2.1200607289e-28
-9.98054474708	2.1124608277e-28
-9.96595330739	2.12384721145e-28
-9.9513618677	2.08685250615e-28
-9.93677042802	2.03235321203e-28
-9.92217898833	1.87793090458e-28
-9.90758754864	1.85754577567e-28
-9.89299610895	1.87426645102e-28
-9.87840466926	1.96792438667e-28
-9.86381322957	2.03771948911e-28
-9.84922178988	2.16033692565e-28
-9.83463035019	2.28720158516e-28
-9.82003891051	2.45703456806e-28
-9.80544747082	2.66740319081e-28
-9.79085603113	3.05983448989e-28
-9.77626459144	3.57183867576e-28
-9.76167315175	4.29401952618e-28
-9.74708171206	5.13391443549e-28
-9.73249027237	6.16252744753e-28
-9.71789883268	7.5189431289e-28
-9.703307393	9.29826275117e-28
-9.68871595331	1.1748751501e-27
-9.67412451362	1.47941304687e-27
-9.65953307393	1.85292748501e-27
-9.64494163424	2.32026499308e-27
-9.63035019455	2.91449735884e-27
-9.61575875486	3.6617173691e-27
-9.60116731517	4.62485412935e-27
-9.58657587549	5.87989186625e-27
-9.5719844358	7.54038798345e-27
-9.55739299611	9.58371494834e-27
-9.54280155642	1.21247198712e-26
-9.52821011673	1.53359727439e-26
-9.51361867704	1.94328929224e-26
-9.49902723735	2.46475334115e-26
-9.48443579767	3.12850166464e-26
-9.46984435798	3.9750778995e-26
-9.45525291829	5.07113776972e-26
-9.4406614786	6.44720031613e-26
-9.42607003891	8.18821191944e-26
-9.41147859922	1.03985873438e-25
-9.39688715953	1.32147700334e-25
-9.38229571984	1.67902347184e-25
-9.36770428016	2.13504599625e-25
-9.35311284047	2.71613800451e-25
-9.33852140078	3.45806627011e-25
-9.32392996109	4.39722553687e-25
-9.3093385214	5.5850918e-25
-9.29474708171	7.08921902884e-25
-9.28015564202	8.99761858429e-25
-9.26556420233	1.14149898215e-24
-9.25097276265	1.44807623422e-24
-9.23638132296	1.83690820534e-24
-9.22178988327	2.33005737155e-24
-9.20719844358	2.95249972384e-24
-9.19260700389	3.7391379091e-24
-9.1780155642	4.73330454298e-24
-9.16342412451	5.98976545582e-24
-9.14883268482	7.57712494193e-24
-9.13424124514	9.58252346054e-24
-9.11964980545	1.21144962897e-23
-9.10505836576	1.53120964241e-23
-9.09046692607	1.9341242374e-23
-9.07587548638	2.4418343688e-23
-9.06128404669	3.08135438253e-23
-9.046692607	3.88664089614e-23
-9.03210116731	4.90023036085e-23
-9.01750972763	6.17558029701e-23
-9.00291828794	7.77940078113e-23
-8.98832684825	9.79616379216e-23
-8.97373540856	1.23287003184e-22
-8.95914396887	1.55082046929e-22
-8.94455252918	1.94982142657e-22
-8.92996108949	2.45035334614e-22
-8.91536964981	3.07795484217e-22
-8.90077821012	3.86461050577e-22
-8.88618677043	4.85008860748e-22
-8.87159533074	6.08416457489e-22
-8.85700389105	7.62831016557e-22
-8.84241245136	9.55974642665e-22
-8.82782101167	1.19744810894e-21
-8.81322957198	1.49919973021e-21
-8.7986381323	1.87609573608e-21
-8.78404669261	2.34665746837e-21
-8.76945525292	2.93384856296e-21
-8.75486381323	3.66624589697e-21
-8.74027237354	4.57919893595e-21
-8.72568093385	5.71673354763e-21
-8.71108949416	7.13337852528e-21
-8.69649805447	8.89679311934e-21
-8.68190661479	1.10907694954e-20
-8.6673151751	1.38191570805e-20
-8.65272373541	1.72104319705e-20
-8.63813229572	2.14236114472e-20
-8.62354085603	2.66550671197e-20
-8.60894941634	3.31479196899e-20
-8.59435797665	4.12021792736e-20
-8.57976653696	5.11885628984e-20
-8.56517509728	6.35643897292e-20
-8.55058365759	7.88938901357e-20
-8.5359922179	9.78724174658e-20
-8.52140077821	1.21357240725e-19
-8.50680933852	1.50403048011e-19
-8.49221789883	1.8630902885e-19
-8.47762645914	2.30673374775e-19
-8.46303501945	2.85461552929e-19
-8.44844357977	3.53088859066e-19
-8.43385214008	4.36522803355e-19
-8.41926070039	5.39405987575e-19
-8.4046692607	6.6620941725e-19
-8.39007782101	8.22415119161e-19
-8.37548638132	1.0147450091e-18
-8.36089494163	1.25143422325e-18
-8.34630350195	1.54256877878e-18
-8.33171206226	1.90049260109e-18
-8.31712062257	2.34030810406e-18
-8.30252918288	2.88047886362e-18
-8.28793774319	3.543571026e-18
-8.2733463035	4.35714295341e-18
-8.25875486381	5.35484330829e-18
-8.24416342412	6.57772742616e-18
-8.22957198444	8.07586509411e-18
-8.21498054475	9.91028520831e-18
-8.20038910506	1.21553394664e-17
-8.18579766537	1.49015575707e-17
-8.17120622568	1.82591184268e-17
-8.15661478599	2.23620268534e-17
-8.1420233463	2.73732085092e-17
-8.12743190661	3.3490625568e-17
-8.11284046693	4.09546956368e-17
-8.09824902724	5.0057239804e-17
-8.08365758755	6.11522940509e-17
-8.06906614786	7.46691251017e-17
-8.05447470817	9.11279702168e-17
-8.03988326848	1.11158944398e-16
-8.02529182879	1.35524901127e-16
-8.0107003891	1.65148865522e-16
-7.99610894942	2.01147102311e-16
-7.98151750973	2.44868827041e-16
-7.96692607004	2.97943981727e-16
-7.95233463035	3.62340557686e-16
-7.93774319066	4.40433499178e-16
-7.92315175097	5.35087249464e-16
-7.90856031128	6.49754952781e-16
-7.89396887159	7.88597078191e-16
-7.87937743191	9.56623727465e-16
-7.86478599222	1.15986485563e-15
-7.85019455253	1.40557405374e-15
-7.83560311284	1.70247211678e-15
-7.82101167315	2.06103824724e-15
-7.80642023346	2.49385774852e-15
-7.79182879377	3.01603743037e-15
-7.77723735409	3.64570089922e-15
-7.7626459144	4.40457926629e-15
-7.74805447471	5.31871521065e-15
-7.73346303502	6.41930175336e-15
-7.71887159533	7.74368023875e-15
-7.70428015564	9.33652846566e-15
-7.68968871595	1.1251272512e-14
-7.67509727626	1.35517658748e-14
-7.66050583658	1.63142827805e-14
-7.64591439689	1.96298848604e-14
-7.6313229572	2.36072286282e-14
-7.61673151751	2.83758947154e-14
-7.60214007782	3.40903326661e-14
-7.58754863813	4.09345334124e-14
-7.57295719844	4.91275590742e-14
-7.55836575875	5.89300863145e-14
-7.54377431907	7.06521405993e-14
-7.52918287938	8.46622359739e-14
-7.51459143969	1.01398169409e-13
-7.5	1.21379755395e-13
-7.48540856031	1.45223845246e-13
-7.47081712062	1.73662073726e-13
-7.45622568093	2.07561698213e-13
-7.44163424124	2.47950177809e-13
-7.42704280156	2.96044095337e-13
-7.41245136187	3.53283167284e-13
-7.39785992218	4.21370221947e-13
-7.38326848249	5.02318160974e-13
-7.3686770428	5.98505092492e-13
-7.35408560311	7.12739022644e-13
-7.33949416342	8.48333709601e-13
-7.32490272373	1.00919756817e-12
-7.31031128405	1.19993778803e-12
-7.29571984436	1.42598221326e-12
-7.28112840467	1.69372191499e-12
-7.26653696498	2.01067788392e-12
-7.25194552529	2.38569578938e-12
-7.2373540856	2.82917340868e-12
-7.22276264591	3.35332602996e-12
-7.20817120623	3.97249601033e-12
-7.19357976654	4.70351357321e-12
-7.17898832685	5.56611710875e-12
-7.16439688716	6.58344246515e-12
-7.14980544747	7.7825922287e-12
-7.13521400778	9.1952976367e-12
-7.12062256809	1.08586877541e-11
-7.1060311284	1.28161827021e-11
-7.09143968872	1.51185303671e-11
-7.07684824903	1.78250088179e-11
-7.06225680934	2.1004820103e-11
-7.04766536965	2.47387048519e-11
-7.03307392996	2.91208115232e-11
-7.01848249027	3.42608590498e-11
-7.00389105058	4.02866374269e-11
-6.98929961089	4.73468971416e-11
-6.97470817121	5.56146859302e-11
-6.96011673152	6.52911995014e-11
-6.94552529183	7.66102227113e-11
-6.93093385214	8.98432483436e-11
-6.91634241245	1.05305373219e-10
-6.90175097276	1.2336208519e-10
-6.88715953307	1.44437070722e-10
-6.87256809338	1.69021190562e-10
-6.8579766537	1.97682791839e-10
-6.84338521401	2.31079547523e-10
-6.82879377432	2.69972040862e-10
-6.81420233463	3.1523934163e-10
-6.79961089494	3.6789685462e-10
-6.78501945525	4.29116758165e-10
-6.77042801556	5.00251393334e-10
-6.75583657588	5.82860011594e-10
-6.74124513619	6.78739343409e-10
-6.7266536965	7.89958509478e-10
-6.71206225681	9.18898865368e-10
-6.69747081712	1.0682994456e-09
-6.68287937743	1.24130875943e-09
-6.66828793774	1.44154378549e-09
-6.65369649805	1.67315712053e-09
-6.63910505837	1.9409133562e-09
-6.62451361868	2.25027589344e-09
-6.60992217899	2.60750555134e-09
-6.5953307393	3.01977249629e-09
-6.58073929961	3.49528320134e-09
-6.56614785992	4.04342435418e-09
-6.55155642023	4.67492586069e-09
-6.53696498054	5.4020453485e-09
-6.52237354086	6.23877685691e-09
-6.50778210117	7.20108671756e-09
-6.49319066148	8.30717997493e-09
-6.47859922179	9.57780108645e-09
-6.4640077821	1.10365730656e-08
-6.44941634241	1.27103797064e-08
-6.43482490272	1.46297960447e-08
-6.42023346303	1.68295727903e-08
-6.40564202335	1.9349181091e-08
-6.39105058366	2.22334246911e-08
-6.37645914397	2.55331273036e-08
-6.36186770428	2.93059038618e-08
-6.34727626459	3.36170252286e-08
-6.3326848249	3.85403869545e-08
-6.31809338521	4.41595937722e-08
-6.30350194552	5.05691727222e-08
-6.28891050584	5.78759291132e-08
-6.27431906615	6.62004609587e-08
-6.25972762646	7.56788490786e-08
-6.24513618677	8.64645417581e-08
-6.23054474708	9.87304546849e-08
-6.21595330739	1.12671308887e-07
-6.2013618677	1.28506231542e-07
-6.18677042802	1.46481646872e-07
-6.17217898833	1.66874486834e-07
-6.15758754864	1.89995754069e-07
-6.14299610895	2.16194472443e-07
-6.12840466926	2.45862063697e-07
-6.11381322957	2.79437192057e-07
-6.09922178988	3.17411122287e-07
-6.08463035019	3.60333640496e-07
-6.07003891051	4.08819591154e-07
-6.05544747082	4.6355608812e-07
-6.04085603113	5.25310462186e-07
-6.02626459144	5.9493901253e-07
-6.01167315175	6.73396634762e-07
-5.99708171206	7.6174740372e-07
-5.98249027237	8.61176195042e-07
-5.96789883268	9.73001435632e-07
-5.953307393	1.09868907957e-06
-5.93871595331	1.23986791277e-06
-5.92412451362	1.39834629653e-06
-5.90953307393	1.57613046775e-06
-5.89494163424	1.77544452059e-06
-5.88035019455	1.99875220267e-06
-5.86575875486	2.24878066657e-06
-5.85116731517	2.52854632565e-06
-5.83657587549	2.84138297157e-06
-5.8219844358	3.1909723194e-06
-5.80739299611	3.58137715465e-06
-5.79280155642	4.01707726502e-06
-5.77821011673	4.50300834831e-06
-5.76361867704	5.04460409623e-06
-5.74902723735	5.64784166178e-06
-5.73443579766	6.31929072606e-06
-5.71984435798	7.06616638754e-06
-5.70525291829	7.89638610381e-06
-5.6906614786	8.81863092215e-06
-5.67607003891	9.84241124082e-06
-5.66147859922	1.09781373473e-05
-5.64688715953	1.22371949837e-05
-5.63229571984	1.36320261909e-05
-5.61770428016	1.51762156856e-05
-5.60311284047	1.68845830208e-05
-5.58852140078	1.87732807805e-05
-5.57392996109	2.08598990528e-05
-5.5593385214	2.31635764194e-05
-5.54474708171	2.57051176892e-05
-5.53015564202	2.85071185917e-05
-5.51556420233	3.1594097632e-05
-5.50097276265	3.49926352861e-05
-5.48638132296	3.87315206992e-05
-5.47178988327	4.28419060175e-05
-5.45719844358	4.73574684578e-05
-5.44260700389	5.23145801827e-05
-5.4280155642	5.77524860102e-05
-5.41342412451	6.37134889429e-05
-5.39883268482	7.02431434523e-05
-5.38424124514	7.73904563989e-05
-5.36964980545	8.52080954096e-05
-5.35505836576	9.37526044672e-05
-5.34046692607	0.000103084626397
-5.32587548638	0.000113269131858
-5.31128404669	0.000124375654356
-5.296692607	0.000136478530733
-5.28210116731	0.000149657146441
-5.26750972763	0.000163996184884
-5.25291828794	0.000179585879922
-5.23832684825	0.000196522270605
-5.22373540856	0.000214907457011
-5.20914396887	0.00023484985602
-5.19455252918	0.000256464455674
-5.17996108949	0.000279873066686
-5.1653696498	0.000305204569526
-5.15077821012	0.000332595155386
-5.13618677043	0.000362188559206
-5.12159533074	0.000394136282813
-5.10700389105	0.000428597806122
-5.09241245136	0.000465740784225
-5.07782101167	0.000505741228083
-5.06322957198	0.000548783666449
-5.0486381323	0.000595061286564
-5.03404669261	0.000644776051071
-5.01945525292	0.000698138788572
-5.00486381323	0.00075536925516
-4.99027237354	0.000816696164272
-4.97568093385	0.000882357182179
-4.96108949416	0.000952598886472
-4.94649805447	0.0010276766849
-4.93190661479	0.00110785469204
-4.9173151751	0.00119340556133
-4.90272373541	0.00128461027018
-4.88813229572	0.0013817578559
-4.87354085603	0.00148514510059
-4.85894941634	0.00159507616316
-4.84435797665	0.00171186215695
-4.82976653696	0.00183582067191
-4.81517509728	0.00196727524018
-4.80058365759	0.00210655474484
-4.7859922179	0.00225399277138
-4.77140077821	0.00240992690248
-4.75680933852	0.00257469795647
-4.74221789883	0.00274864917095
-4.72762645914	0.002932125333
-4.71303501945	0.00312547185823
-4.69844357977	0.00332903382136
-4.68385214008	0.00354315494148
-4.66926070039	0.00376817652564
-4.6546692607	0.00400443637507
-4.64007782101	0.00425226765874
-4.62548638132	0.00451199775939
-4.61089494163	0.00478394709769
-4.59630350194	0.00506842794076
-4.58171206226	0.00536574320133
-4.56712062257	0.00567618523441
-4.55252918288	0.00600003463874
-4.53793774319	0.0063375590701
-4.5233463035	0.00668901207427
-4.50875486381	0.00705463194704
-4.49416342412	0.00743464062917
-4.47957198444	0.00782924264372
-4.46498054475	0.00823862408349
-4.45038910506	0.00866295165567
-4.43579766537	0.00910237179109
-4.42120622568	0.00955700982441
-4.40661478599	0.010026969252
-4.3920233463	0.0105123310731
-4.37743190661	0.0110131532192
-4.36284046693	0.0115294700775
-4.34824902724	0.0120612921107
-4.33365758755	0.0126086055782
-4.31906614786	0.0131713723597
-4.30447470817	0.013749529884
-4.28988326848	0.0143429911637
-4.27529182879	0.0149516449354
-4.2607003891	0.0155753559056
-4.24610894942	0.0162139650997
-4.23151750973	0.0168672903126
-4.21692607004	0.017535126658
-4.20233463035	0.0182172472111
-4.18774319066	0.0189134037425
-4.17315175097	0.0196233275356
-4.15856031128	0.0203467302834
-4.14396887159	0.0210833050589
-4.12937743191	0.0218327273497
-4.11478599222	0.0225946561531
-4.10019455253	0.0233687351218
-4.08560311284	0.0241545937536
-4.07101167315	0.024951848617
-4.05642023346	0.0257601046055
-4.04182879377	0.0265789562116
-4.02723735408	0.0274079888135
-4.0126459144	0.0282467799674
-3.99805447471	0.0290949006958
-3.98346303502	0.0299519167679
-3.96887159533	0.0308173899624
-3.95428015564	0.0316908793076
-3.93968871595	0.0325719422928
-3.92509727626	0.0334601360446
-3.91050583658	0.0343550184647
-3.89591439689	0.035256149322
-3.8813229572	0.0361630912975
-3.86673151751	0.037075410977
-3.85214007782	0.0379926797889
-3.83754863813	0.0389144748846
-3.82295719844	0.0398403799596
-3.80836575875	0.0407699860143
-3.79377431907	0.0417028920522
-3.77918287938	0.0426387057165
-3.76459143969	0.0435770438642
-3.75	0.0445175330784
-3.73540856031	0.0454598101193
-3.72081712062	0.0464035223147
-3.70622568093	0.047348327893
-3.69163424124	0.0482938962578
-3.67704280156	0.0492399082088
-3.66245136187	0.0501860561089
-3.64785992218	0.0511320440017
-3.63326848249	0.0520775876806
-3.6186770428	0.0530224147128
-3.60408560311	0.053966264421
-3.58949416342	0.0549088878254
-3.57490272373	0.0558500475487
-3.56031128405	0.0567895176875
-3.54571984436	0.0577270836523
-3.53112840467	0.0586625419796
-3.51653696498	0.0595957001187
-3.50194552529	0.0605263761953
-3.4873540856	0.0614543987554
-3.47276264591	0.0623796064918
-3.45817120623	0.0633018479556
-3.44357976654	0.0642209812547
-3.42898832685	0.0651368737423
-3.41439688716	0.0660494016971
-3.39980544747	0.0669584499967
-3.38521400778	0.0678639117871
-3.37062256809	0.0687656881493
-3.3560311284	0.0696636877648
-3.34143968872	0.0705578265816
-3.32684824903	0.0714480274816
-3.31225680934	0.0723342199516
-3.29766536965	0.0732163397574
-3.28307392996	0.0740943286241
-3.26848249027	0.0749681339217
-3.25389105058	0.0758377083573
-3.23929961089	0.0767030096752
-3.22470817121	0.0775640003649
-3.21011673152	0.0784206473769
-3.19552529183	0.0792729218486
-3.18093385214	0.0801207988384
-3.16634241245	0.0809642570694
-3.15175097276	0.0818032786835
-3.13715953307	0.0826378490044
-3.12256809338	0.0834679563107
-3.1079766537	0.0842935916194
-3.09338521401	0.085114748478
-3.07879377432	0.0859314227678
-3.06420233463	0.0867436125159
-3.04961089494	0.0875513177167
-3.03501945525	0.0883545401632
-3.02042801556	0.089153283287
-3.00583657587	0.0899475520073
-2.99124513619	0.0907373525886
-2.9766536965	0.0915226925069
-2.96206225681	0.0923035803233
-2.94747081712	0.0930800255668
-2.93287937743	0.093852038623
-2.91828793774	0.0946196306317
-2.90369649805	0.09538281339
-2.88910505837	0.0961415992632
-2.87451361868	0.0968960011011
-2.85992217899	0.0976460321616
-2.8453307393	0.0983917060385
-2.83073929961	0.0991330365964
-2.81614785992	0.0998700379096
-2.80155642023	0.100602724207
-2.78696498054	0.101331109819
-2.77237354086	0.102055209135
-2.75778210117	0.102775036557
-2.74319066148	0.103490606462
-2.72859922179	0.104201933169
-2.7140077821	0.104909030906
-2.69941634241	0.105611913779
-2.68482490272	0.106310595754
-2.67023346303	0.107005090627
-2.65564202335	0.107695412009
-2.64105058366	0.108381573306
-2.62645914397	0.109063587706
-2.61186770428	0.109741468163
-2.59727626459	0.11041522739
-2.5826848249	0.111084877844
-2.56809338521	0.111750431724
-2.55350194552	0.112411900963
-2.53891050584	0.113069297219
-2.52431906615	0.113722631878
-2.50972762646	0.114371916046
-2.49513618677	0.115017160552
-2.48054474708	0.115658375944
-2.46595330739	0.116295572491
-2.4513618677	0.116928760184
-2.43677042801	0.117557948738
-2.42217898833	0.118183147593
-2.40758754864	0.118804365921
-2.39299610895	0.119421612623
-2.37840466926	0.120034896339
-2.36381322957	0.120644225448
-2.34922178988	0.121249608076
-2.33463035019	0.121851052097
-2.32003891051	0.122448565141
-2.30544747082	0.1230421546
-2.29085603113	0.123631827629
-2.27626459144	0.124217591157
-2.26167315175	0.124799451886
-2.24708171206	0.125377416306
-2.23249027237	0.12595149069
-2.21789883268	0.126521681107
-2.203307393	0.127087993427
-2.18871595331	0.127650433324
-2.17412451362	0.128209006283
-2.15953307393	0.128763717606
-2.14494163424	0.129314572417
-2.13035019455	0.129861575667
-2.11575875486	0.130404732142
-2.10116731517	0.130944046465
-2.08657587549	0.131479523102
-2.0719844358	0.13201116637
-2.05739299611	0.132538980437
-2.04280155642	0.133062969332
-2.02821011673	0.133583136945
-2.01361867704	0.134099487036
-1.99902723735	0.134612023236
-1.98443579766	0.135120749055
-1.96984435798	0.135625667881
-1.95525291829	0.136126782991
-1.9406614786	0.136624097549
-1.92607003891	0.137117614614
-1.91147859922	0.137607337139
-1.89688715953	0.138093267982
-1.88229571984	0.138575409903
-1.86770428015	0.13905376557
-1.85311284047	0.139528337562
-1.83852140078	0.139999128373
-1.82392996109	0.140466140415
-1.8093385214	0.140929376018
-1.79474708171	0.141388837438
-1.78015564202	0.141844526857
-1.76556420233	0.142296446383
-1.75097276265	0.142744598058
-1.73638132296	0.143188983859
-1.72178988327	0.143629605696
-1.70719844358	0.144066465419
-1.69260700389	0.14449956482
-1.6780155642	0.144928905633
-1.66342412451	0.145354489538
-1.64883268482	0.14577631816
-1.63424124514	0.146194393074
-1.61964980545	0.146608715808
-1.60505836576	0.147019287839
-1.59046692607	0.147426110601
-1.57587548638	0.147829185483
-1.56128404669	0.148228513829
-1.546692607	0.148624096947
-1.53210116731	0.149015936102
-1.51750972763	0.149404032521
-1.50291828794	0.149788387395
-1.48832684825	0.150169001879
-1.47373540856	0.150545877094
-1.45914396887	0.150919014127
-1.44455252918	0.151288414034
-1.42996108949	0.15165407784
-1.4153696498	0.15201600654
-1.40077821012	0.152374201099
-1.38618677043	0.152728662456
-1.37159533074	0.153079391522
-1.35700389105	0.153426389182
-1.34241245136	0.153769656296
-1.32782101167	0.154109193699
-1.31322957198	0.154445002203
-1.29863813229	0.154777082598
-1.28404669261	0.15510543565
-1.26945525292	0.155430062105
-1.25486381323	0.155750962687
-1.24027237354	0.156068138103
-1.22568093385	0.156381589036
-1.21108949416	0.156691316154
-1.19649805447	0.156997320105
-1.18190661479	0.15729960152
-1.1673151751	0.157598161011
-1.15272373541	0.157892999177
-1.13813229572	0.158184116597
-1.12354085603	0.158471513837
-1.10894941634	0.158755191447
-1.09435797665	0.159035149961
-1.07976653696	0.1593113899
-1.06517509728	0.15958391177
-1.05058365759	0.159852716066
-1.0359922179	0.160117803267
-1.02140077821	0.160379173839
-1.00680933852	0.160636828239
-0.992217898832	0.160890766908
-0.977626459143	0.161140990278
-0.963035019454	0.161387498767
-0.948443579766	0.161630292784
-0.933852140077	0.161869372726
-0.919260700388	0.16210473898
-0.9046692607	0.162336391921
-0.890077821011	0.162564331918
-0.875486381322	0.162788559325
-0.860894941633	0.163009074489
-0.846303501945	0.163225877749
-0.831712062256	0.163438969432
-0.817120622567	0.163648349858
-0.802529182879	0.163854019338
-0.78793774319	0.164055978174
-0.773346303501	0.16425422666
-0.758754863812	0.164448765081
-0.744163424124	0.164639593717
-0.729571984435	0.164826712836
-0.714980544746	0.165010122702
-0.700389105058	0.165189823569
-0.685797665369	0.165365815686
-0.67120622568	0.165538099293
-0.656614785991	0.165706674624
-0.642023346303	0.165871541906
-0.627431906614	0.166032701359
-0.612840466925	0.166190153197
-0.598249027237	0.166343897627
-0.583657587548	0.166493934849
-0.569066147859	0.166640265059
-0.55447470817	0.166782888444
-0.539883268482	0.166921805188
-0.525291828793	0.167057015467
-0.510700389104	0.167188519452
-0.496108949416	0.167316317308
-0.481517509727	0.167440409194
-0.466926070038	0.167560795265
-0.452334630349	0.167677475669
-0.437743190661	0.16779045055
-0.423151750972	0.167899720045
-0.408560311283	0.168005284287
-0.393968871594	0.168107143403
-0.379377431906	0.168205297517
-0.364785992217	0.168299746746
-0.350194552528	0.168390491202
-0.33560311284	0.168477530994
-0.321011673151	0.168560866223
-0.306420233462	0.168640496989
-0.291828793773	0.168716423385
-0.277237354085	0.1687886455
-0.262645914396	0.168857163417
-0.248054474707	0.168921977217
-0.233463035019	0.168983086974
-0.21887159533	0.16904049276
-0.204280155641	0.16909419464
-0.189688715952	0.169144192676
-0.175097276264	0.169190486925
-0.160505836575	0.16923307744
-0.145914396886	0.169271964271
-0.131322957198	0.16930714746
-0.116731517509	0.169338627049
-0.10214007782	0.169366403073
-0.0875486381314	0.169390475564
-0.0729571984427	0.169410844548
-0.058365758754	0.169427510049
-0.0437743190653	0.169440472087
-0.0291828793766	0.169449730674
-0.0145914396879	0.169455285822
8.5975671027e-13	0.169457137538
0.0145914396896	0.169455285822
0.0291828793783	0.169449730674
0.043774319067	0.169440472087
0.0583657587557	0.169427510049
0.0729571984444	0.169410844548
0.0875486381332	0.169390475564
0.102140077822	0.169366403073
0.116731517511	0.169338627049
0.131322957199	0.16930714746
0.145914396888	0.169271964271
0.160505836577	0.16923307744
0.175097276265	0.169190486925
0.189688715954	0.169144192676
0.204280155643	0.16909419464
0.218871595332	0.16904049276
0.23346303502	0.168983086974
0.248054474709	0.168921977217
0.262645914398	0.168857163417
0.277237354086	0.1687886455
0.291828793775	0.168716423385
0.306420233464	0.168640496989
0.321011673153	0.168560866223
0.335603112841	0.168477530994
0.35019455253	0.168390491202
0.364785992219	0.168299746746
0.379377431907	0.168205297517
0.393968871596	0.168107143403
0.408560311285	0.168005284287
0.423151750974	0.167899720045
0.437743190662	0.16779045055
0.452334630351	0.167677475669
0.46692607004	0.167560795265
0.481517509729	0.167440409194
0.496108949417	0.167316317308
0.510700389106	0.167188519452
0.525291828795	0.167057015467
0.539883268483	0.166921805188
0.554474708172	0.166782888444
0.569066147861	0.166640265059
0.58365758755	0.166493934849
0.598249027238	0.166343897627
0.612840466927	0.166190153197
0.627431906616	0.166032701359
0.642023346304	0.165871541906
0.656614785993	0.165706674624
0.671206225682	0.165538099293
0.685797665371	0.165365815686
0.700389105059	0.165189823569
0.714980544748	0.165010122702
0.729571984437	0.164826712836
0.744163424125	0.164639593717
0.758754863814	0.164448765081
0.773346303503	0.16425422666
0.787937743192	0.164055978174
0.80252918288	0.163854019338
0.817120622569	0.163648349858
0.831712062258	0.163438969432
0.846303501946	0.163225877749
0.860894941635	0.163009074489
0.875486381324	0.162788559325
0.890077821013	0.162564331918
0.904669260701	0.162336391921
0.91926070039	0.16210473898
0.933852140079	0.161869372726
0.948443579767	0.161630292784
0.963035019456	0.161387498767
0.977626459145	0.161140990278
0.992217898834	0.160890766908
1.00680933852	0.160636828239
1.02140077821	0.160379173839
1.0359922179	0.160117803267
1.05058365759	0.159852716066
1.06517509728	0.15958391177
1.07976653697	0.159311389899
1.09435797665	0.159035149961
1.10894941634	0.158755191447
1.12354085603	0.158471513837
1.13813229572	0.158184116597
1.15272373541	0.157892999177
1.1673151751	0.157598161011
1.18190661479	0.15729960152
1.19649805448	0.156997320105
1.21108949416	0.156691316154
1.22568093385	0.156381589036
1.24027237354	0.156068138103
1.25486381323	0.155750962687
1.26945525292	0.155430062105
1.28404669261	0.15510543565
1.2986381323	0.154777082598
1.31322957199	0.154445002203
1.32782101167	0.154109193699
1.34241245136	0.153769656296
1.35700389105	0.153426389182
1.37159533074	0.153079391522
1.38618677043	0.152728662456
1.40077821012	0.152374201099
1.41536964981	0.15201600654
1.4299610895	0.15165407784
1.44455252918	0.151288414034
1.45914396887	0.150919014127
1.47373540856	0.150545877094
1.48832684825	0.150169001879
1.50291828794	0.149788387395
1.51750972763	0.149404032521
1.53210116732	0.149015936102
1.546692607	0.148624096947
1.56128404669	0.148228513829
1.57587548638	0.147829185483
1.59046692607	0.147426110601
1.60505836576	0.147019287839
1.61964980545	0.146608715808
1.63424124514	0.146194393074
1.64883268483	0.14577631816
1.66342412451	0.145354489538
1.6780155642	0.144928905633
1.69260700389	0.14449956482
1.70719844358	0.144066465419
1.72178988327	0.143629605696
1.73638132296	0.143188983859
1.75097276265	0.142744598058
1.76556420234	0.142296446383
1.78015564202	0.141844526857
1.79474708171	0.141388837438
1.8093385214	0.140929376018
1.82392996109	0.140466140415
1.83852140078	0.139999128373
1.85311284047	0.139528337562
1.86770428016	0.13905376557
1.88229571985	0.138575409903
1.89688715953	0.138093267982
1.91147859922	0.137607337139
1.92607003891	0.137117614614
1.9406614786	0.136624097549
1.95525291829	0.136126782991
1.96984435798	0.135625667881
1.98443579767	0.135120749055
1.99902723736	0.134612023236
2.01361867704	0.134099487036
2.02821011673	0.133583136945
2.04280155642	0.133062969332
2.05739299611	0.132538980437
2.0719844358	0.13201116637
2.08657587549	0.131479523102
2.10116731518	0.130944046465
2.11575875486	0.130404732142
2.13035019455	0.129861575667
2.14494163424	0.129314572417
2.15953307393	0.128763717606
2.17412451362	0.128209006283
2.18871595331	0.127650433324
2.203307393	0.127087993428
2.21789883269	0.126521681107
2.23249027237	0.12595149069
2.24708171206	0.125377416306
2.26167315175	0.124799451886
2.27626459144	0.124217591157
2.29085603113	0.123631827629
2.30544747082	0.1230421546
2.32003891051	0.122448565141
2.3346303502	0.121851052097
2.34922178988	0.121249608076
2.36381322957	0.120644225448
2.37840466926	0.120034896339
2.39299610895	0.119421612623
2.40758754864	0.118804365921
2.42217898833	0.118183147593
2.43677042802	0.117557948738
2.45136186771	0.116928760184
2.46595330739	0.116295572491
2.48054474708	0.115658375944
2.49513618677	0.115017160552
2.50972762646	0.114371916046
2.52431906615	0.113722631878
2.53891050584	0.113069297219
2.55350194553	0.112411900963
2.56809338522	0.111750431724
2.5826848249	0.111084877844
2.59727626459	0.11041522739
2.61186770428	0.109741468163
2.62645914397	0.109063587706
2.64105058366	0.108381573306
2.65564202335	0.107695412009
2.67023346304	0.107005090627
2.68482490272	0.106310595754
2.69941634241	0.105611913779
2.7140077821	0.104909030906
2.72859922179	0.104201933169
2.74319066148	0.103490606462
2.75778210117	0.102775036557
2.77237354086	0.102055209135
2.78696498055	0.101331109819
2.80155642023	0.100602724207
2.81614785992	0.0998700379097
2.83073929961	0.0991330365965
2.8453307393	0.0983917060386
2.85992217899	0.0976460321616
2.87451361868	0.0968960011012
2.88910505837	0.0961415992632
2.90369649806	0.0953828133901
2.91828793774	0.0946196306318
2.93287937743	0.0938520386231
2.94747081712	0.0930800255668
2.96206225681	0.0923035803234
2.9766536965	0.091522692507
2.99124513619	0.0907373525887
3.00583657588	0.0899475520074
3.02042801557	0.0891532832871
3.03501945525	0.0883545401633
3.04961089494	0.0875513177168
3.06420233463	0.086743612516
3.07879377432	0.0859314227679
3.09338521401	0.0851147484781
3.1079766537	0.0842935916195
3.12256809339	0.0834679563109
3.13715953307	0.0826378490045
3.15175097276	0.0818032786836
3.16634241245	0.0809642570695
3.18093385214	0.0801207988385
3.19552529183	0.0792729218488
3.21011673152	0.0784206473771
3.22470817121	0.077564000365
3.2392996109	0.0767030096754
3.25389105058	0.0758377083574
3.26848249027	0.0749681339218
3.28307392996	0.0740943286242
3.29766536965	0.0732163397575
3.31225680934	0.0723342199517
3.32684824903	0.0714480274818
3.34143968872	0.0705578265817
3.35603112841	0.0696636877649
3.37062256809	0.0687656881494
3.38521400778	0.0678639117872
3.39980544747	0.0669584499969
3.41439688716	0.0660494016973
3.42898832685	0.0651368737425
3.44357976654	0.0642209812548
3.45817120623	0.0633018479557
3.47276264592	0.062379606492
3.4873540856	0.0614543987555
3.50194552529	0.0605263761955
3.51653696498	0.0595957001189
3.53112840467	0.0586625419798
3.54571984436	0.0577270836525
3.56031128405	0.0567895176877
3.57490272374	0.0558500475489
3.58949416343	0.0549088878256
3.60408560311	0.0539662644212
3.6186770428	0.053022414713
3.63326848249	0.0520775876808
3.64785992218	0.0511320440019
3.66245136187	0.0501860561091
3.67704280156	0.049239908209
3.69163424125	0.0482938962581
3.70622568093	0.0473483278932
3.72081712062	0.0464035223149
3.73540856031	0.0454598101195
3.75	0.0445175330787
3.76459143969	0.0435770438644
3.77918287938	0.0426387057167
3.79377431907	0.0417028920524
3.80836575876	0.0407699860146
3.82295719844	0.0398403799599
3.83754863813	0.0389144748848
3.85214007782	0.0379926797892
3.86673151751	0.0370754109773
3.8813229572	0.0361630912977
3.89591439689	0.0352561493222
3.91050583658	0.0343550184649
3.92509727627	0.0334601360449
3.93968871595	0.032571942293
3.95428015564	0.0316908793079
3.96887159533	0.0308173899627
3.98346303502	0.0299519167681
3.99805447471	0.029094900696
4.0126459144	0.0282467799676
4.02723735409	0.0274079888138
4.04182879378	0.0265789562118
4.05642023346	0.0257601046058
4.07101167315	0.0249518486173
4.08560311284	0.0241545937538
4.10019455253	0.0233687351221
4.11478599222	0.0225946561534
4.12937743191	0.0218327273499
4.1439688716	0.0210833050591
4.15856031129	0.0203467302837
4.17315175097	0.0196233275358
4.18774319066	0.0189134037428
4.20233463035	0.0182172472114
4.21692607004	0.0175351266582
4.23151750973	0.0168672903128
4.24610894942	0.0162139650999
4.26070038911	0.0155753559059
4.27529182879	0.0149516449356
4.28988326848	0.0143429911639
4.30447470817	0.0137495298842
4.31906614786	0.0131713723599
4.33365758755	0.0126086055784
4.34824902724	0.012061292111
4.36284046693	0.0115294700777
4.37743190662	0.0110131532194
4.3920233463	0.0105123310733
4.40661478599	0.0100269692522
4.42120622568	0.0095570098246
4.43579766537	0.00910237179127
4.45038910506	0.00866295165585
4.46498054475	0.00823862408366
4.47957198444	0.00782924264389
4.49416342413	0.00743464062933
4.50875486381	0.0070546319472
4.5233463035	0.00668901207442
4.53793774319	0.00633755907025
4.55252918288	0.00600003463888
4.56712062257	0.00567618523455
4.58171206226	0.00536574320146
4.59630350195	0.0050684279409
4.61089494164	0.00478394709782
4.62548638132	0.00451199775951
4.64007782101	0.00425226765887
4.6546692607	0.00400443637519
4.66926070039	0.00376817652575
4.68385214008	0.00354315494159
4.69844357977	0.00332903382147
4.71303501946	0.00312547185833
4.72762645915	0.0029321253331
4.74221789883	0.00274864917105
4.75680933852	0.00257469795656
4.77140077821	0.00240992690256
4.7859922179	0.00225399277146
4.80058365759	0.00210655474491
4.81517509728	0.00196727524026
4.82976653697	0.00183582067198
4.84435797665	0.00171186215702
4.85894941634	0.00159507616322
4.87354085603	0.00148514510066
4.88813229572	0.00138175785596
4.90272373541	0.00128461027024
4.9173151751	0.00119340556138
4.93190661479	0.00110785469209
4.94649805448	0.00102767668494
4.96108949416	0.000952598886516
4.97568093385	0.000882357182222
4.99027237354	0.000816696164312
5.00486381323	0.000755369255198
5.01945525292	0.000698138788608
5.03404669261	0.000644776051104
5.0486381323	0.000595061286595
5.06322957199	0.00054878366648
5.07782101167	0.000505741228112
5.09241245136	0.000465740784252
5.10700389105	0.000428597806147
5.12159533074	0.000394136282836
5.13618677043	0.000362188559228
5.15077821012	0.000332595155407
5.16536964981	0.000305204569545
5.1799610895	0.000279873066704
5.19455252918	0.000256464455691
5.20914396887	0.000234849856036
5.22373540856	0.000214907457026
5.23832684825	0.000196522270619
5.25291828794	0.000179585879935
5.26750972763	0.000163996184896
5.28210116732	0.000149657146452
5.29669260701	0.000136478530743
5.31128404669	0.000124375654366
5.32587548638	0.000113269131867
5.34046692607	0.000103084626406
5.35505836576	9.3752604475e-05
5.36964980545	8.52080954169e-05
5.38424124514	7.73904564057e-05
5.39883268483	7.02431434586e-05
5.41342412451	6.37134889488e-05
5.4280155642	5.77524860156e-05
5.44260700389	5.23145801878e-05
5.45719844358	4.73574684625e-05
5.47178988327	4.28419060219e-05
5.48638132296	3.87315207033e-05
5.50097276265	3.49926352899e-05
5.51556420234	3.15940976355e-05
5.53015564202	2.8507118595e-05
5.54474708171	2.57051176922e-05
5.5593385214	2.31635764222e-05
5.57392996109	2.08598990554e-05
5.58852140078	1.87732807828e-05
5.60311284047	1.6884583023e-05
5.61770428016	1.51762156876e-05
5.63229571985	1.36320261927e-05
5.64688715953	1.22371949853e-05
5.66147859922	1.09781373488e-05
5.67607003891	9.84241124223e-06
5.6906614786	8.81863092344e-06
5.70525291829	7.89638610499e-06
5.71984435798	7.06616638863e-06
5.73443579767	6.31929072706e-06
5.74902723736	5.6478416627e-06
5.76361867704	5.04460409707e-06
5.77821011673	4.50300834908e-06
5.79280155642	4.01707726573e-06
5.80739299611	3.5813771553e-06
5.8219844358	3.19097231999e-06
5.83657587549	2.84138297211e-06
5.85116731518	2.52854632615e-06
5.86575875487	2.24878066703e-06
5.88035019455	1.99875220309e-06
5.89494163424	1.77544452097e-06
5.90953307393	1.5761304681e-06
5.92412451362	1.39834629685e-06
5.93871595331	1.23986791305e-06
5.953307393	1.09868907983e-06
5.96789883269	9.73001435869e-07
5.98249027237	8.61176195258e-07
5.99708171206	7.61747403916e-07
6.01167315175	6.73396634939e-07
6.02626459144	5.9493901269e-07
6.04085603113	5.25310462331e-07
6.05544747082	4.63556088251e-07
6.07003891051	4.08819591271e-07
6.0846303502	3.60333640603e-07
6.09922178988	3.17411122384e-07
6.11381322957	2.79437192145e-07
6.12840466926	2.45862063777e-07
6.14299610895	2.16194472515e-07
6.15758754864	1.89995754134e-07
6.17217898833	1.66874486893e-07
6.18677042802	1.46481646925e-07
6.20136186771	1.28506231591e-07
6.21595330739	1.12671308931e-07
6.23054474708	9.87304547249e-08
6.24513618677	8.64645417944e-08
6.25972762646	7.56788491116e-08
6.27431906615	6.62004609886e-08
6.28891050584	5.78759291404e-08
6.30350194553	5.05691727467e-08
6.31809338522	4.41595937949e-08
6.3326848249	3.85403869752e-08
6.34727626459	3.36170252475e-08
6.36186770428	2.93059038788e-08
6.37645914397	2.55331273189e-08
6.39105058366	2.22334247048e-08
6.40564202335	1.93491811032e-08
6.42023346304	1.68295728008e-08
6.43482490272	1.46297960541e-08
6.44941634241	1.27103797147e-08
6.4640077821	1.1036573073e-08
6.47859922179	9.57780109285e-09
6.49319066148	8.30717998055e-09
6.50778210117	7.2010867224e-09
6.52237354086	6.2387768611e-09
6.53696498055	5.40204535201e-09
6.55155642023	4.6749258638e-09
6.56614785992	4.04342435688e-09
6.58073929961	3.49528320374e-09
6.5953307393	3.01977249838e-09
6.60992217899	2.6075055532e-09
6.62451361868	2.25027589506e-09
6.63910505837	1.94091335765e-09
6.65369649806	1.6731571218e-09
6.66828793774	1.4415437867e-09
6.68287937743	1.24130876053e-09
6.69747081712	1.06829944663e-09
6.71206225681	9.18898866304e-10
6.7266536965	7.89958510345e-10
6.74124513619	6.78739344189e-10
6.75583657588	5.82860012304e-10
6.77042801557	5.00251393958e-10
6.78501945525	4.29116758774e-10
6.79961089494	3.67896855182e-10
6.81420233463	3.15239342156e-10
6.82879377432	2.69972041336e-10
6.84338521401	2.31079547962e-10
6.8579766537	1.97682792234e-10
6.87256809339	1.69021190917e-10
6.88715953308	1.44437071024e-10
6.90175097276	1.23362085478e-10
6.91634241245	1.0530537348e-10
6.93093385214	8.98432485825e-11
6.94552529183	7.66102229211e-11
6.96011673152	6.5291199689e-11
6.97470817121	5.56146860905e-11
6.9892996109	4.73468972796e-11
7.00389105058	4.02866375382e-11
7.01848249027	3.42608591524e-11
7.03307392996	2.91208116095e-11
7.04766536965	2.47387049243e-11
7.06225680934	2.10048201608e-11
7.07684824903	1.78250088655e-11
7.09143968872	1.51185304037e-11
7.10603112841	1.28161827303e-11
7.12062256809	1.08586877713e-11
7.13521400778	9.1952976519e-12
7.14980544747	7.78259223962e-12
7.16439688716	6.58344247377e-12
7.17898832685	5.56611711436e-12
7.19357976654	4.70351357893e-12
7.20817120623	3.97249601538e-12
7.22276264592	3.35332603595e-12
7.2373540856	2.82917341442e-12
7.25194552529	2.3856957986e-12
7.26653696498	2.01067789393e-12
7.28112840467	1.69372192534e-12
7.29571984436	1.42598222226e-12
7.31031128405	1.19993779639e-12
7.32490272374	1.00919757503e-12
7.33949416343	8.48333715194e-13
7.35408560311	7.12739026123e-13
7.3686770428	5.9850509614e-13
7.38326848249	5.02318164208e-13
7.39785992218	4.21370225224e-13
7.41245136187	3.53283170014e-13
7.42704280156	2.96044097887e-13
7.44163424125	2.47950180146e-13
7.45622568094	2.07561700765e-13
7.47081712062	1.73662076189e-13
7.48540856031	1.45223848605e-13
7.5	1.21379758984e-13
7.51459143969	1.01398172879e-13
7.52918287938	8.46622389169e-14
7.54377431907	7.06521432196e-14
7.55836575876	5.89300885002e-14
7.57295719844	4.91275610055e-14
7.58754863813	4.09345349326e-14
7.60214007782	3.40903342281e-14
7.61673151751	2.8375896123e-14
7.6313229572	2.36072299477e-14
7.64591439689	1.9629885987e-14
7.66050583658	1.63142837706e-14
7.67509727627	1.35517666841e-14
7.68968871595	1.12512732245e-14
7.70428015564	9.33652905328e-15
7.71887159533	7.74368092708e-15
7.73346303502	6.41930240599e-15
7.74805447471	5.31871584681e-15
7.7626459144	4.40457981045e-15
7.77723735409	3.6457013793e-15
7.79182879378	3.01603781825e-15
7.80642023346	2.49385807057e-15
7.82101167315	2.06103847703e-15
7.83560311284	1.70247236105e-15
7.85019455253	1.40557429583e-15
7.86478599222	1.15986511876e-15
7.87937743191	9.56623979273e-16
7.8939688716	7.88597331572e-16
7.90856031129	6.49755192102e-16
7.92315175097	5.35087489369e-16
7.93774319066	4.40433727445e-16
7.95233463035	3.62340817563e-16
7.96692607004	2.9794425073e-16
7.98151750973	2.44869105051e-16
7.99610894942	2.01147368471e-16
8.01070038911	1.65149121626e-16
8.0252918288	1.35525136638e-16
8.03988326848	1.11159163974e-16
8.05447470817	9.11281680513e-17
8.06906614786	7.46693216789e-17
8.08365758755	6.11524779763e-17
8.09824902724	5.00574132018e-17
8.11284046693	4.09548521837e-17
8.12743190662	3.34907681937e-17
8.1420233463	2.73733338684e-17
8.15661478599	2.23621367958e-17
8.17120622568	1.82592103719e-17
8.18579766537	1.4901642183e-17
8.20038910506	1.2155415297e-17
8.21498054475	9.91035510217e-18
8.22957198444	8.07592789967e-18
8.24416342413	6.57778503924e-18
8.25875486381	5.35489496722e-18
8.2733463035	4.35719013481e-18
8.28793774319	3.54361315221e-18
8.30252918288	2.88051969968e-18
8.31712062257	2.34034564222e-18
8.33171206226	1.90052764168e-18
8.34630350195	1.54260021402e-18
8.36089494164	1.25146264139e-18
8.37548638132	1.01476997034e-18
8.39007782101	8.22437155264e-19
8.4046692607	6.66228075321e-19
8.41926070039	5.39423141023e-19
8.43385214008	4.36538224811e-19
8.44844357977	3.53103177301e-19
8.46303501946	2.85474470607e-19
8.47762645915	2.3068528548e-19
8.49221789883	1.86319684975e-19
8.50680933852	1.50412788116e-19
8.52140077821	1.21366014299e-19
8.5359922179	9.78808937304e-20
8.55058365759	7.89017028397e-20
8.56517509728	6.3571672336e-20
8.57976653697	5.11951180826e-20
8.59435797666	4.12080877455e-20
8.60894941634	3.31530595649e-20
8.62354085603	2.66595665798e-20
8.63813229572	2.14274068768e-20
8.65272373541	1.72138575684e-20
8.6673151751	1.38221684807e-20
8.68190661479	1.10934582808e-20
8.69649805448	8.89914683585e-21
8.71108949416	7.13547865391e-21
8.72568093385	5.7185684341e-21
8.74027237354	4.58082677876e-21
8.75486381323	3.66765146733e-21
8.76945525292	2.93516491612e-21
8.78404669261	2.34785035012e-21
8.7986381323	1.87718899362e-21
8.81322957199	1.50017187279e-21
8.82782101167	1.19831895266e-21
8.84241245136	9.56740033983e-22
8.85700389105	7.63513382936e-22
8.87159533074	6.090086702e-22
8.88618677043	4.85559534693e-22
8.90077821012	3.86958684871e-22
8.91536964981	3.08251383484e-22
8.9299610895	2.45441800362e-22
8.94455252918	1.95350200848e-22
8.95914396887	1.55406793695e-22
8.97373540856	1.23580681779e-22
8.98832684825	9.82218572089e-23
9.00291828794	7.80397936329e-23
9.01750972763	6.19779611935e-23
9.03210116732	4.9205175418e-23
9.04669260701	3.90473174373e-23
9.06128404669	3.09752335834e-23
9.07587548638	2.45594867667e-23
9.09046692607	1.94652368194e-23
9.10505836576	1.54180282999e-23
9.11964980545	1.22108282816e-23
9.13424124514	9.66726687789e-24
9.14883268483	7.65263896654e-24
9.16342412452	6.05548774588e-24
9.1780155642	4.79115709715e-24
9.19260700389	3.78865373364e-24
9.20719844358	2.99523763205e-24
9.22178988327	2.36633787788e-24
9.23638132296	1.86983687735e-24
9.25097276265	1.47702387317e-24
9.26556420234	1.16734485381e-24
9.28015564202	9.22186998334e-25
9.29474708171	7.2879922521e-25
9.3093385214	5.75728778063e-25
9.32392996109	4.54812572148e-25
9.33852140078	3.58727786776e-25
9.35311284047	2.83477538156e-25
9.36770428016	2.23997968951e-25
9.38229571985	1.77326527854e-25
9.39688715953	1.40339819394e-25
9.41147859922	1.11185000844e-25
9.42607003891	8.80086197934e-26
9.4406614786	6.97771933188e-26
9.45525291829	5.51671050562e-26
9.46984435798	4.3794934544e-26
9.48443579767	3.48264926375e-26
9.49902723736	2.78217810852e-26
9.51361867704	2.22066680056e-26
9.52821011673	1.77943120314e-26
9.54280155642	1.42368733145e-26
9.55739299611	1.1439326629e-26
9.5719844358	9.12904721082e-27
9.58657587549	7.34913109007e-27
9.60116731518	5.92607493822e-27
9.61575875487	4.84416275611e-27
9.63035019455	3.96039162291e-27
9.64494163424	3.25495284218e-27
9.65953307393	2.65707782677e-27
9.67412451362	2.18636847478e-27
9.68871595331	1.77926475331e-27
9.703307393	1.47667377778e-27
9.71789883269	1.23519383513e-27
9.73249027237	1.04978570508e-27
9.74708171206	8.94948487369e-28
9.76167315175	7.65512847043e-28
9.77626459144	6.44486725537e-28
9.79085603113	5.49228893145e-28
9.80544747082	4.65202175933e-28
9.82003891051	4.10037680789e-28
9.8346303502	3.6475836967e-28
9.84922178988	3.37834980925e-28
9.86381322957	3.11819460943e-28
9.87840466926	2.94447169848e-28
9.89299610895	2.78423399043e-28
9.90758754864	2.67941279711e-28
9.92217898833	2.67069216468e-28
9.93677042802	2.64936560433e-28
9.95136186771	2.57653303975e-28
9.96595330739	2.55297540925e-28
9.98054474708	2.50755987105e-28
9.99513618677	2.45715792954e-28
10.0097276265	2.4624634383e-28
10.0243190661	2.49824531458e-28
10.0389105058	2.62269026547e-28
10.0535019455	2.6955382206e-28
10.0680933852	2.72403516646e-28
10.0826848249	2.74438956927e-28
10.0972762646	2.78635103204e-28
10.1118677043	2.78245997854e-28
10.126459144	2.831511497e-28
10.1410505837	2.92422231266e-28
10.1556420233	3.15190699958e-28
10.170233463	3.28086556177e-28
10.1848249027	3.37484743661e-28
10.1994163424	3.4132234651e-28
10.2140077821	3.45357961639e-28
10.2285992218	3.50195426157e-28
10.2431906615	3.6428513135e-28
10.2577821012	3.79203372267e-28
10.2723735409	4.10953094708e-28
10.2869649805	4.253755154e-28
10.3015564202	4.3641874859e-28
10.3161478599	4.40574860494e-28
10.3307392996	4.43671492654e-28
10.3453307393	4.40567589862e-28
10.359922179	4.49241087937e-28
10.3745136187	4.60933281928e-28
10.3891050584	4.91868370132e-28
10.4036964981	5.06895035236e-28
10.4182879377	5.17521231196e-28
10.4328793774	5.23679604724e-28
10.4474708171	5.32023037029e-28
10.4620622568	5.30643272033e-28
10.4766536965	5.43143934307e-28
10.4912451362	5.60934798776e-28
10.5058365759	6.04090232022e-28
10.5204280156	6.20810247728e-28
10.5350194553	6.30226673235e-28
10.5496108949	6.30480235232e-28
10.5642023346	6.33673391282e-28
10.5787937743	6.28386849311e-28
10.593385214	6.35021666367e-28
10.6079766537	6.46432995723e-28
10.6225680934	6.8128030692e-28
10.6371595331	6.86475688725e-28
10.6517509728	6.87022073406e-28
10.6663424125	6.81030892952e-28
10.6809338521	6.76444884688e-28
10.6955252918	6.65855645298e-28
10.7101167315	6.75449974999e-28
10.7247081712	6.84450351894e-28
10.7392996109	7.13655409647e-28
10.7538910506	7.19256592844e-28
10.7684824903	7.25458095037e-28
10.78307393	7.27925036983e-28
10.7976653697	7.39334002608e-28
10.8122568093	7.33466590236e-28
10.826848249	7.35866839606e-28
10.8414396887	7.4427473352e-28
10.8560311284	7.77471093295e-28
10.8706225681	7.83994425859e-28
10.8852140078	7.83302329352e-28
10.8998054475	7.73747995793e-28
10.9143968872	7.75911048018e-28
10.9289883268	7.65872841899e-28
10.9435797665	7.6809966109e-28
10.9581712062	7.69743669342e-28
10.9727626459	8.02259251016e-28
10.9873540856	8.09337306742e-28
11.0019455253	8.06469429811e-28
11.016536965	8.099690617e-28
11.0311284047	8.21357926765e-28
11.0457198444	8.40329442569e-28
11.060311284	8.84695961911e-28
11.0749027237	9.3592680517e-28
11.0894941634	1.02950430514e-27
11.1040856031	1.13814729425e-27
11.1186770428	1.2897330897e-27
11.1332684825	1.49583974214e-27
11.1478599222	1.79014618516e-27
11.1624513619	2.19446018202e-27
11.1770428016	2.76740166317e-27
11.1916342412	3.54595851388e-27
11.2062256809	4.6397695041e-27
11.2208171206	6.04714888378e-27
11.2354085603	8.08471107781e-27
11.25	9.9921512682e-27
11.2645914397	8.11134406819e-27
11.2791828794	6.06242080835e-27
11.2937743191	4.6428541227e-27
11.3083657588	3.53640521087e-27
11.3229571984	2.71267431549e-27
11.3375486381	2.09885006354e-27
11.3521400778	1.63857866301e-27
11.3667315175	1.29623750707e-27
11.3813229572	1.03651201929e-27
11.3959143969	8.52185562311e-28
11.4105058366	7.17478619242e-28
11.4250972763	6.21838482093e-28
11.439688716	5.50908544852e-28
11.4542801556	5.03985571385e-28
11.4688715953	4.64321131877e-28
11.483463035	4.37666238512e-28
11.4980544747	4.15559274824e-28
11.5126459144	4.07094247308e-28
11.5272373541	3.94868594452e-28
11.5418287938	3.85598507744e-28
11.5564202335	3.79378879943e-28
11.5710116732	3.80111178795e-28
11.5856031128	3.72659491765e-28
11.6001945525	3.72497109824e-28
11.6147859922	3.73221501849e-28
11.6293774319	3.76672061984e-28
11.6439688716	3.74764736386e-28
11.6585603113	3.67950560963e-28
11.673151751	3.52071029774e-28
11.6877431907	3.51275543417e-28
11.7023346304	3.46478615047e-28
11.71692607	3.48327849179e-28
11.7315175097	3.47929842344e-28
11.7461089494	3.58138581525e-28
11.7607003891	3.70917577457e-28
11.7752918288	3.89356449865e-28
11.7898832685	4.05018378013e-28
11.8044747082	4.24100960001e-28
11.8190661479	4.43500223042e-28
11.8336575876	4.64780239298e-28
11.8482490272	4.82312557012e-28
11.8628404669	5.10906444751e-28
11.8774319066	5.39877610764e-28
11.8920233463	5.63394102296e-28
11.906614786	5.80813369393e-28
11.9212062257	6.00102226044e-28
11.9357976654	6.06613145128e-28
11.9503891051	6.15222438857e-28
11.9649805447	6.1547127405e-28
11.9795719844	6.15065179092e-28
11.9941634241	6.10636491584e-28
12.0087548638	6.00990869787e-28
12.0233463035	5.86343028365e-28
12.0379377432	5.86211985922e-28
12.0525291829	5.80081293416e-28
12.0671206226	5.72007447832e-28
12.0817120623	5.64547285682e-28
12.0963035019	5.68149942116e-28
12.1108949416	5.73635231049e-28
12.1254863813	5.87589516683e-28
12.140077821	6.02682995413e-28
12.1546692607	6.20402175196e-28
12.1692607004	6.25955325071e-28
12.1838521401	6.32053540753e-28
12.1984435798	6.30955861935e-28
12.2130350195	6.33900295338e-28
12.2276264591	6.38897986542e-28
12.2422178988	6.45062657162e-28
12.2568093385	6.55392297051e-28
12.2714007782	6.72655173504e-28
12.2859922179	6.80658748294e-28
12.3005836576	6.93143015204e-28
12.3151750973	6.97674214345e-28
12.329766537	7.04115776588e-28
12.3443579767	7.12784784035e-28
12.3589494163	7.17582802498e-28
12.373540856	7.2639001965e-28
12.3881322957	7.44029330592e-28
12.4027237354	7.50321640286e-28
12.4173151751	7.52746427405e-28
12.4319066148	7.53691698352e-28
12.4464980545	7.5835360761e-28
12.4610894942	7.67346157409e-28
12.4756809339	7.82866446653e-28
12.4902723735	8.05967438805e-28
12.5048638132	8.24937786573e-28
12.5194552529	8.3620893388e-28
12.5340466926	8.43070346368e-28
12.5486381323	8.39808246769e-28
12.563229572	8.38363113334e-28
12.5778210117	8.3538183246e-28
12.5924124514	8.29562245361e-28
12.6070038911	8.30389747674e-28
12.6215953307	8.27597908124e-28
12.6361867704	8.14570348217e-28
12.6507782101	8.0066668424e-28
12.6653696498	7.87600543721e-28
12.6799610895	7.8341286352e-28
12.6945525292	7.9116652196e-28
12.7091439689	8.05479781887e-28
12.7237354086	8.40576967081e-28
12.7383268483	8.66182076733e-28
12.7529182879	8.7028291844e-28
12.7675097276	8.64563412346e-28
12.7821011673	8.60352173753e-28
12.796692607	8.53390162023e-28
12.8112840467	8.62359728826e-28
12.8258754864	8.8082992059e-28
12.8404669261	9.10408244592e-28
12.8550583658	9.22978211506e-28
12.8696498054	9.23616061554e-28
12.8842412451	9.14202198259e-28
12.8988326848	9.00377103573e-28
12.9134241245	8.94136834685e-28
12.9280155642	8.98269556296e-28
12.9426070039	8.99168608706e-28
12.9571984436	9.07745479967e-28
12.9717898833	9.07389224772e-28
12.986381323	9.00065597386e-28
13.0009727626	8.84901082631e-28
13.0155642023	8.69762702192e-28
13.030155642	8.5254191934e-28
13.0447470817	8.51723792192e-28
13.0593385214	8.55950479766e-28
13.0739299611	8.82177381043e-28
13.0885214008	8.9262367112e-28
13.1031128405	8.90557711348e-28
13.1177042802	8.81884034953e-28
13.1322957198	8.7167520805e-28
13.1468871595	8.58454408999e-28
13.1614785992	8.63447553422e-28
13.1760700389	8.8147589671e-28
13.1906614786	9.16417409344e-28
13.2052529183	9.22689360552e-28
13.219844358	9.27128955213e-28
13.2344357977	9.15937066881e-28
13.2490272374	8.98785273494e-28
13.263618677	8.91330705445e-28
13.2782101167	8.9423078996e-28
13.2928015564	8.90615898327e-28
13.3073929961	9.13433215754e-28
13.3219844358	9.24343994768e-28
13.3365758755	9.24723421203e-28
13.3511673152	9.07922211655e-28
13.3657587549	8.9261239073e-28
13.3803501946	8.74965880685e-28
13.3949416342	8.71687852762e-28
13.4095330739	8.80283157166e-28
13.4241245136	9.12900414178e-28
13.4387159533	9.18414177119e-28
13.453307393	9.22297091536e-28
13.4678988327	9.18448164186e-28
13.4824902724	9.15883876381e-28
13.4970817121	8.99890159329e-28
13.5116731518	9.05364309042e-28
13.5262645914	9.18247944438e-28
13.5408560311	9.51458969304e-28
13.5554474708	9.66568211535e-28
13.5700389105	9.79474921453e-28
13.5846303502	9.72144488925e-28
13.5992217899	9.60761497525e-28
13.6138132296	9.54391496271e-28
13.6284046693	9.64333403074e-28
13.642996109	9.67654054663e-28
13.6575875486	1.00862843741e-27
13.6721789883	1.02436842038e-27
13.686770428	1.02549063872e-27
13.7013618677	1.02030410662e-27
13.7159533074	1.02348221147e-27
13.7305447471	1.01668506549e-27
13.7451361868	1.02029311881e-27
13.7597276265	1.02838274947e-27
13.7743190661	1.06384690126e-27
13.7889105058	1.06519561943e-27
13.8035019455	1.06589411395e-27
13.8180933852	1.04838813968e-27
13.8326848249	1.03404295246e-27
13.8472762646	1.02453123041e-27
13.8618677043	1.03575158597e-27
13.876459144	1.04513356796e-27
13.8910505837	1.07672486912e-27
13.9056420233	1.08467350545e-27
13.920233463	1.09121085983e-27
13.9348249027	1.07624829296e-27
13.9494163424	1.07562300699e-27
13.9640077821	1.07342178045e-27
13.9785992218	1.08335511963e-27
13.9931906615	1.08926210923e-27
14.0077821012	1.12901278283e-27
14.0223735409	1.13430521662e-27
14.0369649805	1.12897534612e-27
14.0515564202	1.11410512188e-27
14.0661478599	1.10660283187e-27
14.0807392996	1.08815011367e-27
14.0953307393	1.09623237786e-27
14.109922179	1.11004564211e-27
14.1245136187	1.15389083112e-27
14.1391050584	1.15554955248e-27
14.1536964981	1.15630043965e-27
14.1682879377	1.13849595195e-27
14.1828793774	1.12546370496e-27
14.1974708171	1.10983655357e-27
14.2120622568	1.11250747548e-27
14.2266536965	1.11335019718e-27
14.2412451362	1.15780091278e-27
14.2558365759	1.17272679034e-27
14.2704280156	1.17965859471e-27
14.2850194553	1.16074974146e-27
14.2996108949	1.15645086311e-27
14.3142023346	1.14510213567e-27
14.3287937743	1.14791227415e-27
14.343385214	1.15611982629e-27
14.3579766537	1.20622235387e-27
14.3725680934	1.21480820642e-27
14.3871595331	1.20919203548e-27
14.4017509728	1.18983980224e-27
14.4163424125	1.18288401964e-27
14.4309338521	1.16013196372e-27
14.4455252918	1.15969631677e-27
14.4601167315	1.16303496682e-27
14.4747081712	1.19585192101e-27
14.4892996109	1.19914330213e-27
14.5038910506	1.20722734571e-27
14.5184824903	1.19594639101e-27
14.53307393	1.19058418791e-27
14.5476653697	1.18194774144e-27
14.5622568093	1.18469682675e-27
14.576848249	1.17945508876e-27
14.5914396887	1.21951219852e-27
14.6060311284	1.22387974102e-27
14.6206225681	1.22518803297e-27
14.6352140078	1.19598803394e-27
14.6498054475	1.17896291519e-27
14.6643968872	1.15851286279e-27
14.6789883268	1.14603480526e-27
14.6935797665	1.13285842016e-27
14.7081712062	1.15301251841e-27
14.7227626459	1.13625275946e-27
14.7373540856	1.12175477877e-27
14.7519455253	1.0873476495e-27
14.766536965	1.06609753671e-27
14.7811284047	1.02452067532e-27
14.7957198444	1.0039863302e-27
14.810311284	9.76580418717e-28
14.8249027237	9.62479895934e-28
14.8394941634	9.15495168217e-28
14.8540856031	8.66395994301e-28
14.8686770428	8.00964873366e-28
14.8832684825	7.56160645001e-28
14.8978599222	7.19330359691e-28
14.9124513619	7.12077524565e-28
14.9270428016	7.40635521899e-28
14.9416342412	8.60577364197e-28
14.9562256809	1.07375888648e-27
14.9708171206	1.44058761792e-27
14.9854085603	2.15231696572e-27
15.0	2.93364110562e-27
